"NAME","TYPE","NodeYCoordinate","NodeXCoordinate","NodeWobbeNumber","NodeSymbolName","NodeTemperature","NodeSpecificGravity","NodeHeatContent","NodeCO2","NodeStatus","NodeResultWaterDropout","NodeResultWaterContent","NodeViscosity","NodeResultTemperature","NodeResultSupplyGasSpecificGravity","NodeResultSupplyGasHigherHeatingValue","NodeResultSupplyGasCO2","NodeSuperHeat","NodeSubsystemID","NodeSpecificHeatConstantVolume","NodeSpecificHeatConstantPressure","NodeResultSpecificGravity","NodeProrateNewFlow","NodeProrateFactor","NodeProrateDeltaFlow","NodePrimaryPressure","NodeResultPressure","NodeEstateDesignPointFlow","NodeMolecularWeight","NodeMinimumPressureTime","NodeMinimumPressureOverTime","NodeMaximumPressureTime","NodeMaximumPressureOverTime","NodeMaximumAllowableOperatingPressure","NodeLowerHeatingValue","NodeJTCoefficient","NodeIsentopicTemperatureRiseExponent","NodeIsentopicExponent","NodeResultIsHydrateForming","NodeIntegratedFlow","NodeResultHydrateTemperature","NodeHigherHeatingValue","NodeEstateDesignFullyDiverseFlow","NodeFuel","NodeEnthalpy","NodeEstateDesignDiverseFlow","NodeDewPointTemperature","NodeDewPointCalculationStatus","NodeDensity","NodeResultConstraint","NodeCondensateFlow","NodeCompressibility","NodeResultCO2","NodeAveragePressureOverTime","NodeReferencePressure","NodeReferenceFlow","NodeStatusProrate","NodeProfileTemperatureName","NodeProfilePressureName","NodePressureSegmentName","NodePressureMinusReferencePressurePercentage","NodePressureMinusReferencePressure","NodePressure","NodeBoundaryPressureMin","NodeMinimumPressure","NodeBoundaryPressureMax","NodeMaximumPressure","NodeLongitude","NodeLatitude","NodeIsSecondaryPressureUnits","NodeHasProblem","NodeTraceName","NodeFlowMinusReferenceFlowPercentage","NodeFlowMinusReferenceFlow","NodeElevation","NodeDescription","NodeIsConstraintInterchange","NodeCalibrateTargetPressure","NodeBoundaryActive","NodeAssumeWaterVaporSaturation","NodeBoundaryAllowFlowReversal","NodeActiveState","NodeFlowDescriptionByCategory(Base Volumetric)","NodeFlowDescriptionByCategory(Base Thermal)","NodeFlowDescriptionByCategory(Q3 Pending NB - Interruptible)","NodeFlowDescriptionByCategory(Q3 Pending NB - Firm)","NodeFlowDescriptionByCategory(Q3 Interruptibles)","NodeFlowDescriptionByCategory(Q3 Completed New Business)","NodeFlowDescriptionByCategory(Q1 Pending NB - Interruptible)","NodeFlowDescriptionByCategory(Q1 Pending NB - Firm)","NodeFlowDescriptionByCategory(Q1 Interruptibles)","NodeFlowDescriptionByCategory(Q1 Completed New Business)","NodeFlowProfileNameByCategory(Base Volumetric)","NodeFlowProfileNameByCategory(Base Thermal)","NodeFlowProfileNameByCategory(Q3 Pending NB - Interruptible)","NodeFlowProfileNameByCategory(Q3 Pending NB - Firm)","NodeFlowProfileNameByCategory(Q3 Interruptibles)","NodeFlowProfileNameByCategory(Q3 Completed New Business)","NodeFlowProfileNameByCategory(Q1 Pending NB - Interruptible)","NodeFlowProfileNameByCategory(Q1 Pending NB - Firm)","NodeFlowProfileNameByCategory(Q1 Interruptibles)","NodeFlowProfileNameByCategory(Q1 Completed New Business)","NodeFlowTypeByCategory(Base Volumetric)","NodeFlowTypeByCategory(Base Thermal)","NodeFlowTypeByCategory(Q3 Pending NB - Interruptible)","NodeFlowTypeByCategory(Q3 Pending NB - Firm)","NodeFlowTypeByCategory(Q3 Interruptibles)","NodeFlowTypeByCategory(Q3 Completed New Business)","NodeFlowTypeByCategory(Q1 Pending NB - Interruptible)","NodeFlowTypeByCategory(Q1 Pending NB - Firm)","NodeFlowTypeByCategory(Q1 Interruptibles)","NodeFlowTypeByCategory(Q1 Completed New Business)","NodeFlowByCategory(Base Volumetric)","NodeFlowByCategory(Base Thermal)","NodeFlowByCategory(Q3 Pending NB - Interruptible)","NodeFlowByCategory(Q3 Pending NB - Firm)","NodeFlowByCategory(Q3 Interruptibles)","NodeFlowByCategory(Q3 Completed New Business)","NodeFlowByCategory(Q1 Pending NB - Interruptible)","NodeFlowByCategory(Q1 Pending NB - Firm)","NodeFlowByCategory(Q1 Interruptibles)","NodeFlowByCategory(Q1 Completed New Business)","NodeResultFlow","NodeThermalFlow","NodeComponentPercentByGasName(CO2)","NodeComponentPercentByGasName(N2)","NodeComponentPercentByGasName(C1)","NodeComponentPercentByGasName(C2)","NodeComponentPercentByGasName(C3)","NodeComponentPercentByGasName(C4I)","NodeComponentPercentByGasName(C4N)","NodeComponentPercentByGasName(C5I)","NodeComponentPercentByGasName(C5N)","NodeComponentPercentByGasName(C6N)","NodeComponentPercentByGasName(C7N)","NodeComponentPercentByGasName(C8N)"
"2FB9FF8D","Nodes",1113559.821126,1667587.252510,1313.064347,"Default Known Flow Node",69.999969,0.579999,1000.000000,0.000000,"Known Flow",0.000000,0.000000,2.16999993085665e-07,40.000000,0.579999,1000.000000,0.000000,0.000000,13.000000,0.000000,0.515381,0.579999,,,,8.768957,8.768957,,16.800279,,,,,,903.822387,0.066145,0.000000,0.000000,0.000000,,-459.670013,1000.000000,,0.000000,0.000000,,,,0.047222,"SETFLOW",0.000000,0.997558,0.000000,,,,,"","",,,,8.768957,,0.000000,,0.000000,,,0.000000,0.000000,"",,,0.000000,,-1.000000,,0.000000,0.000000,-1.000000,-1.000000,,,,,,,,,,,"",,,,,,,,,,"Volumetric",,,,,,,,,,-0.331069,,,,,,,,,,-0.331069,-0.007945,,,,,,,,,,,,
"0BEC44EB","Nodes",1114159.120000,1668332.500000,1313.064347,"Default Known Flow Node",69.999969,0.579999,1000.000000,0.000000,"Known Flow",0.000000,0.000000,2.16999993085665e-07,40.000000,0.579999,1000.000000,0.000000,0.000000,13.000000,0.000000,0.515375,0.579999,,,,7.634672,7.634672,,16.800279,,,,,,903.822387,0.066146,0.000000,0.000000,0.000000,,-459.670013,1000.000000,,0.000000,0.000000,,,,0.047093,"SETFLOW",0.000000,0.997565,0.000000,,,,,"","",,,,7.634672,,0.000000,,0.000000,,,0.000000,0.000000,"",,,0.000000,,-1.000000,,0.000000,0.000000,-1.000000,-1.000000,,,,,,,,,,,"",,,,,,,,,,"Volumetric",,,,,,,,,,-0.050450,,,,,,,,,,-0.050450,-0.001210,,,,,,,,,,,,
"2FB1A038","Nodes",1114082.620000,1668456.500000,1313.064347,"Default Known Flow Node",69.999969,0.579999,1000.000000,0.000000,"Known Flow",0.000000,0.000000,2.16999993085665e-07,40.000000,0.579999,1000.000000,0.000000,0.000000,13.000000,0.000000,0.515375,0.579999,,,,7.626917,7.626917,,16.800279,,,,,,903.822387,0.066146,0.000000,0.000000,0.000000,,-459.670013,1000.000000,,0.000000,0.000000,,,,0.047092,"SETFLOW",0.000000,0.997565,0.000000,,,,,"","",,,,7.626917,,0.000000,,0.000000,,,0.000000,0.000000,"",,,0.000000,,-1.000000,,0.000000,0.000000,-1.000000,-1.000000,,,,,,,,,,,"",,,,,,,,,,"Volumetric",,,,,,,,,,-0.015069,,,,,,,,,,-0.015069,-0.000361,,,,,,,,,,,,
"2FB90825","Nodes",1114084.750000,1668459.500000,1313.064347,"Default Known Flow Node",69.999969,0.579999,1000.000000,0.000000,"Known Flow",0.000000,0.000000,2.16999993085665e-07,40.000000,0.579999,1000.000000,0.000000,0.000000,13.000000,0.000000,0.515375,0.579999,,,,7.627037,7.627037,,16.800279,,,,,,903.822387,0.066146,0.000000,0.000000,0.000000,,-459.670013,1000.000000,,0.000000,0.000000,,,,0.047092,"UNDEFINED",0.000000,0.997565,0.000000,,,,,"","",,,,7.627037,,0.000000,,0.000000,,,0.000000,0.000000,"",,,0.000000,,-1.000000,,0.000000,0.000000,-1.000000,-1.000000,,,,,,,,,,,"",,,,,,,,,,"Volumetric",,,,,,,,,,0.000000,,,,,,,,,,0.000000,0.000000,,,,,,,,,,,,
"2FB1A03B","Nodes",1114085.000000,1668459.870000,1313.064347,"Default Known Flow Node",69.999969,0.579999,1000.000000,0.000000,"Known Flow",0.000000,0.000000,2.16999993085665e-07,40.000000,0.579999,1000.000000,0.000000,0.000000,13.000000,0.000000,0.515375,0.579999,,,,7.627078,7.627078,,16.800279,,,,,,903.822387,0.066146,0.000000,0.000000,0.000000,,-459.670013,1000.000000,,0.000000,0.000000,,,,0.047092,"SETFLOW",0.000000,0.997565,0.000000,,,,,"","",,,,7.627078,,0.000000,,0.000000,,,0.000000,0.000000,"",,,0.000000,,-1.000000,,0.000000,0.000000,-1.000000,-1.000000,,,,,,,,,,,"",,,,,,,,,,"Volumetric",,,,,,,,,,-0.032759,,,,,,,,,,-0.032759,-0.000786,,,,,,,,,,,,
"2FB1F8B3","Nodes",1114158.370000,1668566.120000,1313.064347,"Default Known Flow Node",69.999969,0.579999,1000.000000,0.000000,"Known Flow",0.000000,0.000000,2.16999993085665e-07,40.000000,0.579999,1000.000000,0.000000,0.000000,13.000000,0.000000,0.515375,0.579999,,,,7.627511,7.627511,,16.800279,,,,,,903.822387,0.066146,0.000000,0.000000,0.000000,,-459.670013,1000.000000,,0.000000,0.000000,,,,0.047092,"SETFLOW",0.000000,0.997565,0.000000,,,,,"","",,,,7.627511,,0.000000,,0.000000,,,0.000000,0.000000,"",,,0.000000,,-1.000000,,0.000000,0.000000,-1.000000,-1.000000,,,,,,,,,,,"",,,,,,,,,,"Volumetric",,,,,,,,,,-0.068795,,,,,,,,,,-0.068795,-0.001651,,,,,,,,,,,,
"2FB1A03D","Nodes",1114012.620000,1668569.500000,1313.064347,"Default Known Flow Node",69.999969,0.579999,1000.000000,0.000000,"Known Flow",0.000000,0.000000,2.16999993085665e-07,40.000000,0.579999,1000.000000,0.000000,0.000000,13.000000,0.000000,0.515374,0.579999,,,,7.597927,7.597927,,16.800279,,,,,,903.822387,0.066146,0.000000,0.000000,0.000000,,-459.670013,1000.000000,,0.000000,0.000000,,,,0.047089,"SETFLOW",0.000000,0.997565,0.000000,,,,,"","",,,,7.597927,,0.000000,,0.000000,,,0.000000,0.000000,"",,,0.000000,,-1.000000,,0.000000,0.000000,-1.000000,-1.000000,,,,,,,,,,,"",,,,,,,,,,"Volumetric",,,,,,,,,,-0.015069,,,,,,,,,,-0.015069,-0.000361,,,,,,,,,,,,
"2FB1F721","Nodes",1113982.620000,1668618.120000,1313.064347,"Default Known Flow Node",69.999969,0.579999,1000.000000,0.000000,"Known Flow",0.000000,0.000000,2.16999993085665e-07,40.000000,0.579999,1000.000000,0.000000,0.000000,13.000000,0.000000,0.515374,0.579999,,,,7.597544,7.597544,,16.800279,,,,,,903.822387,0.066146,0.000000,0.000000,0.000000,,-459.670013,1000.000000,,0.000000,0.000000,,,,0.047089,"SETFLOW",0.000000,0.997565,0.000000,,,,,"","",,,,7.597544,,0.000000,,0.000000,,,0.000000,0.000000,"",,,0.000000,,-1.000000,,0.000000,0.000000,-1.000000,-1.000000,,,,,,,,,,,"",,,,,,,,,,"Volumetric",,,,,,,,,,-0.015069,,,,,,,,,,-0.015069,-0.000361,,,,,,,,,,,,
"2FB18180","Nodes",1113945.412943,1668678.777014,1313.064347,"Default Known Flow Node",69.999969,0.579999,1000.000000,0.000000,"Known Flow",0.000000,0.000000,2.16999993085665e-07,40.000000,0.579999,1000.000000,0.000000,0.000000,13.000000,0.000000,0.515374,0.579999,,,,7.597099,7.597099,,16.800279,,,,,,903.822387,0.066146,0.000000,0.000000,0.000000,,-459.670013,1000.000000,,0.000000,0.000000,,,,0.047089,"UNDEFINED",0.000000,0.997565,0.000000,,,,,"","",,,,7.597099,,0.000000,,0.000000,,,0.000000,0.000000,"",,,0.000000,,-1.000000,,0.000000,0.000000,-1.000000,-1.000000,,,,,,,,,,,"",,,,,,,,,,"Volumetric",,,,,,,,,,0.000000,,,,,,,,,,0.000000,0.000000,,,,,,,,,,,,
"2FB90824","Nodes",1113924.000000,1668711.870000,1313.064347,"Default Known Flow Node",69.999969,0.579999,1000.000000,0.000000,"Known Flow",0.000000,0.000000,2.16999993085665e-07,40.000000,0.579999,1000.000000,0.000000,0.000000,13.000000,0.000000,0.515374,0.579999,,,,7.596778,7.596778,,16.800279,,,,,,903.822387,0.066146,0.000000,0.000000,0.000000,,-459.670013,1000.000000,,0.000000,0.000000,,,,0.047089,"UNDEFINED",0.000000,0.997565,0.000000,,,,,"","",,,,7.596778,,0.000000,,0.000000,,,0.000000,0.000000,"",,,0.000000,,-1.000000,,0.000000,0.000000,-1.000000,-1.000000,,,,,,,,,,,"",,,,,,,,,,"Volumetric",,,,,,,,,,0.000000,,,,,,,,,,0.000000,0.000000,,,,,,,,,,,,
"2FB19669","Nodes",1113806.870000,1668905.620000,1313.064347,"Default Known Flow Node",69.999969,0.579999,1000.000000,0.000000,"Known Flow",0.000000,0.000000,2.16999993085665e-07,40.000000,0.579999,1000.000000,0.000000,0.000000,13.000000,0.000000,0.515374,0.579999,,,,7.584534,7.584534,,16.800279,,,,,,903.822387,0.066146,0.000000,0.000000,0.000000,,-459.670013,1000.000000,,0.000000,0.000000,,,,0.047087,"SETFLOW",0.000000,0.997565,0.000000,,,,,"","",,,,7.584534,,0.000000,,0.000000,,,0.000000,0.000000,"",,,0.000000,,-1.000000,,0.000000,0.000000,-1.000000,-1.000000,,,,,,,,,,,"",,,,,,,,,,"Volumetric",,,,,,,,,,-0.163062,,,,,,,,,,-0.163062,-0.003913,,,,,,,,,,,,
"2FB181C9","Nodes",1113804.750000,1668902.750000,1313.064347,"Default Known Flow Node",69.999969,0.579999,1000.000000,0.000000,"Known Flow",0.000000,0.000000,2.16999993085665e-07,40.000000,0.579999,1000.000000,0.000000,0.000000,13.000000,0.000000,0.515374,0.579999,,,,7.584534,7.584534,,16.800279,,,,,,903.822387,0.066146,0.000000,0.000000,0.000000,,-459.670013,1000.000000,,0.000000,0.000000,,,,0.047087,"UNDEFINED",0.000000,0.997565,0.000000,,,,,"","",,,,7.584534,,0.000000,,0.000000,,,0.000000,0.000000,"",,,0.000000,,-1.000000,,0.000000,0.000000,-1.000000,-1.000000,,,,,,,,,,,"",,,,,,,,,,"Volumetric",,,,,,,,,,0.000000,,,,,,,,,,0.000000,0.000000,,,,,,,,,,,,
"2FB181C8","Nodes",1113805.370000,1668908.620000,1313.064347,"Default Known Flow Node",69.999969,0.579999,1000.000000,0.000000,"Known Flow",0.000000,0.000000,2.16999993085665e-07,40.000000,0.579999,1000.000000,0.000000,0.000000,13.000000,0.000000,0.515374,0.579999,,,,7.584534,7.584534,,16.800279,,,,,,903.822387,0.066146,0.000000,0.000000,0.000000,,-459.670013,1000.000000,,0.000000,0.000000,,,,0.047087,"UNDEFINED",0.000000,0.997565,0.000000,,,,,"","",,,,7.584534,,0.000000,,0.000000,,,0.000000,0.000000,"",,,0.000000,,-1.000000,,0.000000,0.000000,-1.000000,-1.000000,,,,,,,,,,,"",,,,,,,,,,"Volumetric",,,,,,,,,,0.000000,,,,,,,,,,0.000000,0.000000,,,,,,,,,,,,
"2FB19683","Nodes",1113875.370000,1669445.870000,1313.064347,"Default Known Flow Node",69.999969,0.579999,1000.000000,0.000000,"Known Flow",0.000000,0.000000,2.16999993085665e-07,40.000000,0.579999,1000.000000,0.000000,0.000000,13.000000,0.000000,0.515374,0.579999,,,,7.555500,7.555500,,16.800279,,,,,,903.822387,0.066146,0.000000,0.000000,0.000000,,-459.670013,1000.000000,,0.000000,0.000000,,,,0.047084,"SETFLOW",0.000000,0.997565,0.000000,,,,,"","",,,,7.555500,,0.000000,,0.000000,,,0.000000,0.000000,"",,,0.000000,,-1.000000,,0.000000,0.000000,-1.000000,-1.000000,,,,,,,,,,,"",,,,,,,,,,"Volumetric",,,,,,,,,,-0.008516,,,,,,,,,,-0.008516,-0.000204,,,,,,,,,,,,
"2FB19691","Nodes",1113698.500000,1669161.620000,1313.064347,"Default Known Flow Node",69.999969,0.579999,1000.000000,0.000000,"Known Flow",0.000000,0.000000,2.16999993085665e-07,40.000000,0.579999,1000.000000,0.000000,0.000000,13.000000,0.000000,0.515374,0.579999,,,,7.555385,7.555385,,16.800279,,,,,,903.822387,0.066146,0.000000,0.000000,0.000000,,-459.670013,1000.000000,,0.000000,0.000000,,,,0.047084,"SETFLOW",0.000000,0.997565,0.000000,,,,,"","",,,,7.555385,,0.000000,,0.000000,,,0.000000,0.000000,"",,,0.000000,,-1.000000,,0.000000,0.000000,-1.000000,-1.000000,,,,,,,,,,,"",,,,,,,,,,"Volumetric",,,,,,,,,,-0.008516,,,,,,,,,,-0.008516,-0.000204,,,,,,,,,,,,
"2FB1968B","Nodes",1114075.870000,1669307.000000,1313.064347,"Default Known Flow Node",69.999969,0.579999,1000.000000,0.000000,"Known Flow",0.000000,0.000000,2.16999993085665e-07,40.000000,0.579999,1000.000000,0.000000,0.000000,13.000000,0.000000,0.515374,0.579999,,,,7.575691,7.575691,,16.800279,,,,,,903.822387,0.066146,0.000000,0.000000,0.000000,,-459.670013,1000.000000,,0.000000,0.000000,,,,0.047086,"SETFLOW",0.000000,0.997565,0.000000,,,,,"","",,,,7.575691,,0.000000,,0.000000,,,0.000000,0.000000,"",,,0.000000,,-1.000000,,0.000000,0.000000,-1.000000,-1.000000,,,,,,,,,,,"",,,,,,,,,,"Volumetric",,,,,,,,,,-0.308290,,,,,,,,,,-0.308290,-0.007398,,,,,,,,,,,,
"2FB1968C","Nodes",1114077.000000,1669308.750000,1313.064347,"Default Known Flow Node",69.999969,0.579999,1000.000000,0.000000,"Known Flow",0.000000,0.000000,2.16999993085665e-07,40.000000,0.579999,1000.000000,0.000000,0.000000,13.000000,0.000000,0.515374,0.579999,,,,7.575687,7.575687,,16.800279,,,,,,903.822387,0.066146,0.000000,0.000000,0.000000,,-459.670013,1000.000000,,0.000000,0.000000,,,,0.047086,"UNDEFINED",0.000000,0.997565,0.000000,,,,,"","",,,,7.575687,,0.000000,,0.000000,,,0.000000,0.000000,"",,,0.000000,,-1.000000,,0.000000,0.000000,-1.000000,-1.000000,,,,,,,,,,,"",,,,,,,,,,"Volumetric",,,,,,,,,,0.000000,,,,,,,,,,0.000000,0.000000,,,,,,,,,,,,
"2FB1F72C","Nodes",1114157.750000,1669256.870000,1313.064347,"Default Known Flow Node",69.999969,0.579999,1000.000000,0.000000,"Known Flow",0.000000,0.000000,2.16999993085665e-07,40.000000,0.579999,1000.000000,0.000000,0.000000,13.000000,0.000000,0.515374,0.579999,,,,7.584026,7.584026,,16.800279,,,,,,903.822387,0.066146,0.000000,0.000000,0.000000,,-459.670013,1000.000000,,0.000000,0.000000,,,,0.047087,"UNDEFINED",0.000000,0.997565,0.000000,,,,,"","",,,,7.584026,,0.000000,,0.000000,,,0.000000,0.000000,"",,,0.000000,,-1.000000,,0.000000,0.000000,-1.000000,-1.000000,,,,,,,,,,,"",,,,,,,,,,"Volumetric",,,,,,,,,,0.000000,,,,,,,,,,0.000000,0.000000,,,,,,,,,,,,
"2FB19668","Nodes",1114078.000000,1669310.250000,1313.064347,"Default Known Flow Node",69.999969,0.579999,1000.000000,0.000000,"Known Flow",0.000000,0.000000,2.16999993085665e-07,40.000000,0.579999,1000.000000,0.000000,0.000000,13.000000,0.000000,0.515374,0.579999,,,,7.575686,7.575686,,16.800279,,,,,,903.822387,0.066146,0.000000,0.000000,0.000000,,-459.670013,1000.000000,,0.000000,0.000000,,,,0.047086,"UNDEFINED",0.000000,0.997565,0.000000,,,,,"","",,,,7.575686,,0.000000,,0.000000,,,0.000000,0.000000,"",,,0.000000,,-1.000000,,0.000000,0.000000,-1.000000,-1.000000,,,,,,,,,,,"",,,,,,,,,,"Volumetric",,,,,,,,,,0.000000,,,,,,,,,,0.000000,0.000000,,,,,,,,,,,,
"2FB1968D","Nodes",1114072.370000,1669314.000000,1313.064347,"Default Known Flow Node",69.999969,0.579999,1000.000000,0.000000,"Known Flow",0.000000,0.000000,2.16999993085665e-07,40.000000,0.579999,1000.000000,0.000000,0.000000,13.000000,0.000000,0.515374,0.579999,,,,7.575053,7.575053,,16.800279,,,,,,903.822387,0.066146,0.000000,0.000000,0.000000,,-459.670013,1000.000000,,0.000000,0.000000,,,,0.047086,"UNDEFINED",0.000000,0.997565,0.000000,,,,,"","",,,,7.575053,,0.000000,,0.000000,,,0.000000,0.000000,"",,,0.000000,,-1.000000,,0.000000,0.000000,-1.000000,-1.000000,,,,,,,,,,,"",,,,,,,,,,"Volumetric",,,,,,,,,,0.000000,,,,,,,,,,0.000000,0.000000,,,,,,,,,,,,
"2FB19667","Nodes",1114069.750000,1669315.870000,1313.064347,"Default Known Flow Node",69.999969,0.579999,1000.000000,0.000000,"Known Flow",0.000000,0.000000,2.16999993085665e-07,40.000000,0.579999,1000.000000,0.000000,0.000000,13.000000,0.000000,0.515374,0.579999,,,,7.574782,7.574782,,16.800279,,,,,,903.822387,0.066146,0.000000,0.000000,0.000000,,-459.670013,1000.000000,,0.000000,0.000000,,,,0.047086,"SETFLOW",0.000000,0.997565,0.000000,,,,,"","",,,,7.574782,,0.000000,,0.000000,,,0.000000,0.000000,"",,,0.000000,,-1.000000,,0.000000,0.000000,-1.000000,-1.000000,,,,,,,,,,,"",,,,,,,,,,"Volumetric",,,,,,,,,,-0.039175,,,,,,,,,,-0.039175,-0.000940,,,,,,,,,,,,
"2FB1968E","Nodes",1114065.750000,1669318.500000,1313.064347,"Default Known Flow Node",69.999969,0.579999,1000.000000,0.000000,"Known Flow",0.000000,0.000000,2.16999993085665e-07,40.000000,0.579999,1000.000000,0.000000,0.000000,13.000000,0.000000,0.515374,0.579999,,,,7.574345,7.574345,,16.800279,,,,,,903.822387,0.066146,0.000000,0.000000,0.000000,,-459.670013,1000.000000,,0.000000,0.000000,,,,0.047086,"SETFLOW",0.000000,0.997565,0.000000,,,,,"","",,,,7.574345,,0.000000,,0.000000,,,0.000000,0.000000,"",,,0.000000,,-1.000000,,0.000000,0.000000,-1.000000,-1.000000,,,,,,,,,,,"",,,,,,,,,,"Volumetric",,,,,,,,,,-0.085163,,,,,,,,,,-0.085163,-0.002043,,,,,,,,,,,,
"2FB2084B","Nodes",1113886.000000,1669441.620000,1313.064347,"Default Known Flow Node",69.999969,0.579999,1000.000000,0.000000,"Known Flow",0.000000,0.000000,2.16999993085665e-07,40.000000,0.579999,1000.000000,0.000000,0.000000,13.000000,0.000000,0.515374,0.579999,,,,7.556699,7.556699,,16.800279,,,,,,903.822387,0.066146,0.000000,0.000000,0.000000,,-459.670013,1000.000000,,0.000000,0.000000,,,,0.047084,"SETFLOW",0.000000,0.997565,0.000000,,,,,"","",,,,7.556699,,0.000000,,0.000000,,,0.000000,0.000000,"",,,0.000000,,-1.000000,,0.000000,0.000000,-1.000000,-1.000000,,,,,,,,,,,"",,,,,,,,,,"Volumetric",,,,,,,,,,-0.131151,,,,,,,,,,-0.131151,-0.003147,,,,,,,,,,,,
"2FB1966A","Nodes",1113876.620000,1669448.000000,1313.064347,"Default Known Flow Node",69.999969,0.579999,1000.000000,0.000000,"Known Flow",0.000000,0.000000,2.16999993085665e-07,40.000000,0.579999,1000.000000,0.000000,0.000000,13.000000,0.000000,0.515374,0.579999,,,,7.555501,7.555501,,16.800279,,,,,,903.822387,0.066146,0.000000,0.000000,0.000000,,-459.670013,1000.000000,,0.000000,0.000000,,,,0.047084,"SETFLOW",0.000000,0.997565,0.000000,,,,,"","",,,,7.555501,,0.000000,,0.000000,,,0.000000,0.000000,"",,,0.000000,,-1.000000,,0.000000,0.000000,-1.000000,-1.000000,,,,,,,,,,,"",,,,,,,,,,"Volumetric",,,,,,,,,,-0.039175,,,,,,,,,,-0.039175,-0.000940,,,,,,,,,,,,
"2FB1F72D","Nodes",1114088.870000,1669345.000000,1313.064347,"Default Known Flow Node",69.999969,0.579999,1000.000000,0.000000,"Known Flow",0.000000,0.000000,2.16999993085665e-07,40.000000,0.579999,1000.000000,0.000000,0.000000,13.000000,0.000000,0.515374,0.579999,,,,7.574781,7.574781,,16.800279,,,,,,903.822387,0.066146,0.000000,0.000000,0.000000,,-459.670013,1000.000000,,0.000000,0.000000,,,,0.047086,"SETFLOW",0.000000,0.997565,0.000000,,,,,"","",,,,7.574781,,0.000000,,0.000000,,,0.000000,0.000000,"",,,0.000000,,-1.000000,,0.000000,0.000000,-1.000000,-1.000000,,,,,,,,,,,"",,,,,,,,,,"Volumetric",,,,,,,,,,-0.085163,,,,,,,,,,-0.085163,-0.002043,,,,,,,,,,,,
"2FB2084D","Nodes",1113872.120000,1669451.120000,1313.064347,"Default Known Flow Node",69.999969,0.579999,1000.000000,0.000000,"Known Flow",0.000000,0.000000,2.16999993085665e-07,40.000000,0.579999,1000.000000,0.000000,0.000000,13.000000,0.000000,0.515374,0.579999,,,,7.554881,7.554881,,16.800279,,,,,,903.822387,0.066146,0.000000,0.000000,0.000000,,-459.670013,1000.000000,,0.000000,0.000000,,,,0.047084,"UNDEFINED",0.000000,0.997565,0.000000,,,,,"","",,,,7.554881,,0.000000,,0.000000,,,0.000000,0.000000,"",,,0.000000,,-1.000000,,0.000000,0.000000,-1.000000,-1.000000,,,,,,,,,,,"",,,,,,,,,,"Volumetric",,,,,,,,,,0.000000,,,,,,,,,,0.000000,0.000000,,,,,,,,,,,,
"2FB2084C","Nodes",1113871.000000,1669480.000000,1313.064347,"Default Known Flow Node",69.999969,0.579999,1000.000000,0.000000,"Known Flow",0.000000,0.000000,2.16999993085665e-07,40.000000,0.579999,1000.000000,0.000000,0.000000,13.000000,0.000000,0.515374,0.579999,,,,7.551929,7.551929,,16.800279,,,,,,903.822387,0.066146,0.000000,0.000000,0.000000,,-459.670013,1000.000000,,0.000000,0.000000,,,,0.047084,"SETFLOW",0.000000,0.997565,0.000000,,,,,"","",,,,7.551929,,0.000000,,0.000000,,,0.000000,0.000000,"",,,0.000000,,-1.000000,,0.000000,0.000000,-1.000000,-1.000000,,,,,,,,,,,"",,,,,,,,,,"Volumetric",,,,,,,,,,-0.039175,,,,,,,,,,-0.039175,-0.000940,,,,,,,,,,,,
"Q3No304","Nodes",1113870.072070,1669478.662510,1313.064347,"Default Known Flow Node",69.999969,0.579999,1000.000000,0.000000,"Known Flow",0.000000,0.000000,2.16999993085665e-07,40.000000,0.579999,1000.000000,0.000000,0.000000,13.000000,0.000000,0.515374,0.579999,,,,7.551992,7.551992,,16.800279,,,,,,903.822387,0.066146,0.000000,0.000000,0.000000,,-459.670013,1000.000000,,0.000000,0.000000,,,,0.047084,"UNDEFINED",0.000000,0.997565,0.000000,,,,,"","",,,,7.551992,,0.000000,,0.000000,,,0.000000,0.000000,"",,,0.000000,,-1.000000,,0.000000,0.000000,0.000000,-1.000000,,,,,,,,,,,"",,,,,,,,,,"Volumetric",,,,,,,,,,0.000000,,,,,,,,,,0.000000,0.000000,,,,,,,,,,,,
"2FB19665","Nodes",1113872.000000,1669451.370000,1313.064347,"Default Known Flow Node",69.999969,0.579999,1000.000000,0.000000,"Known Flow",0.000000,0.000000,2.16999993085665e-07,40.000000,0.579999,1000.000000,0.000000,0.000000,13.000000,0.000000,0.515374,0.579999,,,,7.553227,7.553227,,16.800279,,,,,,903.822387,0.066146,0.000000,0.000000,0.000000,,-459.670013,1000.000000,,0.000000,0.000000,,,,0.047084,"UNDEFINED",0.000000,0.997565,0.000000,,,,,"","",,,,7.553227,,0.000000,,0.000000,,,0.000000,0.000000,"",,,0.000000,,-1.000000,,0.000000,0.000000,-1.000000,-1.000000,,,,,,,,,,,"",,,,,,,,,,"Volumetric",,,,,,,,,,0.000000,,,,,,,,,,0.000000,0.000000,,,,,,,,,,,,
"2FB2084A","Nodes",1113838.120000,1669474.370000,1313.064347,"Default Known Flow Node",69.999969,0.579999,1000.000000,0.000000,"Known Flow",0.000000,0.000000,2.16999993085665e-07,40.000000,0.579999,1000.000000,0.000000,0.000000,13.000000,0.000000,0.515374,0.579999,,,,7.551518,7.551518,,16.800279,,,,,,903.822387,0.066146,0.000000,0.000000,0.000000,,-459.670013,1000.000000,,0.000000,0.000000,,,,0.047083,"SETFLOW",0.000000,0.997565,0.000000,,,,,"","",,,,7.551518,,0.000000,,0.000000,,,0.000000,0.000000,"",,,0.000000,,-1.000000,,0.000000,0.000000,-1.000000,-1.000000,,,,,,,,,,,"",,,,,,,,,,"Volumetric",,,,,,,,,,-0.085163,,,,,,,,,,-0.085163,-0.002043,,,,,,,,,,,,
"2FB19685","Nodes",1113895.906762,1669515.093882,1313.064347,"Default Known Flow Node",69.999969,0.579999,1000.000000,0.000000,"Known Flow",0.000000,0.000000,2.16999993085665e-07,40.000000,0.579999,1000.000000,0.000000,0.000000,13.000000,0.000000,0.515374,0.579999,,,,7.550845,7.550845,,16.800279,,,,,,903.822387,0.066146,0.000000,0.000000,0.000000,,-459.670013,1000.000000,,0.000000,0.000000,,,,0.047083,"SETFLOW",0.000000,0.997565,0.000000,,,,,"","",,,,7.550845,,0.000000,,0.000000,,,0.000000,0.000000,"",,,0.000000,,-1.000000,,0.000000,0.000000,-1.000000,-1.000000,,,,,,,,,,,"",,,,,,,,,,"Volumetric",,,,,,,,,,-0.131151,,,,,,,,,,-0.131151,-0.003147,,,,,,,,,,,,
"2FB19686","Nodes",1113899.781765,1669521.472149,1313.064347,"Default Known Flow Node",69.999969,0.579999,1000.000000,0.000000,"Known Flow",0.000000,0.000000,2.16999993085665e-07,40.000000,0.579999,1000.000000,0.000000,0.000000,13.000000,0.000000,0.515374,0.579999,,,,7.550741,7.550741,,16.800279,,,,,,903.822387,0.066146,0.000000,0.000000,0.000000,,-459.670013,1000.000000,,0.000000,0.000000,,,,0.047083,"SETFLOW",0.000000,0.997565,0.000000,,,,,"","",,,,7.550741,,0.000000,,0.000000,,,0.000000,0.000000,"",,,0.000000,,-1.000000,,0.000000,0.000000,-1.000000,-1.000000,,,,,,,,,,,"",,,,,,,,,,"Volumetric",,,,,,,,,,-0.264005,,,,,,,,,,-0.264005,-0.006336,,,,,,,,,,,,
"2FB19688","Nodes",1113995.854989,1669677.827897,1313.064347,"Default Known Flow Node",69.999969,0.579999,1000.000000,0.000000,"Known Flow",0.000000,0.000000,2.16999993085665e-07,40.000000,0.579999,1000.000000,0.000000,0.000000,13.000000,0.000000,0.515374,0.579999,,,,7.550837,7.550837,,16.800279,,,,,,903.822387,0.066146,0.000000,0.000000,0.000000,,-459.670013,1000.000000,,0.000000,0.000000,,,,0.047083,"SETFLOW",0.000000,0.997565,0.000000,,,,,"","",,,,7.550837,,0.000000,,0.000000,,,0.000000,0.000000,"",,,0.000000,,-1.000000,,0.000000,0.000000,-1.000000,-1.000000,,,,,,,,,,,"",,,,,,,,,,"Volumetric",,,,,,,,,,-0.453759,,,,,,,,,,-0.453759,-0.010890,,,,,,,,,,,,
"2FB19682","Nodes",1113747.120000,1669533.370000,1313.064347,"Default Known Flow Node",69.999969,0.579999,1000.000000,0.000000,"Known Flow",0.000000,0.000000,2.16999993085665e-07,40.000000,0.579999,1000.000000,0.000000,0.000000,13.000000,0.000000,0.515374,0.579999,,,,7.546808,7.546808,,16.800279,,,,,,903.822387,0.066146,0.000000,0.000000,0.000000,,-459.670013,1000.000000,,0.000000,0.000000,,,,0.047083,"SETFLOW",0.000000,0.997565,0.000000,,,,,"","",,,,7.546808,,0.000000,,0.000000,,,0.000000,0.000000,"",,,0.000000,,-1.000000,,0.000000,0.000000,-1.000000,-1.000000,,,,,,,,,,,"",,,,,,,,,,"Volumetric",,,,,,,,,,-0.085163,,,,,,,,,,-0.085163,-0.002043,,,,,,,,,,,,
"2FB181A4","Nodes",1113735.000000,1669541.250000,1313.064347,"Default Known Flow Node",69.999969,0.579999,1000.000000,0.000000,"Known Flow",0.000000,0.000000,2.16999993085665e-07,40.000000,0.579999,1000.000000,0.000000,0.000000,13.000000,0.000000,0.515374,0.579999,,,,7.546730,7.546730,,16.800279,,,,,,903.822387,0.066146,0.000000,0.000000,0.000000,,-459.670013,1000.000000,,0.000000,0.000000,,,,0.047083,"SETFLOW",0.000000,0.997565,0.000000,,,,,"","",,,,7.546730,,0.000000,,0.000000,,,0.000000,0.000000,"",,,0.000000,,-1.000000,,0.000000,0.000000,-1.000000,-1.000000,,,,,,,,,,,"",,,,,,,,,,"Volumetric",,,,,,,,,,-0.085163,,,,,,,,,,-0.085163,-0.002043,,,,,,,,,,,,
"2FB1966B","Nodes",1113648.120000,1669605.000000,1313.064347,"Default Known Flow Node",69.999969,0.579999,1000.000000,0.000000,"Known Flow",0.000000,0.000000,2.16999993085665e-07,40.000000,0.579999,1000.000000,0.000000,0.000000,13.000000,0.000000,0.515374,0.579999,,,,7.546074,7.546074,,16.800279,,,,,,903.822387,0.066146,0.000000,0.000000,0.000000,,-459.670013,1000.000000,,0.000000,0.000000,,,,0.047083,"SETFLOW",0.000000,0.997565,0.000000,,,,,"","",,,,7.546074,,0.000000,,0.000000,,,0.000000,0.000000,"",,,0.000000,,-1.000000,,0.000000,0.000000,-1.000000,-1.000000,,,,,,,,,,,"",,,,,,,,,,"Volumetric",,,,,,,,,,-0.214611,,,,,,,,,,-0.214611,-0.005150,,,,,,,,,,,,
"2FB1967F","Nodes",1113651.000000,1669609.750000,1313.064347,"Default Known Flow Node",69.999969,0.579999,1000.000000,0.000000,"Known Flow",0.000000,0.000000,2.16999993085665e-07,40.000000,0.579999,1000.000000,0.000000,0.000000,13.000000,0.000000,0.515374,0.579999,,,,7.545918,7.545918,,16.800279,,,,,,903.822387,0.066146,0.000000,0.000000,0.000000,,-459.670013,1000.000000,,0.000000,0.000000,,,,0.047083,"SETFLOW",0.000000,0.997565,0.000000,,,,,"","",,,,7.545918,,0.000000,,0.000000,,,0.000000,0.000000,"",,,0.000000,,-1.000000,,0.000000,0.000000,-1.000000,-1.000000,,,,,,,,,,,"",,,,,,,,,,"Volumetric",,,,,,,,,,-0.645536,,,,,,,,,,-0.645536,-0.015492,,,,,,,,,,,,
"2FB19680","Nodes",1113799.250000,1669854.000000,1313.064347,"Default Known Flow Node",69.999969,0.579999,1000.000000,0.000000,"Known Flow",0.000000,0.000000,2.16999993085665e-07,40.000000,0.579999,1000.000000,0.000000,0.000000,13.000000,0.000000,0.515374,0.579999,,,,7.544622,7.544622,,16.800279,,,,,,903.822387,0.066146,0.000000,0.000000,0.000000,,-459.670013,1000.000000,,0.000000,0.000000,,,,0.047083,"SETFLOW",0.000000,0.997565,0.000000,,,,,"","",,,,7.544622,,0.000000,,0.000000,,,0.000000,0.000000,"",,,0.000000,,-1.000000,,0.000000,0.000000,-1.000000,-1.000000,,,,,,,,,,,"",,,,,,,,,,"Volumetric",,,,,,,,,,-1.109515,,,,,,,,,,-1.109515,-0.026628,,,,,,,,,,,,
"2FB19681","Nodes",1113800.750000,1669856.500000,1313.064347,"Default Known Flow Node",69.999969,0.579999,1000.000000,0.000000,"Known Flow",0.000000,0.000000,2.16999993085665e-07,40.000000,0.579999,1000.000000,0.000000,0.000000,13.000000,0.000000,0.515374,0.579999,,,,7.545022,7.545022,,16.800279,,,,,,903.822387,0.066146,0.000000,0.000000,0.000000,,-459.670013,1000.000000,,0.000000,0.000000,,,,0.047083,"SETFLOW",0.000000,0.997565,0.000000,,,,,"","",,,,7.545022,,0.000000,,0.000000,,,0.000000,0.000000,"",,,0.000000,,-1.000000,,0.000000,0.000000,-1.000000,-1.000000,,,,,,,,,,,"",,,,,,,,,,"Volumetric",,,,,,,,,,-0.225416,,,,,,,,,,-0.225416,-0.005409,,,,,,,,,,,,
"2FB1F730","Nodes",1113572.500000,1669999.000000,1313.064347,"Default Known Flow Node",69.999969,0.579999,1000.000000,0.000000,"Known Flow",0.000000,0.000000,2.16999993085665e-07,40.000000,0.579999,1000.000000,0.000000,0.000000,13.000000,0.000000,0.515374,0.579999,,,,7.543771,7.543771,,16.800279,,,,,,903.822387,0.066146,0.000000,0.000000,0.000000,,-459.670013,1000.000000,,0.000000,0.000000,,,,0.047083,"SETFLOW",0.000000,0.997565,0.000000,,,,,"","",,,,7.543771,,0.000000,,0.000000,,,0.000000,0.000000,"",,,0.000000,,-1.000000,,0.000000,0.000000,-1.000000,-1.000000,,,,,,,,,,,"",,,,,,,,,,"Volumetric",,,,,,,,,,-0.608916,,,,,,,,,,-0.608916,-0.014613,,,,,,,,,,,,
"2FB181E2","Nodes",1113737.370000,1670270.870000,1313.064347,"Default Known Flow Node",69.999969,0.579999,1000.000000,0.000000,"Known Flow",0.000000,0.000000,2.16999993085665e-07,40.000000,0.579999,1000.000000,0.000000,0.000000,13.000000,0.000000,0.515374,0.579999,,,,7.550807,7.550807,,16.800279,,,,,,903.822387,0.066146,0.000000,0.000000,0.000000,,-459.670013,1000.000000,,0.000000,0.000000,,,,0.047083,"SETFLOW",0.000000,0.997565,0.000000,,,,,"","",,,,7.550807,,0.000000,,0.000000,,,0.000000,0.000000,"",,,0.000000,,-1.000000,,0.000000,0.000000,-1.000000,-1.000000,,,,,,,,,,,"",,,,,,,,,,"Volumetric",,,,,,,,,,-0.146374,,,,,,,,,,-0.146374,-0.003512,,,,,,,,,,,,
"2FB181E1","Nodes",1113857.120000,1670198.870000,1313.064347,"Default Known Flow Node",69.999969,0.579999,1000.000000,0.000000,"Known Flow",0.000000,0.000000,2.16999993085665e-07,40.000000,0.579999,1000.000000,0.000000,0.000000,13.000000,0.000000,0.515374,0.579999,,,,7.535523,7.535523,,16.800279,,,,,,903.822387,0.066146,0.000000,0.000000,0.000000,,-459.670013,1000.000000,,0.000000,0.000000,,,,0.047082,"SETFLOW",0.000000,0.997565,0.000000,,,,,"","",,,,7.535523,,0.000000,,0.000000,,,0.000000,0.000000,"",,,0.000000,,-1.000000,,0.000000,0.000000,-1.000000,-1.000000,,,,,,,,,,,"",,,,,,,,,,"Volumetric",,,,,,,,,,-0.146374,,,,,,,,,,-0.146374,-0.003512,,,,,,,,,,,,
"2FB181D8","Nodes",1113993.620000,1670178.250000,1313.064347,"Default Known Flow Node",69.999969,0.579999,1000.000000,0.000000,"Known Flow",0.000000,0.000000,2.16999993085665e-07,40.000000,0.579999,1000.000000,0.000000,0.000000,13.000000,0.000000,0.515374,0.579999,,,,7.557862,7.557862,,16.800279,,,,,,903.822387,0.066146,0.000000,0.000000,0.000000,,-459.670013,1000.000000,,0.000000,0.000000,,,,0.047084,"SETFLOW",0.000000,0.997565,0.000000,,,,,"","",,,,7.557862,,0.000000,,0.000000,,,0.000000,0.000000,"",,,0.000000,,-1.000000,,0.000000,0.000000,-1.000000,-1.000000,,,,,,,,,,,"",,,,,,,,,,"Volumetric",,,,,,,,,,-0.758217,,,,,,,,,,-0.758217,-0.018197,,,,,,,,,,,,
"2FB181DE","Nodes",1114020.370000,1670223.620000,1313.064347,"Default Known Flow Node",69.999969,0.579999,1000.000000,0.000000,"Known Flow",0.000000,0.000000,2.16999993085665e-07,40.000000,0.579999,1000.000000,0.000000,0.000000,13.000000,0.000000,0.515374,0.579999,,,,7.562465,7.562465,,16.800279,,,,,,903.822387,0.066146,0.000000,0.000000,0.000000,,-459.670013,1000.000000,,0.000000,0.000000,,,,0.047085,"SETFLOW",0.000000,0.997565,0.000000,,,,,"","",,,,7.562465,,0.000000,,0.000000,,,0.000000,0.000000,"",,,0.000000,,-1.000000,,0.000000,0.000000,-1.000000,-1.000000,,,,,,,,,,,"",,,,,,,,,,"Volumetric",,,,,,,,,,-0.076114,,,,,,,,,,-0.076114,-0.001826,,,,,,,,,,,,
"2FB181E0","Nodes",1113734.250000,1670272.620000,1313.064347,"Default Known Flow Node",69.999969,0.579999,1000.000000,0.000000,"Known Flow",0.000000,0.000000,2.16999993085665e-07,40.000000,0.579999,1000.000000,0.000000,0.000000,13.000000,0.000000,0.515374,0.579999,,,,7.552695,7.552695,,16.800279,,,,,,903.822387,0.066146,0.000000,0.000000,0.000000,,-459.670013,1000.000000,,0.000000,0.000000,,,,0.047084,"SETFLOW",0.000000,0.997565,0.000000,,,,,"","",,,,7.552695,,0.000000,,0.000000,,,0.000000,0.000000,"",,,0.000000,,-1.000000,,0.000000,0.000000,-1.000000,-1.000000,,,,,,,,,,,"",,,,,,,,,,"Volumetric",,,,,,,,,,-0.307385,,,,,,,,,,-0.307385,-0.007377,,,,,,,,,,,,
"2FB181DB","Nodes",1113745.370000,1670297.870000,1313.064347,"Default Known Flow Node",69.999969,0.579999,1000.000000,0.000000,"Known Flow",0.000000,0.000000,2.16999993085665e-07,40.000000,0.579999,1000.000000,0.000000,0.000000,13.000000,0.000000,0.515374,0.579999,,,,7.557497,7.557497,,16.800279,,,,,,903.822387,0.066146,0.000000,0.000000,0.000000,,-459.670013,1000.000000,,0.000000,0.000000,,,,0.047084,"SETFLOW",0.000000,0.997565,0.000000,,,,,"","",,,,7.557497,,0.000000,,0.000000,,,0.000000,0.000000,"",,,0.000000,,-1.000000,,0.000000,0.000000,-1.000000,-1.000000,,,,,,,,,,,"",,,,,,,,,,"Volumetric",,,,,,,,,,-0.146374,,,,,,,,,,-0.146374,-0.003512,,,,,,,,,,,,
"2FB181DF","Nodes",1114075.370000,1670316.370000,1313.064347,"Default Known Flow Node",69.999969,0.579999,1000.000000,0.000000,"Known Flow",0.000000,0.000000,2.16999993085665e-07,40.000000,0.579999,1000.000000,0.000000,0.000000,13.000000,0.000000,0.515374,0.579999,,,,7.612175,7.612175,,16.800279,,,,,,903.822387,0.066146,0.000000,0.000000,0.000000,,-459.670013,1000.000000,,0.000000,0.000000,,,,0.047090,"SETFLOW",0.000000,0.997565,0.000000,,,,,"","",,,,7.612175,,0.000000,,0.000000,,,0.000000,0.000000,"",,,0.000000,,-1.000000,,0.000000,0.000000,-1.000000,-1.000000,,,,,,,,,,,"",,,,,,,,,,"Volumetric",,,,,,,,,,-0.161011,,,,,,,,,,-0.161011,-0.003864,,,,,,,,,,,,
"2FB80083","Nodes",1114103.750000,1670364.370000,1313.064347,"Default Known Flow Node",69.999969,0.579999,1000.000000,0.000000,"Known Flow",0.000000,0.000000,2.16999993085665e-07,40.000000,0.579999,1000.000000,0.000000,0.000000,13.000000,0.000000,0.515374,0.579999,,,,7.613796,7.613796,,16.800279,,,,,,903.822387,0.066146,0.000000,0.000000,0.000000,,-459.670013,1000.000000,,0.000000,0.000000,,,,0.047091,"SETFLOW",0.000000,0.997565,0.000000,,,,,"","",,,,7.613796,,0.000000,,0.000000,,,0.000000,0.000000,"",,,0.000000,,-1.000000,,0.000000,0.000000,-1.000000,-1.000000,,,,,,,,,,,"",,,,,,,,,,"Volumetric",,,,,,,,,,-0.131736,,,,,,,,,,-0.131736,-0.003161,,,,,,,,,,,,
"2FB80084","Nodes",1114158.750000,1670330.120000,1313.064347,"Default Known Flow Node",69.999969,0.579999,1000.000000,0.000000,"Known Flow",0.000000,0.000000,2.16999993085665e-07,40.000000,0.579999,1000.000000,0.000000,0.000000,13.000000,0.000000,0.515374,0.579999,,,,7.584158,7.584158,,16.800279,,,,,,903.822387,0.066146,0.000000,0.000000,0.000000,,-459.670013,1000.000000,,0.000000,0.000000,,,,0.047087,"SETFLOW",0.000000,0.997565,0.000000,,,,,"","",,,,7.584158,,0.000000,,0.000000,,,0.000000,0.000000,"",,,0.000000,,-1.000000,,0.000000,0.000000,-1.000000,-1.000000,,,,,,,,,,,"",,,,,,,,,,"Volumetric",,,,,,,,,,-0.131736,,,,,,,,,,-0.131736,-0.003161,,,,,,,,,,,,
"2FB181D2","Nodes",1114116.120000,1670385.250000,1313.064347,"Default Known Flow Node",69.999969,0.579999,1000.000000,0.000000,"Known Flow",0.000000,0.000000,2.16999993085665e-07,40.000000,0.579999,1000.000000,0.000000,0.000000,13.000000,0.000000,0.515374,0.579999,,,,7.615290,7.615290,,16.800279,,,,,,903.822387,0.066146,0.000000,0.000000,0.000000,,-459.670013,1000.000000,,0.000000,0.000000,,,,0.047091,"UNDEFINED",0.000000,0.997565,0.000000,,,,,"","",,,,7.615290,,0.000000,,0.000000,,,0.000000,0.000000,"",,,0.000000,,-1.000000,,0.000000,0.000000,-1.000000,-1.000000,,,,,,,,,,,"",,,,,,,,,,"Volumetric",,,,,,,,,,0.000000,,,,,,,,,,0.000000,0.000000,,,,,,,,,,,,
"2FB181D7","Nodes",1114118.750000,1670383.500000,1313.064347,"Default Known Flow Node",69.999969,0.579999,1000.000000,0.000000,"Known Flow",0.000000,0.000000,2.16999993085665e-07,40.000000,0.579999,1000.000000,0.000000,0.000000,13.000000,0.000000,0.515374,0.579999,,,,7.615290,7.615290,,16.800279,,,,,,903.822387,0.066146,0.000000,0.000000,0.000000,,-459.670013,1000.000000,,0.000000,0.000000,,,,0.047091,"UNDEFINED",0.000000,0.997565,0.000000,,,,,"","",,,,7.615290,,0.000000,,0.000000,,,0.000000,0.000000,"",,,0.000000,,-1.000000,,0.000000,0.000000,-1.000000,-1.000000,,,,,,,,,,,"",,,,,,,,,,"Volumetric",,,,,,,,,,0.000000,,,,,,,,,,0.000000,0.000000,,,,,,,,,,,,
"2FB1F732","Nodes",1114159.000000,1670457.370000,1313.064347,"Default Known Flow Node",69.999969,0.579999,1000.000000,0.000000,"Known Flow",0.000000,0.000000,2.16999993085665e-07,40.000000,0.579999,1000.000000,0.000000,0.000000,13.000000,0.000000,0.515375,0.579999,,,,7.676470,7.676470,,16.800279,,,,,,903.822387,0.066146,0.000000,0.000000,0.000000,,-459.670013,1000.000000,,0.000000,0.000000,,,,0.047098,"SETFLOW",0.000000,0.997564,0.000000,,,,,"","",,,,7.676470,,0.000000,,0.000000,,,0.000000,0.000000,"",,,0.000000,,-1.000000,,0.000000,0.000000,-1.000000,-1.000000,,,,,,,,,,,"",,,,,,,,,,"Volumetric",,,,,,,,,,-0.204923,,,,,,,,,,-0.204923,-0.004918,,,,,,,,,,,,
"2FB181E3","Nodes",1113894.370000,1670518.250000,1313.064347,"Default Known Flow Node",69.999969,0.579999,1000.000000,0.000000,"Known Flow",0.000000,0.000000,2.16999993085665e-07,40.000000,0.579999,1000.000000,0.000000,0.000000,13.000000,0.000000,0.515374,0.579999,,,,7.615299,7.615299,,16.800279,,,,,,903.822387,0.066146,0.000000,0.000000,0.000000,,-459.670013,1000.000000,,0.000000,0.000000,,,,0.047091,"UNDEFINED",0.000000,0.997565,0.000000,,,,,"","",,,,7.615299,,0.000000,,0.000000,,,0.000000,0.000000,"",,,0.000000,,-1.000000,,0.000000,0.000000,-1.000000,-1.000000,,,,,,,,,,,"",,,,,,,,,,"Volumetric",,,,,,,,,,0.000000,,,,,,,,,,0.000000,0.000000,,,,,,,,,,,,
"2FB181D3","Nodes",1113880.370000,1670526.620000,1313.064347,"Default Known Flow Node",69.999969,0.579999,1000.000000,0.000000,"Known Flow",0.000000,0.000000,2.16999993085665e-07,40.000000,0.579999,1000.000000,0.000000,0.000000,13.000000,0.000000,0.515374,0.579999,,,,7.615322,7.615322,,16.800279,,,,,,903.822387,0.066146,0.000000,0.000000,0.000000,,-459.670013,1000.000000,,0.000000,0.000000,,,,0.047091,"SETFLOW",0.000000,0.997565,0.000000,,,,,"","",,,,7.615322,,0.000000,,0.000000,,,0.000000,0.000000,"",,,0.000000,,-1.000000,,0.000000,0.000000,-1.000000,-1.000000,,,,,,,,,,,"",,,,,,,,,,"Volumetric",,,,,,,,,,-0.453759,,,,,,,,,,-0.453759,-0.010890,,,,,,,,,,,,
"2FB181E4","Nodes",1113876.750000,1670528.870000,1313.064347,"Default Known Flow Node",69.999969,0.579999,1000.000000,0.000000,"Known Flow",0.000000,0.000000,2.16999993085665e-07,40.000000,0.579999,1000.000000,0.000000,0.000000,13.000000,0.000000,0.515374,0.579999,,,,7.615330,7.615330,,16.800279,,,,,,903.822387,0.066146,0.000000,0.000000,0.000000,,-459.670013,1000.000000,,0.000000,0.000000,,,,0.047091,"UNDEFINED",0.000000,0.997565,0.000000,,,,,"","",,,,7.615330,,0.000000,,0.000000,,,0.000000,0.000000,"",,,0.000000,,-1.000000,,0.000000,0.000000,-1.000000,-1.000000,,,,,,,,,,,"",,,,,,,,,,"Volumetric",,,,,,,,,,0.000000,,,,,,,,,,0.000000,0.000000,,,,,,,,,,,,
"Q3No874","Nodes",1113576.150335,1670503.087691,1313.064347,"Default Known Flow Node",69.999969,0.579999,1000.000000,0.000000,"Known Flow",0.000000,0.000000,2.16999993085665e-07,40.000000,0.579999,1000.000000,0.000000,0.000000,13.000000,0.000000,0.515374,0.579999,,,,7.590099,7.590099,,16.800279,,,,,,903.822387,0.066146,0.000000,0.000000,0.000000,,-459.670013,1000.000000,,0.000000,0.000000,,,,0.047088,"UNDEFINED",0.000000,0.997565,0.000000,,,,,"","",,,,7.590099,,0.000000,,0.000000,,,0.000000,0.000000,"",,,0.000000,,-1.000000,,0.000000,0.000000,0.000000,-1.000000,,,,,,,,,,,"",,,,,,,,,,"Volumetric",,,,,,,,,,0.000000,,,,,,,,,,0.000000,0.000000,,,,,,,,,,,,
"2FB181D4","Nodes",1113669.870000,1670653.620000,1313.064347,"Default Known Flow Node",69.999969,0.579999,1000.000000,0.000000,"Known Flow",0.000000,0.000000,2.16999993085665e-07,40.000000,0.579999,1000.000000,0.000000,0.000000,13.000000,0.000000,0.515374,0.579999,,,,7.615815,7.615815,,16.800279,,,,,,903.822387,0.066146,0.000000,0.000000,0.000000,,-459.670013,1000.000000,,0.000000,0.000000,,,,0.047091,"SETFLOW",0.000000,0.997565,0.000000,,,,,"","",,,,7.615815,,0.000000,,0.000000,,,0.000000,0.000000,"",,,0.000000,,-1.000000,,0.000000,0.000000,-1.000000,-1.000000,,,,,,,,,,,"",,,,,,,,,,"Volumetric",,,,,,,,,,-0.453759,,,,,,,,,,-0.453759,-0.010890,,,,,,,,,,,,
"2FB1F733","Nodes",1114159.250000,1670992.120000,1313.064347,"Default Known Flow Node",69.999969,0.579999,1000.000000,0.000000,"Known Flow",0.000000,0.000000,2.16999993085665e-07,40.000000,0.579999,1000.000000,0.000000,0.000000,13.000000,0.000000,0.515376,0.579999,,,,7.822043,7.822043,,16.800279,,,,,,903.822387,0.066146,0.000000,0.000000,0.000000,,-459.670013,1000.000000,,0.000000,0.000000,,,,0.047114,"SETFLOW",0.000000,0.997564,0.000000,,,,,"","",,,,7.822043,,0.000000,,0.000000,,,0.000000,0.000000,"",,,0.000000,,-1.000000,,0.000000,0.000000,-1.000000,-1.000000,,,,,,,,,,,"",,,,,,,,,,"Volumetric",,,,,,,,,,-0.278110,,,,,,,,,,-0.278110,-0.006674,,,,,,,,,,,,
"2FB181D5","Nodes",1114007.750000,1671223.370000,1313.064347,"Default Known Flow Node",69.999969,0.579999,1000.000000,0.000000,"Known Flow",0.000000,0.000000,2.16999993085665e-07,40.000000,0.579999,1000.000000,0.000000,0.000000,13.000000,0.000000,0.515375,0.579999,,,,7.742307,7.742307,,16.800279,,,,,,903.822387,0.066146,0.000000,0.000000,0.000000,,-459.670013,1000.000000,,0.000000,0.000000,,,,0.047105,"UNDEFINED",0.000000,0.997564,0.000000,,,,,"","",,,,7.742307,,0.000000,,0.000000,,,0.000000,0.000000,"",,,0.000000,,-1.000000,,0.000000,0.000000,-1.000000,-1.000000,,,,,,,,,,,"",,,,,,,,,,"Volumetric",,,,,,,,,,0.000000,,,,,,,,,,0.000000,0.000000,,,,,,,,,,,,
"Q3No366","Nodes",1114085.885909,1671175.931079,1313.064347,"Default Known Flow Node",69.999969,0.579999,1000.000000,0.000000,"Known Flow",0.000000,0.000000,2.16999993085665e-07,40.000000,0.579999,1000.000000,0.000000,0.000000,13.000000,0.000000,0.515376,0.579999,,,,7.807257,7.807257,,16.800279,,,,,,903.822387,0.066146,0.000000,0.000000,0.000000,,-459.670013,1000.000000,,0.000000,0.000000,,,,0.047113,"UNDEFINED",0.000000,0.997564,0.000000,,,,,"","",,,,7.807257,,0.000000,,0.000000,,,0.000000,0.000000,"",,,0.000000,,-1.000000,,0.000000,0.000000,0.000000,-1.000000,,,,,,,,,,,"",,,,,,,,,,"Volumetric",,,,,,,,,,0.000000,,,,,,,,,,0.000000,0.000000,,,,,,,,,,,,
"2FB181E7","Nodes",1114005.250000,1671219.120000,1313.064347,"Default Known Flow Node",69.999969,0.579999,1000.000000,0.000000,"Known Flow",0.000000,0.000000,2.16999993085665e-07,40.000000,0.579999,1000.000000,0.000000,0.000000,13.000000,0.000000,0.515375,0.579999,,,,7.741201,7.741201,,16.800279,,,,,,903.822387,0.066146,0.000000,0.000000,0.000000,,-459.670013,1000.000000,,0.000000,0.000000,,,,0.047105,"SETFLOW",0.000000,0.997564,0.000000,,,,,"","",,,,7.741201,,0.000000,,0.000000,,,0.000000,0.000000,"",,,0.000000,,-1.000000,,0.000000,0.000000,-1.000000,-1.000000,,,,,,,,,,,"",,,,,,,,,,"Volumetric",,,,,,,,,,-0.268263,,,,,,,,,,-0.268263,-0.006438,,,,,,,,,,,,
"2FB181D6","Nodes",1114005.370000,1671224.870000,1313.064347,"Default Known Flow Node",69.999969,0.579999,1000.000000,0.000000,"Known Flow",0.000000,0.000000,2.16999993085665e-07,40.000000,0.579999,1000.000000,0.000000,0.000000,13.000000,0.000000,0.515375,0.579999,,,,7.742307,7.742307,,16.800279,,,,,,903.822387,0.066146,0.000000,0.000000,0.000000,,-459.670013,1000.000000,,0.000000,0.000000,,,,0.047105,"UNDEFINED",0.000000,0.997564,0.000000,,,,,"","",,,,7.742307,,0.000000,,0.000000,,,0.000000,0.000000,"",,,0.000000,,-1.000000,,0.000000,0.000000,-1.000000,-1.000000,,,,,,,,,,,"",,,,,,,,,,"Volumetric",,,,,,,,,,0.000000,,,,,,,,,,0.000000,0.000000,,,,,,,,,,,,
"2FB181E5","Nodes",1114017.750000,1671240.120000,1313.064347,"Default Known Flow Node",69.999969,0.579999,1000.000000,0.000000,"Known Flow",0.000000,0.000000,2.16999993085665e-07,40.000000,0.579999,1000.000000,0.000000,0.000000,13.000000,0.000000,0.515375,0.579999,,,,7.738877,7.738877,,16.800279,,,,,,903.822387,0.066146,0.000000,0.000000,0.000000,,-459.670013,1000.000000,,0.000000,0.000000,,,,0.047105,"UNDEFINED",0.000000,0.997564,0.000000,,,,,"","",,,,7.738877,,0.000000,,0.000000,,,0.000000,0.000000,"",,,0.000000,,-1.000000,,0.000000,0.000000,-1.000000,-1.000000,,,,,,,,,,,"",,,,,,,,,,"Volumetric",,,,,,,,,,0.000000,,,,,,,,,,0.000000,0.000000,,,,,,,,,,,,
"2FB181E6","Nodes",1114017.750000,1671241.120000,1313.064347,"Default Known Flow Node",69.999969,0.579999,1000.000000,0.000000,"Known Flow",0.000000,0.000000,2.16999993085665e-07,40.000000,0.579999,1000.000000,0.000000,0.000000,13.000000,0.000000,0.515375,0.579999,,,,7.738877,7.738877,,16.800279,,,,,,903.822387,0.066146,0.000000,0.000000,0.000000,,-459.670013,1000.000000,,0.000000,0.000000,,,,0.047105,"UNDEFINED",0.000000,0.997564,0.000000,,,,,"","",,,,7.738877,,0.000000,,0.000000,,,0.000000,0.000000,"",,,0.000000,,-1.000000,,0.000000,0.000000,-1.000000,-1.000000,,,,,,,,,,,"",,,,,,,,,,"Volumetric",,,,,,,,,,0.000000,,,,,,,,,,0.000000,0.000000,,,,,,,,,,,,
"2FB1F735","Nodes",1114100.500000,1671379.250000,1313.064347,"Default Known Flow Node",69.999969,0.579999,1000.000000,0.000000,"Known Flow",0.000000,0.000000,2.16999993085665e-07,40.000000,0.579999,1000.000000,0.000000,0.000000,13.000000,0.000000,0.515375,0.579999,,,,7.709625,7.709625,,16.800279,,,,,,903.822387,0.066146,0.000000,0.000000,0.000000,,-459.670013,1000.000000,,0.000000,0.000000,,,,0.047101,"UNDEFINED",0.000000,0.997564,0.000000,,,,,"","",,,,7.709625,,0.000000,,0.000000,,,0.000000,0.000000,"",,,0.000000,,-1.000000,,0.000000,0.000000,-1.000000,-1.000000,,,,,,,,,,,"",,,,,,,,,,"Volumetric",,,,,,,,,,0.000000,,,,,,,,,,0.000000,0.000000,,,,,,,,,,,,
"2FB1922B","Nodes",1114113.500000,1671401.750000,1313.064347,"Default Known Flow Node",69.999969,0.579999,1000.000000,0.000000,"Known Flow",0.000000,0.000000,2.16999993085665e-07,40.000000,0.579999,1000.000000,0.000000,0.000000,13.000000,0.000000,0.515375,0.579999,,,,7.705291,7.705291,,16.800279,,,,,,903.822387,0.066146,0.000000,0.000000,0.000000,,-459.670013,1000.000000,,0.000000,0.000000,,,,0.047101,"SETFLOW",0.000000,0.997564,0.000000,,,,,"","",,,,7.705291,,0.000000,,0.000000,,,0.000000,0.000000,"",,,0.000000,,-1.000000,,0.000000,0.000000,-1.000000,-1.000000,,,,,,,,,,,"",,,,,,,,,,"Volumetric",,,,,,,,,,-0.048968,,,,,,,,,,-0.048968,-0.001175,,,,,,,,,,,,
"2FB1F736","Nodes",1114159.500000,1671478.750000,1313.064347,"Default Known Flow Node",69.999969,0.579999,1000.000000,0.000000,"Known Flow",0.000000,0.000000,2.16999993085665e-07,40.000000,0.579999,1000.000000,0.000000,0.000000,13.000000,0.000000,0.515375,0.579999,,,,7.690937,7.690937,,16.800279,,,,,,903.822387,0.066146,0.000000,0.000000,0.000000,,-459.670013,1000.000000,,0.000000,0.000000,,,,0.047099,"SETFLOW",0.000000,0.997564,0.000000,,,,,"","",,,,7.690937,,0.000000,,0.000000,,,0.000000,0.000000,"",,,0.000000,,-1.000000,,0.000000,0.000000,-1.000000,-1.000000,,,,,,,,,,,"",,,,,,,,,,"Volumetric",,,,,,,,,,-0.048968,,,,,,,,,,-0.048968,-0.001175,,,,,,,,,,,,
"2FB19233","Nodes",1114150.870000,1673020.370000,1313.064347,"Default Known Flow Node",69.999969,0.579999,1000.000000,0.000000,"Known Flow",0.000000,0.000000,2.16999993085665e-07,40.000000,0.579999,1000.000000,0.000000,0.000000,13.000000,0.000000,0.515373,0.579999,,,,7.431455,7.431455,,16.800279,,,,,,903.822387,0.066146,0.000000,0.000000,0.000000,,-459.670013,1000.000000,,0.000000,0.000000,,,,0.047070,"SETFLOW",0.000000,0.997566,0.000000,,,,,"","",,,,7.431455,,0.000000,,0.000000,,,0.000000,0.000000,"",,,0.000000,,-1.000000,,0.000000,0.000000,-1.000000,-1.000000,,,,,,,,,,,"",,,,,,,,,,"Volumetric",,,,,,,,,,-0.038001,,,,,,,,,,-0.038001,-0.000912,,,,,,,,,,,,
"2FB19234","Nodes",1114139.250000,1673078.620000,1313.064347,"Default Known Flow Node",69.999969,0.579999,1000.000000,0.000000,"Known Flow",0.000000,0.000000,2.16999993085665e-07,40.000000,0.579999,1000.000000,0.000000,0.000000,13.000000,0.000000,0.515373,0.579999,,,,7.431435,7.431435,,16.800279,,,,,,903.822387,0.066146,0.000000,0.000000,0.000000,,-459.670013,1000.000000,,0.000000,0.000000,,,,0.047070,"SETFLOW",0.000000,0.997566,0.000000,,,,,"","",,,,7.431435,,0.000000,,0.000000,,,0.000000,0.000000,"",,,0.000000,,-1.000000,,0.000000,0.000000,-1.000000,-1.000000,,,,,,,,,,,"",,,,,,,,,,"Volumetric",,,,,,,,,,-0.038001,,,,,,,,,,-0.038001,-0.000912,,,,,,,,,,,,
"0BEC44CE","Nodes",1114457.370000,1668053.620000,1313.064347,"Default Known Flow Node",69.999969,0.579999,1000.000000,0.000000,"Known Flow",0.000000,0.000000,2.16999993085665e-07,40.000000,0.579999,1000.000000,0.000000,0.000000,13.000000,0.000000,0.515375,0.579999,,,,7.769015,7.769015,,16.800279,,,,,,903.822387,0.066146,0.000000,0.000000,0.000000,,-459.670013,1000.000000,,0.000000,0.000000,,,,0.047108,"SETFLOW",0.000000,0.997564,0.000000,,,,,"","",,,,7.769015,,0.000000,,0.000000,,,0.000000,0.000000,"",,,0.000000,,-1.000000,,0.000000,0.000000,-1.000000,-1.000000,,,,,,,,,,,"",,,,,,,,,,"Volumetric",,,,,,,,,,-0.015069,,,,,,,,,,-0.015069,-0.000361,,,,,,,,,,,,
"0BEC44CF","Nodes",1114543.620000,1668182.750000,1313.064347,"Default Known Flow Node",69.999969,0.579999,1000.000000,0.000000,"Known Flow",0.000000,0.000000,2.16999993085665e-07,40.000000,0.579999,1000.000000,0.000000,0.000000,13.000000,0.000000,0.515375,0.579999,,,,7.769154,7.769154,,16.800279,,,,,,903.822387,0.066146,0.000000,0.000000,0.000000,,-459.670013,1000.000000,,0.000000,0.000000,,,,0.047108,"SETFLOW",0.000000,0.997564,0.000000,,,,,"","",,,,7.769154,,0.000000,,0.000000,,,0.000000,0.000000,"",,,0.000000,,-1.000000,,0.000000,0.000000,-1.000000,-1.000000,,,,,,,,,,,"",,,,,,,,,,"Volumetric",,,,,,,,,,-0.015069,,,,,,,,,,-0.015069,-0.000361,,,,,,,,,,,,
"0BEC44C9","Nodes",1114230.067635,1668215.985933,1313.064347,"Default Known Flow Node",69.999969,0.579999,1000.000000,0.000000,"Known Flow",0.000000,0.000000,2.16999993085665e-07,40.000000,0.579999,1000.000000,0.000000,0.000000,13.000000,0.000000,0.515375,0.579999,,,,7.646887,7.646887,,16.800279,,,,,,903.822387,0.066146,0.000000,0.000000,0.000000,,-459.670013,1000.000000,,0.000000,0.000000,,,,0.047094,"SETFLOW",0.000000,0.997565,0.000000,,,,,"","",,,,7.646887,,0.000000,,0.000000,,,0.000000,0.000000,"",,,0.000000,,-1.000000,,0.000000,0.000000,-1.000000,-1.000000,,,,,,,,,,,"",,,,,,,,,,"Volumetric",,,,,,,,,,-0.038001,,,,,,,,,,-0.038001,-0.000912,,,,,,,,,,,,
"0BEC44CD","Nodes",1114244.660000,1668236.150000,1313.064347,"Default Known Flow Node",69.999969,0.579999,1000.000000,0.000000,"Known Flow",0.000000,0.000000,2.16999993085665e-07,40.000000,0.579999,1000.000000,0.000000,0.000000,13.000000,0.000000,0.515375,0.579999,,,,7.647444,7.647444,,16.800279,,,,,,903.822387,0.066146,0.000000,0.000000,0.000000,,-459.670013,1000.000000,,0.000000,0.000000,,,,0.047094,"SETFLOW",0.000000,0.997565,0.000000,,,,,"","",,,,7.647444,,0.000000,,0.000000,,,0.000000,0.000000,"",,,0.000000,,-1.000000,,0.000000,0.000000,-1.000000,-1.000000,,,,,,,,,,,"",,,,,,,,,,"Volumetric",,,,,,,,,,-0.386567,,,,,,,,,,-0.386567,-0.009277,,,,,,,,,,,,
"0BEC44D4","Nodes",1114758.000000,1668051.870000,1313.064347,"Default Known Flow Node",69.999969,0.579999,1000.000000,0.000000,"Known Flow",0.000000,0.000000,2.16999993085665e-07,40.000000,0.579999,1000.000000,0.000000,0.000000,13.000000,0.000000,0.515376,0.579999,,,,7.924332,7.924332,,16.800279,,,,,,903.822387,0.066146,0.000000,0.000000,0.000000,,-459.670013,1000.000000,,0.000000,0.000000,,,,0.047126,"SETFLOW",0.000000,0.997563,0.000000,,,,,"","",,,,7.924332,,0.000000,,0.000000,,,0.000000,0.000000,"",,,0.000000,,-1.000000,,0.000000,0.000000,-1.000000,-1.000000,,,,,,,,,,,"",,,,,,,,,,"Volumetric",,,,,,,,,,-0.294184,,,,,,,,,,-0.294184,-0.007060,,,,,,,,,,,,
"2FB87310","Nodes",1114945.620000,1668335.750000,1313.064347,"Default Known Flow Node",69.999969,0.579999,1000.000000,0.000000,"Known Flow",0.000000,0.000000,2.16999993085665e-07,40.000000,0.579999,1000.000000,0.000000,0.000000,13.000000,0.000000,0.515376,0.579999,,,,7.930285,7.930285,,16.800279,,,,,,903.822387,0.066146,0.000000,0.000000,0.000000,,-459.670013,1000.000000,,0.000000,0.000000,,,,0.047127,"SETFLOW",0.000000,0.997563,0.000000,,,,,"","",,,,7.930285,,0.000000,,0.000000,,,0.000000,0.000000,"",,,0.000000,,-1.000000,,0.000000,0.000000,-1.000000,-1.000000,,,,,,,,,,,"",,,,,,,,,,"Volumetric",,,,,,,,,,-0.503192,,,,,,,,,,-0.503192,-0.012076,,,,,,,,,,,,
"0BEC44D6","Nodes",1115121.500000,1668602.370000,1313.064347,"Default Known Flow Node",69.999969,0.579999,1000.000000,0.000000,"Known Flow",0.000000,0.000000,2.16999993085665e-07,40.000000,0.579999,1000.000000,0.000000,0.000000,13.000000,0.000000,0.515376,0.579999,,,,7.937951,7.937951,,16.800279,,,,,,903.822387,0.066146,0.000000,0.000000,0.000000,,-459.670013,1000.000000,,0.000000,0.000000,,,,0.047127,"UNDEFINED",0.000000,0.997563,0.000000,,,,,"","",,,,7.937951,,0.000000,,0.000000,,,0.000000,0.000000,"",,,0.000000,,-1.000000,,0.000000,0.000000,-1.000000,-1.000000,,,,,,,,,,,"",,,,,,,,,,"Volumetric",,,,,,,,,,0.000000,,,,,,,,,,0.000000,0.000000,,,,,,,,,,,,
"0BEC44ED","Nodes",1115180.000000,1668561.870000,1313.064347,"Default Known Flow Node",69.999969,0.579999,1000.000000,0.000000,"Known Flow",0.000000,0.000000,2.16999993085665e-07,40.000000,0.579999,1000.000000,0.000000,0.000000,13.000000,0.000000,0.515376,0.579999,,,,7.966199,7.966199,,16.800279,,,,,,903.822387,0.066146,0.000000,0.000000,0.000000,,-459.670013,1000.000000,,0.000000,0.000000,,,,0.047131,"SETFLOW",0.000000,0.997563,0.000000,,,,,"","",,,,7.966199,,0.000000,,0.000000,,,0.000000,0.000000,"",,,0.000000,,-1.000000,,0.000000,0.000000,-1.000000,-1.000000,,,,,,,,,,,"",,,,,,,,,,"Volumetric",,,,,,,,,,-0.052907,,,,,,,,,,-0.052907,-0.001269,,,,,,,,,,,,
"2FB28060","Nodes",1114501.540000,1668612.030000,1313.064347,"Default Known Flow Node",69.999969,0.579999,1000.000000,0.000000,"Known Flow",0.000000,0.000000,2.16999993085665e-07,40.000000,0.579999,1000.000000,0.000000,0.000000,13.000000,0.000000,0.515375,0.579999,,,,7.667047,7.667047,,16.800279,,,,,,903.822387,0.066146,0.000000,0.000000,0.000000,,-459.670013,1000.000000,,0.000000,0.000000,,,,0.047097,"SETFLOW",0.000000,0.997564,0.000000,,,,,"","",,,,7.667047,,0.000000,,0.000000,,,0.000000,0.000000,"",,,0.000000,,-1.000000,,0.000000,0.000000,-1.000000,-1.000000,,,,,,,,,,,"",,,,,,,,,,"Volumetric",,,,,,,,,,-0.334151,,,,,,,,,,-0.334151,-0.008019,,,,,,,,,,,,
"0BEC44EC","Nodes",1114506.947921,1668619.999965,1313.064347,"Default Known Flow Node",69.999969,0.579999,1000.000000,0.000000,"Known Flow",0.000000,0.000000,2.16999993085665e-07,40.000000,0.579999,1000.000000,0.000000,0.000000,13.000000,0.000000,0.515375,0.579999,,,,7.667657,7.667657,,16.800279,,,,,,903.822387,0.066146,0.000000,0.000000,0.000000,,-459.670013,1000.000000,,0.000000,0.000000,,,,0.047097,"SETFLOW",0.000000,0.997564,0.000000,,,,,"","",,,,7.667657,,0.000000,,0.000000,,,0.000000,0.000000,"",,,0.000000,,-1.000000,,0.000000,0.000000,-1.000000,-1.000000,,,,,,,,,,,"",,,,,,,,,,"Volumetric",,,,,,,,,,-0.134315,,,,,,,,,,-0.134315,-0.003223,,,,,,,,,,,,
"0BEC44EE","Nodes",1115094.620000,1668620.000000,1313.064347,"Default Known Flow Node",69.999969,0.579999,1000.000000,0.000000,"Known Flow",0.000000,0.000000,2.16999993085665e-07,40.000000,0.579999,1000.000000,0.000000,0.000000,13.000000,0.000000,0.515376,0.579999,,,,7.927151,7.927151,,16.800279,,,,,,903.822387,0.066146,0.000000,0.000000,0.000000,,-459.670013,1000.000000,,0.000000,0.000000,,,,0.047126,"UNDEFINED",0.000000,0.997563,0.000000,,,,,"","",,,,7.927151,,0.000000,,0.000000,,,0.000000,0.000000,"",,,0.000000,,-1.000000,,0.000000,0.000000,-1.000000,-1.000000,,,,,,,,,,,"",,,,,,,,,,"Volumetric",,,,,,,,,,0.000000,,,,,,,,,,0.000000,0.000000,,,,,,,,,,,,
"0BEC44F1","Nodes",1114835.750000,1668620.000000,1313.064347,"Default Known Flow Node",69.999969,0.579999,1000.000000,0.000000,"Known Flow",0.000000,0.000000,2.16999993085665e-07,40.000000,0.579999,1000.000000,0.000000,0.000000,13.000000,0.000000,0.515376,0.579999,,,,7.831654,7.831654,,16.800279,,,,,,903.822387,0.066146,0.000000,0.000000,0.000000,,-459.670013,1000.000000,,0.000000,0.000000,,,,0.047115,"SETFLOW",0.000000,0.997564,0.000000,,,,,"","",,,,7.831654,,0.000000,,0.000000,,,0.000000,0.000000,"",,,0.000000,,-1.000000,,0.000000,0.000000,-1.000000,-1.000000,,,,,,,,,,,"",,,,,,,,,,"Volumetric",,,,,,,,,,-0.210974,,,,,,,,,,-0.210974,-0.005063,,,,,,,,,,,,
"0BEC4500","Nodes",1114901.370000,1668716.370000,1313.064347,"Default Known Flow Node",69.999969,0.579999,1000.000000,0.000000,"Known Flow",0.000000,0.000000,2.16999993085665e-07,40.000000,0.579999,1000.000000,0.000000,0.000000,13.000000,0.000000,0.515376,0.579999,,,,7.863043,7.863043,,16.800279,,,,,,903.822387,0.066146,0.000000,0.000000,0.000000,,-459.670013,1000.000000,,0.000000,0.000000,,,,0.047119,"SETFLOW",0.000000,0.997563,0.000000,,,,,"","",,,,7.863043,,0.000000,,0.000000,,,0.000000,0.000000,"",,,0.000000,,-1.000000,,0.000000,0.000000,-1.000000,-1.000000,,,,,,,,,,,"",,,,,,,,,,"Volumetric",,,,,,,,,,-0.034725,,,,,,,,,,-0.034725,-0.000833,,,,,,,,,,,,
"0BEC44F2","Nodes",1114193.370000,1668620.000000,1313.064347,"Default Known Flow Node",69.999969,0.579999,1000.000000,0.000000,"Known Flow",0.000000,0.000000,2.16999993085665e-07,40.000000,0.579999,1000.000000,0.000000,0.000000,13.000000,0.000000,0.515375,0.579999,,,,7.627746,7.627746,,16.800279,,,,,,903.822387,0.066146,0.000000,0.000000,0.000000,,-459.670013,1000.000000,,0.000000,0.000000,,,,0.047092,"SETFLOW",0.000000,0.997565,0.000000,,,,,"","",,,,7.627746,,0.000000,,0.000000,,,0.000000,0.000000,"",,,0.000000,,-1.000000,,0.000000,0.000000,-1.000000,-1.000000,,,,,,,,,,,"",,,,,,,,,,"Volumetric",,,,,,,,,,-0.216215,,,,,,,,,,-0.216215,-0.005189,,,,,,,,,,,,
"0BEC4501","Nodes",1115005.750000,1668677.250000,1313.064347,"Default Known Flow Node",69.999969,0.579999,1000.000000,0.000000,"Known Flow",0.000000,0.000000,2.16999993085665e-07,40.000000,0.579999,1000.000000,0.000000,0.000000,13.000000,0.000000,0.515376,0.579999,,,,7.892050,7.892050,,16.800279,,,,,,903.822387,0.066146,0.000000,0.000000,0.000000,,-459.670013,1000.000000,,0.000000,0.000000,,,,0.047122,"SETFLOW",0.000000,0.997563,0.000000,,,,,"","",,,,7.892050,,0.000000,,0.000000,,,0.000000,0.000000,"",,,0.000000,,-1.000000,,0.000000,0.000000,-1.000000,-1.000000,,,,,,,,,,,"",,,,,,,,,,"Volumetric",,,,,,,,,,-0.016150,,,,,,,,,,-0.016150,-0.000387,,,,,,,,,,,,
"0BEC4504","Nodes",1114966.500000,1668703.370000,1313.064347,"Default Known Flow Node",69.999969,0.579999,1000.000000,0.000000,"Known Flow",0.000000,0.000000,2.16999993085665e-07,40.000000,0.579999,1000.000000,0.000000,0.000000,13.000000,0.000000,0.515376,0.579999,,,,7.879343,7.879343,,16.800279,,,,,,903.822387,0.066146,0.000000,0.000000,0.000000,,-459.670013,1000.000000,,0.000000,0.000000,,,,0.047121,"SETFLOW",0.000000,0.997563,0.000000,,,,,"","",,,,7.879343,,0.000000,,0.000000,,,0.000000,0.000000,"",,,0.000000,,-1.000000,,0.000000,0.000000,-1.000000,-1.000000,,,,,,,,,,,"",,,,,,,,,,"Volumetric",,,,,,,,,,-0.158722,,,,,,,,,,-0.158722,-0.003809,,,,,,,,,,,,
"0BEC4506","Nodes",1114914.120000,1668736.250000,1313.064347,"Default Known Flow Node",69.999969,0.579999,1000.000000,0.000000,"Known Flow",0.000000,0.000000,2.16999993085665e-07,40.000000,0.579999,1000.000000,0.000000,0.000000,13.000000,0.000000,0.515376,0.579999,,,,7.863788,7.863788,,16.800279,,,,,,903.822387,0.066146,0.000000,0.000000,0.000000,,-459.670013,1000.000000,,0.000000,0.000000,,,,0.047119,"UNDEFINED",0.000000,0.997563,0.000000,,,,,"","",,,,7.863788,,0.000000,,0.000000,,,0.000000,0.000000,"",,,0.000000,,-1.000000,,0.000000,0.000000,-1.000000,-1.000000,,,,,,,,,,,"",,,,,,,,,,"Volumetric",,,,,,,,,,0.000000,,,,,,,,,,0.000000,0.000000,,,,,,,,,,,,
"0BEC4502","Nodes",1115031.431101,1668718.112583,1313.064347,"Default Known Flow Node",69.999969,0.579999,1000.000000,0.000000,"Known Flow",0.000000,0.000000,2.16999993085665e-07,40.000000,0.579999,1000.000000,0.000000,0.000000,13.000000,0.000000,0.515376,0.579999,,,,7.890213,7.890213,,16.800279,,,,,,903.822387,0.066146,0.000000,0.000000,0.000000,,-459.670013,1000.000000,,0.000000,0.000000,,,,0.047122,"SETFLOW",0.000000,0.997563,0.000000,,,,,"","",,,,7.890213,,0.000000,,0.000000,,,0.000000,0.000000,"",,,0.000000,,-1.000000,,0.000000,0.000000,-1.000000,-1.000000,,,,,,,,,,,"",,,,,,,,,,"Volumetric",,,,,,,,,,-0.058476,,,,,,,,,,-0.058476,-0.001403,,,,,,,,,,,,
"0BEC4505","Nodes",1114940.870000,1668720.500000,1313.064347,"Default Known Flow Node",69.999969,0.579999,1000.000000,0.000000,"Known Flow",0.000000,0.000000,2.16999993085665e-07,40.000000,0.579999,1000.000000,0.000000,0.000000,13.000000,0.000000,0.515376,0.579999,,,,7.870825,7.870825,,16.800279,,,,,,903.822387,0.066146,0.000000,0.000000,0.000000,,-459.670013,1000.000000,,0.000000,0.000000,,,,0.047120,"SETFLOW",0.000000,0.997563,0.000000,,,,,"","",,,,7.870825,,0.000000,,0.000000,,,0.000000,0.000000,"",,,0.000000,,-1.000000,,0.000000,0.000000,-1.000000,-1.000000,,,,,,,,,,,"",,,,,,,,,,"Volumetric",,,,,,,,,,-0.144242,,,,,,,,,,-0.144242,-0.003461,,,,,,,,,,,,
"0BEC4507","Nodes",1114884.500000,1668755.120000,1313.064347,"Default Known Flow Node",69.999969,0.579999,1000.000000,0.000000,"Known Flow",0.000000,0.000000,2.16999993085665e-07,40.000000,0.579999,1000.000000,0.000000,0.000000,13.000000,0.000000,0.515376,0.579999,,,,7.857353,7.857353,,16.800279,,,,,,903.822387,0.066146,0.000000,0.000000,0.000000,,-459.670013,1000.000000,,0.000000,0.000000,,,,0.047118,"UNDEFINED",0.000000,0.997563,0.000000,,,,,"","",,,,7.857353,,0.000000,,0.000000,,,0.000000,0.000000,"",,,0.000000,,-1.000000,,0.000000,0.000000,-1.000000,-1.000000,,,,,,,,,,,"",,,,,,,,,,"Volumetric",,,,,,,,,,0.000000,,,,,,,,,,0.000000,0.000000,,,,,,,,,,,,
"0BEC4509","Nodes",1114885.870000,1668757.620000,1313.064347,"Default Known Flow Node",69.999969,0.579999,1000.000000,0.000000,"Known Flow",0.000000,0.000000,2.16999993085665e-07,40.000000,0.579999,1000.000000,0.000000,0.000000,13.000000,0.000000,0.515376,0.579999,,,,7.856638,7.856638,,16.800279,,,,,,903.822387,0.066146,0.000000,0.000000,0.000000,,-459.670013,1000.000000,,0.000000,0.000000,,,,0.047118,"UNDEFINED",0.000000,0.997563,0.000000,,,,,"","",,,,7.856638,,0.000000,,0.000000,,,0.000000,0.000000,"",,,0.000000,,-1.000000,,0.000000,0.000000,-1.000000,-1.000000,,,,,,,,,,,"",,,,,,,,,,"Volumetric",,,,,,,,,,0.000000,,,,,,,,,,0.000000,0.000000,,,,,,,,,,,,
"0BEC4508","Nodes",1114873.750000,1668762.000000,1313.064347,"Default Known Flow Node",69.999969,0.579999,1000.000000,0.000000,"Known Flow",0.000000,0.000000,2.16999993085665e-07,40.000000,0.579999,1000.000000,0.000000,0.000000,13.000000,0.000000,0.515376,0.579999,,,,7.857353,7.857353,,16.800279,,,,,,903.822387,0.066146,0.000000,0.000000,0.000000,,-459.670013,1000.000000,,0.000000,0.000000,,,,0.047118,"UNDEFINED",0.000000,0.997563,0.000000,,,,,"","",,,,7.857353,,0.000000,,0.000000,,,0.000000,0.000000,"",,,0.000000,,-1.000000,,0.000000,0.000000,-1.000000,-1.000000,,,,,,,,,,,"",,,,,,,,,,"Volumetric",,,,,,,,,,0.000000,,,,,,,,,,0.000000,0.000000,,,,,,,,,,,,
"0BEC450B","Nodes",1114900.250000,1668772.870000,1313.064347,"Default Known Flow Node",69.999969,0.579999,1000.000000,0.000000,"Known Flow",0.000000,0.000000,2.16999993085665e-07,40.000000,0.579999,1000.000000,0.000000,0.000000,13.000000,0.000000,0.515376,0.579999,,,,7.843264,7.843264,,16.800279,,,,,,903.822387,0.066146,0.000000,0.000000,0.000000,,-459.670013,1000.000000,,0.000000,0.000000,,,,0.047117,"UNDEFINED",0.000000,0.997563,0.000000,,,,,"","",,,,7.843264,,0.000000,,0.000000,,,0.000000,0.000000,"",,,0.000000,,-1.000000,,0.000000,0.000000,-1.000000,-1.000000,,,,,,,,,,,"",,,,,,,,,,"Volumetric",,,,,,,,,,0.000000,,,,,,,,,,0.000000,0.000000,,,,,,,,,,,,
"0BEC450C","Nodes",1114913.500000,1668764.620000,1313.064347,"Default Known Flow Node",69.999969,0.579999,1000.000000,0.000000,"Known Flow",0.000000,0.000000,2.16999993085665e-07,40.000000,0.579999,1000.000000,0.000000,0.000000,13.000000,0.000000,0.515376,0.579999,,,,7.843264,7.843264,,16.800279,,,,,,903.822387,0.066146,0.000000,0.000000,0.000000,,-459.670013,1000.000000,,0.000000,0.000000,,,,0.047117,"UNDEFINED",0.000000,0.997563,0.000000,,,,,"","",,,,7.843264,,0.000000,,0.000000,,,0.000000,0.000000,"",,,0.000000,,-1.000000,,0.000000,0.000000,-1.000000,-1.000000,,,,,,,,,,,"",,,,,,,,,,"Volumetric",,,,,,,,,,0.000000,,,,,,,,,,0.000000,0.000000,,,,,,,,,,,,
"0BEC450A","Nodes",1114896.250000,1668775.120000,1313.064347,"Default Known Flow Node",69.999969,0.579999,1000.000000,0.000000,"Known Flow",0.000000,0.000000,2.16999993085665e-07,40.000000,0.579999,1000.000000,0.000000,0.000000,13.000000,0.000000,0.515376,0.579999,,,,7.843264,7.843264,,16.800279,,,,,,903.822387,0.066146,0.000000,0.000000,0.000000,,-459.670013,1000.000000,,0.000000,0.000000,,,,0.047117,"UNDEFINED",0.000000,0.997563,0.000000,,,,,"","",,,,7.843264,,0.000000,,0.000000,,,0.000000,0.000000,"",,,0.000000,,-1.000000,,0.000000,0.000000,-1.000000,-1.000000,,,,,,,,,,,"",,,,,,,,,,"Volumetric",,,,,,,,,,0.000000,,,,,,,,,,0.000000,0.000000,,,,,,,,,,,,
"0BEC450D","Nodes",1114894.500000,1668776.370000,1313.064347,"Default Known Flow Node",69.999969,0.579999,1000.000000,0.000000,"Known Flow",0.000000,0.000000,2.16999993085665e-07,40.000000,0.579999,1000.000000,0.000000,0.000000,13.000000,0.000000,0.515376,0.579999,,,,7.841257,7.841257,,16.800279,,,,,,903.822387,0.066146,0.000000,0.000000,0.000000,,-459.670013,1000.000000,,0.000000,0.000000,,,,0.047116,"SETFLOW",0.000000,0.997563,0.000000,,,,,"","",,,,7.841257,,0.000000,,0.000000,,,0.000000,0.000000,"",,,0.000000,,-1.000000,,0.000000,0.000000,-1.000000,-1.000000,,,,,,,,,,,"",,,,,,,,,,"Volumetric",,,,,,,,,,-0.061588,,,,,,,,,,-0.061588,-0.001478,,,,,,,,,,,,
"2FB873F9","Nodes",1114794.250000,1668839.000000,1313.064347,"Default Known Flow Node",69.999969,0.579999,1000.000000,0.000000,"Known Flow",0.000000,0.000000,2.16999993085665e-07,40.000000,0.579999,1000.000000,0.000000,0.000000,13.000000,0.000000,0.515375,0.579999,,,,7.751781,7.751781,,16.800279,,,,,,903.822387,0.066146,0.000000,0.000000,0.000000,,-459.670013,1000.000000,,0.000000,0.000000,,,,0.047106,"SETFLOW",0.000000,0.997564,0.000000,,,,,"","",,,,7.751781,,0.000000,,0.000000,,,0.000000,0.000000,"",,,0.000000,,-1.000000,,0.000000,0.000000,-1.000000,-1.000000,,,,,,,,,,,"",,,,,,,,,,"Volumetric",,,,,,,,,,-0.885583,,,,,,,,,,-0.885583,-0.021254,,,,,,,,,,,,
"2FB873FA","Nodes",1114787.500000,1668843.250000,1313.064347,"Default Known Flow Node",69.999969,0.579999,1000.000000,0.000000,"Known Flow",0.000000,0.000000,2.16999993085665e-07,40.000000,0.579999,1000.000000,0.000000,0.000000,13.000000,0.000000,0.515375,0.579999,,,,7.745722,7.745722,,16.800279,,,,,,903.822387,0.066146,0.000000,0.000000,0.000000,,-459.670013,1000.000000,,0.000000,0.000000,,,,0.047106,"SETFLOW",0.000000,0.997564,0.000000,,,,,"","",,,,7.745722,,0.000000,,0.000000,,,0.000000,0.000000,"",,,0.000000,,-1.000000,,0.000000,0.000000,-1.000000,-1.000000,,,,,,,,,,,"",,,,,,,,,,"Volumetric",,,,,,,,,,-0.845043,,,,,,,,,,-0.845043,-0.020281,,,,,,,,,,,,
"0BEC4512","Nodes",1114660.870000,1668844.750000,1313.064347,"Default Known Flow Node",69.999969,0.579999,1000.000000,0.000000,"Known Flow",0.000000,0.000000,2.16999993085665e-07,40.000000,0.579999,1000.000000,0.000000,0.000000,13.000000,0.000000,0.515375,0.579999,,,,7.689145,7.689145,,16.800279,,,,,,903.822387,0.066146,0.000000,0.000000,0.000000,,-459.670013,1000.000000,,0.000000,0.000000,,,,0.047099,"SETFLOW",0.000000,0.997564,0.000000,,,,,"","",,,,7.689145,,0.000000,,0.000000,,,0.000000,0.000000,"",,,0.000000,,-1.000000,,0.000000,0.000000,-1.000000,-1.000000,,,,,,,,,,,"",,,,,,,,,,"Volumetric",,,,,,,,,,-0.163062,,,,,,,,,,-0.163062,-0.003913,,,,,,,,,,,,
"0BEC450E","Nodes",1114740.750000,1668872.620000,1313.064347,"Default Known Flow Node",69.999969,0.579999,1000.000000,0.000000,"Known Flow",0.000000,0.000000,2.16999993085665e-07,40.000000,0.579999,1000.000000,0.000000,0.000000,13.000000,0.000000,0.515375,0.579999,,,,7.721844,7.721844,,16.800279,,,,,,903.822387,0.066146,0.000000,0.000000,0.000000,,-459.670013,1000.000000,,0.000000,0.000000,,,,0.047103,"SETFLOW",0.000000,0.997564,0.000000,,,,,"","",,,,7.721844,,0.000000,,0.000000,,,0.000000,0.000000,"",,,0.000000,,-1.000000,,0.000000,0.000000,-1.000000,-1.000000,,,,,,,,,,,"",,,,,,,,,,"Volumetric",,,,,,,,,,-0.040540,,,,,,,,,,-0.040540,-0.000972,,,,,,,,,,,,
"0BEC44FE","Nodes",1114447.250000,1668990.000000,1313.064347,"Default Known Flow Node",69.999969,0.579999,1000.000000,0.000000,"Known Flow",0.000000,0.000000,2.16999993085665e-07,40.000000,0.579999,1000.000000,0.000000,0.000000,13.000000,0.000000,0.515375,0.579999,,,,7.632644,7.632644,,16.800279,,,,,,903.822387,0.066146,0.000000,0.000000,0.000000,,-459.670013,1000.000000,,0.000000,0.000000,,,,0.047093,"SETFLOW",0.000000,0.997565,0.000000,,,,,"","",,,,7.632644,,0.000000,,0.000000,,,0.000000,0.000000,"",,,0.000000,,-1.000000,,0.000000,0.000000,-1.000000,-1.000000,,,,,,,,,,,"",,,,,,,,,,"Volumetric",,,,,,,,,,-0.300900,,,,,,,,,,-0.300900,-0.007221,,,,,,,,,,,,
"0BEC453D","Nodes",1114600.370000,1668889.620000,1313.064347,"Default Known Flow Node",69.999969,0.579999,1000.000000,0.000000,"Known Flow",0.000000,0.000000,2.16999993085665e-07,40.000000,0.579999,1000.000000,0.000000,0.000000,13.000000,0.000000,0.515374,0.579999,,,,7.552369,7.552369,,16.800279,,,,,,903.822387,0.066146,0.000000,0.000000,0.000000,,-459.670013,1000.000000,,0.000000,0.000000,,,,0.047084,"SETFLOW",0.000000,0.997565,0.000000,,,,,"","",,,,7.552369,,0.000000,,0.000000,,,0.000000,0.000000,"",,,0.000000,,-1.000000,,0.000000,0.000000,-1.000000,-1.000000,,,,,,,,,,,"",,,,,,,,,,"Volumetric",,,,,,,,,,-0.084684,,,,,,,,,,-0.084684,-0.002032,,,,,,,,,,,,
"2FB28061","Nodes",1114689.388031,1668882.741588,1313.064347,"Default Known Flow Node",69.999969,0.579999,1000.000000,0.000000,"Known Flow",0.000000,0.000000,2.16999993085665e-07,40.000000,0.579999,1000.000000,0.000000,0.000000,13.000000,0.000000,0.515375,0.579999,,,,7.693639,7.693639,,16.800279,,,,,,903.822387,0.066146,0.000000,0.000000,0.000000,,-459.670013,1000.000000,,0.000000,0.000000,,,,0.047100,"UNDEFINED",0.000000,0.997564,0.000000,,,,,"","",,,,7.693639,,0.000000,,0.000000,,,0.000000,0.000000,"",,,0.000000,,-1.000000,,0.000000,0.000000,-1.000000,-1.000000,,,,,,,,,,,"",,,,,,,,,,"Volumetric",,,,,,,,,,0.000000,,,,,,,,,,0.000000,0.000000,,,,,,,,,,,,
"0BEC4510","Nodes",1114699.861369,1668898.215316,1313.064347,"Default Known Flow Node",69.999969,0.579999,1000.000000,0.000000,"Known Flow",0.000000,0.000000,2.16999993085665e-07,40.000000,0.579999,1000.000000,0.000000,0.000000,13.000000,0.000000,0.515375,0.579999,,,,7.695325,7.695325,,16.800279,,,,,,903.822387,0.066146,0.000000,0.000000,0.000000,,-459.670013,1000.000000,,0.000000,0.000000,,,,0.047100,"UNDEFINED",0.000000,0.997564,0.000000,,,,,"","",,,,7.695325,,0.000000,,0.000000,,,0.000000,0.000000,"",,,0.000000,,-1.000000,,0.000000,0.000000,-1.000000,-1.000000,,,,,,,,,,,"",,,,,,,,,,"Volumetric",,,,,,,,,,0.000000,,,,,,,,,,0.000000,0.000000,,,,,,,,,,,,
"0BEC4503","Nodes",1115163.583490,1668923.834934,1313.064347,"Default Known Flow Node",69.999969,0.579999,1000.000000,0.000000,"Known Flow",0.000000,0.000000,2.16999993085665e-07,40.000000,0.579999,1000.000000,0.000000,0.000000,13.000000,0.000000,0.515376,0.579999,,,,7.879943,7.879943,,16.800279,,,,,,903.822387,0.066146,0.000000,0.000000,0.000000,,-459.670013,1000.000000,,0.000000,0.000000,,,,0.047121,"SETFLOW",0.000000,0.997563,0.000000,,,,,"","",,,,7.879943,,0.000000,,0.000000,,,0.000000,0.000000,"",,,0.000000,,-1.000000,,0.000000,0.000000,-1.000000,-1.000000,,,,,,,,,,,"",,,,,,,,,,"Volumetric",,,,,,,,,,-0.086531,,,,,,,,,,-0.086531,-0.002076,,,,,,,,,,,,
"0BEC4558","Nodes",1115219.053998,1669008.148171,1313.064347,"Default Known Flow Node",69.999969,0.579999,1000.000000,0.000000,"Known Flow",0.000000,0.000000,2.16999993085665e-07,40.000000,0.579999,1000.000000,0.000000,0.000000,13.000000,0.000000,0.515376,0.579999,,,,7.874742,7.874742,,16.800279,,,,,,903.822387,0.066146,0.000000,0.000000,0.000000,,-459.670013,1000.000000,,0.000000,0.000000,,,,0.047120,"SETFLOW",0.000000,0.997563,0.000000,,,,,"","",,,,7.874742,,0.000000,,0.000000,,,0.000000,0.000000,"",,,0.000000,"V20706",-1.000000,,0.000000,0.000000,-1.000000,-1.000000,,,,,,,,,,,"",,,,,,,,,,"Volumetric",,,,,,,,,,-0.049774,,,,,,,,,,-0.049774,-0.001194,,,,,,,,,,,,
"2FC1B0D0","Nodes",1114469.302925,1669022.432261,1313.064347,"Default Known Flow Node",69.999969,0.579999,1000.000000,0.000000,"Known Flow",0.000000,0.000000,2.16999993085665e-07,40.000000,0.579999,1000.000000,0.000000,0.000000,13.000000,0.000000,0.515375,0.579999,,,,7.633914,7.633914,,16.800279,,,,,,903.822387,0.066146,0.000000,0.000000,0.000000,,-459.670013,1000.000000,,0.000000,0.000000,,,,0.047093,"UNDEFINED",0.000000,0.997565,0.000000,,,,,"","",,,,7.633914,,0.000000,,0.000000,,,0.000000,0.000000,"",,,0.000000,,-1.000000,,0.000000,0.000000,0.000000,-1.000000,,,,,,,,,,,"",,,,,,,,,,"Volumetric",,,,,,,,,,0.000000,,,,,,,,,,0.000000,0.000000,,,,,,,,,,,,
"0BEC44FC","Nodes",1114292.120000,1669166.620000,1313.064347,"Default Known Flow Node",69.999969,0.579999,1000.000000,0.000000,"Known Flow",0.000000,0.000000,2.16999993085665e-07,40.000000,0.579999,1000.000000,0.000000,0.000000,13.000000,0.000000,0.515374,0.579999,,,,7.598930,7.598930,,16.800279,,,,,,903.822387,0.066146,0.000000,0.000000,0.000000,,-459.670013,1000.000000,,0.000000,0.000000,,,,0.047089,"SETFLOW",0.000000,0.997565,0.000000,,,,,"","",,,,7.598930,,0.000000,,0.000000,,,0.000000,0.000000,"",,,0.000000,,-1.000000,,0.000000,0.000000,-1.000000,-1.000000,,,,,,,,,,,"",,,,,,,,,,"Volumetric",,,,,,,,,,-0.231643,,,,,,,,,,-0.231643,-0.005559,,,,,,,,,,,,
"0BEC451C","Nodes",1114271.870000,1669180.870000,1313.064347,"Default Known Flow Node",69.999969,0.579999,1000.000000,0.000000,"Known Flow",0.000000,0.000000,2.16999993085665e-07,40.000000,0.579999,1000.000000,0.000000,0.000000,13.000000,0.000000,0.515374,0.579999,,,,7.596758,7.596758,,16.800279,,,,,,903.822387,0.066146,0.000000,0.000000,0.000000,,-459.670013,1000.000000,,0.000000,0.000000,,,,0.047089,"UNDEFINED",0.000000,0.997565,0.000000,,,,,"","",,,,7.596758,,0.000000,,0.000000,,,0.000000,0.000000,"",,,0.000000,,-1.000000,,0.000000,0.000000,-1.000000,-1.000000,,,,,,,,,,,"",,,,,,,,,,"Volumetric",,,,,,,,,,0.000000,,,,,,,,,,0.000000,0.000000,,,,,,,,,,,,
"0BEC451D","Nodes",1114255.870000,1669190.250000,1313.064347,"Default Known Flow Node",69.999969,0.579999,1000.000000,0.000000,"Known Flow",0.000000,0.000000,2.16999993085665e-07,40.000000,0.579999,1000.000000,0.000000,0.000000,13.000000,0.000000,0.515374,0.579999,,,,7.594016,7.594016,,16.800279,,,,,,903.822387,0.066146,0.000000,0.000000,0.000000,,-459.670013,1000.000000,,0.000000,0.000000,,,,0.047088,"UNDEFINED",0.000000,0.997565,0.000000,,,,,"","",,,,7.594016,,0.000000,,0.000000,,,0.000000,0.000000,"",,,0.000000,,-1.000000,,0.000000,0.000000,-1.000000,-1.000000,,,,,,,,,,,"",,,,,,,,,,"Volumetric",,,,,,,,,,0.000000,,,,,,,,,,0.000000,0.000000,,,,,,,,,,,,
"0BEC44FD","Nodes",1114433.500000,1669382.000000,1313.064347,"Default Known Flow Node",69.999969,0.579999,1000.000000,0.000000,"Known Flow",0.000000,0.000000,2.16999993085665e-07,40.000000,0.579999,1000.000000,0.000000,0.000000,13.000000,0.000000,0.515374,0.579999,,,,7.597534,7.597534,,16.800279,,,,,,903.822387,0.066146,0.000000,0.000000,0.000000,,-459.670013,1000.000000,,0.000000,0.000000,,,,0.047089,"SETFLOW",0.000000,0.997565,0.000000,,,,,"","",,,,7.597534,,0.000000,,0.000000,,,0.000000,0.000000,"",,,0.000000,,-1.000000,,0.000000,0.000000,-1.000000,-1.000000,,,,,,,,,,,"",,,,,,,,,,"Volumetric",,,,,,,,,,-0.119228,,,,,,,,,,-0.119228,-0.002861,,,,,,,,,,,,
"0BEC4532","Nodes",1114757.898702,1669369.768032,1313.064347,"Default Known Flow Node",69.999969,0.579999,1000.000000,0.000000,"Known Flow",0.000000,0.000000,2.16999993085665e-07,40.000000,0.579999,1000.000000,0.000000,0.000000,13.000000,0.000000,0.515375,0.579999,,,,7.674850,7.674850,,16.800279,,,,,,903.822387,0.066146,0.000000,0.000000,0.000000,,-459.670013,1000.000000,,0.000000,0.000000,,,,0.047098,"SETFLOW",0.000000,0.997564,0.000000,,,,,"","",,,,7.674850,,0.000000,,0.000000,,,0.000000,0.000000,"",,,0.000000,,-1.000000,,0.000000,0.000000,-1.000000,-1.000000,,,,,,,,,,,"",,,,,,,,,,"Volumetric",,,,,,,,,,-0.390201,,,,,,,,,,-0.390201,-0.009364,,,,,,,,,,,,
"0BEC451E","Nodes",1114724.469432,1669389.103547,1313.064347,"Default Known Flow Node",69.999969,0.579999,1000.000000,0.000000,"Known Flow",0.000000,0.000000,2.16999993085665e-07,40.000000,0.579999,1000.000000,0.000000,0.000000,13.000000,0.000000,0.515375,0.579999,,,,7.648681,7.648681,,16.800279,,,,,,903.822387,0.066146,0.000000,0.000000,0.000000,,-459.670013,1000.000000,,0.000000,0.000000,,,,0.047095,"SETFLOW",0.000000,0.997565,0.000000,,,,,"","",,,,7.648681,,0.000000,,0.000000,,,0.000000,0.000000,"",,,0.000000,,-1.000000,,0.000000,0.000000,-1.000000,-1.000000,,,,,,,,,,,"",,,,,,,,,,"Volumetric",,,,,,,,,,-0.079279,,,,,,,,,,-0.079279,-0.001902,,,,,,,,,,,,
"0BEC453B","Nodes",1114719.277744,1669392.554560,1313.064347,"Default Known Flow Node",69.999969,0.579999,1000.000000,0.000000,"Known Flow",0.000000,0.000000,2.16999993085665e-07,40.000000,0.579999,1000.000000,0.000000,0.000000,13.000000,0.000000,0.515375,0.579999,,,,7.648314,7.648314,,16.800279,,,,,,903.822387,0.066146,0.000000,0.000000,0.000000,,-459.670013,1000.000000,,0.000000,0.000000,,,,0.047094,"SETFLOW",0.000000,0.997565,0.000000,,,,,"","",,,,7.648314,,0.000000,,0.000000,,,0.000000,0.000000,"",,,0.000000,"V49191",-1.000000,,0.000000,0.000000,-1.000000,-1.000000,,,,,,,,,,,"",,,,,,,,,,"Volumetric",,,,,,,,,,-0.292341,,,,,,,,,,-0.292341,-0.007016,,,,,,,,,,,,
"2FBBC664","Nodes",1114738.870000,1669405.250000,1313.064347,"Default Known Flow Node",69.999969,0.579999,1000.000000,0.000000,"Known Flow",0.000000,0.000000,2.16999993085665e-07,40.000000,0.579999,1000.000000,0.000000,0.000000,13.000000,0.000000,0.515375,0.579999,,,,7.645570,7.645570,,16.800279,,,,,,903.822387,0.066146,0.000000,0.000000,0.000000,,-459.670013,1000.000000,,0.000000,0.000000,,,,0.047094,"SETFLOW",0.000000,0.997565,0.000000,,,,,"","",,,,7.645570,,0.000000,,0.000000,,,0.000000,0.000000,"",,,0.000000,"V49190",-1.000000,,0.000000,0.000000,-1.000000,-1.000000,,,,,,,,,,,"",,,,,,,,,,"Volumetric",,,,,,,,,,-0.071846,,,,,,,,,,-0.071846,-0.001724,,,,,,,,,,,,
"0BEC455F","Nodes",1115180.000000,1669372.250000,1313.064347,"Default Known Flow Node",69.999969,0.579999,1000.000000,0.000000,"Known Flow",0.000000,0.000000,2.16999993085665e-07,40.000000,0.579999,1000.000000,0.000000,0.000000,13.000000,0.000000,0.515375,0.579999,,,,7.764996,7.764996,,16.800279,,,,,,903.822387,0.066146,0.000000,0.000000,0.000000,,-459.670013,1000.000000,,0.000000,0.000000,,,,0.047108,"SETFLOW",0.000000,0.997564,0.000000,,,,,"","",,,,7.764996,,0.000000,,0.000000,,,0.000000,0.000000,"",,,0.000000,,-1.000000,,0.000000,0.000000,-1.000000,-1.000000,,,,,,,,,,,"",,,,,,,,,,"Volumetric",,,,,,,,,,-0.208479,,,,,,,,,,-0.208479,-0.005003,,,,,,,,,,,,
"0BEC4531","Nodes",1114951.000000,1669524.870000,1313.064347,"Default Known Flow Node",69.999969,0.579999,1000.000000,0.000000,"Known Flow",0.000000,0.000000,2.16999993085665e-07,40.000000,0.579999,1000.000000,0.000000,0.000000,13.000000,0.000000,0.515375,0.579999,,,,7.665775,7.665775,,16.800279,,,,,,903.822387,0.066146,0.000000,0.000000,0.000000,,-459.670013,1000.000000,,0.000000,0.000000,,,,0.047096,"SETFLOW",0.000000,0.997564,0.000000,,,,,"","",,,,7.665775,,0.000000,,0.000000,,,0.000000,0.000000,"",,,0.000000,,-1.000000,,0.000000,0.000000,-1.000000,-1.000000,,,,,,,,,,,"",,,,,,,,,,"Volumetric",,,,,,,,,,-0.231643,,,,,,,,,,-0.231643,-0.005559,,,,,,,,,,,,
"2FC1B6A9","Nodes",1114875.273757,1669574.237418,1313.064347,"Default Known Flow Node",69.999969,0.579999,1000.000000,0.000000,"Known Flow",0.000000,0.000000,2.16999993085665e-07,40.000000,0.579999,1000.000000,0.000000,0.000000,13.000000,0.000000,0.515375,0.579999,,,,7.641535,7.641535,,16.800279,,,,,,903.822387,0.066146,0.000000,0.000000,0.000000,,-459.670013,1000.000000,,0.000000,0.000000,,,,0.047094,"UNDEFINED",0.000000,0.997565,0.000000,,,,,"","",,,,7.641535,,0.000000,,0.000000,,,0.000000,0.000000,"",,,0.000000,,-1.000000,,0.000000,0.000000,0.000000,-1.000000,,,,,,,,,,,"",,,,,,,,,,"Volumetric",,,,,,,,,,0.000000,,,,,,,,,,0.000000,0.000000,,,,,,,,,,,,
"0BEC4524","Nodes",1114844.147039,1669614.850387,1313.064347,"Default Known Flow Node",69.999969,0.579999,1000.000000,0.000000,"Known Flow",0.000000,0.000000,2.16999993085665e-07,40.000000,0.579999,1000.000000,0.000000,0.000000,13.000000,0.000000,0.515375,0.579999,,,,7.637250,7.637250,,16.800279,,,,,,903.822387,0.066146,0.000000,0.000000,0.000000,,-459.670013,1000.000000,,0.000000,0.000000,,,,0.047093,"SETFLOW",0.000000,0.997565,0.000000,,,,,"","",,,,7.637250,,0.000000,,0.000000,,,0.000000,0.000000,"",,,0.000000,,-1.000000,,0.000000,0.000000,-1.000000,-1.000000,,,,,,,,,,,"",,,,,,,,,,"Volumetric",,,,,,,,,,-0.024774,,,,,,,,,,-0.024774,-0.000594,,,,,,,,,,,,
"0BEC4525","Nodes",1114854.819317,1669636.089136,1313.064347,"Default Known Flow Node",69.999969,0.579999,1000.000000,0.000000,"Known Flow",0.000000,0.000000,2.16999993085665e-07,40.000000,0.579999,1000.000000,0.000000,0.000000,13.000000,0.000000,0.515375,0.579999,,,,7.636688,7.636688,,16.800279,,,,,,903.822387,0.066146,0.000000,0.000000,0.000000,,-459.670013,1000.000000,,0.000000,0.000000,,,,0.047093,"UNDEFINED",0.000000,0.997565,0.000000,,,,,"","",,,,7.636688,,0.000000,,0.000000,,,0.000000,0.000000,"",,,0.000000,"V76592",-1.000000,,0.000000,0.000000,-1.000000,-1.000000,,,,,,,,,,,"",,,,,,,,,,"Volumetric",,,,,,,,,,0.000000,,,,,,,,,,0.000000,0.000000,,,,,,,,,,,,
"0BEC452D","Nodes",1115161.820279,1669707.644035,1313.064347,"Default Known Flow Node",69.999969,0.579999,1000.000000,0.000000,"Known Flow",0.000000,0.000000,2.16999993085665e-07,40.000000,0.579999,1000.000000,0.000000,0.000000,13.000000,0.000000,0.515375,0.579999,,,,7.667156,7.667156,,16.800279,,,,,,903.822387,0.066146,0.000000,0.000000,0.000000,,-459.670013,1000.000000,,0.000000,0.000000,,,,0.047097,"SETFLOW",0.000000,0.997564,0.000000,,,,,"","",,,,7.667156,,0.000000,,0.000000,,,0.000000,0.000000,"",,,0.000000,,-1.000000,,0.000000,0.000000,-1.000000,-1.000000,,,,,,,,,,,"",,,,,,,,,,"Volumetric",,,,,,,,,,-0.061936,,,,,,,,,,-0.061936,-0.001486,,,,,,,,,,,,
"0BEC455D","Nodes",1115179.895789,1669695.513964,1313.064347,"Default Known Flow Node",69.999969,0.579999,1000.000000,0.000000,"Known Flow",0.000000,0.000000,2.16999993085665e-07,40.000000,0.579999,1000.000000,0.000000,0.000000,13.000000,0.000000,0.515375,0.579999,,,,7.670389,7.670389,,16.800279,,,,,,903.822387,0.066146,0.000000,0.000000,0.000000,,-459.670013,1000.000000,,0.000000,0.000000,,,,0.047097,"UNDEFINED",0.000000,0.997564,0.000000,,,,,"","",,,,7.670389,,0.000000,,0.000000,,,0.000000,0.000000,"",,,0.000000,,-1.000000,,0.000000,0.000000,-1.000000,-1.000000,,,,,,,,,,,"",,,,,,,,,,"Volumetric",,,,,,,,,,0.000000,,,,,,,,,,0.000000,0.000000,,,,,,,,,,,,
"0BEC452A","Nodes",1115028.015812,1669965.870996,1313.064347,"Default Known Flow Node",69.999969,0.579999,1000.000000,0.000000,"Known Flow",0.000000,0.000000,2.16999993085665e-07,40.000000,0.579999,1000.000000,0.000000,0.000000,13.000000,0.000000,0.515374,0.579999,,,,7.588883,7.588883,,16.800279,,,,,,903.822387,0.066146,0.000000,0.000000,0.000000,,-459.670013,1000.000000,,0.000000,0.000000,,,,0.047088,"SETFLOW",0.000000,0.997565,0.000000,,,,,"","",,,,7.588883,,0.000000,,0.000000,,,0.000000,0.000000,"",,,0.000000,,-1.000000,,0.000000,0.000000,-1.000000,-1.000000,,,,,,,,,,,"",,,,,,,,,,"Volumetric",,,,,,,,,,-0.035923,,,,,,,,,,-0.035923,-0.000862,,,,,,,,,,,,
"2FC1B6A2","Nodes",1114976.405006,1669855.745161,1313.064347,"Default Known Flow Node",69.999969,0.579999,1000.000000,0.000000,"Known Flow",0.000000,0.000000,2.16999993085665e-07,40.000000,0.579999,1000.000000,0.000000,0.000000,13.000000,0.000000,0.515375,0.579999,,,,7.630869,7.630869,,16.800279,,,,,,903.822387,0.066146,0.000000,0.000000,0.000000,,-459.670013,1000.000000,,0.000000,0.000000,,,,0.047093,"UNDEFINED",0.000000,0.997565,0.000000,,,,,"","",,,,7.630869,,0.000000,,0.000000,,,0.000000,0.000000,"",,,0.000000,,-1.000000,,0.000000,0.000000,0.000000,-1.000000,,,,,,,,,,,"",,,,,,,,,,"Volumetric",,,,,,,,,,0.000000,,,,,,,,,,0.000000,0.000000,,,,,,,,,,,,
"0BEC4527","Nodes",1114944.110122,1669814.068230,1313.064347,"Default Known Flow Node",69.999969,0.579999,1000.000000,0.000000,"Known Flow",0.000000,0.000000,2.16999993085665e-07,40.000000,0.579999,1000.000000,0.000000,0.000000,13.000000,0.000000,0.515375,0.579999,,,,7.632045,7.632045,,16.800279,,,,,,903.822387,0.066146,0.000000,0.000000,0.000000,,-459.670013,1000.000000,,0.000000,0.000000,,,,0.047093,"SETFLOW",0.000000,0.997565,0.000000,,,,,"","",,,,7.632045,,0.000000,,0.000000,,,0.000000,0.000000,"",,,0.000000,"V76593",-1.000000,,0.000000,0.000000,-1.000000,-1.000000,,,,,,,,,,,"",,,,,,,,,,"Volumetric",,,,,,,,,,-0.129873,,,,,,,,,,-0.129873,-0.003116,,,,,,,,,,,,
"0BEC4528","Nodes",1114951.783271,1669829.321306,1313.064347,"Default Known Flow Node",69.999969,0.579999,1000.000000,0.000000,"Known Flow",0.000000,0.000000,2.16999993085665e-07,40.000000,0.579999,1000.000000,0.000000,0.000000,13.000000,0.000000,0.515375,0.579999,,,,7.631680,7.631680,,16.800279,,,,,,903.822387,0.066146,0.000000,0.000000,0.000000,,-459.670013,1000.000000,,0.000000,0.000000,,,,0.047093,"SETFLOW",0.000000,0.997565,0.000000,,,,,"","",,,,7.631680,,0.000000,,0.000000,,,0.000000,0.000000,"",,,0.000000,,-1.000000,,0.000000,0.000000,-1.000000,-1.000000,,,,,,,,,,,"",,,,,,,,,,"Volumetric",,,,,,,,,,-0.061743,,,,,,,,,,-0.061743,-0.001481,,,,,,,,,,,,
"0BEC44F7","Nodes",1114437.750000,1669885.750000,1313.064347,"Default Known Flow Node",69.999969,0.579999,1000.000000,0.000000,"Known Flow",0.000000,0.000000,2.16999993085665e-07,40.000000,0.579999,1000.000000,0.000000,0.000000,13.000000,0.000000,0.515374,0.579999,,,,7.581592,7.581592,,16.800279,,,,,,903.822387,0.066146,0.000000,0.000000,0.000000,,-459.670013,1000.000000,,0.000000,0.000000,,,,0.047087,"SETFLOW",0.000000,0.997565,0.000000,,,,,"","",,,,7.581592,,0.000000,,0.000000,,,0.000000,0.000000,"",,,0.000000,,-1.000000,,0.000000,0.000000,-1.000000,-1.000000,,,,,,,,,,,"",,,,,,,,,,"Volumetric",,,,,,,,,,-0.067332,,,,,,,,,,-0.067332,-0.001615,,,,,,,,,,,,
"0BEC44F8","Nodes",1114418.844898,1669856.507953,1313.064347,"Default Known Flow Node",69.999969,0.579999,1000.000000,0.000000,"Known Flow",0.000000,0.000000,2.16999993085665e-07,40.000000,0.579999,1000.000000,0.000000,0.000000,13.000000,0.000000,0.515374,0.579999,,,,7.577173,7.577173,,16.800279,,,,,,903.822387,0.066146,0.000000,0.000000,0.000000,,-459.670013,1000.000000,,0.000000,0.000000,,,,0.047086,"SETFLOW",0.000000,0.997565,0.000000,,,,,"","",,,,7.577173,,0.000000,,0.000000,,,0.000000,0.000000,"",,,0.000000,,-1.000000,,0.000000,0.000000,-1.000000,-1.000000,,,,,,,,,,,"",,,,,,,,,,"Volumetric",,,,,,,,,,-0.204923,,,,,,,,,,-0.204923,-0.004918,,,,,,,,,,,,
"0BEC4535","Nodes",1114596.250000,1669778.750000,1313.064347,"Default Known Flow Node",69.999969,0.579999,1000.000000,0.000000,"Known Flow",0.000000,0.000000,2.16999993085665e-07,40.000000,0.579999,1000.000000,0.000000,0.000000,13.000000,0.000000,0.515374,0.579999,,,,7.600797,7.600797,,16.800279,,,,,,903.822387,0.066146,0.000000,0.000000,0.000000,,-459.670013,1000.000000,,0.000000,0.000000,,,,0.047089,"SETFLOW",0.000000,0.997565,0.000000,,,,,"","",,,,7.600797,,0.000000,,0.000000,,,0.000000,0.000000,"",,,0.000000,,-1.000000,,0.000000,0.000000,-1.000000,-1.000000,,,,,,,,,,,"",,,,,,,,,,"Volumetric",,,,,,,,,,-0.462541,,,,,,,,,,-0.462541,-0.011101,,,,,,,,,,,,
"0BEC4536","Nodes",1114478.500000,1669858.500000,1313.064347,"Default Known Flow Node",69.999969,0.579999,1000.000000,0.000000,"Known Flow",0.000000,0.000000,2.16999993085665e-07,40.000000,0.579999,1000.000000,0.000000,0.000000,13.000000,0.000000,0.515374,0.579999,,,,7.583661,7.583661,,16.800279,,,,,,903.822387,0.066146,0.000000,0.000000,0.000000,,-459.670013,1000.000000,,0.000000,0.000000,,,,0.047087,"SETFLOW",0.000000,0.997565,0.000000,,,,,"","",,,,7.583661,,0.000000,,0.000000,,,0.000000,0.000000,"",,,0.000000,,-1.000000,,0.000000,0.000000,-1.000000,-1.000000,,,,,,,,,,,"",,,,,,,,,,"Volumetric",,,,,,,,,,-0.237125,,,,,,,,,,-0.237125,-0.005691,,,,,,,,,,,,
"0BEC452E","Nodes",1114933.672053,1669860.483123,1313.064347,"Default Known Flow Node",69.999969,0.579999,1000.000000,0.000000,"Known Flow",0.000000,0.000000,2.16999993085665e-07,40.000000,0.579999,1000.000000,0.000000,0.000000,13.000000,0.000000,0.515375,0.579999,,,,7.630496,7.630496,,16.800279,,,,,,903.822387,0.066146,0.000000,0.000000,0.000000,,-459.670013,1000.000000,,0.000000,0.000000,,,,0.047092,"UNDEFINED",0.000000,0.997565,0.000000,,,,,"","",,,,7.630496,,0.000000,,0.000000,,,0.000000,0.000000,"",,,0.000000,,-1.000000,,0.000000,0.000000,-1.000000,-1.000000,,,,,,,,,,,"",,,,,,,,,,"Volumetric",,,,,,,,,,0.000000,,,,,,,,,,0.000000,0.000000,,,,,,,,,,,,
"2FC1B70F","Nodes",1114932.754099,1669861.095092,1313.064347,"Default Known Flow Node",69.999969,0.579999,1000.000000,0.000000,"Known Flow",0.000000,0.000000,2.16999993085665e-07,40.000000,0.579999,1000.000000,0.000000,0.000000,13.000000,0.000000,0.515375,0.579999,,,,7.630463,7.630463,,16.800279,,,,,,903.822387,0.066146,0.000000,0.000000,0.000000,,-459.670013,1000.000000,,0.000000,0.000000,,,,0.047092,"UNDEFINED",0.000000,0.997565,0.000000,,,,,"","",,,,7.630463,,0.000000,,0.000000,,,0.000000,0.000000,"",,,0.000000,"V76594",-1.000000,,0.000000,0.000000,0.000000,-1.000000,,,,,,,,,,,"",,,,,,,,,,"Volumetric",,,,,,,,,,0.000000,,,,,,,,,,0.000000,0.000000,,,,,,,,,,,,
"0BEC44F6","Nodes",1114474.500000,1669941.620000,1313.064347,"Default Known Flow Node",69.999969,0.579999,1000.000000,0.000000,"Known Flow",0.000000,0.000000,2.16999993085665e-07,40.000000,0.579999,1000.000000,0.000000,0.000000,13.000000,0.000000,0.515374,0.579999,,,,7.583105,7.583105,,16.800279,,,,,,903.822387,0.066146,0.000000,0.000000,0.000000,,-459.670013,1000.000000,,0.000000,0.000000,,,,0.047087,"SETFLOW",0.000000,0.997565,0.000000,,,,,"","",,,,7.583105,,0.000000,,0.000000,,,0.000000,0.000000,"",,,0.000000,,-1.000000,,0.000000,0.000000,-1.000000,-1.000000,,,,,,,,,,,"",,,,,,,,,,"Volumetric",,,,,,,,,,-0.117099,,,,,,,,,,-0.117099,-0.002810,,,,,,,,,,,,
"0BEC44F5","Nodes",1114512.620000,1669997.870000,1313.064347,"Default Known Flow Node",69.999969,0.579999,1000.000000,0.000000,"Known Flow",0.000000,0.000000,2.16999993085665e-07,40.000000,0.579999,1000.000000,0.000000,0.000000,13.000000,0.000000,0.515374,0.579999,,,,7.585612,7.585612,,16.800279,,,,,,903.822387,0.066146,0.000000,0.000000,0.000000,,-459.670013,1000.000000,,0.000000,0.000000,,,,0.047087,"SETFLOW",0.000000,0.997565,0.000000,,,,,"","",,,,7.585612,,0.000000,,0.000000,,,0.000000,0.000000,"",,,0.000000,,-1.000000,,0.000000,0.000000,-1.000000,-1.000000,,,,,,,,,,,"",,,,,,,,,,"Volumetric",,,,,,,,,,-0.058549,,,,,,,,,,-0.058549,-0.001405,,,,,,,,,,,,
"0BEC4562","Nodes",1115179.370000,1669977.750000,1313.064347,"Default Known Flow Node",69.999969,0.579999,1000.000000,0.000000,"Known Flow",0.000000,0.000000,2.16999993085665e-07,40.000000,0.579999,1000.000000,0.000000,0.000000,13.000000,0.000000,0.515374,0.579999,,,,7.566312,7.566312,,16.800279,,,,,,903.822387,0.066146,0.000000,0.000000,0.000000,,-459.670013,1000.000000,,0.000000,0.000000,,,,0.047085,"SETFLOW",0.000000,0.997565,0.000000,,,,,"","",,,,7.566312,,0.000000,,0.000000,,,0.000000,0.000000,"",,,0.000000,,-1.000000,,0.000000,0.000000,-1.000000,-1.000000,,,,,,,,,,,"",,,,,,,,,,"Volumetric",,,,,,,,,,-0.035923,,,,,,,,,,-0.035923,-0.000862,,,,,,,,,,,,
"0BEC45F9","Nodes",1115218.500000,1669952.370000,1313.064347,"Default Known Flow Node",69.999969,0.579999,1000.000000,0.000000,"Known Flow",0.000000,0.000000,2.16999993085665e-07,40.000000,0.579999,1000.000000,0.000000,0.000000,13.000000,0.000000,0.515374,0.579999,,,,7.569499,7.569499,,16.800279,,,,,,903.822387,0.066146,0.000000,0.000000,0.000000,,-459.670013,1000.000000,,0.000000,0.000000,,,,0.047086,"SETFLOW",0.000000,0.997565,0.000000,,,,,"","",,,,7.569499,,0.000000,,0.000000,,,0.000000,0.000000,"",,,0.000000,,-1.000000,,0.000000,0.000000,-1.000000,-1.000000,,,,,,,,,,,"",,,,,,,,,,"Volumetric",,,,,,,,,,-0.054504,,,,,,,,,,-0.054504,-0.001308,,,,,,,,,,,,
"2FB1FAE1","Nodes",1115045.009978,1670002.409955,1313.064347,"Default Known Flow Node",69.999969,0.579999,1000.000000,0.000000,"Known Flow",0.000000,0.000000,2.16999993085665e-07,40.000000,0.579999,1000.000000,0.000000,0.000000,13.000000,0.000000,0.515374,0.579999,,,,7.575570,7.575570,,16.800279,,,,,,903.822387,0.066146,0.000000,0.000000,0.000000,,-459.670013,1000.000000,,0.000000,0.000000,,,,0.047086,"UNDEFINED",0.000000,0.997565,0.000000,,,,,"","",,,,7.575570,,0.000000,,0.000000,,,0.000000,0.000000,"",,,0.000000,,-1.000000,,0.000000,0.000000,-1.000000,-1.000000,,,,,,,,,,,"",,,,,,,,,,"Volumetric",,,,,,,,,,0.000000,,,,,,,,,,0.000000,0.000000,,,,,,,,,,,,
"2FB1FAE5","Nodes",1114191.768797,1670000.266049,1313.064347,"Default Known Flow Node",69.999969,0.579999,1000.000000,0.000000,"Known Flow",0.000000,0.000000,2.16999993085665e-07,40.000000,0.579999,1000.000000,0.000000,0.000000,13.000000,0.000000,0.515374,0.579999,,,,7.553535,7.553535,,16.800279,,,,,,903.822387,0.066146,0.000000,0.000000,0.000000,,-459.670013,1000.000000,,0.000000,0.000000,,,,0.047084,"SETFLOW",0.000000,0.997565,0.000000,,,,,"","",,,,7.553535,,0.000000,,0.000000,,,0.000000,0.000000,"",,,0.000000,,-1.000000,,0.000000,0.000000,-1.000000,-1.000000,,,,,,,,,,,"",,,,,,,,,,"Volumetric",,,,,,,,,,-0.067332,,,,,,,,,,-0.067332,-0.001615,,,,,,,,,,,,
"Q3No303","Nodes",1114184.386313,1669987.935216,1313.064347,"Default Known Flow Node",69.999969,0.579999,1000.000000,0.000000,"Known Flow",0.000000,0.000000,2.16999993085665e-07,40.000000,0.579999,1000.000000,0.000000,0.000000,13.000000,0.000000,0.515374,0.579999,,,,7.553427,7.553427,,16.800279,,,,,,903.822387,0.066146,0.000000,0.000000,0.000000,,-459.670013,1000.000000,,0.000000,0.000000,,,,0.047084,"UNDEFINED",0.000000,0.997565,0.000000,,,,,"","",,,,7.553427,,0.000000,,0.000000,,,0.000000,0.000000,"",,,0.000000,,-1.000000,,0.000000,0.000000,0.000000,-1.000000,,,,,,,,,,,"",,,,,,,,,,"Volumetric",,,,,,,,,,0.000000,,,,,,,,,,0.000000,0.000000,,,,,,,,,,,,
"2FB1FAE0","Nodes",1115146.620000,1670000.000000,1313.064347,"Default Known Flow Node",69.999969,0.579999,1000.000000,0.000000,"Known Flow",0.000000,0.000000,2.16999993085665e-07,40.000000,0.579999,1000.000000,0.000000,0.000000,13.000000,0.000000,0.515374,0.579999,,,,7.563837,7.563837,,16.800279,,,,,,903.822387,0.066146,0.000000,0.000000,0.000000,,-459.670013,1000.000000,,0.000000,0.000000,,,,0.047085,"SETFLOW",0.000000,0.997565,0.000000,,,,,"","",,,,7.563837,,0.000000,,0.000000,,,0.000000,0.000000,"",,,0.000000,,-1.000000,,0.000000,0.000000,-1.000000,-1.000000,,,,,,,,,,,"",,,,,,,,,,"Volumetric",,,,,,,,,,-0.018581,,,,,,,,,,-0.018581,-0.000445,,,,,,,,,,,,
"2FB1FAE4","Nodes",1114514.000000,1670000.000000,1313.064347,"Default Known Flow Node",69.999969,0.579999,1000.000000,0.000000,"Known Flow",0.000000,0.000000,2.16999993085665e-07,40.000000,0.579999,1000.000000,0.000000,0.000000,13.000000,0.000000,0.515374,0.579999,,,,7.585769,7.585769,,16.800279,,,,,,903.822387,0.066146,0.000000,0.000000,0.000000,,-459.670013,1000.000000,,0.000000,0.000000,,,,0.047087,"UNDEFINED",0.000000,0.997565,0.000000,,,,,"","",,,,7.585769,,0.000000,,0.000000,,,0.000000,0.000000,"",,,0.000000,,-1.000000,,0.000000,0.000000,-1.000000,-1.000000,,,,,,,,,,,"",,,,,,,,,,"Volumetric",,,,,,,,,,0.000000,,,,,,,,,,0.000000,0.000000,,,,,,,,,,,,
"2FB1BD19","Nodes",1114573.500000,1670096.870000,1313.064347,"Default Known Flow Node",69.999969,0.579999,1000.000000,0.000000,"Known Flow",0.000000,0.000000,2.16999993085665e-07,40.000000,0.579999,1000.000000,0.000000,0.000000,13.000000,0.000000,0.515374,0.579999,,,,7.591695,7.591695,,16.800279,,,,,,903.822387,0.066146,0.000000,0.000000,0.000000,,-459.670013,1000.000000,,0.000000,0.000000,,,,0.047088,"UNDEFINED",0.000000,0.997565,0.000000,,,,,"","",,,,7.591695,,0.000000,,0.000000,,,0.000000,0.000000,"",,,0.000000,,-1.000000,,0.000000,0.000000,-1.000000,-1.000000,,,,,,,,,,,"",,,,,,,,,,"Volumetric",,,,,,,,,,0.000000,,,,,,,,,,0.000000,0.000000,,,,,,,,,,,,
"2FB1BD29","Nodes",1115067.620000,1670048.620000,1313.064347,"Default Known Flow Node",69.999969,0.579999,1000.000000,0.000000,"Known Flow",0.000000,0.000000,2.16999993085665e-07,40.000000,0.579999,1000.000000,0.000000,0.000000,13.000000,0.000000,0.515374,0.579999,,,,7.558595,7.558595,,16.800279,,,,,,903.822387,0.066146,0.000000,0.000000,0.000000,,-459.670013,1000.000000,,0.000000,0.000000,,,,0.047084,"SETFLOW",0.000000,0.997565,0.000000,,,,,"","",,,,7.558595,,0.000000,,0.000000,,,0.000000,0.000000,"",,,0.000000,,-1.000000,,0.000000,0.000000,-1.000000,-1.000000,,,,,,,,,,,"",,,,,,,,,,"Volumetric",,,,,,,,,,-0.111486,,,,,,,,,,-0.111486,-0.002675,,,,,,,,,,,,
"2FB1BD0B","Nodes",1114195.206297,1670006.255632,1313.064347,"Default Known Flow Node",69.999969,0.579999,1000.000000,0.000000,"Known Flow",0.000000,0.000000,2.16999993085665e-07,40.000000,0.579999,1000.000000,0.000000,0.000000,13.000000,0.000000,0.515374,0.579999,,,,7.553606,7.553606,,16.800279,,,,,,903.822387,0.066146,0.000000,0.000000,0.000000,,-459.670013,1000.000000,,0.000000,0.000000,,,,0.047084,"SETFLOW",0.000000,0.997565,0.000000,,,,,"","",,,,7.553606,,0.000000,,0.000000,,,0.000000,0.000000,"",,,0.000000,,-1.000000,,0.000000,0.000000,-1.000000,-1.000000,,,,,,,,,,,"",,,,,,,,,,"Volumetric",,,,,,,,,,-0.146374,,,,,,,,,,-0.146374,-0.003512,,,,,,,,,,,,
"2FB1BD13","Nodes",1114631.048983,1670060.230458,1313.064347,"Default Known Flow Node",69.999969,0.579999,1000.000000,0.000000,"Known Flow",0.000000,0.000000,2.16999993085665e-07,40.000000,0.579999,1000.000000,0.000000,0.000000,13.000000,0.000000,0.515375,0.579999,,,,7.619268,7.619268,,16.800279,,,,,,903.822387,0.066146,0.000000,0.000000,0.000000,,-459.670013,1000.000000,,0.000000,0.000000,,,,0.047091,"SETFLOW",0.000000,0.997565,0.000000,,,,,"","",,,,7.619268,,0.000000,,0.000000,,,0.000000,0.000000,"",,,0.000000,"V78997",-1.000000,,0.000000,0.000000,-1.000000,-1.000000,,,,,,,,,,,"",,,,,,,,,,"Volumetric",,,,,,,,,,-0.117099,,,,,,,,,,-0.117099,-0.002810,,,,,,,,,,,,
"2FB1FAE3","Nodes",1114722.300805,1669999.982199,1313.064347,"Default Known Flow Node",69.999969,0.579999,1000.000000,0.000000,"Known Flow",0.000000,0.000000,2.16999993085665e-07,40.000000,0.579999,1000.000000,0.000000,0.000000,13.000000,0.000000,0.515375,0.579999,,,,7.622399,7.622399,,16.800279,,,,,,903.822387,0.066146,0.000000,0.000000,0.000000,,-459.670013,1000.000000,,0.000000,0.000000,,,,0.047092,"SETFLOW",0.000000,0.997565,0.000000,,,,,"","",,,,7.622399,,0.000000,,0.000000,,,0.000000,0.000000,"",,,0.000000,,-1.000000,,0.000000,0.000000,-1.000000,-1.000000,,,,,,,,,,,"",,,,,,,,,,"Volumetric",,,,,,,,,,-0.117099,,,,,,,,,,-0.117099,-0.002810,,,,,,,,,,,,
"2FB1BD0E","Nodes",1114313.754193,1670202.273350,1313.064347,"Default Known Flow Node",69.999969,0.579999,1000.000000,0.000000,"Known Flow",0.000000,0.000000,2.16999993085665e-07,40.000000,0.579999,1000.000000,0.000000,0.000000,13.000000,0.000000,0.515374,0.579999,,,,7.579069,7.579069,,16.800279,,,,,,903.822387,0.066146,0.000000,0.000000,0.000000,,-459.670013,1000.000000,,0.000000,0.000000,,,,0.047087,"SETFLOW",0.000000,0.997565,0.000000,,,,,"","",,,,7.579069,,0.000000,,0.000000,,,0.000000,0.000000,"",,,0.000000,,-1.000000,,0.000000,0.000000,-1.000000,-1.000000,,,,,,,,,,,"",,,,,,,,,,"Volumetric",,,,,,,,,,-0.146374,,,,,,,,,,-0.146374,-0.003512,,,,,,,,,,,,
"Q3No300","Nodes",1114216.363132,1670041.468763,1313.064347,"Default Known Flow Node",69.999969,0.579999,1000.000000,0.000000,"Known Flow",0.000000,0.000000,2.16999993085665e-07,40.000000,0.579999,1000.000000,0.000000,0.000000,13.000000,0.000000,0.515374,0.579999,,,,7.554409,7.554409,,16.800279,,,,,,903.822387,0.066146,0.000000,0.000000,0.000000,,-459.670013,1000.000000,,0.000000,0.000000,,,,0.047084,"SETFLOW",0.000000,0.997565,0.000000,,,,,"","",,,,7.554409,,0.000000,,0.000000,,,0.000000,0.000000,"",,,0.000000,,-1.000000,,0.000000,0.000000,0.000000,-1.000000,,,,,,,,,,,"",,,,,,,,,,"Volumetric",,,,,,,,,,-1.405192,,,,,,,,,,-1.405192,-0.033724,,,,,,,,,,,,
"2FB1BD2A","Nodes",1115065.620000,1670050.120000,1313.064347,"Default Known Flow Node",69.999969,0.579999,1000.000000,0.000000,"Known Flow",0.000000,0.000000,2.16999993085665e-07,40.000000,0.579999,1000.000000,0.000000,0.000000,13.000000,0.000000,0.515374,0.579999,,,,7.558615,7.558615,,16.800279,,,,,,903.822387,0.066146,0.000000,0.000000,0.000000,,-459.670013,1000.000000,,0.000000,0.000000,,,,0.047084,"UNDEFINED",0.000000,0.997565,0.000000,,,,,"","",,,,7.558615,,0.000000,,0.000000,,,0.000000,0.000000,"",,,0.000000,,-1.000000,,0.000000,0.000000,-1.000000,-1.000000,,,,,,,,,,,"",,,,,,,,,,"Volumetric",,,,,,,,,,0.000000,,,,,,,,,,0.000000,0.000000,,,,,,,,,,,,
"2FB1BD2B","Nodes",1115043.870000,1670066.620000,1313.064347,"Default Known Flow Node",69.999969,0.579999,1000.000000,0.000000,"Known Flow",0.000000,0.000000,2.16999993085665e-07,40.000000,0.579999,1000.000000,0.000000,0.000000,13.000000,0.000000,0.515374,0.579999,,,,7.558807,7.558807,,16.800279,,,,,,903.822387,0.066146,0.000000,0.000000,0.000000,,-459.670013,1000.000000,,0.000000,0.000000,,,,0.047084,"UNDEFINED",0.000000,0.997565,0.000000,,,,,"","",,,,7.558807,,0.000000,,0.000000,,,0.000000,0.000000,"",,,0.000000,,-1.000000,,0.000000,0.000000,-1.000000,-1.000000,,,,,,,,,,,"",,,,,,,,,,"Volumetric",,,,,,,,,,0.000000,,,,,,,,,,0.000000,0.000000,,,,,,,,,,,,
"2FB82F9B","Nodes",1115040.500000,1670070.250000,1313.064347,"Default Known Flow Node",69.999969,0.579999,1000.000000,0.000000,"Known Flow",0.000000,0.000000,2.16999993085665e-07,40.000000,0.579999,1000.000000,0.000000,0.000000,13.000000,0.000000,0.515374,0.579999,,,,7.558839,7.558839,,16.800279,,,,,,903.822387,0.066146,0.000000,0.000000,0.000000,,-459.670013,1000.000000,,0.000000,0.000000,,,,0.047084,"UNDEFINED",0.000000,0.997565,0.000000,,,,,"","",,,,7.558839,,0.000000,,0.000000,,,0.000000,0.000000,"",,,0.000000,,-1.000000,,0.000000,0.000000,-1.000000,-1.000000,,,,,,,,,,,"",,,,,,,,,,"Volumetric",,,,,,,,,,0.000000,,,,,,,,,,0.000000,0.000000,,,,,,,,,,,,
"2FB82F99","Nodes",1114873.120000,1670187.120000,1313.064347,"Default Known Flow Node",69.999969,0.579999,1000.000000,0.000000,"Known Flow",0.000000,0.000000,2.16999993085665e-07,40.000000,0.579999,1000.000000,0.000000,0.000000,13.000000,0.000000,0.515374,0.579999,,,,7.561757,7.561757,,16.800279,,,,,,903.822387,0.066146,0.000000,0.000000,0.000000,,-459.670013,1000.000000,,0.000000,0.000000,,,,0.047085,"SETFLOW",0.000000,0.997565,0.000000,,,,,"","",,,,7.561757,,0.000000,,0.000000,,,0.000000,0.000000,"",,,0.000000,,-1.000000,,0.000000,0.000000,-1.000000,-1.000000,,,,,,,,,,,"",,,,,,,,,,"Volumetric",,,,,,,,,,-0.237125,,,,,,,,,,-0.237125,-0.005691,,,,,,,,,,,,
"2FB82F9A","Nodes",1115040.500000,1670069.250000,1313.064347,"Default Known Flow Node",69.999969,0.579999,1000.000000,0.000000,"Known Flow",0.000000,0.000000,2.16999993085665e-07,40.000000,0.579999,1000.000000,0.000000,0.000000,13.000000,0.000000,0.515374,0.579999,,,,7.558839,7.558839,,16.800279,,,,,,903.822387,0.066146,0.000000,0.000000,0.000000,,-459.670013,1000.000000,,0.000000,0.000000,,,,0.047084,"SETFLOW",0.000000,0.997565,0.000000,,,,,"","",,,,7.558839,,0.000000,,0.000000,,,0.000000,0.000000,"",,,0.000000,,-1.000000,,0.000000,0.000000,-1.000000,-1.000000,,,,,,,,,,,"",,,,,,,,,,"Volumetric",,,,,,,,,,-0.103898,,,,,,,,,,-0.103898,-0.002493,,,,,,,,,,,,
"2FB1BD1A","Nodes",1114577.750000,1670099.000000,1313.064347,"Default Known Flow Node",69.999969,0.579999,1000.000000,0.000000,"Known Flow",0.000000,0.000000,2.16999993085665e-07,40.000000,0.579999,1000.000000,0.000000,0.000000,13.000000,0.000000,0.515374,0.579999,,,,7.592664,7.592664,,16.800279,,,,,,903.822387,0.066146,0.000000,0.000000,0.000000,,-459.670013,1000.000000,,0.000000,0.000000,,,,0.047088,"UNDEFINED",0.000000,0.997565,0.000000,,,,,"","",,,,7.592664,,0.000000,,0.000000,,,0.000000,0.000000,"",,,0.000000,,-1.000000,,0.000000,0.000000,-1.000000,-1.000000,,,,,,,,,,,"",,,,,,,,,,"Volumetric",,,,,,,,,,0.000000,,,,,,,,,,0.000000,0.000000,,,,,,,,,,,,
"2FC1C89F","Nodes",1114613.914270,1670071.564058,1313.064347,"Default Known Flow Node",69.999969,0.579999,1000.000000,0.000000,"Known Flow",0.000000,0.000000,2.16999993085665e-07,40.000000,0.579999,1000.000000,0.000000,0.000000,13.000000,0.000000,0.515375,0.579999,,,,7.618249,7.618249,,16.800279,,,,,,903.822387,0.066146,0.000000,0.000000,0.000000,,-459.670013,1000.000000,,0.000000,0.000000,,,,0.047091,"UNDEFINED",0.000000,0.997565,0.000000,,,,,"","",,,,7.618249,,0.000000,,0.000000,,,0.000000,0.000000,"",,,0.000000,,-1.000000,,0.000000,0.000000,0.000000,-1.000000,,,,,,,,,,,"",,,,,,,,,,"Volumetric",,,,,,,,,,0.000000,,,,,,,,,,0.000000,0.000000,,,,,,,,,,,,
"2FB1BD18","Nodes",1114576.000000,1670100.750000,1313.064347,"Default Known Flow Node",69.999969,0.579999,1000.000000,0.000000,"Known Flow",0.000000,0.000000,2.16999993085665e-07,40.000000,0.579999,1000.000000,0.000000,0.000000,13.000000,0.000000,0.515374,0.579999,,,,7.592049,7.592049,,16.800279,,,,,,903.822387,0.066146,0.000000,0.000000,0.000000,,-459.670013,1000.000000,,0.000000,0.000000,,,,0.047088,"UNDEFINED",0.000000,0.997565,0.000000,,,,,"","",,,,7.592049,,0.000000,,0.000000,,,0.000000,0.000000,"",,,0.000000,,-1.000000,,0.000000,0.000000,-1.000000,-1.000000,,,,,,,,,,,"",,,,,,,,,,"Volumetric",,,,,,,,,,0.000000,,,,,,,,,,0.000000,0.000000,,,,,,,,,,,,
"2FB1BD12","Nodes",1114573.120000,1670102.750000,1313.064347,"Default Known Flow Node",69.999969,0.579999,1000.000000,0.000000,"Known Flow",0.000000,0.000000,2.16999993085665e-07,40.000000,0.579999,1000.000000,0.000000,0.000000,13.000000,0.000000,0.515374,0.579999,,,,7.591887,7.591887,,16.800279,,,,,,903.822387,0.066146,0.000000,0.000000,0.000000,,-459.670013,1000.000000,,0.000000,0.000000,,,,0.047088,"SETFLOW",0.000000,0.997565,0.000000,,,,,"","",,,,7.591887,,0.000000,,0.000000,,,0.000000,0.000000,"",,,0.000000,,-1.000000,,0.000000,0.000000,-1.000000,-1.000000,,,,,,,,,,,"",,,,,,,,,,"Volumetric",,,,,,,,,,-0.169793,,,,,,,,,,-0.169793,-0.004075,,,,,,,,,,,,
"2FB1BD1E","Nodes",1114580.120000,1670101.370000,1313.064347,"Default Known Flow Node",69.999969,0.579999,1000.000000,0.000000,"Known Flow",0.000000,0.000000,2.16999993085665e-07,40.000000,0.579999,1000.000000,0.000000,0.000000,13.000000,0.000000,0.515374,0.579999,,,,7.592265,7.592265,,16.800279,,,,,,903.822387,0.066146,0.000000,0.000000,0.000000,,-459.670013,1000.000000,,0.000000,0.000000,,,,0.047088,"SETFLOW",0.000000,0.997565,0.000000,,,,,"","",,,,7.592265,,0.000000,,0.000000,,,0.000000,0.000000,"",,,0.000000,,-1.000000,,0.000000,0.000000,-1.000000,-1.000000,,,,,,,,,,,"",,,,,,,,,,"Volumetric",,,,,,,,,,-0.354225,,,,,,,,,,-0.354225,-0.008501,,,,,,,,,,,,
"2FB1BD15","Nodes",1114412.120000,1670214.500000,1313.064347,"Default Known Flow Node",69.999969,0.579999,1000.000000,0.000000,"Known Flow",0.000000,0.000000,2.16999993085665e-07,40.000000,0.579999,1000.000000,0.000000,0.000000,13.000000,0.000000,0.515374,0.579999,,,,7.589478,7.589478,,16.800279,,,,,,903.822387,0.066146,0.000000,0.000000,0.000000,,-459.670013,1000.000000,,0.000000,0.000000,,,,0.047088,"SETFLOW",0.000000,0.997565,0.000000,,,,,"","",,,,7.589478,,0.000000,,0.000000,,,0.000000,0.000000,"",,,0.000000,,-1.000000,,0.000000,0.000000,-1.000000,-1.000000,,,,,,,,,,,"",,,,,,,,,,"Volumetric",,,,,,,,,,-0.275183,,,,,,,,,,-0.275183,-0.006604,,,,,,,,,,,,
"2FB82F97","Nodes",1114730.870000,1670282.620000,1313.064347,"Default Known Flow Node",69.999969,0.579999,1000.000000,0.000000,"Known Flow",0.000000,0.000000,2.16999993085665e-07,40.000000,0.579999,1000.000000,0.000000,0.000000,13.000000,0.000000,0.515374,0.579999,,,,7.583698,7.583698,,16.800279,,,,,,903.822387,0.066146,0.000000,0.000000,0.000000,,-459.670013,1000.000000,,0.000000,0.000000,,,,0.047087,"SETFLOW",0.000000,0.997565,0.000000,,,,,"","",,,,7.583698,,0.000000,,0.000000,,,0.000000,0.000000,"",,,0.000000,,-1.000000,,0.000000,0.000000,-1.000000,-1.000000,,,,,,,,,,,"",,,,,,,,,,"Volumetric",,,,,,,,,,-0.237125,,,,,,,,,,-0.237125,-0.005691,,,,,,,,,,,,
"2FB82F98","Nodes",1114873.120000,1670186.120000,1313.064347,"Default Known Flow Node",69.999969,0.579999,1000.000000,0.000000,"Known Flow",0.000000,0.000000,2.16999993085665e-07,40.000000,0.579999,1000.000000,0.000000,0.000000,13.000000,0.000000,0.515374,0.579999,,,,7.561757,7.561757,,16.800279,,,,,,903.822387,0.066146,0.000000,0.000000,0.000000,,-459.670013,1000.000000,,0.000000,0.000000,,,,0.047085,"SETFLOW",0.000000,0.997565,0.000000,,,,,"","",,,,7.561757,,0.000000,,0.000000,,,0.000000,0.000000,"",,,0.000000,,-1.000000,,0.000000,0.000000,-1.000000,-1.000000,,,,,,,,,,,"",,,,,,,,,,"Volumetric",,,,,,,,,,-0.237125,,,,,,,,,,-0.237125,-0.005691,,,,,,,,,,,,
"2FB1BD16","Nodes",1114389.120000,1670230.000000,1313.064347,"Default Known Flow Node",69.999969,0.579999,1000.000000,0.000000,"Known Flow",0.000000,0.000000,2.16999993085665e-07,40.000000,0.579999,1000.000000,0.000000,0.000000,13.000000,0.000000,0.515374,0.579999,,,,7.589481,7.589481,,16.800279,,,,,,903.822387,0.066146,0.000000,0.000000,0.000000,,-459.670013,1000.000000,,0.000000,0.000000,,,,0.047088,"SETFLOW",0.000000,0.997565,0.000000,,,,,"","",,,,7.589481,,0.000000,,0.000000,,,0.000000,0.000000,"",,,0.000000,,-1.000000,,0.000000,0.000000,-1.000000,-1.000000,,,,,,,,,,,"",,,,,,,,,,"Volumetric",,,,,,,,,,-0.067332,,,,,,,,,,-0.067332,-0.001615,,,,,,,,,,,,
"2FB2145C","Nodes",1114321.750000,1670219.620000,1313.064347,"Default Known Flow Node",69.999969,0.579999,1000.000000,0.000000,"Known Flow",0.000000,0.000000,2.16999993085665e-07,40.000000,0.579999,1000.000000,0.000000,0.000000,13.000000,0.000000,0.515374,0.579999,,,,7.582752,7.582752,,16.800279,,,,,,903.822387,0.066146,0.000000,0.000000,0.000000,,-459.670013,1000.000000,,0.000000,0.000000,,,,0.047087,"UNDEFINED",0.000000,0.997565,0.000000,,,,,"","",,,,7.582752,,0.000000,,0.000000,,,0.000000,0.000000,"",,,0.000000,,-1.000000,,0.000000,0.000000,-1.000000,-1.000000,,,,,,,,,,,"",,,,,,,,,,"Volumetric",,,,,,,,,,0.000000,,,,,,,,,,0.000000,0.000000,,,,,,,,,,,,
"2FB2145A","Nodes",1114345.250000,1670259.750000,1313.064347,"Default Known Flow Node",69.999969,0.579999,1000.000000,0.000000,"Known Flow",0.000000,0.000000,2.16999993085665e-07,40.000000,0.579999,1000.000000,0.000000,0.000000,13.000000,0.000000,0.515374,0.579999,,,,7.589530,7.589530,,16.800279,,,,,,903.822387,0.066146,0.000000,0.000000,0.000000,,-459.670013,1000.000000,,0.000000,0.000000,,,,0.047088,"UNDEFINED",0.000000,0.997565,0.000000,,,,,"","",,,,7.589530,,0.000000,,0.000000,,,0.000000,0.000000,"",,,0.000000,,-1.000000,,0.000000,0.000000,-1.000000,-1.000000,,,,,,,,,,,"",,,,,,,,,,"Volumetric",,,,,,,,,,0.000000,,,,,,,,,,0.000000,0.000000,,,,,,,,,,,,
"2FB2145B","Nodes",1114353.250000,1670273.500000,1313.064347,"Default Known Flow Node",69.999969,0.579999,1000.000000,0.000000,"Known Flow",0.000000,0.000000,2.16999993085665e-07,40.000000,0.579999,1000.000000,0.000000,0.000000,13.000000,0.000000,0.515374,0.579999,,,,7.592019,7.592019,,16.800279,,,,,,903.822387,0.066146,0.000000,0.000000,0.000000,,-459.670013,1000.000000,,0.000000,0.000000,,,,0.047088,"UNDEFINED",0.000000,0.997565,0.000000,,,,,"","",,,,7.592019,,0.000000,,0.000000,,,0.000000,0.000000,"",,,0.000000,,-1.000000,,0.000000,0.000000,-1.000000,-1.000000,,,,,,,,,,,"",,,,,,,,,,"Volumetric",,,,,,,,,,0.000000,,,,,,,,,,0.000000,0.000000,,,,,,,,,,,,
"2FB200AF","Nodes",1115179.620000,1670272.620000,1313.064347,"Default Known Flow Node",69.999969,0.579999,1000.000000,0.000000,"Known Flow",0.000000,0.000000,2.16999993085665e-07,40.000000,0.579999,1000.000000,0.000000,0.000000,13.000000,0.000000,0.515373,0.579999,,,,7.413469,7.413469,,16.800279,,,,,,903.822387,0.066146,0.000000,0.000000,0.000000,,-459.670013,1000.000000,,0.000000,0.000000,,,,0.047068,"SETFLOW",0.000000,0.997566,0.000000,,,,,"","",,,,7.413469,,0.000000,,0.000000,,,0.000000,0.000000,"",,,0.000000,,-1.000000,,0.000000,0.000000,-1.000000,-1.000000,,,,,,,,,,,"",,,,,,,,,,"Volumetric",,,,,,,,,,-0.137964,,,,,,,,,,-0.137964,-0.003311,,,,,,,,,,,,
"2FB21459","Nodes",1114354.620000,1670275.870000,1313.064347,"Default Known Flow Node",69.999969,0.579999,1000.000000,0.000000,"Known Flow",0.000000,0.000000,2.16999993085665e-07,40.000000,0.579999,1000.000000,0.000000,0.000000,13.000000,0.000000,0.515374,0.579999,,,,7.592487,7.592487,,16.800279,,,,,,903.822387,0.066146,0.000000,0.000000,0.000000,,-459.670013,1000.000000,,0.000000,0.000000,,,,0.047088,"SETFLOW",0.000000,0.997565,0.000000,,,,,"","",,,,7.592487,,0.000000,,0.000000,,,0.000000,0.000000,"",,,0.000000,,-1.000000,,0.000000,0.000000,-1.000000,-1.000000,,,,,,,,,,,"",,,,,,,,,,"Volumetric",,,,,,,,,,-0.067332,,,,,,,,,,-0.067332,-0.001615,,,,,,,,,,,,
"2FB1BD11","Nodes",1114396.000000,1670347.000000,1313.064347,"Default Known Flow Node",69.999969,0.579999,1000.000000,0.000000,"Known Flow",0.000000,0.000000,2.16999993085665e-07,40.000000,0.579999,1000.000000,0.000000,0.000000,13.000000,0.000000,0.515375,0.579999,,,,7.656571,7.656571,,16.800279,,,,,,903.822387,0.066146,0.000000,0.000000,0.000000,,-459.670013,1000.000000,,0.000000,0.000000,,,,0.047095,"SETFLOW",0.000000,0.997565,0.000000,,,,,"","",,,,7.656571,,0.000000,,0.000000,,,0.000000,0.000000,"",,,0.000000,,-1.000000,,0.000000,0.000000,-1.000000,-1.000000,,,,,,,,,,,"",,,,,,,,,,"Volumetric",,,,,,,,,,-0.067332,,,,,,,,,,-0.067332,-0.001615,,,,,,,,,,,,
"2FB1BD1C","Nodes",1114706.500000,1670297.870000,1313.064347,"Default Known Flow Node",69.999969,0.579999,1000.000000,0.000000,"Known Flow",0.000000,0.000000,2.16999993085665e-07,40.000000,0.579999,1000.000000,0.000000,0.000000,13.000000,0.000000,0.515374,0.579999,,,,7.584488,7.584488,,16.800279,,,,,,903.822387,0.066146,0.000000,0.000000,0.000000,,-459.670013,1000.000000,,0.000000,0.000000,,,,0.047087,"SETFLOW",0.000000,0.997565,0.000000,,,,,"","",,,,7.584488,,0.000000,,0.000000,,,0.000000,0.000000,"",,,0.000000,,-1.000000,,0.000000,0.000000,-1.000000,-1.000000,,,,,,,,,,,"",,,,,,,,,,"Volumetric",,,,,,,,,,-0.354225,,,,,,,,,,-0.354225,-0.008501,,,,,,,,,,,,
"2FB82F96","Nodes",1114730.870000,1670281.620000,1313.064347,"Default Known Flow Node",69.999969,0.579999,1000.000000,0.000000,"Known Flow",0.000000,0.000000,2.16999993085665e-07,40.000000,0.579999,1000.000000,0.000000,0.000000,13.000000,0.000000,0.515374,0.579999,,,,7.583698,7.583698,,16.800279,,,,,,903.822387,0.066146,0.000000,0.000000,0.000000,,-459.670013,1000.000000,,0.000000,0.000000,,,,0.047087,"UNDEFINED",0.000000,0.997565,0.000000,,,,,"","",,,,7.583698,,0.000000,,0.000000,,,0.000000,0.000000,"",,,0.000000,,-1.000000,,0.000000,0.000000,-1.000000,-1.000000,,,,,,,,,,,"",,,,,,,,,,"Volumetric",,,,,,,,,,0.000000,,,,,,,,,,0.000000,0.000000,,,,,,,,,,,,
"2FB80085","Nodes",1114207.370000,1670300.870000,1313.064347,"Default Known Flow Node",69.999969,0.579999,1000.000000,0.000000,"Known Flow",0.000000,0.000000,2.16999993085665e-07,40.000000,0.579999,1000.000000,0.000000,0.000000,13.000000,0.000000,0.515374,0.579999,,,,7.578827,7.578827,,16.800279,,,,,,903.822387,0.066146,0.000000,0.000000,0.000000,,-459.670013,1000.000000,,0.000000,0.000000,,,,0.047087,"SETFLOW",0.000000,0.997565,0.000000,,,,,"","",,,,7.578827,,0.000000,,0.000000,,,0.000000,0.000000,"",,,0.000000,,-1.000000,,0.000000,0.000000,-1.000000,-1.000000,,,,,,,,,,,"",,,,,,,,,,"Volumetric",,,,,,,,,,-0.131736,,,,,,,,,,-0.131736,-0.003161,,,,,,,,,,,,
"2FB1BD26","Nodes",1115169.370000,1670312.370000,1313.064347,"Default Known Flow Node",69.999969,0.579999,1000.000000,0.000000,"Known Flow",0.000000,0.000000,2.16999993085665e-07,40.000000,0.579999,1000.000000,0.000000,0.000000,13.000000,0.000000,0.515373,0.579999,,,,7.350241,7.350241,,16.800279,,,,,,903.822387,0.066146,0.000000,0.000000,0.000000,,-459.670013,1000.000000,,0.000000,0.000000,,,,0.047061,"SETFLOW",0.000000,0.997566,0.000000,,,,,"","",,,,7.350241,,0.000000,,0.000000,,,0.000000,0.000000,"",,,0.000000,,-1.000000,,0.000000,0.000000,-1.000000,-1.000000,,,,,,,,,,,"",,,,,,,,,,"Volumetric",,,,,,,,,,-0.221423,,,,,,,,,,-0.221423,-0.005314,,,,,,,,,,,,
"2FB200B0","Nodes",1115179.620000,1670305.250000,1313.064347,"Default Known Flow Node",69.999969,0.579999,1000.000000,0.000000,"Known Flow",0.000000,0.000000,2.16999993085665e-07,40.000000,0.579999,1000.000000,0.000000,0.000000,13.000000,0.000000,0.515373,0.579999,,,,7.377239,7.377239,,16.800279,,,,,,903.822387,0.066146,0.000000,0.000000,0.000000,,-459.670013,1000.000000,,0.000000,0.000000,,,,0.047064,"UNDEFINED",0.000000,0.997566,0.000000,,,,,"","",,,,7.377239,,0.000000,,0.000000,,,0.000000,0.000000,"",,,0.000000,,-1.000000,,0.000000,0.000000,-1.000000,-1.000000,,,,,,,,,,,"",,,,,,,,,,"Volumetric",,,,,,,,,,0.000000,,,,,,,,,,0.000000,0.000000,,,,,,,,,,,,
"2FB1BD20","Nodes",1114713.870000,1670309.000000,1313.064347,"Default Known Flow Node",69.999969,0.579999,1000.000000,0.000000,"Known Flow",0.000000,0.000000,2.16999993085665e-07,40.000000,0.579999,1000.000000,0.000000,0.000000,13.000000,0.000000,0.515374,0.579999,,,,7.586065,7.586065,,16.800279,,,,,,903.822387,0.066146,0.000000,0.000000,0.000000,,-459.670013,1000.000000,,0.000000,0.000000,,,,0.047087,"UNDEFINED",0.000000,0.997565,0.000000,,,,,"","",,,,7.586065,,0.000000,,0.000000,,,0.000000,0.000000,"",,,0.000000,,-1.000000,,0.000000,0.000000,-1.000000,-1.000000,,,,,,,,,,,"",,,,,,,,,,"Volumetric",,,,,,,,,,0.000000,,,,,,,,,,0.000000,0.000000,,,,,,,,,,,,
"2FB1BD21","Nodes",1114715.750000,1670311.750000,1313.064347,"Default Known Flow Node",69.999969,0.579999,1000.000000,0.000000,"Known Flow",0.000000,0.000000,2.16999993085665e-07,40.000000,0.579999,1000.000000,0.000000,0.000000,13.000000,0.000000,0.515374,0.579999,,,,7.586656,7.586656,,16.800279,,,,,,903.822387,0.066146,0.000000,0.000000,0.000000,,-459.670013,1000.000000,,0.000000,0.000000,,,,0.047087,"SETFLOW",0.000000,0.997565,0.000000,,,,,"","",,,,7.586656,,0.000000,,0.000000,,,0.000000,0.000000,"",,,0.000000,,-1.000000,,0.000000,0.000000,-1.000000,-1.000000,,,,,,,,,,,"",,,,,,,,,,"Volumetric",,,,,,,,,,-0.169793,,,,,,,,,,-0.169793,-0.004075,,,,,,,,,,,,
"2FB1BD25","Nodes",1114922.620000,1670475.620000,1313.064347,"Default Known Flow Node",69.999969,0.579999,1000.000000,0.000000,"Known Flow",0.000000,0.000000,2.16999993085665e-07,40.000000,0.579999,1000.000000,0.000000,0.000000,13.000000,0.000000,0.515370,0.579999,,,,6.875543,6.875543,,16.800279,,,,,,903.822387,0.066147,0.000000,0.000000,0.000000,,-459.670013,1000.000000,,0.000000,0.000000,,,,0.047007,"SETFLOW",0.000000,0.997569,0.000000,,,,,"","",,,,6.875543,,0.000000,,0.000000,,,0.000000,0.000000,"",,,0.000000,,-1.000000,,0.000000,0.000000,-1.000000,-1.000000,,,,,,,,,,,"",,,,,,,,,,"Volumetric",,,,,,,,,,-14.336313,,,,,,,,,,-14.336313,-0.344071,,,,,,,,,,,,
"2FB1BD1F","Nodes",1114716.500000,1670313.000000,1313.064347,"Default Known Flow Node",69.999969,0.579999,1000.000000,0.000000,"Known Flow",0.000000,0.000000,2.16999993085665e-07,40.000000,0.579999,1000.000000,0.000000,0.000000,13.000000,0.000000,0.515374,0.579999,,,,7.587332,7.587332,,16.800279,,,,,,903.822387,0.066146,0.000000,0.000000,0.000000,,-459.670013,1000.000000,,0.000000,0.000000,,,,0.047088,"SETFLOW",0.000000,0.997565,0.000000,,,,,"","",,,,7.587332,,0.000000,,0.000000,,,0.000000,0.000000,"",,,0.000000,,-1.000000,,0.000000,0.000000,-1.000000,-1.000000,,,,,,,,,,,"",,,,,,,,,,"Volumetric",,,,,,,,,,-0.237125,,,,,,,,,,-0.237125,-0.005691,,,,,,,,,,,,
"2FB1BD10","Nodes",1114398.250000,1670350.750000,1313.064347,"Default Known Flow Node",69.999969,0.579999,1000.000000,0.000000,"Known Flow",0.000000,0.000000,2.16999993085665e-07,40.000000,0.579999,1000.000000,0.000000,0.000000,13.000000,0.000000,0.515375,0.579999,,,,7.659814,7.659814,,16.800279,,,,,,903.822387,0.066146,0.000000,0.000000,0.000000,,-459.670013,1000.000000,,0.000000,0.000000,,,,0.047096,"SETFLOW",0.000000,0.997565,0.000000,,,,,"","",,,,7.659814,,0.000000,,0.000000,,,0.000000,0.000000,"",,,0.000000,,-1.000000,,0.000000,0.000000,-1.000000,-1.000000,,,,,,,,,,,"",,,,,,,,,,"Volumetric",,,,,,,,,,-0.395209,,,,,,,,,,-0.395209,-0.009485,,,,,,,,,,,,
"2FB1BD0F","Nodes",1114533.250000,1670577.500000,1313.064347,"Default Known Flow Node",69.999969,0.579999,1000.000000,0.000000,"Known Flow",0.000000,0.000000,2.16999993085665e-07,40.000000,0.579999,1000.000000,0.000000,0.000000,13.000000,0.000000,0.515376,0.579999,,,,7.937315,7.937315,,16.800279,,,,,,903.822387,0.066146,0.000000,0.000000,0.000000,,-459.670013,1000.000000,,0.000000,0.000000,,,,0.047127,"SETFLOW",0.000000,0.997563,0.000000,,,,,"","",,,,7.937315,,0.000000,,0.000000,,,0.000000,0.000000,"",,,0.000000,,-1.000000,,0.000000,0.000000,-1.000000,-1.000000,,,,,,,,,,,"",,,,,,,,,,"Volumetric",,,,,,,,,,-0.412774,,,,,,,,,,-0.412774,-0.009906,,,,,,,,,,,,
"2FB1BD22","Nodes",1114598.000000,1670391.870000,1313.064347,"Default Known Flow Node",69.999969,0.579999,1000.000000,0.000000,"Known Flow",0.000000,0.000000,2.16999993085665e-07,40.000000,0.579999,1000.000000,0.000000,0.000000,13.000000,0.000000,0.515374,0.579999,,,,7.585255,7.585255,,16.800279,,,,,,903.822387,0.066146,0.000000,0.000000,0.000000,,-459.670013,1000.000000,,0.000000,0.000000,,,,0.047087,"SETFLOW",0.000000,0.997565,0.000000,,,,,"","",,,,7.585255,,0.000000,,0.000000,,,0.000000,0.000000,"",,,0.000000,,-1.000000,,0.000000,0.000000,-1.000000,-1.000000,,,,,,,,,,,"",,,,,,,,,,"Volumetric",,,,,,,,,,-0.169793,,,,,,,,,,-0.169793,-0.004075,,,,,,,,,,,,
"2FB1BD08","Nodes",1114266.250000,1670638.750000,1313.064347,"Default Known Flow Node",69.999969,0.579999,1000.000000,0.000000,"Known Flow",0.000000,0.000000,2.16999993085665e-07,40.000000,0.579999,1000.000000,0.000000,0.000000,13.000000,0.000000,0.515376,0.579999,,,,7.852390,7.852390,,16.800279,,,,,,903.822387,0.066146,0.000000,0.000000,0.000000,,-459.670013,1000.000000,,0.000000,0.000000,,,,0.047118,"SETFLOW",0.000000,0.997563,0.000000,,,,,"","",,,,7.852390,,0.000000,,0.000000,,,0.000000,0.000000,"",,,0.000000,,-1.000000,,0.000000,0.000000,-1.000000,-1.000000,,,,,,,,,,,"",,,,,,,,,,"Volumetric",,,,,,,,,,-0.213706,,,,,,,,,,-0.213706,-0.005128,,,,,,,,,,,,
"2FB1BD1B","Nodes",1114848.620000,1670523.750000,1313.064347,"Default Known Flow Node",69.999969,0.579999,1000.000000,0.000000,"Known Flow",0.000000,0.000000,2.16999993085665e-07,40.000000,0.579999,1000.000000,0.000000,0.000000,13.000000,0.000000,0.515374,0.579999,,,,7.599380,7.599380,,16.800279,,,,,,903.822387,0.066146,0.000000,0.000000,0.000000,,-459.670013,1000.000000,,0.000000,0.000000,,,,0.047089,"SETFLOW",0.000000,0.997565,0.000000,,,,,"","",,,,7.599380,,0.000000,,0.000000,,,0.000000,0.000000,"",,,0.000000,,-1.000000,,0.000000,0.000000,-1.000000,-1.000000,,,,,,,,,,,"",,,,,,,,,,"Volumetric",,,,,,,,,,-0.354225,,,,,,,,,,-0.354225,-0.008501,,,,,,,,,,,,
"2FB1BD28","Nodes",1114869.870000,1670510.000000,1313.064347,"Default Known Flow Node",69.999969,0.579999,1000.000000,0.000000,"Known Flow",0.000000,0.000000,2.16999993085665e-07,40.000000,0.579999,1000.000000,0.000000,0.000000,13.000000,0.000000,0.515374,0.579999,,,,7.599380,7.599380,,16.800279,,,,,,903.822387,0.066146,0.000000,0.000000,0.000000,,-459.670013,1000.000000,,0.000000,0.000000,,,,0.047089,"UNDEFINED",0.000000,0.997565,0.000000,,,,,"","",,,,7.599380,,0.000000,,0.000000,,,0.000000,0.000000,"",,,0.000000,,-1.000000,,0.000000,0.000000,-1.000000,-1.000000,,,,,,,,,,,"",,,,,,,,,,"Volumetric",,,,,,,,,,0.000000,,,,,,,,,,0.000000,0.000000,,,,,,,,,,,,
"2FB1BD24","Nodes",1114843.750000,1670528.370000,1313.064347,"Default Known Flow Node",69.999969,0.579999,1000.000000,0.000000,"Known Flow",0.000000,0.000000,2.16999993085665e-07,40.000000,0.579999,1000.000000,0.000000,0.000000,13.000000,0.000000,0.515374,0.579999,,,,7.611188,7.611188,,16.800279,,,,,,903.822387,0.066146,0.000000,0.000000,0.000000,,-459.670013,1000.000000,,0.000000,0.000000,,,,0.047090,"SETFLOW",0.000000,0.997565,0.000000,,,,,"","",,,,7.611188,,0.000000,,0.000000,,,0.000000,0.000000,"",,,0.000000,,-1.000000,,0.000000,0.000000,-1.000000,-1.000000,,,,,,,,,,,"",,,,,,,,,,"Volumetric",,,,,,,,,,-0.058549,,,,,,,,,,-0.058549,-0.001405,,,,,,,,,,,,
"2FB1BD23","Nodes",1114757.000000,1670591.250000,1313.064347,"Default Known Flow Node",69.999969,0.579999,1000.000000,0.000000,"Known Flow",0.000000,0.000000,2.16999993085665e-07,40.000000,0.579999,1000.000000,0.000000,0.000000,13.000000,0.000000,0.515375,0.579999,,,,7.796750,7.796750,,16.800279,,,,,,903.822387,0.066146,0.000000,0.000000,0.000000,,-459.670013,1000.000000,,0.000000,0.000000,,,,0.047111,"SETFLOW",0.000000,0.997564,0.000000,,,,,"","",,,,7.796750,,0.000000,,0.000000,,,0.000000,0.000000,"",,,0.000000,,-1.000000,,0.000000,0.000000,-1.000000,-1.000000,,,,,,,,,,,"",,,,,,,,,,"Volumetric",,,,,,,,,,-0.058549,,,,,,,,,,-0.058549,-0.001405,,,,,,,,,,,,
"2FB1BD09","Nodes",1114604.870000,1670698.500000,1313.064347,"Default Known Flow Node",69.999969,0.579999,1000.000000,0.000000,"Known Flow",0.000000,0.000000,2.16999993085665e-07,40.000000,0.579999,1000.000000,0.000000,0.000000,13.000000,0.000000,0.515377,0.579999,,,,8.126331,8.126331,,16.800279,,,,,,903.822387,0.066146,0.000000,0.000000,0.000000,,-459.670013,1000.000000,,0.000000,0.000000,,,,0.047149,"SETFLOW",0.000000,0.997562,0.000000,,,,,"","",,,,8.126331,,0.000000,,0.000000,,,0.000000,0.000000,"",,,0.000000,,-1.000000,,0.000000,0.000000,-1.000000,-1.000000,,,,,,,,,,,"",,,,,,,,,,"Volumetric",,,,,,,,,,-0.117099,,,,,,,,,,-0.117099,-0.002810,,,,,,,,,,,,
"2FB1BD07","Nodes",1114338.620000,1670761.620000,1313.064347,"Default Known Flow Node",69.999969,0.579999,1000.000000,0.000000,"Known Flow",0.000000,0.000000,2.16999993085665e-07,40.000000,0.579999,1000.000000,0.000000,0.000000,13.000000,0.000000,0.515377,0.579999,,,,7.992023,7.992023,,16.800279,,,,,,903.822387,0.066146,0.000000,0.000000,0.000000,,-459.670013,1000.000000,,0.000000,0.000000,,,,0.047134,"SETFLOW",0.000000,0.997563,0.000000,,,,,"","",,,,7.992023,,0.000000,,0.000000,,,0.000000,0.000000,"",,,0.000000,,-1.000000,,0.000000,0.000000,-1.000000,-1.000000,,,,,,,,,,,"",,,,,,,,,,"Volumetric",,,,,,,,,,-0.014637,,,,,,,,,,-0.014637,-0.000351,,,,,,,,,,,,
"2FB99880","Nodes",1114671.750000,1670811.620000,1313.064347,"Default Known Flow Node",69.999969,0.579999,1000.000000,0.000000,"Known Flow",0.000000,0.000000,2.16999993085665e-07,40.000000,0.579999,1000.000000,0.000000,0.000000,13.000000,0.000000,0.515381,0.579999,,,,8.858439,8.858439,,16.800279,,,,,,903.822387,0.066145,0.000000,0.000000,0.000000,,-459.670013,1000.000000,,0.000000,0.000000,,,,0.047232,"SETFLOW",0.000000,0.997557,0.000000,,,,,"","",,,,8.858439,,0.000000,,0.000000,,,0.000000,0.000000,"",,,0.000000,,-1.000000,,0.000000,0.000000,-1.000000,-1.000000,,,,,,,,,,,"",,,,,,,,,,"Volumetric",,,,,,,,,,-0.058549,,,,,,,,,,-0.058549,-0.001405,,,,,,,,,,,,
"2FB1BCE6","Nodes",1115032.120000,1670738.370000,1313.064347,"Default Known Flow Node",69.999969,0.579999,1000.000000,0.000000,"Known Flow",0.000000,0.000000,2.16999993085665e-07,40.000000,0.579999,1000.000000,0.000000,0.000000,13.000000,0.000000,0.515376,0.579999,,,,7.872724,7.872724,,16.800279,,,,,,903.822387,0.066146,0.000000,0.000000,0.000000,,-459.670013,1000.000000,,0.000000,0.000000,,,,0.047120,"SETFLOW",0.000000,0.997563,0.000000,,,,,"","",,,,7.872724,,0.000000,,0.000000,,,0.000000,0.000000,"",,,0.000000,,-1.000000,,0.000000,0.000000,-1.000000,-1.000000,,,,,,,,,,,"",,,,,,,,,,"Volumetric",,,,,,,,,,-0.237125,,,,,,,,,,-0.237125,-0.005691,,,,,,,,,,,,
"2FB200AB","Nodes",1115179.370000,1670703.250000,1313.064347,"Default Known Flow Node",69.999969,0.579999,1000.000000,0.000000,"Known Flow",0.000000,0.000000,2.16999993085665e-07,40.000000,0.579999,1000.000000,0.000000,0.000000,13.000000,0.000000,0.515376,0.579999,,,,7.811361,7.811361,,16.800279,,,,,,903.822387,0.066146,0.000000,0.000000,0.000000,,-459.670013,1000.000000,,0.000000,0.000000,,,,0.047113,"SETFLOW",0.000000,0.997564,0.000000,,,,,"","",,,,7.811361,,0.000000,,0.000000,,,0.000000,0.000000,"",,,0.000000,,-1.000000,,0.000000,0.000000,-1.000000,-1.000000,,,,,,,,,,,"",,,,,,,,,,"Volumetric",,,,,,,,,,-0.170326,,,,,,,,,,-0.170326,-0.004087,,,,,,,,,,,,
"2FB1BCDC","Nodes",1114991.870000,1670748.250000,1313.064347,"Default Known Flow Node",69.999969,0.579999,1000.000000,0.000000,"Known Flow",0.000000,0.000000,2.16999993085665e-07,40.000000,0.579999,1000.000000,0.000000,0.000000,13.000000,0.000000,0.515376,0.579999,,,,7.891392,7.891392,,16.800279,,,,,,903.822387,0.066146,0.000000,0.000000,0.000000,,-459.670013,1000.000000,,0.000000,0.000000,,,,0.047122,"SETFLOW",0.000000,0.997563,0.000000,,,,,"","",,,,7.891392,,0.000000,,0.000000,,,0.000000,0.000000,"",,,0.000000,,-1.000000,,0.000000,0.000000,-1.000000,-1.000000,,,,,,,,,,,"",,,,,,,,,,"Volumetric",,,,,,,,,,-0.043912,,,,,,,,,,-0.043912,-0.001053,,,,,,,,,,,,
"2FB1BCFF","Nodes",1114867.120000,1670778.620000,1313.064347,"Default Known Flow Node",69.999969,0.579999,1000.000000,0.000000,"Known Flow",0.000000,0.000000,2.16999993085665e-07,40.000000,0.579999,1000.000000,0.000000,0.000000,13.000000,0.000000,0.515378,0.579999,,,,8.281389,8.281389,,16.800279,,,,,,903.822387,0.066146,0.000000,0.000000,0.000000,,-459.670013,1000.000000,,0.000000,0.000000,,,,0.047166,"SETFLOW",0.000000,0.997561,0.000000,,,,,"","",,,,8.281389,,0.000000,,0.000000,,,0.000000,0.000000,"",,,0.000000,,-1.000000,,0.000000,0.000000,-1.000000,-1.000000,,,,,,,,,,,"",,,,,,,,,,"Volumetric",,,,,,,,,,-0.058549,,,,,,,,,,-0.058549,-0.001405,,,,,,,,,,,,
"2FB1BCDE","Nodes",1114455.120000,1670959.370000,1313.064347,"Default Known Flow Node",69.999969,0.579999,1000.000000,0.000000,"Known Flow",0.000000,0.000000,2.16999993085665e-07,40.000000,0.579999,1000.000000,0.000000,0.000000,13.000000,0.000000,0.515378,0.579999,,,,8.217658,8.217658,,16.800279,,,,,,903.822387,0.066146,0.000000,0.000000,0.000000,,-459.670013,1000.000000,,0.000000,0.000000,,,,0.047159,"SETFLOW",0.000000,0.997561,0.000000,,,,,"","",,,,8.217658,,0.000000,,0.000000,,,0.000000,0.000000,"",,,0.000000,,-1.000000,,0.000000,0.000000,-1.000000,-1.000000,,,,,,,,,,,"",,,,,,,,,,"Volumetric",,,,,,,,,,-0.237125,,,,,,,,,,-0.237125,-0.005691,,,,,,,,,,,,
"2FB2087B","Nodes",1114868.120000,1670782.250000,1313.064347,"Default Known Flow Node",69.999969,0.579999,1000.000000,0.000000,"Known Flow",0.000000,0.000000,2.16999993085665e-07,40.000000,0.579999,1000.000000,0.000000,0.000000,13.000000,0.000000,0.515378,0.579999,,,,8.281389,8.281389,,16.800279,,,,,,903.822387,0.066146,0.000000,0.000000,0.000000,,-459.670013,1000.000000,,0.000000,0.000000,,,,0.047166,"UNDEFINED",0.000000,0.997561,0.000000,,,,,"","",,,,8.281389,,0.000000,,0.000000,,,0.000000,0.000000,"",,,0.000000,,-1.000000,,0.000000,0.000000,-1.000000,-1.000000,,,,,,,,,,,"",,,,,,,,,,"Volumetric",,,,,,,,,,0.000000,,,,,,,,,,0.000000,0.000000,,,,,,,,,,,,
"2FB1BCE5","Nodes",1114785.620000,1670798.500000,1313.064347,"Default Known Flow Node",69.999969,0.579999,1000.000000,0.000000,"Known Flow",0.000000,0.000000,2.16999993085665e-07,40.000000,0.579999,1000.000000,0.000000,0.000000,13.000000,0.000000,0.515380,0.579999,,,,8.537189,8.537189,,16.800279,,,,,,903.822387,0.066145,0.000000,0.000000,0.000000,,-459.670013,1000.000000,,0.000000,0.000000,,,,0.047195,"SETFLOW",0.000000,0.997559,0.000000,,,,,"","",,,,8.537189,,0.000000,,0.000000,,,0.000000,0.000000,"",,,0.000000,,-1.000000,,0.000000,0.000000,-1.000000,-1.000000,,,,,,,,,,,"",,,,,,,,,,"Volumetric",,,,,,,,,,-0.058549,,,,,,,,,,-0.058549,-0.001405,,,,,,,,,,,,
"2FB99881","Nodes",1114692.120000,1670821.370000,1313.064347,"Default Known Flow Node",69.999969,0.579999,1000.000000,0.000000,"Known Flow",0.000000,0.000000,2.16999993085665e-07,40.000000,0.579999,1000.000000,0.000000,0.000000,13.000000,0.000000,0.515381,0.579999,,,,8.831686,8.831686,,16.800279,,,,,,903.822387,0.066145,0.000000,0.000000,0.000000,,-459.670013,1000.000000,,0.000000,0.000000,,,,0.047229,"UNDEFINED",0.000000,0.997558,0.000000,,,,,"","",,,,8.831686,,0.000000,,0.000000,,,0.000000,0.000000,"",,,0.000000,,-1.000000,,0.000000,0.000000,-1.000000,-1.000000,,,,,,,,,,,"",,,,,,,,,,"Volumetric",,,,,,,,,,0.000000,,,,,,,,,,0.000000,0.000000,,,,,,,,,,,,
"2FB99884","Nodes",1114681.250000,1670827.000000,1313.064347,"Default Known Flow Node",69.999969,0.579999,1000.000000,0.000000,"Known Flow",0.000000,0.000000,2.16999993085665e-07,40.000000,0.579999,1000.000000,0.000000,0.000000,13.000000,0.000000,0.515381,0.579999,,,,8.879088,8.879088,,16.800279,,,,,,903.822387,0.066145,0.000000,0.000000,0.000000,,-459.670013,1000.000000,,0.000000,0.000000,,,,0.047234,"UNDEFINED",0.000000,0.997557,0.000000,,,,,"","",,,,8.879088,,0.000000,,0.000000,,,0.000000,0.000000,"",,,0.000000,,-1.000000,,0.000000,0.000000,-1.000000,-1.000000,,,,,,,,,,,"",,,,,,,,,,"Volumetric",,,,,,,,,,0.000000,,,,,,,,,,0.000000,0.000000,,,,,,,,,,,,
"2FB99889","Nodes",1114711.120000,1670827.370000,1313.064347,"Default Known Flow Node",69.999969,0.579999,1000.000000,0.000000,"Known Flow",0.000000,0.000000,2.16999993085665e-07,40.000000,0.579999,1000.000000,0.000000,0.000000,13.000000,0.000000,0.515383,0.579999,,,,9.117441,9.117441,,16.800279,,,,,,903.822387,0.066145,0.000000,0.000000,0.000000,,-459.670013,1000.000000,,0.000000,0.000000,,,,0.047261,"UNDEFINED",0.000000,0.997556,0.000000,,,,,"","",,,,9.117441,,0.000000,,0.000000,,,0.000000,0.000000,"",,,0.000000,,-1.000000,,0.000000,0.000000,-1.000000,-1.000000,,,,,,,,,,,"",,,,,,,,,,"Volumetric",,,,,,,,,,0.000000,,,,,,,,,,0.000000,0.000000,,,,,,,,,,,,
"GR246","Nodes",1114721.000000,1670824.870000,1313.064347,"Default Known Node",69.999969,0.579999,1000.000000,0.000000,"Known Pressure/Flow",0.000000,0.000000,2.16999993085665e-07,40.000000,0.579999,1000.000000,0.000000,0.000000,13.000000,0.000000,0.515385,0.579999,,,,9.500000,9.500000,,16.800279,,,,,,903.822387,0.066145,0.000000,0.000000,0.000000,,-459.670013,1000.000000,,0.000000,0.000000,,,,0.047305,"UNDEFINED",0.000000,0.997554,0.000000,,,,,"","",,,,9.500000,,0.000000,,0.000000,,,0.000000,0.000000,"",,,0.000000,,-1.000000,,0.000000,0.000000,-1.000000,-1.000000,,,,,,,,,,,"",,,,,,,,,,"Volumetric",,,,,,,,,,0.000000,,,,,,,,,,0.000000,0.000000,,,,,,,,,,,,
"2FB99885","Nodes",1114685.370000,1670833.750000,1313.064347,"Default Known Flow Node",69.999969,0.579999,1000.000000,0.000000,"Known Flow",0.000000,0.000000,2.16999993085665e-07,40.000000,0.579999,1000.000000,0.000000,0.000000,13.000000,0.000000,0.515382,0.579999,,,,8.940953,8.940953,,16.800279,,,,,,903.822387,0.066145,0.000000,0.000000,0.000000,,-459.670013,1000.000000,,0.000000,0.000000,,,,0.047241,"UNDEFINED",0.000000,0.997557,0.000000,,,,,"","",,,,8.940953,,0.000000,,0.000000,,,0.000000,0.000000,"",,,0.000000,,-1.000000,,0.000000,0.000000,-1.000000,-1.000000,,,,,,,,,,,"",,,,,,,,,,"Volumetric",,,,,,,,,,0.000000,,,,,,,,,,0.000000,0.000000,,,,,,,,,,,,
"2FB1BCFA","Nodes",1114708.370000,1670829.000000,1313.064347,"Default Known Flow Node",69.999969,0.579999,1000.000000,0.000000,"Known Flow",0.000000,0.000000,2.16999993085665e-07,40.000000,0.579999,1000.000000,0.000000,0.000000,13.000000,0.000000,0.515382,0.579999,,,,8.989844,8.989844,,16.800279,,,,,,903.822387,0.066145,0.000000,0.000000,0.000000,,-459.670013,1000.000000,,0.000000,0.000000,,,,0.047247,"UNDEFINED",0.000000,0.997557,0.000000,,,,,"","",,,,8.989844,,0.000000,,0.000000,,,0.000000,0.000000,"",,,0.000000,,-1.000000,,0.000000,0.000000,-1.000000,-1.000000,,,,,,,,,,,"",,,,,,,,,,"Volumetric",,,,,,,,,,0.000000,,,,,,,,,,0.000000,0.000000,,,,,,,,,,,,
"2FB1BCF9","Nodes",1114705.750000,1670828.870000,1313.064347,"Default Known Flow Node",69.999969,0.579999,1000.000000,0.000000,"Known Flow",0.000000,0.000000,2.16999993085665e-07,40.000000,0.579999,1000.000000,0.000000,0.000000,13.000000,0.000000,0.515382,0.579999,,,,8.989843,8.989843,,16.800279,,,,,,903.822387,0.066145,0.000000,0.000000,0.000000,,-459.670013,1000.000000,,0.000000,0.000000,,,,0.047247,"UNDEFINED",0.000000,0.997557,0.000000,,,,,"","",,,,8.989843,,0.000000,,0.000000,,,0.000000,0.000000,"",,,0.000000,,-1.000000,,0.000000,0.000000,-1.000000,-1.000000,,,,,,,,,,,"",,,,,,,,,,"Volumetric",,,,,,,,,,0.000000,,,,,,,,,,0.000000,0.000000,,,,,,,,,,,,
"2FB99882","Nodes",1114641.120000,1670850.500000,1313.064347,"Default Known Flow Node",69.999969,0.579999,1000.000000,0.000000,"Known Flow",0.000000,0.000000,2.16999993085665e-07,40.000000,0.579999,1000.000000,0.000000,0.000000,13.000000,0.000000,0.515381,0.579999,,,,8.803262,8.803262,,16.800279,,,,,,903.822387,0.066145,0.000000,0.000000,0.000000,,-459.670013,1000.000000,,0.000000,0.000000,,,,0.047226,"UNDEFINED",0.000000,0.997558,0.000000,,,,,"","",,,,8.803262,,0.000000,,0.000000,,,0.000000,0.000000,"",,,0.000000,,-1.000000,,0.000000,0.000000,-1.000000,-1.000000,,,,,,,,,,,"",,,,,,,,,,"Volumetric",,,,,,,,,,0.000000,,,,,,,,,,0.000000,0.000000,,,,,,,,,,,,
"2FB1BCE3","Nodes",1114669.750000,1670833.750000,1313.064347,"Default Known Flow Node",69.999969,0.579999,1000.000000,0.000000,"Known Flow",0.000000,0.000000,2.16999993085665e-07,40.000000,0.579999,1000.000000,0.000000,0.000000,13.000000,0.000000,0.515382,0.579999,,,,8.911709,8.911709,,16.800279,,,,,,903.822387,0.066145,0.000000,0.000000,0.000000,,-459.670013,1000.000000,,0.000000,0.000000,,,,0.047238,"UNDEFINED",0.000000,0.997557,0.000000,,,,,"","",,,,8.911709,,0.000000,,0.000000,,,0.000000,0.000000,"",,,0.000000,,-1.000000,,0.000000,0.000000,-1.000000,-1.000000,,,,,,,,,,,"",,,,,,,,,,"Volumetric",,,,,,,,,,0.000000,,,,,,,,,,0.000000,0.000000,,,,,,,,,,,,
"2FB99883","Nodes",1114668.870000,1670838.370000,1313.064347,"Default Known Flow Node",69.999969,0.579999,1000.000000,0.000000,"Known Flow",0.000000,0.000000,2.16999993085665e-07,40.000000,0.579999,1000.000000,0.000000,0.000000,13.000000,0.000000,0.515382,0.579999,,,,8.928138,8.928138,,16.800279,,,,,,903.822387,0.066145,0.000000,0.000000,0.000000,,-459.670013,1000.000000,,0.000000,0.000000,,,,0.047240,"UNDEFINED",0.000000,0.997557,0.000000,,,,,"","",,,,8.928138,,0.000000,,0.000000,,,0.000000,0.000000,"",,,0.000000,,-1.000000,,0.000000,0.000000,-1.000000,-1.000000,,,,,,,,,,,"",,,,,,,,,,"Volumetric",,,,,,,,,,0.000000,,,,,,,,,,0.000000,0.000000,,,,,,,,,,,,
"2FB99886","Nodes",1114666.370000,1670848.620000,1313.064347,"Default Known Flow Node",69.999969,0.579999,1000.000000,0.000000,"Known Flow",0.000000,0.000000,2.16999993085665e-07,40.000000,0.579999,1000.000000,0.000000,0.000000,13.000000,0.000000,0.515381,0.579999,,,,8.857350,8.857350,,16.800279,,,,,,903.822387,0.066145,0.000000,0.000000,0.000000,,-459.670013,1000.000000,,0.000000,0.000000,,,,0.047232,"UNDEFINED",0.000000,0.997557,0.000000,,,,,"","",,,,8.857350,,0.000000,,0.000000,,,0.000000,0.000000,"",,,0.000000,,-1.000000,,0.000000,0.000000,-1.000000,-1.000000,,,,,,,,,,,"",,,,,,,,,,"Volumetric",,,,,,,,,,0.000000,,,,,,,,,,0.000000,0.000000,,,,,,,,,,,,
"2FB99888","Nodes",1114641.120000,1670851.500000,1313.064347,"Default Known Flow Node",69.999969,0.579999,1000.000000,0.000000,"Known Flow",0.000000,0.000000,2.16999993085665e-07,40.000000,0.579999,1000.000000,0.000000,0.000000,13.000000,0.000000,0.515381,0.579999,,,,8.803262,8.803262,,16.800279,,,,,,903.822387,0.066145,0.000000,0.000000,0.000000,,-459.670013,1000.000000,,0.000000,0.000000,,,,0.047226,"SETFLOW",0.000000,0.997558,0.000000,,,,,"","",,,,8.803262,,0.000000,,0.000000,,,0.000000,0.000000,"",,,0.000000,,-1.000000,,0.000000,0.000000,-1.000000,-1.000000,,,,,,,,,,,"",,,,,,,,,,"Volumetric",,,,,,,,,,-0.058549,,,,,,,,,,-0.058549,-0.001405,,,,,,,,,,,,
"2FB99887","Nodes",1114666.370000,1670849.620000,1313.064347,"Default Known Flow Node",69.999969,0.579999,1000.000000,0.000000,"Known Flow",0.000000,0.000000,2.16999993085665e-07,40.000000,0.579999,1000.000000,0.000000,0.000000,13.000000,0.000000,0.515381,0.579999,,,,8.857349,8.857349,,16.800279,,,,,,903.822387,0.066145,0.000000,0.000000,0.000000,,-459.670013,1000.000000,,0.000000,0.000000,,,,0.047232,"SETFLOW",0.000000,0.997557,0.000000,,,,,"","",,,,8.857349,,0.000000,,0.000000,,,0.000000,0.000000,"",,,0.000000,,-1.000000,,0.000000,0.000000,-1.000000,-1.000000,,,,,,,,,,,"",,,,,,,,,,"Volumetric",,,,,,,,,,-0.058549,,,,,,,,,,-0.058549,-0.001405,,,,,,,,,,,,
"2FB85E18","Nodes",1114643.750000,1670943.500000,1313.064347,"Default Known Flow Node",69.999969,0.579999,1000.000000,0.000000,"Known Flow",0.000000,0.000000,2.16999993085665e-07,40.000000,0.579999,1000.000000,0.000000,0.000000,13.000000,0.000000,0.515378,0.579999,,,,8.173640,8.173640,,16.800279,,,,,,903.822387,0.066146,0.000000,0.000000,0.000000,,-459.670013,1000.000000,,0.000000,0.000000,,,,0.047154,"SETFLOW",0.000000,0.997561,0.000000,,,,,"","",,,,8.173640,,0.000000,,0.000000,,,0.000000,0.000000,"",,,0.000000,,-1.000000,,0.000000,0.000000,-1.000000,-1.000000,,,,,,,,,,,"",,,,,,,,,,"Volumetric",,,,,,,,,,-0.058549,,,,,,,,,,-0.058549,-0.001405,,,,,,,,,,,,
"2FB85E1F","Nodes",1114643.250000,1670945.370000,1313.064347,"Default Known Flow Node",69.999969,0.579999,1000.000000,0.000000,"Known Flow",0.000000,0.000000,2.16999993085665e-07,40.000000,0.579999,1000.000000,0.000000,0.000000,13.000000,0.000000,0.515378,0.579999,,,,8.169676,8.169676,,16.800279,,,,,,903.822387,0.066146,0.000000,0.000000,0.000000,,-459.670013,1000.000000,,0.000000,0.000000,,,,0.047154,"UNDEFINED",0.000000,0.997562,0.000000,,,,,"","",,,,8.169676,,0.000000,,0.000000,,,0.000000,0.000000,"",,,0.000000,,-1.000000,,0.000000,0.000000,-1.000000,-1.000000,,,,,,,,,,,"",,,,,,,,,,"Volumetric",,,,,,,,,,0.000000,,,,,,,,,,0.000000,0.000000,,,,,,,,,,,,
"2FB85E1A","Nodes",1114642.620000,1670948.250000,1313.064347,"Default Known Flow Node",69.999969,0.579999,1000.000000,0.000000,"Known Flow",0.000000,0.000000,2.16999993085665e-07,40.000000,0.579999,1000.000000,0.000000,0.000000,13.000000,0.000000,0.515377,0.579999,,,,8.163729,8.163729,,16.800279,,,,,,903.822387,0.066146,0.000000,0.000000,0.000000,,-459.670013,1000.000000,,0.000000,0.000000,,,,0.047153,"UNDEFINED",0.000000,0.997562,0.000000,,,,,"","",,,,8.163729,,0.000000,,0.000000,,,0.000000,0.000000,"",,,0.000000,,-1.000000,,0.000000,0.000000,-1.000000,-1.000000,,,,,,,,,,,"",,,,,,,,,,"Volumetric",,,,,,,,,,0.000000,,,,,,,,,,0.000000,0.000000,,,,,,,,,,,,
"2FB9B3A0","Nodes",1114674.500000,1670956.370000,1313.064347,"Default Known Flow Node",69.999969,0.579999,1000.000000,0.000000,"Known Flow",0.000000,0.000000,2.16999993085665e-07,40.000000,0.579999,1000.000000,0.000000,0.000000,13.000000,0.000000,0.515377,0.579999,,,,8.137644,8.137644,,16.800279,,,,,,903.822387,0.066146,0.000000,0.000000,0.000000,,-459.670013,1000.000000,,0.000000,0.000000,,,,0.047150,"UNDEFINED",0.000000,0.997562,0.000000,,,,,"","",,,,8.137644,,0.000000,,0.000000,,,0.000000,0.000000,"",,,0.000000,,-1.000000,,0.000000,0.000000,-1.000000,-1.000000,,,,,,,,,,,"",,,,,,,,,,"Volumetric",,,,,,,,,,0.000000,,,,,,,,,,0.000000,0.000000,,,,,,,,,,,,
"2FB1BCE1","Nodes",1114252.185283,1671077.292714,1313.064347,"Default Known Flow Node",69.999969,0.579999,1000.000000,0.000000,"Known Flow",0.000000,0.000000,2.16999993085665e-07,40.000000,0.579999,1000.000000,0.000000,0.000000,13.000000,0.000000,0.515376,0.579999,,,,7.878931,7.878931,,16.800279,,,,,,903.822387,0.066146,0.000000,0.000000,0.000000,,-459.670013,1000.000000,,0.000000,0.000000,,,,0.047121,"SETFLOW",0.000000,0.997563,0.000000,,,,,"","",,,,7.878931,,0.000000,,0.000000,,,0.000000,0.000000,"",,,0.000000,,-1.000000,,0.000000,0.000000,-1.000000,-1.000000,,,,,,,,,,,"",,,,,,,,,,"Volumetric",,,,,,,,,,-0.204923,,,,,,,,,,-0.204923,-0.004918,,,,,,,,,,,,
"Q3No377","Nodes",1114254.779140,1671075.785458,1313.064347,"Default Known Flow Node",69.999969,0.579999,1000.000000,0.000000,"Known Flow",0.000000,0.000000,2.16999993085665e-07,40.000000,0.579999,1000.000000,0.000000,0.000000,13.000000,0.000000,0.515376,0.579999,,,,7.880684,7.880684,,16.800279,,,,,,903.822387,0.066146,0.000000,0.000000,0.000000,,-459.670013,1000.000000,,0.000000,0.000000,,,,0.047121,"UNDEFINED",0.000000,0.997563,0.000000,,,,,"","",,,,7.880684,,0.000000,,0.000000,,,0.000000,0.000000,"",,,0.000000,,-1.000000,,0.000000,0.000000,0.000000,-1.000000,,,,,,,,,,,"",,,,,,,,,,"Volumetric",,,,,,,,,,0.000000,,,,,,,,,,0.000000,0.000000,,,,,,,,,,,,
"2FB85E1C","Nodes",1114638.000000,1670967.750000,1313.064347,"Default Known Flow Node",69.999969,0.579999,1000.000000,0.000000,"Known Flow",0.000000,0.000000,2.16999993085665e-07,40.000000,0.579999,1000.000000,0.000000,0.000000,13.000000,0.000000,0.515377,0.579999,,,,8.155842,8.155842,,16.800279,,,,,,903.822387,0.066146,0.000000,0.000000,0.000000,,-459.670013,1000.000000,,0.000000,0.000000,,,,0.047152,"UNDEFINED",0.000000,0.997562,0.000000,,,,,"","",,,,8.155842,,0.000000,,0.000000,,,0.000000,0.000000,"",,,0.000000,,-1.000000,,0.000000,0.000000,-1.000000,-1.000000,,,,,,,,,,,"",,,,,,,,,,"Volumetric",,,,,,,,,,0.000000,,,,,,,,,,0.000000,0.000000,,,,,,,,,,,,
"2FB85E1D","Nodes",1114638.000000,1670968.750000,1313.064347,"Default Known Flow Node",69.999969,0.579999,1000.000000,0.000000,"Known Flow",0.000000,0.000000,2.16999993085665e-07,40.000000,0.579999,1000.000000,0.000000,0.000000,13.000000,0.000000,0.515377,0.579999,,,,8.155842,8.155842,,16.800279,,,,,,903.822387,0.066146,0.000000,0.000000,0.000000,,-459.670013,1000.000000,,0.000000,0.000000,,,,0.047152,"UNDEFINED",0.000000,0.997562,0.000000,,,,,"","",,,,8.155842,,0.000000,,0.000000,,,0.000000,0.000000,"",,,0.000000,,-1.000000,,0.000000,0.000000,-1.000000,-1.000000,,,,,,,,,,,"",,,,,,,,,,"Volumetric",,,,,,,,,,0.000000,,,,,,,,,,0.000000,0.000000,,,,,,,,,,,,
"2FB85E1E","Nodes",1114637.250000,1670970.750000,1313.064347,"Default Known Flow Node",69.999969,0.579999,1000.000000,0.000000,"Known Flow",0.000000,0.000000,2.16999993085665e-07,40.000000,0.579999,1000.000000,0.000000,0.000000,13.000000,0.000000,0.515377,0.579999,,,,8.154659,8.154659,,16.800279,,,,,,903.822387,0.066146,0.000000,0.000000,0.000000,,-459.670013,1000.000000,,0.000000,0.000000,,,,0.047152,"UNDEFINED",0.000000,0.997562,0.000000,,,,,"","",,,,8.154659,,0.000000,,0.000000,,,0.000000,0.000000,"",,,0.000000,,-1.000000,,0.000000,0.000000,-1.000000,-1.000000,,,,,,,,,,,"",,,,,,,,,,"Volumetric",,,,,,,,,,0.000000,,,,,,,,,,0.000000,0.000000,,,,,,,,,,,,
"2FB85E19","Nodes",1114637.000000,1670972.000000,1313.064347,"Default Known Flow Node",69.999969,0.579999,1000.000000,0.000000,"Known Flow",0.000000,0.000000,2.16999993085665e-07,40.000000,0.579999,1000.000000,0.000000,0.000000,13.000000,0.000000,0.515377,0.579999,,,,8.154265,8.154265,,16.800279,,,,,,903.822387,0.066146,0.000000,0.000000,0.000000,,-459.670013,1000.000000,,0.000000,0.000000,,,,0.047152,"UNDEFINED",0.000000,0.997562,0.000000,,,,,"","",,,,8.154265,,0.000000,,0.000000,,,0.000000,0.000000,"",,,0.000000,,-1.000000,,0.000000,0.000000,-1.000000,-1.000000,,,,,,,,,,,"",,,,,,,,,,"Volumetric",,,,,,,,,,0.000000,,,,,,,,,,0.000000,0.000000,,,,,,,,,,,,
"2FB1BCDF","Nodes",1114228.787670,1671087.265351,1313.064347,"Default Known Flow Node",69.999969,0.579999,1000.000000,0.000000,"Known Flow",0.000000,0.000000,2.16999993085665e-07,40.000000,0.579999,1000.000000,0.000000,0.000000,13.000000,0.000000,0.515376,0.579999,,,,7.863708,7.863708,,16.800279,,,,,,903.822387,0.066146,0.000000,0.000000,0.000000,,-459.670013,1000.000000,,0.000000,0.000000,,,,0.047119,"SETFLOW",0.000000,0.997563,0.000000,,,,,"","",,,,7.863708,,0.000000,,0.000000,,,0.000000,0.000000,"",,,0.000000,,-1.000000,,0.000000,0.000000,-1.000000,-1.000000,,,,,,,,,,,"",,,,,,,,,,"Volumetric",,,,,,,,,,-0.146374,,,,,,,,,,-0.146374,-0.003512,,,,,,,,,,,,
"2FB9B3A1","Nodes",1114674.500000,1670957.370000,1313.064347,"Default Known Flow Node",69.999969,0.579999,1000.000000,0.000000,"Known Flow",0.000000,0.000000,2.16999993085665e-07,40.000000,0.579999,1000.000000,0.000000,0.000000,13.000000,0.000000,0.515377,0.579999,,,,8.137644,8.137644,,16.800279,,,,,,903.822387,0.066146,0.000000,0.000000,0.000000,,-459.670013,1000.000000,,0.000000,0.000000,,,,0.047150,"SETFLOW",0.000000,0.997562,0.000000,,,,,"","",,,,8.137644,,0.000000,,0.000000,,,0.000000,0.000000,"",,,0.000000,,-1.000000,,0.000000,0.000000,-1.000000,-1.000000,,,,,,,,,,,"",,,,,,,,,,"Volumetric",,,,,,,,,,-0.922156,,,,,,,,,,-0.922156,-0.022131,,,,,,,,,,,,
"2FB9B2F6","Nodes",1115180.000000,1671083.750000,1313.064347,"Default Known Flow Node",69.999969,0.579999,1000.000000,0.000000,"Known Flow",0.000000,0.000000,2.16999993085665e-07,40.000000,0.579999,1000.000000,0.000000,0.000000,13.000000,0.000000,0.515375,0.579999,,,,7.780081,7.780081,,16.800279,,,,,,903.822387,0.066146,0.000000,0.000000,0.000000,,-459.670013,1000.000000,,0.000000,0.000000,,,,0.047109,"SETFLOW",0.000000,0.997564,0.000000,,,,,"","",,,,7.780081,,0.000000,,0.000000,,,0.000000,0.000000,"",,,0.000000,,-1.000000,,0.000000,0.000000,-1.000000,-1.000000,,,,,,,,,,,"",,,,,,,,,,"Volumetric",,,,,,,,,,-0.591883,,,,,,,,,,-0.591883,-0.014205,,,,,,,,,,,,
"2FB1BCE0","Nodes",1114225.169552,1671089.287922,1313.064347,"Default Known Flow Node",69.999969,0.579999,1000.000000,0.000000,"Known Flow",0.000000,0.000000,2.16999993085665e-07,40.000000,0.579999,1000.000000,0.000000,0.000000,13.000000,0.000000,0.515376,0.579999,,,,7.862060,7.862060,,16.800279,,,,,,903.822387,0.066146,0.000000,0.000000,0.000000,,-459.670013,1000.000000,,0.000000,0.000000,,,,0.047119,"UNDEFINED",0.000000,0.997563,0.000000,,,,,"","",,,,7.862060,,0.000000,,0.000000,,,0.000000,0.000000,"",,,0.000000,,-1.000000,,0.000000,0.000000,-1.000000,-1.000000,,,,,,,,,,,"",,,,,,,,,,"Volumetric",,,,,,,,,,0.000000,,,,,,,,,,0.000000,0.000000,,,,,,,,,,,,
"Q3No367","Nodes",1114097.638698,1671165.201058,1313.064347,"Default Known Flow Node",69.999969,0.579999,1000.000000,0.000000,"Known Flow",0.000000,0.000000,2.16999993085665e-07,40.000000,0.579999,1000.000000,0.000000,0.000000,13.000000,0.000000,0.515376,0.579999,,,,7.823823,7.823823,,16.800279,,,,,,903.822387,0.066146,0.000000,0.000000,0.000000,,-459.670013,1000.000000,,0.000000,0.000000,,,,0.047114,"UNDEFINED",0.000000,0.997564,0.000000,,,,,"","",,,,7.823823,,0.000000,,0.000000,,,0.000000,0.000000,"",,,0.000000,,-1.000000,,0.000000,0.000000,0.000000,-1.000000,,,,,,,,,,,"",,,,,,,,,,"Volumetric",,,,,,,,,,0.000000,,,,,,,,,,0.000000,0.000000,,,,,,,,,,,,
"2FC11687","Nodes",1114204.634990,1671101.533351,1313.064347,"Default Known Flow Node",69.999969,0.579999,1000.000000,0.000000,"Known Flow",0.000000,0.000000,2.16999993085665e-07,40.000000,0.579999,1000.000000,0.000000,0.000000,13.000000,0.000000,0.515376,0.579999,,,,7.856036,7.856036,,16.800279,,,,,,903.822387,0.066146,0.000000,0.000000,0.000000,,-459.670013,1000.000000,,0.000000,0.000000,,,,0.047118,"UNDEFINED",0.000000,0.997563,0.000000,,,,,"","",,,,7.856036,,0.000000,,0.000000,,,0.000000,0.000000,"",,,0.000000,"V72232",-1.000000,,0.000000,0.000000,0.000000,-1.000000,,,,,,,,,,,"",,,,,,,,,,"Volumetric",,,,,,,,,,0.000000,,,,,,,,,,0.000000,0.000000,,,,,,,,,,,,
"2FB1BCEA","Nodes",1114587.620000,1671174.120000,1313.064347,"Default Known Flow Node",69.999969,0.579999,1000.000000,0.000000,"Known Flow",0.000000,0.000000,2.16999993085665e-07,40.000000,0.579999,1000.000000,0.000000,0.000000,13.000000,0.000000,0.515376,0.579999,,,,7.925426,7.925426,,16.800279,,,,,,903.822387,0.066146,0.000000,0.000000,0.000000,,-459.670013,1000.000000,,0.000000,0.000000,,,,0.047126,"UNDEFINED",0.000000,0.997563,0.000000,,,,,"","",,,,7.925426,,0.000000,,0.000000,,,0.000000,0.000000,"",,,0.000000,,-1.000000,,0.000000,0.000000,-1.000000,-1.000000,,,,,,,,,,,"",,,,,,,,,,"Volumetric",,,,,,,,,,0.000000,,,,,,,,,,0.000000,0.000000,,,,,,,,,,,,
"2FB1BCEB","Nodes",1114587.620000,1671175.120000,1313.064347,"Default Known Flow Node",69.999969,0.579999,1000.000000,0.000000,"Known Flow",0.000000,0.000000,2.16999993085665e-07,40.000000,0.579999,1000.000000,0.000000,0.000000,13.000000,0.000000,0.515376,0.579999,,,,7.925426,7.925426,,16.800279,,,,,,903.822387,0.066146,0.000000,0.000000,0.000000,,-459.670013,1000.000000,,0.000000,0.000000,,,,0.047126,"SETFLOW",0.000000,0.997563,0.000000,,,,,"","",,,,7.925426,,0.000000,,0.000000,,,0.000000,0.000000,"",,,0.000000,,-1.000000,,0.000000,0.000000,-1.000000,-1.000000,,,,,,,,,,,"",,,,,,,,,,"Volumetric",,,,,,,,,,-0.058549,,,,,,,,,,-0.058549,-0.001405,,,,,,,,,,,,
"2FB1BCE8","Nodes",1114577.620000,1671214.870000,1313.064347,"Default Known Flow Node",69.999969,0.579999,1000.000000,0.000000,"Known Flow",0.000000,0.000000,2.16999993085665e-07,40.000000,0.579999,1000.000000,0.000000,0.000000,13.000000,0.000000,0.515376,0.579999,,,,7.879826,7.879826,,16.800279,,,,,,903.822387,0.066146,0.000000,0.000000,0.000000,,-459.670013,1000.000000,,0.000000,0.000000,,,,0.047121,"SETFLOW",0.000000,0.997563,0.000000,,,,,"","",,,,7.879826,,0.000000,,0.000000,,,0.000000,0.000000,"",,,0.000000,,-1.000000,,0.000000,0.000000,-1.000000,-1.000000,,,,,,,,,,,"",,,,,,,,,,"Volumetric",,,,,,,,,,-0.169793,,,,,,,,,,-0.169793,-0.004075,,,,,,,,,,,,
"2FB1BCF3","Nodes",1114615.120000,1671224.620000,1313.064347,"Default Known Flow Node",69.999969,0.579999,1000.000000,0.000000,"Known Flow",0.000000,0.000000,2.16999993085665e-07,40.000000,0.579999,1000.000000,0.000000,0.000000,13.000000,0.000000,0.515376,0.579999,,,,7.858130,7.858130,,16.800279,,,,,,903.822387,0.066146,0.000000,0.000000,0.000000,,-459.670013,1000.000000,,0.000000,0.000000,,,,0.047118,"UNDEFINED",0.000000,0.997563,0.000000,,,,,"","",,,,7.858130,,0.000000,,0.000000,,,0.000000,0.000000,"",,,0.000000,,-1.000000,,0.000000,0.000000,-1.000000,-1.000000,,,,,,,,,,,"",,,,,,,,,,"Volumetric",,,,,,,,,,0.000000,,,,,,,,,,0.000000,0.000000,,,,,,,,,,,,
"2FB1BCF2","Nodes",1114618.250000,1671225.370000,1313.064347,"Default Known Flow Node",69.999969,0.579999,1000.000000,0.000000,"Known Flow",0.000000,0.000000,2.16999993085665e-07,40.000000,0.579999,1000.000000,0.000000,0.000000,13.000000,0.000000,0.515376,0.579999,,,,7.856461,7.856461,,16.800279,,,,,,903.822387,0.066146,0.000000,0.000000,0.000000,,-459.670013,1000.000000,,0.000000,0.000000,,,,0.047118,"SETFLOW",0.000000,0.997563,0.000000,,,,,"","",,,,7.856461,,0.000000,,0.000000,,,0.000000,0.000000,"",,,0.000000,,-1.000000,,0.000000,0.000000,-1.000000,-1.000000,,,,,,,,,,,"",,,,,,,,,,"Volumetric",,,,,,,,,,-0.296407,,,,,,,,,,-0.296407,-0.007113,,,,,,,,,,,,
"2FB1BCEF","Nodes",1114962.500000,1671315.000000,1313.064347,"Default Known Flow Node",69.999969,0.579999,1000.000000,0.000000,"Known Flow",0.000000,0.000000,2.16999993085665e-07,40.000000,0.579999,1000.000000,0.000000,0.000000,13.000000,0.000000,0.515375,0.579999,,,,7.707207,7.707207,,16.800279,,,,,,903.822387,0.066146,0.000000,0.000000,0.000000,,-459.670013,1000.000000,,0.000000,0.000000,,,,0.047101,"SETFLOW",0.000000,0.997564,0.000000,,,,,"","",,,,7.707207,,0.000000,,0.000000,,,0.000000,0.000000,"",,,0.000000,,-1.000000,,0.000000,0.000000,-1.000000,-1.000000,,,,,,,,,,,"",,,,,,,,,,"Volumetric",,,,,,,,,,-0.223220,,,,,,,,,,-0.223220,-0.005357,,,,,,,,,,,,
"2FB1BCEE","Nodes",1114965.750000,1671315.870000,1313.064347,"Default Known Flow Node",69.999969,0.579999,1000.000000,0.000000,"Known Flow",0.000000,0.000000,2.16999993085665e-07,40.000000,0.579999,1000.000000,0.000000,0.000000,13.000000,0.000000,0.515375,0.579999,,,,7.706224,7.706224,,16.800279,,,,,,903.822387,0.066146,0.000000,0.000000,0.000000,,-459.670013,1000.000000,,0.000000,0.000000,,,,0.047101,"SETFLOW",0.000000,0.997564,0.000000,,,,,"","",,,,7.706224,,0.000000,,0.000000,,,0.000000,0.000000,"",,,0.000000,,-1.000000,,0.000000,0.000000,-1.000000,-1.000000,,,,,,,,,,,"",,,,,,,,,,"Volumetric",,,,,,,,,,-0.054890,,,,,,,,,,-0.054890,-0.001317,,,,,,,,,,,,
"2FB1BCED","Nodes",1114971.870000,1671317.500000,1313.064347,"Default Known Flow Node",69.999969,0.579999,1000.000000,0.000000,"Known Flow",0.000000,0.000000,2.16999993085665e-07,40.000000,0.579999,1000.000000,0.000000,0.000000,13.000000,0.000000,0.515375,0.579999,,,,7.704385,7.704385,,16.800279,,,,,,903.822387,0.066146,0.000000,0.000000,0.000000,,-459.670013,1000.000000,,0.000000,0.000000,,,,0.047101,"SETFLOW",0.000000,0.997564,0.000000,,,,,"","",,,,7.704385,,0.000000,,0.000000,,,0.000000,0.000000,"",,,0.000000,,-1.000000,,0.000000,0.000000,-1.000000,-1.000000,,,,,,,,,,,"",,,,,,,,,,"Volumetric",,,,,,,,,,-0.054890,,,,,,,,,,-0.054890,-0.001317,,,,,,,,,,,,
"2FB1BCF1","Nodes",1114975.750000,1671318.500000,1313.064347,"Default Known Flow Node",69.999969,0.579999,1000.000000,0.000000,"Known Flow",0.000000,0.000000,2.16999993085665e-07,40.000000,0.579999,1000.000000,0.000000,0.000000,13.000000,0.000000,0.515375,0.579999,,,,7.703241,7.703241,,16.800279,,,,,,903.822387,0.066146,0.000000,0.000000,0.000000,,-459.670013,1000.000000,,0.000000,0.000000,,,,0.047101,"UNDEFINED",0.000000,0.997564,0.000000,,,,,"","",,,,7.703241,,0.000000,,0.000000,,,0.000000,0.000000,"",,,0.000000,,-1.000000,,0.000000,0.000000,-1.000000,-1.000000,,,,,,,,,,,"",,,,,,,,,,"Volumetric",,,,,,,,,,0.000000,,,,,,,,,,0.000000,0.000000,,,,,,,,,,,,
"2FB1BCF0","Nodes",1114978.620000,1671319.250000,1313.064347,"Default Known Flow Node",69.999969,0.579999,1000.000000,0.000000,"Known Flow",0.000000,0.000000,2.16999993085665e-07,40.000000,0.579999,1000.000000,0.000000,0.000000,13.000000,0.000000,0.515375,0.579999,,,,7.702383,7.702383,,16.800279,,,,,,903.822387,0.066146,0.000000,0.000000,0.000000,,-459.670013,1000.000000,,0.000000,0.000000,,,,0.047101,"SETFLOW",0.000000,0.997564,0.000000,,,,,"","",,,,7.702383,,0.000000,,0.000000,,,0.000000,0.000000,"",,,0.000000,,-1.000000,,0.000000,0.000000,-1.000000,-1.000000,,,,,,,,,,,"",,,,,,,,,,"Volumetric",,,,,,,,,,-0.054890,,,,,,,,,,-0.054890,-0.001317,,,,,,,,,,,,
"2FB1BCEC","Nodes",1115174.250000,1671370.250000,1313.064347,"Default Known Flow Node",69.999969,0.579999,1000.000000,0.000000,"Known Flow",0.000000,0.000000,2.16999993085665e-07,40.000000,0.579999,1000.000000,0.000000,0.000000,13.000000,0.000000,0.515375,0.579999,,,,7.648578,7.648578,,16.800279,,,,,,903.822387,0.066146,0.000000,0.000000,0.000000,,-459.670013,1000.000000,,0.000000,0.000000,,,,0.047095,"SETFLOW",0.000000,0.997565,0.000000,,,,,"","",,,,7.648578,,0.000000,,0.000000,,,0.000000,0.000000,"",,,0.000000,,-1.000000,,0.000000,0.000000,-1.000000,-1.000000,,,,,,,,,,,"",,,,,,,,,,"Volumetric",,,,,,,,,,-0.031936,,,,,,,,,,-0.031936,-0.000766,,,,,,,,,,,,
"2FB258CA","Nodes",1115179.620000,1671343.120000,1313.064347,"Default Known Flow Node",69.999969,0.579999,1000.000000,0.000000,"Known Flow",0.000000,0.000000,2.16999993085665e-07,40.000000,0.579999,1000.000000,0.000000,0.000000,13.000000,0.000000,0.515375,0.579999,,,,7.655321,7.655321,,16.800279,,,,,,903.822387,0.066146,0.000000,0.000000,0.000000,,-459.670013,1000.000000,,0.000000,0.000000,,,,0.047095,"UNDEFINED",0.000000,0.997565,0.000000,,,,,"","",,,,7.655321,,0.000000,,0.000000,,,0.000000,0.000000,"",,,0.000000,,-1.000000,,0.000000,0.000000,-1.000000,-1.000000,,,,,,,,,,,"",,,,,,,,,,"Volumetric",,,,,,,,,,0.000000,,,,,,,,,,0.000000,0.000000,,,,,,,,,,,,
"2FB200AA","Nodes",1115179.750000,1671371.620000,1313.064347,"Default Known Flow Node",69.999969,0.579999,1000.000000,0.000000,"Known Flow",0.000000,0.000000,2.16999993085665e-07,40.000000,0.579999,1000.000000,0.000000,0.000000,13.000000,0.000000,0.515375,0.579999,,,,7.641909,7.641909,,16.800279,,,,,,903.822387,0.066146,0.000000,0.000000,0.000000,,-459.670013,1000.000000,,0.000000,0.000000,,,,0.047094,"UNDEFINED",0.000000,0.997565,0.000000,,,,,"","",,,,7.641909,,0.000000,,0.000000,,,0.000000,0.000000,"",,,0.000000,,-1.000000,,0.000000,0.000000,-1.000000,-1.000000,,,,,,,,,,,"",,,,,,,,,,"Volumetric",,,,,,,,,,0.000000,,,,,,,,,,0.000000,0.000000,,,,,,,,,,,,
"2FB1FAE6","Nodes",1115172.500000,1671379.620000,1313.064347,"Default Known Flow Node",69.999969,0.579999,1000.000000,0.000000,"Known Flow",0.000000,0.000000,2.16999993085665e-07,40.000000,0.579999,1000.000000,0.000000,0.000000,13.000000,0.000000,0.515375,0.579999,,,,7.647339,7.647339,,16.800279,,,,,,903.822387,0.066146,0.000000,0.000000,0.000000,,-459.670013,1000.000000,,0.000000,0.000000,,,,0.047094,"UNDEFINED",0.000000,0.997565,0.000000,,,,,"","",,,,7.647339,,0.000000,,0.000000,,,0.000000,0.000000,"",,,0.000000,,-1.000000,,0.000000,0.000000,-1.000000,-1.000000,,,,,,,,,,,"",,,,,,,,,,"Volumetric",,,,,,,,,,0.000000,,,,,,,,,,0.000000,0.000000,,,,,,,,,,,,
"2FC11683","Nodes",1114237.445364,1671101.709509,1313.064347,"Default Known Flow Node",69.999969,0.579999,1000.000000,0.000000,"Known Flow",0.000000,0.000000,2.16999993085665e-07,40.000000,0.579999,1000.000000,0.000000,0.000000,13.000000,0.000000,0.515376,0.579999,,,,7.863389,7.863389,,16.800279,,,,,,903.822387,0.066146,0.000000,0.000000,0.000000,,-459.670013,1000.000000,,0.000000,0.000000,,,,0.047119,"UNDEFINED",0.000000,0.997563,0.000000,,,,,"","",,,,7.863389,,0.000000,,0.000000,,,0.000000,0.000000,"",,,0.000000,"V72231",-1.000000,,0.000000,0.000000,0.000000,-1.000000,,,,,,,,,,,"",,,,,,,,,,"Volumetric",,,,,,,,,,0.000000,,,,,,,,,,0.000000,0.000000,,,,,,,,,,,,
"2FB1FAE8","Nodes",1114537.250000,1671379.750000,1313.064347,"Default Known Flow Node",69.999969,0.579999,1000.000000,0.000000,"Known Flow",0.000000,0.000000,2.16999993085665e-07,40.000000,0.579999,1000.000000,0.000000,0.000000,13.000000,0.000000,0.515375,0.579999,,,,7.776723,7.776723,,16.800279,,,,,,903.822387,0.066146,0.000000,0.000000,0.000000,,-459.670013,1000.000000,,0.000000,0.000000,,,,0.047109,"SETFLOW",0.000000,0.997564,0.000000,,,,,"","",,,,7.776723,,0.000000,,0.000000,,,0.000000,0.000000,"",,,0.000000,,-1.000000,,0.000000,0.000000,-1.000000,-1.000000,,,,,,,,,,,"",,,,,,,,,,"Volumetric",,,,,,,,,,-0.212242,,,,,,,,,,-0.212242,-0.005093,,,,,,,,,,,,
"2FB146EA","Nodes",1114527.370000,1671423.250000,1313.064347,"Default Known Flow Node",69.999969,0.579999,1000.000000,0.000000,"Known Flow",0.000000,0.000000,2.16999993085665e-07,40.000000,0.579999,1000.000000,0.000000,0.000000,13.000000,0.000000,0.515375,0.579999,,,,7.752351,7.752351,,16.800279,,,,,,903.822387,0.066146,0.000000,0.000000,0.000000,,-459.670013,1000.000000,,0.000000,0.000000,,,,0.047106,"SETFLOW",0.000000,0.997564,0.000000,,,,,"","",,,,7.752351,,0.000000,,0.000000,,,0.000000,0.000000,"",,,0.000000,,-1.000000,,0.000000,0.000000,-1.000000,-1.000000,,,,,,,,,,,"",,,,,,,,,,"Volumetric",,,,,,,,,,-0.053226,,,,,,,,,,-0.053226,-0.001277,,,,,,,,,,,,
"2FB1AA0D","Nodes",1114525.500000,1671445.370000,1313.064347,"Default Known Flow Node",69.999969,0.579999,1000.000000,0.000000,"Known Flow",0.000000,0.000000,2.16999993085665e-07,40.000000,0.579999,1000.000000,0.000000,0.000000,13.000000,0.000000,0.515375,0.579999,,,,7.739221,7.739221,,16.800279,,,,,,903.822387,0.066146,0.000000,0.000000,0.000000,,-459.670013,1000.000000,,0.000000,0.000000,,,,0.047105,"SETFLOW",0.000000,0.997564,0.000000,,,,,"","",,,,7.739221,,0.000000,,0.000000,,,0.000000,0.000000,"",,,0.000000,,-1.000000,,0.000000,0.000000,-1.000000,-1.000000,,,,,,,,,,,"",,,,,,,,,,"Volumetric",,,,,,,,,,-0.274118,,,,,,,,,,-0.274118,-0.006578,,,,,,,,,,,,
"2FB19142","Nodes",1114522.500000,1671444.620000,1313.064347,"Default Known Flow Node",69.999969,0.579999,1000.000000,0.000000,"Known Flow",0.000000,0.000000,2.16999993085665e-07,40.000000,0.579999,1000.000000,0.000000,0.000000,13.000000,0.000000,0.515375,0.579999,,,,7.740096,7.740096,,16.800279,,,,,,903.822387,0.066146,0.000000,0.000000,0.000000,,-459.670013,1000.000000,,0.000000,0.000000,,,,0.047105,"UNDEFINED",0.000000,0.997564,0.000000,,,,,"","",,,,7.740096,,0.000000,,0.000000,,,0.000000,0.000000,"",,,0.000000,,-1.000000,,0.000000,0.000000,-1.000000,-1.000000,,,,,,,,,,,"",,,,,,,,,,"Volumetric",,,,,,,,,,0.000000,,,,,,,,,,0.000000,0.000000,,,,,,,,,,,,
"2FB873D5","Nodes",1115155.250000,1671445.000000,1313.064347,"Default Known Flow Node",69.999969,0.579999,1000.000000,0.000000,"Known Flow",0.000000,0.000000,2.16999993085665e-07,40.000000,0.579999,1000.000000,0.000000,0.000000,13.000000,0.000000,0.515375,0.579999,,,,7.634861,7.634861,,16.800279,,,,,,903.822387,0.066146,0.000000,0.000000,0.000000,,-459.670013,1000.000000,,0.000000,0.000000,,,,0.047093,"SETFLOW",0.000000,0.997565,0.000000,,,,,"","",,,,7.634861,,0.000000,,0.000000,,,0.000000,0.000000,"",,,0.000000,,-1.000000,,0.000000,0.000000,-1.000000,-1.000000,,,,,,,,,,,"",,,,,,,,,,"Volumetric",,,,,,,,,,-0.087824,,,,,,,,,,-0.087824,-0.002107,,,,,,,,,,,,
"2FB1AA06","Nodes",1115120.750000,1671582.500000,1313.064347,"Default Known Flow Node",69.999969,0.579999,1000.000000,0.000000,"Known Flow",0.000000,0.000000,2.16999993085665e-07,40.000000,0.579999,1000.000000,0.000000,0.000000,13.000000,0.000000,0.515375,0.579999,,,,7.617024,7.617024,,16.800279,,,,,,903.822387,0.066146,0.000000,0.000000,0.000000,,-459.670013,1000.000000,,0.000000,0.000000,,,,0.047091,"SETFLOW",0.000000,0.997565,0.000000,,,,,"","",,,,7.617024,,0.000000,,0.000000,,,0.000000,0.000000,"",,,0.000000,,-1.000000,,0.000000,0.000000,-1.000000,-1.000000,,,,,,,,,,,"",,,,,,,,,,"Volumetric",,,,,,,,,,-0.162342,,,,,,,,,,-0.162342,-0.003896,,,,,,,,,,,,
"2FB146EB","Nodes",1114517.620000,1671465.870000,1313.064347,"Default Known Flow Node",69.999969,0.579999,1000.000000,0.000000,"Known Flow",0.000000,0.000000,2.16999993085665e-07,40.000000,0.579999,1000.000000,0.000000,0.000000,13.000000,0.000000,0.515375,0.579999,,,,7.732794,7.732794,,16.800279,,,,,,903.822387,0.066146,0.000000,0.000000,0.000000,,-459.670013,1000.000000,,0.000000,0.000000,,,,0.047104,"UNDEFINED",0.000000,0.997564,0.000000,,,,,"","",,,,7.732794,,0.000000,,0.000000,,,0.000000,0.000000,"",,,0.000000,,-1.000000,,0.000000,0.000000,-1.000000,-1.000000,,,,,,,,,,,"",,,,,,,,,,"Volumetric",,,,,,,,,,0.000000,,,,,,,,,,0.000000,0.000000,,,,,,,,,,,,
"2FB146EC","Nodes",1114516.120000,1671472.500000,1313.064347,"Default Known Flow Node",69.999969,0.579999,1000.000000,0.000000,"Known Flow",0.000000,0.000000,2.16999993085665e-07,40.000000,0.579999,1000.000000,0.000000,0.000000,13.000000,0.000000,0.515375,0.579999,,,,7.730720,7.730720,,16.800279,,,,,,903.822387,0.066146,0.000000,0.000000,0.000000,,-459.670013,1000.000000,,0.000000,0.000000,,,,0.047104,"UNDEFINED",0.000000,0.997564,0.000000,,,,,"","",,,,7.730720,,0.000000,,0.000000,,,0.000000,0.000000,"",,,0.000000,,-1.000000,,0.000000,0.000000,-1.000000,-1.000000,,,,,,,,,,,"",,,,,,,,,,"Volumetric",,,,,,,,,,0.000000,,,,,,,,,,0.000000,0.000000,,,,,,,,,,,,
"2FB1912D","Nodes",1114415.120000,1671903.870000,1313.064347,"Default Known Flow Node",69.999969,0.579999,1000.000000,0.000000,"Known Flow",0.000000,0.000000,2.16999993085665e-07,40.000000,0.579999,1000.000000,0.000000,0.000000,13.000000,0.000000,0.515374,0.579999,,,,7.614400,7.614400,,16.800279,,,,,,903.822387,0.066146,0.000000,0.000000,0.000000,,-459.670013,1000.000000,,0.000000,0.000000,,,,0.047091,"UNDEFINED",0.000000,0.997565,0.000000,,,,,"","",,,,7.614400,,0.000000,,0.000000,,,0.000000,0.000000,"",,,0.000000,,-1.000000,,0.000000,0.000000,-1.000000,-1.000000,,,,,,,,,,,"",,,,,,,,,,"Volumetric",,,,,,,,,,0.000000,,,,,,,,,,0.000000,0.000000,,,,,,,,,,,,
"2FB1FAE9","Nodes",1114390.870000,1671379.750000,1313.064347,"Default Known Flow Node",69.999969,0.579999,1000.000000,0.000000,"Known Flow",0.000000,0.000000,2.16999993085665e-07,40.000000,0.579999,1000.000000,0.000000,0.000000,13.000000,0.000000,0.515375,0.579999,,,,7.755851,7.755851,,16.800279,,,,,,903.822387,0.066146,0.000000,0.000000,0.000000,,-459.670013,1000.000000,,0.000000,0.000000,,,,0.047107,"SETFLOW",0.000000,0.997564,0.000000,,,,,"","",,,,7.755851,,0.000000,,0.000000,,,0.000000,0.000000,"",,,0.000000,,-1.000000,,0.000000,0.000000,-1.000000,-1.000000,,,,,,,,,,,"",,,,,,,,,,"Volumetric",,,,,,,,,,-0.200133,,,,,,,,,,-0.200133,-0.004803,,,,,,,,,,,,
"2FB1914E","Nodes",1114460.120000,1671484.000000,1313.064347,"Default Known Flow Node",69.999969,0.579999,1000.000000,0.000000,"Known Flow",0.000000,0.000000,2.16999993085665e-07,40.000000,0.579999,1000.000000,0.000000,0.000000,13.000000,0.000000,0.515375,0.579999,,,,7.724633,7.724633,,16.800279,,,,,,903.822387,0.066146,0.000000,0.000000,0.000000,,-459.670013,1000.000000,,0.000000,0.000000,,,,0.047103,"SETFLOW",0.000000,0.997564,0.000000,,,,,"","",,,,7.724633,,0.000000,,0.000000,,,0.000000,0.000000,"",,,0.000000,,-1.000000,,0.000000,0.000000,-1.000000,-1.000000,,,,,,,,,,,"",,,,,,,,,,"Volumetric",,,,,,,,,,-0.106453,,,,,,,,,,-0.106453,-0.002554,,,,,,,,,,,,
"Q3No782","Nodes",1114488.787330,1671532.174774,1313.064347,"Default Known Flow Node",69.999969,0.579999,1000.000000,0.000000,"Known Flow",0.000000,0.000000,2.16999993085665e-07,40.000000,0.579999,1000.000000,0.000000,0.000000,13.000000,0.000000,0.515375,0.579999,,,,7.712848,7.712848,,16.800279,,,,,,903.822387,0.066146,0.000000,0.000000,0.000000,,-459.670013,1000.000000,,0.000000,0.000000,,,,0.047102,"UNDEFINED",0.000000,0.997564,0.000000,,,,,"","",,,,7.712848,,0.000000,,0.000000,,,0.000000,0.000000,"",,,0.000000,,-1.000000,,0.000000,0.000000,0.000000,-1.000000,,,,,,,,,,,"",,,,,,,,,,"Volumetric",,,,,,,,,,0.000000,,,,,,,,,,0.000000,0.000000,,,,,,,,,,,,
"Q3No770","Nodes",1114507.215890,1671511.541095,1313.064347,"Default Known Flow Node",69.999969,0.579999,1000.000000,0.000000,"Known Flow",0.000000,0.000000,2.16999993085665e-07,40.000000,0.579999,1000.000000,0.000000,0.000000,13.000000,0.000000,0.515375,0.579999,,,,7.717444,7.717444,,16.800279,,,,,,903.822387,0.066146,0.000000,0.000000,0.000000,,-459.670013,1000.000000,,0.000000,0.000000,,,,0.047102,"UNDEFINED",0.000000,0.997564,0.000000,,,,,"","",,,,7.717444,,0.000000,,0.000000,,,0.000000,0.000000,"",,,0.000000,,-1.000000,,0.000000,0.000000,0.000000,-1.000000,,,,,,,,,,,"",,,,,,,,,,"Volumetric",,,,,,,,,,0.000000,,,,,,,,,,0.000000,0.000000,,,,,,,,,,,,
"2FB1AA05","Nodes",1115130.000000,1671553.750000,1313.064347,"Default Known Flow Node",69.999969,0.579999,1000.000000,0.000000,"Known Flow",0.000000,0.000000,2.16999993085665e-07,40.000000,0.579999,1000.000000,0.000000,0.000000,13.000000,0.000000,0.515375,0.579999,,,,7.620366,7.620366,,16.800279,,,,,,903.822387,0.066146,0.000000,0.000000,0.000000,,-459.670013,1000.000000,,0.000000,0.000000,,,,0.047091,"SETFLOW",0.000000,0.997565,0.000000,,,,,"","",,,,7.620366,,0.000000,,0.000000,,,0.000000,0.000000,"",,,0.000000,,-1.000000,,0.000000,0.000000,-1.000000,-1.000000,,,,,,,,,,,"",,,,,,,,,,"Volumetric",,,,,,,,,,-0.087824,,,,,,,,,,-0.087824,-0.002107,,,,,,,,,,,,
"2FB19141","Nodes",1115123.120000,1671583.120000,1313.064347,"Default Known Flow Node",69.999969,0.579999,1000.000000,0.000000,"Known Flow",0.000000,0.000000,2.16999993085665e-07,40.000000,0.579999,1000.000000,0.000000,0.000000,13.000000,0.000000,0.515375,0.579999,,,,7.616722,7.616722,,16.800279,,,,,,903.822387,0.066146,0.000000,0.000000,0.000000,,-459.670013,1000.000000,,0.000000,0.000000,,,,0.047091,"UNDEFINED",0.000000,0.997565,0.000000,,,,,"","",,,,7.616722,,0.000000,,0.000000,,,0.000000,0.000000,"",,,0.000000,,-1.000000,,0.000000,0.000000,-1.000000,-1.000000,,,,,,,,,,,"",,,,,,,,,,"Volumetric",,,,,,,,,,0.000000,,,,,,,,,,0.000000,0.000000,,,,,,,,,,,,
"2FB1913F","Nodes",1115120.250000,1671595.870000,1313.064347,"Default Known Flow Node",69.999969,0.579999,1000.000000,0.000000,"Known Flow",0.000000,0.000000,2.16999993085665e-07,40.000000,0.579999,1000.000000,0.000000,0.000000,13.000000,0.000000,0.515374,0.579999,,,,7.613871,7.613871,,16.800279,,,,,,903.822387,0.066146,0.000000,0.000000,0.000000,,-459.670013,1000.000000,,0.000000,0.000000,,,,0.047091,"UNDEFINED",0.000000,0.997565,0.000000,,,,,"","",,,,7.613871,,0.000000,,0.000000,,,0.000000,0.000000,"",,,0.000000,,-1.000000,,0.000000,0.000000,-1.000000,-1.000000,,,,,,,,,,,"",,,,,,,,,,"Volumetric",,,,,,,,,,0.000000,,,,,,,,,,0.000000,0.000000,,,,,,,,,,,,
"2FB1AA0E","Nodes",1115122.370000,1671596.620000,1313.064347,"Default Known Flow Node",69.999969,0.579999,1000.000000,0.000000,"Known Flow",0.000000,0.000000,2.16999993085665e-07,40.000000,0.579999,1000.000000,0.000000,0.000000,13.000000,0.000000,0.515374,0.579999,,,,7.611036,7.611036,,16.800279,,,,,,903.822387,0.066146,0.000000,0.000000,0.000000,,-459.670013,1000.000000,,0.000000,0.000000,,,,0.047090,"UNDEFINED",0.000000,0.997565,0.000000,,,,,"","",,,,7.611036,,0.000000,,0.000000,,,0.000000,0.000000,"",,,0.000000,,-1.000000,,0.000000,0.000000,-1.000000,-1.000000,,,,,,,,,,,"",,,,,,,,,,"Volumetric",,,,,,,,,,0.000000,,,,,,,,,,0.000000,0.000000,,,,,,,,,,,,
"2FB19140","Nodes",1115139.750000,1671601.620000,1313.064347,"Default Known Flow Node",69.999969,0.579999,1000.000000,0.000000,"Known Flow",0.000000,0.000000,2.16999993085665e-07,40.000000,0.579999,1000.000000,0.000000,0.000000,13.000000,0.000000,0.515374,0.579999,,,,7.585520,7.585520,,16.800279,,,,,,903.822387,0.066146,0.000000,0.000000,0.000000,,-459.670013,1000.000000,,0.000000,0.000000,,,,0.047087,"UNDEFINED",0.000000,0.997565,0.000000,,,,,"","",,,,7.585520,,0.000000,,0.000000,,,0.000000,0.000000,"",,,0.000000,,-1.000000,,0.000000,0.000000,-1.000000,-1.000000,,,,,,,,,,,"",,,,,,,,,,"Volumetric",,,,,,,,,,0.000000,,,,,,,,,,0.000000,0.000000,,,,,,,,,,,,
"2FB19134","Nodes",1115140.250000,1671599.250000,1313.064347,"Default Known Flow Node",69.999969,0.579999,1000.000000,0.000000,"Known Flow",0.000000,0.000000,2.16999993085665e-07,40.000000,0.579999,1000.000000,0.000000,0.000000,13.000000,0.000000,0.515374,0.579999,,,,7.585520,7.585520,,16.800279,,,,,,903.822387,0.066146,0.000000,0.000000,0.000000,,-459.670013,1000.000000,,0.000000,0.000000,,,,0.047087,"UNDEFINED",0.000000,0.997565,0.000000,,,,,"","",,,,7.585520,,0.000000,,0.000000,,,0.000000,0.000000,"",,,0.000000,,-1.000000,,0.000000,0.000000,-1.000000,-1.000000,,,,,,,,,,,"",,,,,,,,,,"Volumetric",,,,,,,,,,0.000000,,,,,,,,,,0.000000,0.000000,,,,,,,,,,,,
"2FB1AA04","Nodes",1115137.750000,1671601.000000,1313.064347,"Default Known Flow Node",69.999969,0.579999,1000.000000,0.000000,"Known Flow",0.000000,0.000000,2.16999993085665e-07,40.000000,0.579999,1000.000000,0.000000,0.000000,13.000000,0.000000,0.515374,0.579999,,,,7.588355,7.588355,,16.800279,,,,,,903.822387,0.066146,0.000000,0.000000,0.000000,,-459.670013,1000.000000,,0.000000,0.000000,,,,0.047088,"UNDEFINED",0.000000,0.997565,0.000000,,,,,"","",,,,7.588355,,0.000000,,0.000000,,,0.000000,0.000000,"",,,0.000000,,-1.000000,,0.000000,0.000000,-1.000000,-1.000000,,,,,,,,,,,"",,,,,,,,,,"Volumetric",,,,,,,,,,0.000000,,,,,,,,,,0.000000,0.000000,,,,,,,,,,,,
"2FB19135","Nodes",1115131.750000,1671635.500000,1313.064347,"Default Known Flow Node",69.999969,0.579999,1000.000000,0.000000,"Known Flow",0.000000,0.000000,2.16999993085665e-07,40.000000,0.579999,1000.000000,0.000000,0.000000,13.000000,0.000000,0.515374,0.579999,,,,7.535900,7.535900,,16.800279,,,,,,903.822387,0.066146,0.000000,0.000000,0.000000,,-459.670013,1000.000000,,0.000000,0.000000,,,,0.047082,"UNDEFINED",0.000000,0.997565,0.000000,,,,,"","",,,,7.535900,,0.000000,,0.000000,,,0.000000,0.000000,"",,,0.000000,,-1.000000,,0.000000,0.000000,-1.000000,-1.000000,,,,,,,,,,,"",,,,,,,,,,"Volumetric",,,,,,,,,,0.000000,,,,,,,,,,0.000000,0.000000,,,,,,,,,,,,
"2FB1913E","Nodes",1115118.620000,1671602.370000,1313.064347,"Default Known Flow Node",69.999969,0.579999,1000.000000,0.000000,"Known Flow",0.000000,0.000000,2.16999993085665e-07,40.000000,0.579999,1000.000000,0.000000,0.000000,13.000000,0.000000,0.515374,0.579999,,,,7.613871,7.613871,,16.800279,,,,,,903.822387,0.066146,0.000000,0.000000,0.000000,,-459.670013,1000.000000,,0.000000,0.000000,,,,0.047091,"UNDEFINED",0.000000,0.997565,0.000000,,,,,"","",,,,7.613871,,0.000000,,0.000000,,,0.000000,0.000000,"",,,0.000000,,-1.000000,,0.000000,0.000000,-1.000000,-1.000000,,,,,,,,,,,"",,,,,,,,,,"Volumetric",,,,,,,,,,0.000000,,,,,,,,,,0.000000,0.000000,,,,,,,,,,,,
"2FB1AA01","Nodes",1115135.870000,1671636.500000,1313.064347,"Default Known Flow Node",69.999969,0.579999,1000.000000,0.000000,"Known Flow",0.000000,0.000000,2.16999993085665e-07,40.000000,0.579999,1000.000000,0.000000,0.000000,13.000000,0.000000,0.515374,0.579999,,,,7.533017,7.533017,,16.800279,,,,,,903.822387,0.066146,0.000000,0.000000,0.000000,,-459.670013,1000.000000,,0.000000,0.000000,,,,0.047081,"UNDEFINED",0.000000,0.997565,0.000000,,,,,"","",,,,7.533017,,0.000000,,0.000000,,,0.000000,0.000000,"",,,0.000000,,-1.000000,,0.000000,0.000000,-1.000000,-1.000000,,,,,,,,,,,"",,,,,,,,,,"Volumetric",,,,,,,,,,0.000000,,,,,,,,,,0.000000,0.000000,,,,,,,,,,,,
"2FB19138","Nodes",1115071.620000,1671893.870000,1313.064347,"Default Known Flow Node",69.999969,0.579999,1000.000000,0.000000,"Known Flow",0.000000,0.000000,2.16999993085665e-07,40.000000,0.579999,1000.000000,0.000000,0.000000,13.000000,0.000000,0.515374,0.579999,,,,7.486387,7.486387,,16.800279,,,,,,903.822387,0.066146,0.000000,0.000000,0.000000,,-459.670013,1000.000000,,0.000000,0.000000,,,,0.047076,"SETFLOW",0.000000,0.997566,0.000000,,,,,"","",,,,7.486387,,0.000000,,0.000000,,,0.000000,0.000000,"",,,0.000000,,-1.000000,,0.000000,0.000000,-1.000000,-1.000000,,,,,,,,,,,"",,,,,,,,,,"Volumetric",,,,,,,,,,-0.094453,,,,,,,,,,-0.094453,-0.002266,,,,,,,,,,,,
"2FB1AA02","Nodes",1115137.250000,1671637.000000,1313.064347,"Default Known Flow Node",69.999969,0.579999,1000.000000,0.000000,"Known Flow",0.000000,0.000000,2.16999993085665e-07,40.000000,0.579999,1000.000000,0.000000,0.000000,13.000000,0.000000,0.515374,0.579999,,,,7.532296,7.532296,,16.800279,,,,,,903.822387,0.066146,0.000000,0.000000,0.000000,,-459.670013,1000.000000,,0.000000,0.000000,,,,0.047081,"UNDEFINED",0.000000,0.997565,0.000000,,,,,"","",,,,7.532296,,0.000000,,0.000000,,,0.000000,0.000000,"",,,0.000000,,-1.000000,,0.000000,0.000000,-1.000000,-1.000000,,,,,,,,,,,"",,,,,,,,,,"Volumetric",,,,,,,,,,0.000000,,,,,,,,,,0.000000,0.000000,,,,,,,,,,,,
"2FB1C617","Nodes",1115178.620000,1671647.000000,1313.064347,"Default Known Flow Node",69.999969,0.579999,1000.000000,0.000000,"Known Flow",0.000000,0.000000,2.16999993085665e-07,40.000000,0.579999,1000.000000,0.000000,0.000000,13.000000,0.000000,0.515374,0.579999,,,,7.525877,7.525877,,16.800279,,,,,,903.822387,0.066146,0.000000,0.000000,0.000000,,-459.670013,1000.000000,,0.000000,0.000000,,,,0.047081,"SETFLOW",0.000000,0.997565,0.000000,,,,,"","",,,,7.525877,,0.000000,,0.000000,,,0.000000,0.000000,"",,,0.000000,,-1.000000,,0.000000,0.000000,-1.000000,-1.000000,,,,,,,,,,,"",,,,,,,,,,"Volumetric",,,,,,,,,,-0.327345,,,,,,,,,,-0.327345,-0.007856,,,,,,,,,,,,
"2FB19975","Nodes",1114501.621779,1671544.028449,1313.064347,"Default Known Flow Node",69.999969,0.579999,1000.000000,0.000000,"Known Flow",0.000000,0.000000,2.16999993085665e-07,40.000000,0.579999,1000.000000,0.000000,0.000000,13.000000,0.000000,0.515375,0.579999,,,,7.711399,7.711399,,16.800279,,,,,,903.822387,0.066146,0.000000,0.000000,0.000000,,-459.670013,1000.000000,,0.000000,0.000000,,,,0.047102,"UNDEFINED",0.000000,0.997564,0.000000,,,,,"","",,,,7.711399,,0.000000,,0.000000,,,0.000000,0.000000,"",,,0.000000,,-1.000000,,0.000000,0.000000,-1.000000,-1.000000,,,,,,,,,,,"",,,,,,,,,,"Volumetric",,,,,,,,,,0.000000,,,,,,,,,,0.000000,0.000000,,,,,,,,,,,,
"2FC01539","Nodes",1114496.668065,1671565.518827,1313.064347,"Default Known Flow Node",69.999969,0.579999,1000.000000,0.000000,"Known Flow",0.000000,0.000000,2.16999993085665e-07,40.000000,0.579999,1000.000000,0.000000,0.000000,13.000000,0.000000,0.515375,0.579999,,,,7.710767,7.710767,,16.800279,,,,,,903.822387,0.066146,0.000000,0.000000,0.000000,,-459.670013,1000.000000,,0.000000,0.000000,,,,0.047102,"UNDEFINED",0.000000,0.997564,0.000000,,,,,"","",,,,7.710767,,0.000000,,0.000000,,,0.000000,0.000000,"",,,0.000000,"V71934",-1.000000,,0.000000,0.000000,0.000000,-1.000000,,,,,,,,,,,"",,,,,,,,,,"Volumetric",,,,,,,,,,0.000000,,,,,,,,,,0.000000,0.000000,,,,,,,,,,,,
"2FB146ED","Nodes",1114444.870000,1671776.750000,1313.064347,"Default Known Flow Node",69.999969,0.579999,1000.000000,0.000000,"Known Flow",0.000000,0.000000,2.16999993085665e-07,40.000000,0.579999,1000.000000,0.000000,0.000000,13.000000,0.000000,0.515375,0.579999,,,,7.646853,7.646853,,16.800279,,,,,,903.822387,0.066146,0.000000,0.000000,0.000000,,-459.670013,1000.000000,,0.000000,0.000000,,,,0.047094,"SETFLOW",0.000000,0.997565,0.000000,,,,,"","",,,,7.646853,,0.000000,,0.000000,,,0.000000,0.000000,"",,,0.000000,,-1.000000,,0.000000,0.000000,-1.000000,-1.000000,,,,,,,,,,,"",,,,,,,,,,"Volumetric",,,,,,,,,,-0.154358,,,,,,,,,,-0.154358,-0.003704,,,,,,,,,,,,
"2FB19136","Nodes",1114455.370000,1671732.500000,1313.064347,"Default Known Flow Node",69.999969,0.579999,1000.000000,0.000000,"Known Flow",0.000000,0.000000,2.16999993085665e-07,40.000000,0.579999,1000.000000,0.000000,0.000000,13.000000,0.000000,0.515375,0.579999,,,,7.658897,7.658897,,16.800279,,,,,,903.822387,0.066146,0.000000,0.000000,0.000000,,-459.670013,1000.000000,,0.000000,0.000000,,,,0.047096,"SETFLOW",0.000000,0.997565,0.000000,,,,,"","",,,,7.658897,,0.000000,,0.000000,,,0.000000,0.000000,"",,,0.000000,,-1.000000,,0.000000,0.000000,-1.000000,-1.000000,,,,,,,,,,,"",,,,,,,,,,"Volumetric",,,,,,,,,,-0.053226,,,,,,,,,,-0.053226,-0.001277,,,,,,,,,,,,
"2FB19AC1","Nodes",1114662.750000,1671787.250000,1313.064347,"Default Known Flow Node",69.999969,0.579999,1000.000000,0.000000,"Known Flow",0.000000,0.000000,2.16999993085665e-07,40.000000,0.579999,1000.000000,0.000000,0.000000,13.000000,0.000000,0.515374,0.579999,,,,7.579817,7.579817,,16.800279,,,,,,903.822387,0.066146,0.000000,0.000000,0.000000,,-459.670013,1000.000000,,0.000000,0.000000,,,,0.047087,"SETFLOW",0.000000,0.997565,0.000000,,,,,"","",,,,7.579817,,0.000000,,0.000000,,,0.000000,0.000000,"",,,0.000000,,-1.000000,,0.000000,0.000000,-1.000000,-1.000000,,,,,,,,,,,"",,,,,,,,,,"Volumetric",,,,,,,,,,-0.322022,,,,,,,,,,-0.322022,-0.007728,,,,,,,,,,,,
"2FB19148","Nodes",1114909.750000,1671852.500000,1313.064347,"Default Known Flow Node",69.999969,0.579999,1000.000000,0.000000,"Known Flow",0.000000,0.000000,2.16999993085665e-07,40.000000,0.579999,1000.000000,0.000000,0.000000,13.000000,0.000000,0.515374,0.579999,,,,7.516909,7.516909,,16.800279,,,,,,903.822387,0.066146,0.000000,0.000000,0.000000,,-459.670013,1000.000000,,0.000000,0.000000,,,,0.047080,"SETFLOW",0.000000,0.997565,0.000000,,,,,"","",,,,7.516909,,0.000000,,0.000000,,,0.000000,0.000000,"",,,0.000000,,-1.000000,,0.000000,0.000000,-1.000000,-1.000000,,,,,,,,,,,"",,,,,,,,,,"Volumetric",,,,,,,,,,-0.202262,,,,,,,,,,-0.202262,-0.004854,,,,,,,,,,,,
"2FB19147","Nodes",1115051.000000,1671888.750000,1313.064347,"Default Known Flow Node",69.999969,0.579999,1000.000000,0.000000,"Known Flow",0.000000,0.000000,2.16999993085665e-07,40.000000,0.579999,1000.000000,0.000000,0.000000,13.000000,0.000000,0.515374,0.579999,,,,7.490202,7.490202,,16.800279,,,,,,903.822387,0.066146,0.000000,0.000000,0.000000,,-459.670013,1000.000000,,0.000000,0.000000,,,,0.047077,"UNDEFINED",0.000000,0.997565,0.000000,,,,,"","",,,,7.490202,,0.000000,,0.000000,,,0.000000,0.000000,"",,,0.000000,,-1.000000,,0.000000,0.000000,-1.000000,-1.000000,,,,,,,,,,,"",,,,,,,,,,"Volumetric",,,,,,,,,,0.000000,,,,,,,,,,0.000000,0.000000,,,,,,,,,,,,
"2FB19AC2","Nodes",1115069.250000,1671893.250000,1313.064347,"Default Known Flow Node",69.999969,0.579999,1000.000000,0.000000,"Known Flow",0.000000,0.000000,2.16999993085665e-07,40.000000,0.579999,1000.000000,0.000000,0.000000,13.000000,0.000000,0.515374,0.579999,,,,7.486750,7.486750,,16.800279,,,,,,903.822387,0.066146,0.000000,0.000000,0.000000,,-459.670013,1000.000000,,0.000000,0.000000,,,,0.047076,"UNDEFINED",0.000000,0.997566,0.000000,,,,,"","",,,,7.486750,,0.000000,,0.000000,,,0.000000,0.000000,"",,,0.000000,,-1.000000,,0.000000,0.000000,-1.000000,-1.000000,,,,,,,,,,,"",,,,,,,,,,"Volumetric",,,,,,,,,,0.000000,,,,,,,,,,0.000000,0.000000,,,,,,,,,,,,
"2FB1914C","Nodes",1115012.870000,1672149.000000,1313.064347,"Default Known Flow Node",69.999969,0.579999,1000.000000,0.000000,"Known Flow",0.000000,0.000000,2.16999993085665e-07,40.000000,0.579999,1000.000000,0.000000,0.000000,13.000000,0.000000,0.515373,0.579999,,,,7.430215,7.430215,,16.800279,,,,,,903.822387,0.066146,0.000000,0.000000,0.000000,,-459.670013,1000.000000,,0.000000,0.000000,,,,0.047070,"SETFLOW",0.000000,0.997566,0.000000,,,,,"","",,,,7.430215,,0.000000,,0.000000,,,0.000000,0.000000,"",,,0.000000,,-1.000000,,0.000000,0.000000,-1.000000,-1.000000,,,,,,,,,,,"",,,,,,,,,,"Volumetric",,,,,,,,,,-0.306587,,,,,,,,,,-0.306587,-0.007358,,,,,,,,,,,,
"2FB19AC3","Nodes",1115074.250000,1671894.500000,1313.064347,"Default Known Flow Node",69.999969,0.579999,1000.000000,0.000000,"Known Flow",0.000000,0.000000,2.16999993085665e-07,40.000000,0.579999,1000.000000,0.000000,0.000000,13.000000,0.000000,0.515374,0.579999,,,,7.485994,7.485994,,16.800279,,,,,,903.822387,0.066146,0.000000,0.000000,0.000000,,-459.670013,1000.000000,,0.000000,0.000000,,,,0.047076,"UNDEFINED",0.000000,0.997566,0.000000,,,,,"","",,,,7.485994,,0.000000,,0.000000,,,0.000000,0.000000,"",,,0.000000,,-1.000000,,0.000000,0.000000,-1.000000,-1.000000,,,,,,,,,,,"",,,,,,,,,,"Volumetric",,,,,,,,,,0.000000,,,,,,,,,,0.000000,0.000000,,,,,,,,,,,,
"2FB1F662","Nodes",1115179.620000,1671921.250000,1313.064347,"Default Known Flow Node",69.999969,0.579999,1000.000000,0.000000,"Known Flow",0.000000,0.000000,2.16999993085665e-07,40.000000,0.579999,1000.000000,0.000000,0.000000,13.000000,0.000000,0.515374,0.579999,,,,7.471885,7.471885,,16.800279,,,,,,903.822387,0.066146,0.000000,0.000000,0.000000,,-459.670013,1000.000000,,0.000000,0.000000,,,,0.047074,"SETFLOW",0.000000,0.997566,0.000000,,,,,"","",,,,7.471885,,0.000000,,0.000000,,,0.000000,0.000000,"",,,0.000000,,-1.000000,,0.000000,0.000000,-1.000000,-1.000000,,,,,,,,,,,"",,,,,,,,,,"Volumetric",,,,,,,,,,-0.040258,,,,,,,,,,-0.040258,-0.000966,,,,,,,,,,,,
"2FB19AA2","Nodes",1114415.750000,1671901.370000,1313.064347,"Default Known Flow Node",69.999969,0.579999,1000.000000,0.000000,"Known Flow",0.000000,0.000000,2.16999993085665e-07,40.000000,0.579999,1000.000000,0.000000,0.000000,13.000000,0.000000,0.515374,0.579999,,,,7.614853,7.614853,,16.800279,,,,,,903.822387,0.066146,0.000000,0.000000,0.000000,,-459.670013,1000.000000,,0.000000,0.000000,,,,0.047091,"SETFLOW",0.000000,0.997565,0.000000,,,,,"","",,,,7.614853,,0.000000,,0.000000,,,0.000000,0.000000,"",,,0.000000,,-1.000000,,0.000000,0.000000,-1.000000,-1.000000,,,,,,,,,,,"",,,,,,,,,,"Volumetric",,,,,,,,,,-0.172987,,,,,,,,,,-0.172987,-0.004151,,,,,,,,,,,,
"2FB19AA3","Nodes",1114414.620000,1671906.370000,1313.064347,"Default Known Flow Node",69.999969,0.579999,1000.000000,0.000000,"Known Flow",0.000000,0.000000,2.16999993085665e-07,40.000000,0.579999,1000.000000,0.000000,0.000000,13.000000,0.000000,0.515374,0.579999,,,,7.612288,7.612288,,16.800279,,,,,,903.822387,0.066146,0.000000,0.000000,0.000000,,-459.670013,1000.000000,,0.000000,0.000000,,,,0.047090,"UNDEFINED",0.000000,0.997565,0.000000,,,,,"","",,,,7.612288,,0.000000,,0.000000,,,0.000000,0.000000,"",,,0.000000,,-1.000000,,0.000000,0.000000,-1.000000,-1.000000,,,,,,,,,,,"",,,,,,,,,,"Volumetric",,,,,,,,,,0.000000,,,,,,,,,,0.000000,0.000000,,,,,,,,,,,,
"2FB19146","Nodes",1114396.370000,1671985.750000,1313.064347,"Default Known Flow Node",69.999969,0.579999,1000.000000,0.000000,"Known Flow",0.000000,0.000000,2.16999993085665e-07,40.000000,0.579999,1000.000000,0.000000,0.000000,13.000000,0.000000,0.515374,0.579999,,,,7.555276,7.555276,,16.800279,,,,,,903.822387,0.066146,0.000000,0.000000,0.000000,,-459.670013,1000.000000,,0.000000,0.000000,,,,0.047084,"SETFLOW",0.000000,0.997565,0.000000,,,,,"","",,,,7.555276,,0.000000,,0.000000,,,0.000000,0.000000,"",,,0.000000,,-1.000000,,0.000000,0.000000,-1.000000,-1.000000,,,,,,,,,,,"",,,,,,,,,,"Volumetric",,,,,,,,,,-0.186294,,,,,,,,,,-0.186294,-0.004471,,,,,,,,,,,,
"2FB19AA4","Nodes",1114394.750000,1671992.750000,1313.064347,"Default Known Flow Node",69.999969,0.579999,1000.000000,0.000000,"Known Flow",0.000000,0.000000,2.16999993085665e-07,40.000000,0.579999,1000.000000,0.000000,0.000000,13.000000,0.000000,0.515374,0.579999,,,,7.552301,7.552301,,16.800279,,,,,,903.822387,0.066146,0.000000,0.000000,0.000000,,-459.670013,1000.000000,,0.000000,0.000000,,,,0.047084,"UNDEFINED",0.000000,0.997565,0.000000,,,,,"","",,,,7.552301,,0.000000,,0.000000,,,0.000000,0.000000,"",,,0.000000,,-1.000000,,0.000000,0.000000,-1.000000,-1.000000,,,,,,,,,,,"",,,,,,,,,,"Volumetric",,,,,,,,,,0.000000,,,,,,,,,,0.000000,0.000000,,,,,,,,,,,,
"2FB19AA6","Nodes",1114390.000000,1672013.620000,1313.064347,"Default Known Flow Node",69.999969,0.579999,1000.000000,0.000000,"Known Flow",0.000000,0.000000,2.16999993085665e-07,40.000000,0.579999,1000.000000,0.000000,0.000000,13.000000,0.000000,0.515374,0.579999,,,,7.544399,7.544399,,16.800279,,,,,,903.822387,0.066146,0.000000,0.000000,0.000000,,-459.670013,1000.000000,,0.000000,0.000000,,,,0.047083,"UNDEFINED",0.000000,0.997565,0.000000,,,,,"","",,,,7.544399,,0.000000,,0.000000,,,0.000000,0.000000,"",,,0.000000,,-1.000000,,0.000000,0.000000,-1.000000,-1.000000,,,,,,,,,,,"",,,,,,,,,,"Volumetric",,,,,,,,,,0.000000,,,,,,,,,,0.000000,0.000000,,,,,,,,,,,,
"2FB1FC24","Nodes",1114964.000000,1672136.500000,1313.064347,"Default Known Flow Node",69.999969,0.579999,1000.000000,0.000000,"Known Flow",0.000000,0.000000,2.16999993085665e-07,40.000000,0.579999,1000.000000,0.000000,0.000000,13.000000,0.000000,0.515374,0.579999,,,,7.439621,7.439621,,16.800279,,,,,,903.822387,0.066146,0.000000,0.000000,0.000000,,-459.670013,1000.000000,,0.000000,0.000000,,,,0.047071,"SETFLOW",0.000000,0.997566,0.000000,,,,,"","",,,,7.439621,,0.000000,,0.000000,,,0.000000,0.000000,"",,,0.000000,,-1.000000,,0.000000,0.000000,-1.000000,-1.000000,,,,,,,,,,,"",,,,,,,,,,"Volumetric",,,,,,,,,,-0.069678,,,,,,,,,,-0.069678,-0.001672,,,,,,,,,,,,
"2FBC6BAF","Nodes",1114774.570814,1672086.178997,1313.064347,"Default Known Flow Node",69.999969,0.579999,1000.000000,0.000000,"Known Flow",0.000000,0.000000,2.16999993085665e-07,40.000000,0.579999,1000.000000,0.000000,0.000000,13.000000,0.000000,0.515374,0.579999,,,,7.469934,7.469934,,16.800279,,,,,,903.822387,0.066146,0.000000,0.000000,0.000000,,-459.670013,1000.000000,,0.000000,0.000000,,,,0.047074,"UNDEFINED",0.000000,0.997566,0.000000,,,,,"","",,,,7.469934,,0.000000,,0.000000,,,0.000000,0.000000,"",,,0.000000,,-1.000000,,0.000000,0.000000,0.000000,-1.000000,,,,,,,,,,,"",,,,,,,,,,"Volumetric",,,,,,,,,,0.000000,,,,,,,,,,0.000000,0.000000,,,,,,,,,,,,
"2FB19ABD","Nodes",1115004.620000,1672146.750000,1313.064347,"Default Known Flow Node",69.999969,0.579999,1000.000000,0.000000,"Known Flow",0.000000,0.000000,2.16999993085665e-07,40.000000,0.579999,1000.000000,0.000000,0.000000,13.000000,0.000000,0.515373,0.579999,,,,7.431312,7.431312,,16.800279,,,,,,903.822387,0.066146,0.000000,0.000000,0.000000,,-459.670013,1000.000000,,0.000000,0.000000,,,,0.047070,"UNDEFINED",0.000000,0.997566,0.000000,,,,,"","",,,,7.431312,,0.000000,,0.000000,,,0.000000,0.000000,"",,,0.000000,,-1.000000,,0.000000,0.000000,-1.000000,-1.000000,,,,,,,,,,,"",,,,,,,,,,"Volumetric",,,,,,,,,,0.000000,,,,,,,,,,0.000000,0.000000,,,,,,,,,,,,
"2FB19ABF","Nodes",1115010.370000,1672148.370000,1313.064347,"Default Known Flow Node",69.999969,0.579999,1000.000000,0.000000,"Known Flow",0.000000,0.000000,2.16999993085665e-07,40.000000,0.579999,1000.000000,0.000000,0.000000,13.000000,0.000000,0.515373,0.579999,,,,7.430626,7.430626,,16.800279,,,,,,903.822387,0.066146,0.000000,0.000000,0.000000,,-459.670013,1000.000000,,0.000000,0.000000,,,,0.047070,"UNDEFINED",0.000000,0.997566,0.000000,,,,,"","",,,,7.430626,,0.000000,,0.000000,,,0.000000,0.000000,"",,,0.000000,,-1.000000,,0.000000,0.000000,-1.000000,-1.000000,,,,,,,,,,,"",,,,,,,,,,"Volumetric",,,,,,,,,,0.000000,,,,,,,,,,0.000000,0.000000,,,,,,,,,,,,
"2FB19133","Nodes",1114958.750000,1672385.370000,1313.064347,"Default Known Flow Node",69.999969,0.579999,1000.000000,0.000000,"Known Flow",0.000000,0.000000,2.16999993085665e-07,40.000000,0.579999,1000.000000,0.000000,0.000000,13.000000,0.000000,0.515373,0.579999,,,,7.408734,7.408734,,16.800279,,,,,,903.822387,0.066146,0.000000,0.000000,0.000000,,-459.670013,1000.000000,,0.000000,0.000000,,,,0.047067,"SETFLOW",0.000000,0.997566,0.000000,,,,,"","",,,,7.408734,,0.000000,,0.000000,,,0.000000,0.000000,"",,,0.000000,,-1.000000,,0.000000,0.000000,-1.000000,-1.000000,,,,,,,,,,,"",,,,,,,,,,"Volumetric",,,,,,,,,,-0.258586,,,,,,,,,,-0.258586,-0.006206,,,,,,,,,,,,
"2FB19ABC","Nodes",1115015.370000,1672149.620000,1313.064347,"Default Known Flow Node",69.999969,0.579999,1000.000000,0.000000,"Known Flow",0.000000,0.000000,2.16999993085665e-07,40.000000,0.579999,1000.000000,0.000000,0.000000,13.000000,0.000000,0.515373,0.579999,,,,7.429852,7.429852,,16.800279,,,,,,903.822387,0.066146,0.000000,0.000000,0.000000,,-459.670013,1000.000000,,0.000000,0.000000,,,,0.047070,"UNDEFINED",0.000000,0.997566,0.000000,,,,,"","",,,,7.429852,,0.000000,,0.000000,,,0.000000,0.000000,"",,,0.000000,,-1.000000,,0.000000,0.000000,-1.000000,-1.000000,,,,,,,,,,,"",,,,,,,,,,"Volumetric",,,,,,,,,,0.000000,,,,,,,,,,0.000000,0.000000,,,,,,,,,,,,
"2FB19ABE","Nodes",1115128.370000,1672178.870000,1313.064347,"Default Known Flow Node",69.999969,0.579999,1000.000000,0.000000,"Known Flow",0.000000,0.000000,2.16999993085665e-07,40.000000,0.579999,1000.000000,0.000000,0.000000,13.000000,0.000000,0.515373,0.579999,,,,7.408653,7.408653,,16.800279,,,,,,903.822387,0.066146,0.000000,0.000000,0.000000,,-459.670013,1000.000000,,0.000000,0.000000,,,,0.047067,"UNDEFINED",0.000000,0.997566,0.000000,,,,,"","",,,,7.408653,,0.000000,,0.000000,,,0.000000,0.000000,"",,,0.000000,,-1.000000,,0.000000,0.000000,-1.000000,-1.000000,,,,,,,,,,,"",,,,,,,,,,"Volumetric",,,,,,,,,,0.000000,,,,,,,,,,0.000000,0.000000,,,,,,,,,,,,
"2FB19AA7","Nodes",1114390.000000,1672014.620000,1313.064347,"Default Known Flow Node",69.999969,0.579999,1000.000000,0.000000,"Known Flow",0.000000,0.000000,2.16999993085665e-07,40.000000,0.579999,1000.000000,0.000000,0.000000,13.000000,0.000000,0.515374,0.579999,,,,7.544399,7.544399,,16.800279,,,,,,903.822387,0.066146,0.000000,0.000000,0.000000,,-459.670013,1000.000000,,0.000000,0.000000,,,,0.047083,"SETFLOW",0.000000,0.997565,0.000000,,,,,"","",,,,7.544399,,0.000000,,0.000000,,,0.000000,0.000000,"",,,0.000000,,-1.000000,,0.000000,0.000000,-1.000000,-1.000000,,,,,,,,,,,"",,,,,,,,,,"Volumetric",,,,,,,,,,-0.119760,,,,,,,,,,-0.119760,-0.002874,,,,,,,,,,,,
"2FB19AA5","Nodes",1114353.000000,1672173.870000,1313.064347,"Default Known Flow Node",69.999969,0.579999,1000.000000,0.000000,"Known Flow",0.000000,0.000000,2.16999993085665e-07,40.000000,0.579999,1000.000000,0.000000,0.000000,13.000000,0.000000,0.515374,0.579999,,,,7.484994,7.484994,,16.800279,,,,,,903.822387,0.066146,0.000000,0.000000,0.000000,,-459.670013,1000.000000,,0.000000,0.000000,,,,0.047076,"SETFLOW",0.000000,0.997566,0.000000,,,,,"","",,,,7.484994,,0.000000,,0.000000,,,0.000000,0.000000,"",,,0.000000,,-1.000000,,0.000000,0.000000,-1.000000,-1.000000,,,,,,,,,,,"",,,,,,,,,,"Volumetric",,,,,,,,,,-0.087098,,,,,,,,,,-0.087098,-0.002090,,,,,,,,,,,,
"2FB19AC0","Nodes",1115131.120000,1672179.620000,1313.064347,"Default Known Flow Node",69.999969,0.579999,1000.000000,0.000000,"Known Flow",0.000000,0.000000,2.16999993085665e-07,40.000000,0.579999,1000.000000,0.000000,0.000000,13.000000,0.000000,0.515373,0.579999,,,,7.408536,7.408536,,16.800279,,,,,,903.822387,0.066146,0.000000,0.000000,0.000000,,-459.670013,1000.000000,,0.000000,0.000000,,,,0.047067,"SETFLOW",0.000000,0.997566,0.000000,,,,,"","",,,,7.408536,,0.000000,,0.000000,,,0.000000,0.000000,"",,,0.000000,,-1.000000,,0.000000,0.000000,-1.000000,-1.000000,,,,,,,,,,,"",,,,,,,,,,"Volumetric",,,,,,,,,,-0.058839,,,,,,,,,,-0.058839,-0.001412,,,,,,,,,,,,
"2FB1F663","Nodes",1115179.620000,1672192.250000,1313.064347,"Default Known Flow Node",69.999969,0.579999,1000.000000,0.000000,"Known Flow",0.000000,0.000000,2.16999993085665e-07,40.000000,0.579999,1000.000000,0.000000,0.000000,13.000000,0.000000,0.515373,0.579999,,,,7.406760,7.406760,,16.800279,,,,,,903.822387,0.066146,0.000000,0.000000,0.000000,,-459.670013,1000.000000,,0.000000,0.000000,,,,0.047067,"SETFLOW",0.000000,0.997566,0.000000,,,,,"","",,,,7.406760,,0.000000,,0.000000,,,0.000000,0.000000,"",,,0.000000,,-1.000000,,0.000000,0.000000,-1.000000,-1.000000,,,,,,,,,,,"",,,,,,,,,,"Volumetric",,,,,,,,,,-0.134712,,,,,,,,,,-0.134712,-0.003233,,,,,,,,,,,,
"2FB19AA8","Nodes",1114339.120000,1672233.870000,1313.064347,"Default Known Flow Node",69.999969,0.579999,1000.000000,0.000000,"Known Flow",0.000000,0.000000,2.16999993085665e-07,40.000000,0.579999,1000.000000,0.000000,0.000000,13.000000,0.000000,0.515374,0.579999,,,,7.463394,7.463394,,16.800279,,,,,,903.822387,0.066146,0.000000,0.000000,0.000000,,-459.670013,1000.000000,,0.000000,0.000000,,,,0.047073,"UNDEFINED",0.000000,0.997566,0.000000,,,,,"","",,,,7.463394,,0.000000,,0.000000,,,0.000000,0.000000,"",,,0.000000,,-1.000000,,0.000000,0.000000,-1.000000,-1.000000,,,,,,,,,,,"",,,,,,,,,,"Volumetric",,,,,,,,,,0.000000,,,,,,,,,,0.000000,0.000000,,,,,,,,,,,,
"2FB1913C","Nodes",1114337.250000,1672241.620000,1313.064347,"Default Known Flow Node",69.999969,0.579999,1000.000000,0.000000,"Known Flow",0.000000,0.000000,2.16999993085665e-07,40.000000,0.579999,1000.000000,0.000000,0.000000,13.000000,0.000000,0.515374,0.579999,,,,7.460607,7.460607,,16.800279,,,,,,903.822387,0.066146,0.000000,0.000000,0.000000,,-459.670013,1000.000000,,0.000000,0.000000,,,,0.047073,"UNDEFINED",0.000000,0.997566,0.000000,,,,,"","",,,,7.460607,,0.000000,,0.000000,,,0.000000,0.000000,"",,,0.000000,,-1.000000,,0.000000,0.000000,-1.000000,-1.000000,,,,,,,,,,,"",,,,,,,,,,"Volumetric",,,,,,,,,,0.000000,,,,,,,,,,0.000000,0.000000,,,,,,,,,,,,
"2FB19AB1","Nodes",1114368.500000,1672250.250000,1313.064347,"Default Known Flow Node",69.999969,0.579999,1000.000000,0.000000,"Known Flow",0.000000,0.000000,2.16999993085665e-07,40.000000,0.579999,1000.000000,0.000000,0.000000,13.000000,0.000000,0.515374,0.579999,,,,7.459714,7.459714,,16.800279,,,,,,903.822387,0.066146,0.000000,0.000000,0.000000,,-459.670013,1000.000000,,0.000000,0.000000,,,,0.047073,"UNDEFINED",0.000000,0.997566,0.000000,,,,,"","",,,,7.459714,,0.000000,,0.000000,,,0.000000,0.000000,"",,,0.000000,,-1.000000,,0.000000,0.000000,-1.000000,-1.000000,,,,,,,,,,,"",,,,,,,,,,"Volumetric",,,,,,,,,,0.000000,,,,,,,,,,0.000000,0.000000,,,,,,,,,,,,
"2FB19AB2","Nodes",1114517.750000,1672289.500000,1313.064347,"Default Known Flow Node",69.999969,0.579999,1000.000000,0.000000,"Known Flow",0.000000,0.000000,2.16999993085665e-07,40.000000,0.579999,1000.000000,0.000000,0.000000,13.000000,0.000000,0.515374,0.579999,,,,7.457038,7.457038,,16.800279,,,,,,903.822387,0.066146,0.000000,0.000000,0.000000,,-459.670013,1000.000000,,0.000000,0.000000,,,,0.047073,"SETFLOW",0.000000,0.997566,0.000000,,,,,"","",,,,7.457038,,0.000000,,0.000000,,,0.000000,0.000000,"",,,0.000000,,-1.000000,,0.000000,0.000000,-1.000000,-1.000000,,,,,,,,,,,"",,,,,,,,,,"Volumetric",,,,,,,,,,-0.253377,,,,,,,,,,-0.253377,-0.006081,,,,,,,,,,,,
"2FB19AA9","Nodes",1114309.370000,1672363.870000,1313.064347,"Default Known Flow Node",69.999969,0.579999,1000.000000,0.000000,"Known Flow",0.000000,0.000000,2.16999993085665e-07,40.000000,0.579999,1000.000000,0.000000,0.000000,13.000000,0.000000,0.515374,0.579999,,,,7.450338,7.450338,,16.800279,,,,,,903.822387,0.066146,0.000000,0.000000,0.000000,,-459.670013,1000.000000,,0.000000,0.000000,,,,0.047072,"UNDEFINED",0.000000,0.997566,0.000000,,,,,"","",,,,7.450338,,0.000000,,0.000000,,,0.000000,0.000000,"",,,0.000000,,-1.000000,,0.000000,0.000000,-1.000000,-1.000000,,,,,,,,,,,"",,,,,,,,,,"Volumetric",,,,,,,,,,0.000000,,,,,,,,,,0.000000,0.000000,,,,,,,,,,,,
"2FB1913D","Nodes",1114857.620000,1672378.870000,1313.064347,"Default Known Flow Node",69.999969,0.579999,1000.000000,0.000000,"Known Flow",0.000000,0.000000,2.16999993085665e-07,40.000000,0.579999,1000.000000,0.000000,0.000000,13.000000,0.000000,0.515374,0.579999,,,,7.451830,7.451830,,16.800279,,,,,,903.822387,0.066146,0.000000,0.000000,0.000000,,-459.670013,1000.000000,,0.000000,0.000000,,,,0.047072,"SETFLOW",0.000000,0.997566,0.000000,,,,,"","",,,,7.451830,,0.000000,,0.000000,,,0.000000,0.000000,"",,,0.000000,,-1.000000,,0.000000,0.000000,-1.000000,-1.000000,,,,,,,,,,,"",,,,,,,,,,"Volumetric",,,,,,,,,,-0.410331,,,,,,,,,,-0.410331,-0.009847,,,,,,,,,,,,
"2FB19AB3","Nodes",1114906.870000,1672395.750000,1313.064347,"Default Known Flow Node",69.999969,0.579999,1000.000000,0.000000,"Known Flow",0.000000,0.000000,2.16999993085665e-07,40.000000,0.579999,1000.000000,0.000000,0.000000,13.000000,0.000000,0.515373,0.579999,,,,7.424790,7.424790,,16.800279,,,,,,903.822387,0.066146,0.000000,0.000000,0.000000,,-459.670013,1000.000000,,0.000000,0.000000,,,,0.047069,"SETFLOW",0.000000,0.997566,0.000000,,,,,"","",,,,7.424790,,0.000000,,0.000000,,,0.000000,0.000000,"",,,0.000000,,-1.000000,,0.000000,0.000000,-1.000000,-1.000000,,,,,,,,,,,"",,,,,,,,,,"Volumetric",,,,,,,,,,-0.068130,,,,,,,,,,-0.068130,-0.001635,,,,,,,,,,,,
"2FB19132","Nodes",1114956.250000,1672384.750000,1313.064347,"Default Known Flow Node",69.999969,0.579999,1000.000000,0.000000,"Known Flow",0.000000,0.000000,2.16999993085665e-07,40.000000,0.579999,1000.000000,0.000000,0.000000,13.000000,0.000000,0.515373,0.579999,,,,7.408734,7.408734,,16.800279,,,,,,903.822387,0.066146,0.000000,0.000000,0.000000,,-459.670013,1000.000000,,0.000000,0.000000,,,,0.047067,"UNDEFINED",0.000000,0.997566,0.000000,,,,,"","",,,,7.408734,,0.000000,,0.000000,,,0.000000,0.000000,"",,,0.000000,,-1.000000,,0.000000,0.000000,-1.000000,-1.000000,,,,,,,,,,,"",,,,,,,,,,"Volumetric",,,,,,,,,,0.000000,,,,,,,,,,0.000000,0.000000,,,,,,,,,,,,
"2FB19139","Nodes",1114963.750000,1672386.750000,1313.064347,"Default Known Flow Node",69.999969,0.579999,1000.000000,0.000000,"Known Flow",0.000000,0.000000,2.16999993085665e-07,40.000000,0.579999,1000.000000,0.000000,0.000000,13.000000,0.000000,0.515373,0.579999,,,,7.408574,7.408574,,16.800279,,,,,,903.822387,0.066146,0.000000,0.000000,0.000000,,-459.670013,1000.000000,,0.000000,0.000000,,,,0.047067,"UNDEFINED",0.000000,0.997566,0.000000,,,,,"","",,,,7.408574,,0.000000,,0.000000,,,0.000000,0.000000,"",,,0.000000,,-1.000000,,0.000000,0.000000,-1.000000,-1.000000,,,,,,,,,,,"",,,,,,,,,,"Volumetric",,,,,,,,,,0.000000,,,,,,,,,,0.000000,0.000000,,,,,,,,,,,,
"2FB19AB4","Nodes",1114918.750000,1672398.620000,1313.064347,"Default Known Flow Node",69.999969,0.579999,1000.000000,0.000000,"Known Flow",0.000000,0.000000,2.16999993085665e-07,40.000000,0.579999,1000.000000,0.000000,0.000000,13.000000,0.000000,0.515373,0.579999,,,,7.417819,7.417819,,16.800279,,,,,,903.822387,0.066146,0.000000,0.000000,0.000000,,-459.670013,1000.000000,,0.000000,0.000000,,,,0.047068,"UNDEFINED",0.000000,0.997566,0.000000,,,,,"","",,,,7.417819,,0.000000,,0.000000,,,0.000000,0.000000,"",,,0.000000,,-1.000000,,0.000000,0.000000,-1.000000,-1.000000,,,,,,,,,,,"",,,,,,,,,,"Volumetric",,,,,,,,,,0.000000,,,,,,,,,,0.000000,0.000000,,,,,,,,,,,,
"2FB1913B","Nodes",1114932.370000,1672402.120000,1313.064347,"Default Known Flow Node",69.999969,0.579999,1000.000000,0.000000,"Known Flow",0.000000,0.000000,2.16999993085665e-07,40.000000,0.579999,1000.000000,0.000000,0.000000,13.000000,0.000000,0.515373,0.579999,,,,7.410849,7.410849,,16.800279,,,,,,903.822387,0.066146,0.000000,0.000000,0.000000,,-459.670013,1000.000000,,0.000000,0.000000,,,,0.047068,"UNDEFINED",0.000000,0.997566,0.000000,,,,,"","",,,,7.410849,,0.000000,,0.000000,,,0.000000,0.000000,"",,,0.000000,,-1.000000,,0.000000,0.000000,-1.000000,-1.000000,,,,,,,,,,,"",,,,,,,,,,"Volumetric",,,,,,,,,,0.000000,,,,,,,,,,0.000000,0.000000,,,,,,,,,,,,
"2FB1912E","Nodes",1114932.870000,1672400.120000,1313.064347,"Default Known Flow Node",69.999969,0.579999,1000.000000,0.000000,"Known Flow",0.000000,0.000000,2.16999993085665e-07,40.000000,0.579999,1000.000000,0.000000,0.000000,13.000000,0.000000,0.515373,0.579999,,,,7.410849,7.410849,,16.800279,,,,,,903.822387,0.066146,0.000000,0.000000,0.000000,,-459.670013,1000.000000,,0.000000,0.000000,,,,0.047068,"UNDEFINED",0.000000,0.997566,0.000000,,,,,"","",,,,7.410849,,0.000000,,0.000000,,,0.000000,0.000000,"",,,0.000000,,-1.000000,,0.000000,0.000000,-1.000000,-1.000000,,,,,,,,,,,"",,,,,,,,,,"Volumetric",,,,,,,,,,0.000000,,,,,,,,,,0.000000,0.000000,,,,,,,,,,,,
"2FB1913A","Nodes",1114931.750000,1672405.250000,1313.064347,"Default Known Flow Node",69.999969,0.579999,1000.000000,0.000000,"Known Flow",0.000000,0.000000,2.16999993085665e-07,40.000000,0.579999,1000.000000,0.000000,0.000000,13.000000,0.000000,0.515373,0.579999,,,,7.409355,7.409355,,16.800279,,,,,,903.822387,0.066146,0.000000,0.000000,0.000000,,-459.670013,1000.000000,,0.000000,0.000000,,,,0.047067,"UNDEFINED",0.000000,0.997566,0.000000,,,,,"","",,,,7.409355,,0.000000,,0.000000,,,0.000000,0.000000,"",,,0.000000,,-1.000000,,0.000000,0.000000,-1.000000,-1.000000,,,,,,,,,,,"",,,,,,,,,,"Volumetric",,,,,,,,,,0.000000,,,,,,,,,,0.000000,0.000000,,,,,,,,,,,,
"2FB19AB5","Nodes",1114934.250000,1672405.750000,1313.064347,"Default Known Flow Node",69.999969,0.579999,1000.000000,0.000000,"Known Flow",0.000000,0.000000,2.16999993085665e-07,40.000000,0.579999,1000.000000,0.000000,0.000000,13.000000,0.000000,0.515373,0.579999,,,,7.409293,7.409293,,16.800279,,,,,,903.822387,0.066146,0.000000,0.000000,0.000000,,-459.670013,1000.000000,,0.000000,0.000000,,,,0.047067,"UNDEFINED",0.000000,0.997566,0.000000,,,,,"","",,,,7.409293,,0.000000,,0.000000,,,0.000000,0.000000,"",,,0.000000,,-1.000000,,0.000000,0.000000,-1.000000,-1.000000,,,,,,,,,,,"",,,,,,,,,,"Volumetric",,,,,,,,,,0.000000,,,,,,,,,,0.000000,0.000000,,,,,,,,,,,,
"2FB19AB6","Nodes",1114931.120000,1672407.620000,1313.064347,"Default Known Flow Node",69.999969,0.579999,1000.000000,0.000000,"Known Flow",0.000000,0.000000,2.16999993085665e-07,40.000000,0.579999,1000.000000,0.000000,0.000000,13.000000,0.000000,0.515373,0.579999,,,,7.408682,7.408682,,16.800279,,,,,,903.822387,0.066146,0.000000,0.000000,0.000000,,-459.670013,1000.000000,,0.000000,0.000000,,,,0.047067,"UNDEFINED",0.000000,0.997566,0.000000,,,,,"","",,,,7.408682,,0.000000,,0.000000,,,0.000000,0.000000,"",,,0.000000,,-1.000000,,0.000000,0.000000,-1.000000,-1.000000,,,,,,,,,,,"",,,,,,,,,,"Volumetric",,,,,,,,,,0.000000,,,,,,,,,,0.000000,0.000000,,,,,,,,,,,,
"2FB1914A","Nodes",1114958.250000,1672408.370000,1313.064347,"Default Known Flow Node",69.999969,0.579999,1000.000000,0.000000,"Known Flow",0.000000,0.000000,2.16999993085665e-07,40.000000,0.579999,1000.000000,0.000000,0.000000,13.000000,0.000000,0.515373,0.579999,,,,7.409026,7.409026,,16.800279,,,,,,903.822387,0.066146,0.000000,0.000000,0.000000,,-459.670013,1000.000000,,0.000000,0.000000,,,,0.047067,"UNDEFINED",0.000000,0.997566,0.000000,,,,,"","",,,,7.409026,,0.000000,,0.000000,,,0.000000,0.000000,"",,,0.000000,,-1.000000,,0.000000,0.000000,-1.000000,-1.000000,,,,,,,,,,,"",,,,,,,,,,"Volumetric",,,,,,,,,,0.000000,,,,,,,,,,0.000000,0.000000,,,,,,,,,,,,
"2FB19AB8","Nodes",1114927.250000,1672425.250000,1313.064347,"Default Known Flow Node",69.999969,0.579999,1000.000000,0.000000,"Known Flow",0.000000,0.000000,2.16999993085665e-07,40.000000,0.579999,1000.000000,0.000000,0.000000,13.000000,0.000000,0.515373,0.579999,,,,7.407820,7.407820,,16.800279,,,,,,903.822387,0.066146,0.000000,0.000000,0.000000,,-459.670013,1000.000000,,0.000000,0.000000,,,,0.047067,"SETFLOW",0.000000,0.997566,0.000000,,,,,"","",,,,7.407820,,0.000000,,0.000000,,,0.000000,0.000000,"",,,0.000000,,-1.000000,,0.000000,0.000000,-1.000000,-1.000000,,,,,,,,,,,"",,,,,,,,,,"Volumetric",,,,,,,,,,-0.061936,,,,,,,,,,-0.061936,-0.001486,,,,,,,,,,,,
"2FB19AB7","Nodes",1114907.750000,1672511.500000,1313.064347,"Default Known Flow Node",69.999969,0.579999,1000.000000,0.000000,"Known Flow",0.000000,0.000000,2.16999993085665e-07,40.000000,0.579999,1000.000000,0.000000,0.000000,13.000000,0.000000,0.515373,0.579999,,,,7.403587,7.403587,,16.800279,,,,,,903.822387,0.066146,0.000000,0.000000,0.000000,,-459.670013,1000.000000,,0.000000,0.000000,,,,0.047067,"SETFLOW",0.000000,0.997566,0.000000,,,,,"","",,,,7.403587,,0.000000,,0.000000,,,0.000000,0.000000,"",,,0.000000,,-1.000000,,0.000000,0.000000,-1.000000,-1.000000,,,,,,,,,,,"",,,,,,,,,,"Volumetric",,,,,,,,,,-0.099098,,,,,,,,,,-0.099098,-0.002378,,,,,,,,,,,,
"2FB1912F","Nodes",1114278.620000,1672498.500000,1313.064347,"Default Known Flow Node",69.999969,0.579999,1000.000000,0.000000,"Known Flow",0.000000,0.000000,2.16999993085665e-07,40.000000,0.579999,1000.000000,0.000000,0.000000,13.000000,0.000000,0.515374,0.579999,,,,7.439001,7.439001,,16.800279,,,,,,903.822387,0.066146,0.000000,0.000000,0.000000,,-459.670013,1000.000000,,0.000000,0.000000,,,,0.047071,"SETFLOW",0.000000,0.997566,0.000000,,,,,"","",,,,7.439001,,0.000000,,0.000000,,,0.000000,0.000000,"",,,0.000000,,-1.000000,,0.000000,0.000000,-1.000000,-1.000000,,,,,,,,,,,"",,,,,,,,,,"Volumetric",,,,,,,,,,-0.059786,,,,,,,,,,-0.059786,-0.001434,,,,,,,,,,,,
"2FB19AAB","Nodes",1114533.500000,1672565.750000,1313.064347,"Default Known Flow Node",69.999969,0.579999,1000.000000,0.000000,"Known Flow",0.000000,0.000000,2.16999993085665e-07,40.000000,0.579999,1000.000000,0.000000,0.000000,13.000000,0.000000,0.515373,0.579999,,,,7.399944,7.399944,,16.800279,,,,,,903.822387,0.066146,0.000000,0.000000,0.000000,,-459.670013,1000.000000,,0.000000,0.000000,,,,0.047066,"SETFLOW",0.000000,0.997566,0.000000,,,,,"","",,,,7.399944,,0.000000,,0.000000,,,0.000000,0.000000,"",,,0.000000,,-1.000000,,0.000000,0.000000,-1.000000,-1.000000,,,,,,,,,,,"",,,,,,,,,,"Volumetric",,,,,,,,,,-0.118242,,,,,,,,,,-0.118242,-0.002837,,,,,,,,,,,,
"2FB19AB9","Nodes",1114886.000000,1672606.500000,1313.064347,"Default Known Flow Node",69.999969,0.579999,1000.000000,0.000000,"Known Flow",0.000000,0.000000,2.16999993085665e-07,40.000000,0.579999,1000.000000,0.000000,0.000000,13.000000,0.000000,0.515373,0.579999,,,,7.399519,7.399519,,16.800279,,,,,,903.822387,0.066146,0.000000,0.000000,0.000000,,-459.670013,1000.000000,,0.000000,0.000000,,,,0.047066,"SETFLOW",0.000000,0.997566,0.000000,,,,,"","",,,,7.399519,,0.000000,,0.000000,,,0.000000,0.000000,"",,,0.000000,,-1.000000,,0.000000,0.000000,-1.000000,-1.000000,,,,,,,,,,,"",,,,,,,,,,"Volumetric",,,,,,,,,,-0.035613,,,,,,,,,,-0.035613,-0.000854,,,,,,,,,,,,
"2FB19AAC","Nodes",1114662.870000,1672600.370000,1313.064347,"Default Known Flow Node",69.999969,0.579999,1000.000000,0.000000,"Known Flow",0.000000,0.000000,2.16999993085665e-07,40.000000,0.579999,1000.000000,0.000000,0.000000,13.000000,0.000000,0.515373,0.579999,,,,7.398415,7.398415,,16.800279,,,,,,903.822387,0.066146,0.000000,0.000000,0.000000,,-459.670013,1000.000000,,0.000000,0.000000,,,,0.047066,"SETFLOW",0.000000,0.997566,0.000000,,,,,"","",,,,7.398415,,0.000000,,0.000000,,,0.000000,0.000000,"",,,0.000000,,-1.000000,,0.000000,0.000000,-1.000000,-1.000000,,,,,,,,,,,"",,,,,,,,,,"Volumetric",,,,,,,,,,-0.118242,,,,,,,,,,-0.118242,-0.002837,,,,,,,,,,,,
"2FB19AAA","Nodes",1114256.870000,1672593.500000,1313.064347,"Default Known Flow Node",69.999969,0.579999,1000.000000,0.000000,"Known Flow",0.000000,0.000000,2.16999993085665e-07,40.000000,0.579999,1000.000000,0.000000,0.000000,13.000000,0.000000,0.515374,0.579999,,,,7.436319,7.436319,,16.800279,,,,,,903.822387,0.066146,0.000000,0.000000,0.000000,,-459.670013,1000.000000,,0.000000,0.000000,,,,0.047070,"SETFLOW",0.000000,0.997566,0.000000,,,,,"","",,,,7.436319,,0.000000,,0.000000,,,0.000000,0.000000,"",,,0.000000,,-1.000000,,0.000000,0.000000,-1.000000,-1.000000,,,,,,,,,,,"",,,,,,,,,,"Volumetric",,,,,,,,,,-0.040949,,,,,,,,,,-0.040949,-0.000982,,,,,,,,,,,,
"2FB19AAD","Nodes",1114865.000000,1672655.500000,1313.064347,"Default Known Flow Node",69.999969,0.579999,1000.000000,0.000000,"Known Flow",0.000000,0.000000,2.16999993085665e-07,40.000000,0.579999,1000.000000,0.000000,0.000000,13.000000,0.000000,0.515373,0.579999,,,,7.397605,7.397605,,16.800279,,,,,,903.822387,0.066146,0.000000,0.000000,0.000000,,-459.670013,1000.000000,,0.000000,0.000000,,,,0.047066,"SETFLOW",0.000000,0.997566,0.000000,,,,,"","",,,,7.397605,,0.000000,,0.000000,,,0.000000,0.000000,"",,,0.000000,,-1.000000,,0.000000,0.000000,-1.000000,-1.000000,,,,,,,,,,,"",,,,,,,,,,"Volumetric",,,,,,,,,,-0.056306,,,,,,,,,,-0.056306,-0.001351,,,,,,,,,,,,
"2FB19131","Nodes",1114874.120000,1672658.000000,1313.064347,"Default Known Flow Node",69.999969,0.579999,1000.000000,0.000000,"Known Flow",0.000000,0.000000,2.16999993085665e-07,40.000000,0.579999,1000.000000,0.000000,0.000000,13.000000,0.000000,0.515373,0.579999,,,,7.397529,7.397529,,16.800279,,,,,,903.822387,0.066146,0.000000,0.000000,0.000000,,-459.670013,1000.000000,,0.000000,0.000000,,,,0.047066,"UNDEFINED",0.000000,0.997566,0.000000,,,,,"","",,,,7.397529,,0.000000,,0.000000,,,0.000000,0.000000,"",,,0.000000,,-1.000000,,0.000000,0.000000,-1.000000,-1.000000,,,,,,,,,,,"",,,,,,,,,,"Volumetric",,,,,,,,,,0.000000,,,,,,,,,,0.000000,0.000000,,,,,,,,,,,,
"2FB19ABA","Nodes",1114868.870000,1672680.750000,1313.064347,"Default Known Flow Node",69.999969,0.579999,1000.000000,0.000000,"Known Flow",0.000000,0.000000,2.16999993085665e-07,40.000000,0.579999,1000.000000,0.000000,0.000000,13.000000,0.000000,0.515373,0.579999,,,,7.396943,7.396943,,16.800279,,,,,,903.822387,0.066146,0.000000,0.000000,0.000000,,-459.670013,1000.000000,,0.000000,0.000000,,,,0.047066,"UNDEFINED",0.000000,0.997566,0.000000,,,,,"","",,,,7.396943,,0.000000,,0.000000,,,0.000000,0.000000,"",,,0.000000,,-1.000000,,0.000000,0.000000,-1.000000,-1.000000,,,,,,,,,,,"",,,,,,,,,,"Volumetric",,,,,,,,,,0.000000,,,,,,,,,,0.000000,0.000000,,,,,,,,,,,,
"2FB19AAE","Nodes",1114881.750000,1672660.120000,1313.064347,"Default Known Flow Node",69.999969,0.579999,1000.000000,0.000000,"Known Flow",0.000000,0.000000,2.16999993085665e-07,40.000000,0.579999,1000.000000,0.000000,0.000000,13.000000,0.000000,0.515373,0.579999,,,,7.397367,7.397367,,16.800279,,,,,,903.822387,0.066146,0.000000,0.000000,0.000000,,-459.670013,1000.000000,,0.000000,0.000000,,,,0.047066,"SETFLOW",0.000000,0.997566,0.000000,,,,,"","",,,,7.397367,,0.000000,,0.000000,,,0.000000,0.000000,"",,,0.000000,,-1.000000,,0.000000,0.000000,-1.000000,-1.000000,,,,,,,,,,,"",,,,,,,,,,"Volumetric",,,,,,,,,,-0.187358,,,,,,,,,,-0.187358,-0.004496,,,,,,,,,,,,
"2FB19AAF","Nodes",1115102.620000,1672720.250000,1313.064347,"Default Known Flow Node",69.999969,0.579999,1000.000000,0.000000,"Known Flow",0.000000,0.000000,2.16999993085665e-07,40.000000,0.579999,1000.000000,0.000000,0.000000,13.000000,0.000000,0.515373,0.579999,,,,7.375034,7.375034,,16.800279,,,,,,903.822387,0.066146,0.000000,0.000000,0.000000,,-459.670013,1000.000000,,0.000000,0.000000,,,,0.047063,"SETFLOW",0.000000,0.997566,0.000000,,,,,"","",,,,7.375034,,0.000000,,0.000000,,,0.000000,0.000000,"",,,0.000000,,-1.000000,,0.000000,0.000000,-1.000000,-1.000000,,,,,,,,,,,"",,,,,,,,,,"Volumetric",,,,,,,,,,-0.151745,,,,,,,,,,-0.151745,-0.003641,,,,,,,,,,,,
"2FB1FAEB","Nodes",1114850.620000,1672759.620000,1313.064347,"Default Known Flow Node",69.999969,0.579999,1000.000000,0.000000,"Known Flow",0.000000,0.000000,2.16999993085665e-07,40.000000,0.579999,1000.000000,0.000000,0.000000,13.000000,0.000000,0.515373,0.579999,,,,7.394761,7.394761,,16.800279,,,,,,903.822387,0.066146,0.000000,0.000000,0.000000,,-459.670013,1000.000000,,0.000000,0.000000,,,,0.047066,"UNDEFINED",0.000000,0.997566,0.000000,,,,,"","",,,,7.394761,,0.000000,,0.000000,,,0.000000,0.000000,"",,,0.000000,,-1.000000,,0.000000,0.000000,-1.000000,-1.000000,,,,,,,,,,,"",,,,,,,,,,"Volumetric",,,,,,,,,,0.000000,,,,,,,,,,0.000000,0.000000,,,,,,,,,,,,
"2FB19AB0","Nodes",1115120.370000,1672723.250000,1313.064347,"Default Known Flow Node",69.999969,0.579999,1000.000000,0.000000,"Known Flow",0.000000,0.000000,2.16999993085665e-07,40.000000,0.579999,1000.000000,0.000000,0.000000,13.000000,0.000000,0.515373,0.579999,,,,7.374343,7.374343,,16.800279,,,,,,903.822387,0.066146,0.000000,0.000000,0.000000,,-459.670013,1000.000000,,0.000000,0.000000,,,,0.047063,"SETFLOW",0.000000,0.997566,0.000000,,,,,"","",,,,7.374343,,0.000000,,0.000000,,,0.000000,0.000000,"",,,0.000000,,-1.000000,,0.000000,0.000000,-1.000000,-1.000000,,,,,,,,,,,"",,,,,,,,,,"Volumetric",,,,,,,,,,-0.024774,,,,,,,,,,-0.024774,-0.000594,,,,,,,,,,,,
"2FB1F665","Nodes",1115179.500000,1672738.120000,1313.064347,"Default Known Flow Node",69.999969,0.579999,1000.000000,0.000000,"Known Flow",0.000000,0.000000,2.16999993085665e-07,40.000000,0.579999,1000.000000,0.000000,0.000000,13.000000,0.000000,0.515373,0.579999,,,,7.370514,7.370514,,16.800279,,,,,,903.822387,0.066146,0.000000,0.000000,0.000000,,-459.670013,1000.000000,,0.000000,0.000000,,,,0.047063,"SETFLOW",0.000000,0.997566,0.000000,,,,,"","",,,,7.370514,,0.000000,,0.000000,,,0.000000,0.000000,"",,,0.000000,,-1.000000,,0.000000,0.000000,-1.000000,-1.000000,,,,,,,,,,,"",,,,,,,,,,"Volumetric",,,,,,,,,,-0.151745,,,,,,,,,,-0.151745,-0.003641,,,,,,,,,,,,
"2FB19149","Nodes",1114219.620000,1672756.750000,1313.064347,"Default Known Flow Node",69.999969,0.579999,1000.000000,0.000000,"Known Flow",0.000000,0.000000,2.16999993085665e-07,40.000000,0.579999,1000.000000,0.000000,0.000000,13.000000,0.000000,0.515373,0.579999,,,,7.432056,7.432056,,16.800279,,,,,,903.822387,0.066146,0.000000,0.000000,0.000000,,-459.670013,1000.000000,,0.000000,0.000000,,,,0.047070,"SETFLOW",0.000000,0.997566,0.000000,,,,,"","",,,,7.432056,,0.000000,,0.000000,,,0.000000,0.000000,"",,,0.000000,,-1.000000,,0.000000,0.000000,-1.000000,-1.000000,,,,,,,,,,,"",,,,,,,,,,"Volumetric",,,,,,,,,,-0.018836,,,,,,,,,,-0.018836,-0.000452,,,,,,,,,,,,
"2FB1FAEC","Nodes",1114234.370000,1672759.370000,1313.064347,"Default Known Flow Node",69.999969,0.579999,1000.000000,0.000000,"Known Flow",0.000000,0.000000,2.16999993085665e-07,40.000000,0.579999,1000.000000,0.000000,0.000000,13.000000,0.000000,0.515373,0.579999,,,,7.430702,7.430702,,16.800279,,,,,,903.822387,0.066146,0.000000,0.000000,0.000000,,-459.670013,1000.000000,,0.000000,0.000000,,,,0.047070,"UNDEFINED",0.000000,0.997566,0.000000,,,,,"","",,,,7.430702,,0.000000,,0.000000,,,0.000000,0.000000,"",,,0.000000,,-1.000000,,0.000000,0.000000,-1.000000,-1.000000,,,,,,,,,,,"",,,,,,,,,,"Volumetric",,,,,,,,,,0.000000,,,,,,,,,,0.000000,0.000000,,,,,,,,,,,,
"2FB1FAED","Nodes",1114219.000000,1672759.870000,1313.064347,"Default Known Flow Node",69.999969,0.579999,1000.000000,0.000000,"Known Flow",0.000000,0.000000,2.16999993085665e-07,40.000000,0.579999,1000.000000,0.000000,0.000000,13.000000,0.000000,0.515373,0.579999,,,,7.432049,7.432049,,16.800279,,,,,,903.822387,0.066146,0.000000,0.000000,0.000000,,-459.670013,1000.000000,,0.000000,0.000000,,,,0.047070,"UNDEFINED",0.000000,0.997566,0.000000,,,,,"","",,,,7.432049,,0.000000,,0.000000,,,0.000000,0.000000,"",,,0.000000,,-1.000000,,0.000000,0.000000,-1.000000,-1.000000,,,,,,,,,,,"",,,,,,,,,,"Volumetric",,,,,,,,,,0.000000,,,,,,,,,,0.000000,0.000000,,,,,,,,,,,,
"2FB1ACB8","Nodes",1114405.120000,1672802.500000,1313.064347,"Default Known Flow Node",69.999969,0.579999,1000.000000,0.000000,"Known Flow",0.000000,0.000000,2.16999993085665e-07,40.000000,0.579999,1000.000000,0.000000,0.000000,13.000000,0.000000,0.515373,0.579999,,,,7.413960,7.413960,,16.800279,,,,,,903.822387,0.066146,0.000000,0.000000,0.000000,,-459.670013,1000.000000,,0.000000,0.000000,,,,0.047068,"SETFLOW",0.000000,0.997566,0.000000,,,,,"","",,,,7.413960,,0.000000,,0.000000,,,0.000000,0.000000,"",,,0.000000,,-1.000000,,0.000000,0.000000,-1.000000,-1.000000,,,,,,,,,,,"",,,,,,,,,,"Volumetric",,,,,,,,,,-0.059786,,,,,,,,,,-0.059786,-0.001434,,,,,,,,,,,,
"2FB1ACB9","Nodes",1114510.500000,1672828.870000,1313.064347,"Default Known Flow Node",69.999969,0.579999,1000.000000,0.000000,"Known Flow",0.000000,0.000000,2.16999993085665e-07,40.000000,0.579999,1000.000000,0.000000,0.000000,13.000000,0.000000,0.515373,0.579999,,,,7.404935,7.404935,,16.800279,,,,,,903.822387,0.066146,0.000000,0.000000,0.000000,,-459.670013,1000.000000,,0.000000,0.000000,,,,0.047067,"SETFLOW",0.000000,0.997566,0.000000,,,,,"","",,,,7.404935,,0.000000,,0.000000,,,0.000000,0.000000,"",,,0.000000,,-1.000000,,0.000000,0.000000,-1.000000,-1.000000,,,,,,,,,,,"",,,,,,,,,,"Volumetric",,,,,,,,,,-0.176084,,,,,,,,,,-0.176084,-0.004226,,,,,,,,,,,,
"2FB1ACB5","Nodes",1114829.000000,1672856.000000,1313.064347,"Default Known Flow Node",69.999969,0.579999,1000.000000,0.000000,"Known Flow",0.000000,0.000000,2.16999993085665e-07,40.000000,0.579999,1000.000000,0.000000,0.000000,13.000000,0.000000,0.515373,0.579999,,,,7.392121,7.392121,,16.800279,,,,,,903.822387,0.066146,0.000000,0.000000,0.000000,,-459.670013,1000.000000,,0.000000,0.000000,,,,0.047065,"SETFLOW",0.000000,0.997566,0.000000,,,,,"","",,,,7.392121,,0.000000,,0.000000,,,0.000000,0.000000,"",,,0.000000,,-1.000000,,0.000000,0.000000,-1.000000,-1.000000,,,,,,,,,,,"",,,,,,,,,,"Volumetric",,,,,,,,,,-0.056306,,,,,,,,,,-0.056306,-0.001351,,,,,,,,,,,,
"2FBD1D7E","Nodes",1114819.320000,1672899.225600,1313.064347,"Default Known Flow Node",69.999969,0.579999,1000.000000,0.000000,"Known Flow",0.000000,0.000000,2.16999993085665e-07,40.000000,0.579999,1000.000000,0.000000,0.000000,13.000000,0.000000,0.515373,0.579999,,,,7.391045,7.391045,,16.800279,,,,,,903.822387,0.066146,0.000000,0.000000,0.000000,,-459.670013,1000.000000,,0.000000,0.000000,,,,0.047065,"UNDEFINED",0.000000,0.997566,0.000000,,,,,"","",,,,7.391045,,0.000000,,0.000000,,,0.000000,0.000000,"",,,0.000000,,-1.000000,,0.000000,0.000000,0.000000,-1.000000,,,,,,,,,,,"",,,,,,,,,,"Volumetric",,,,,,,,,,0.000000,,,,,,,,,,0.000000,0.000000,,,,,,,,,,,,
"2FB1ACB4","Nodes",1114818.000000,1672905.120000,1313.064347,"Default Known Flow Node",69.999969,0.579999,1000.000000,0.000000,"Known Flow",0.000000,0.000000,2.16999993085665e-07,40.000000,0.579999,1000.000000,0.000000,0.000000,13.000000,0.000000,0.515373,0.579999,,,,7.390836,7.390836,,16.800279,,,,,,903.822387,0.066146,0.000000,0.000000,0.000000,,-459.670013,1000.000000,,0.000000,0.000000,,,,0.047065,"SETFLOW",0.000000,0.997566,0.000000,,,,,"","",,,,7.390836,,0.000000,,0.000000,,,0.000000,0.000000,"",,,0.000000,,-1.000000,,0.000000,0.000000,-1.000000,-1.000000,,,,,,,,,,,"",,,,,,,,,,"Volumetric",,,,,,,,,,-0.222972,,,,,,,,,,-0.222972,-0.005351,,,,,,,,,,,,
"2FB1ACB6","Nodes",1114815.705533,1672914.942244,1313.064347,"Default Known Flow Node",69.999969,0.579999,1000.000000,0.000000,"Known Flow",0.000000,0.000000,2.16999993085665e-07,40.000000,0.579999,1000.000000,0.000000,0.000000,13.000000,0.000000,0.515373,0.579999,,,,7.390305,7.390305,,16.800279,,,,,,903.822387,0.066146,0.000000,0.000000,0.000000,,-459.670013,1000.000000,,0.000000,0.000000,,,,0.047065,"UNDEFINED",0.000000,0.997566,0.000000,,,,,"","",,,,7.390305,,0.000000,,0.000000,,,0.000000,0.000000,"",,,0.000000,"V48288",-1.000000,,0.000000,0.000000,-1.000000,-1.000000,,,,,,,,,,,"",,,,,,,,,,"Volumetric",,,,,,,,,,0.000000,,,,,,,,,,0.000000,0.000000,,,,,,,,,,,,
"2FB1ACB2","Nodes",1114160.250000,1673007.500000,1313.064347,"Default Known Flow Node",69.999969,0.579999,1000.000000,0.000000,"Known Flow",0.000000,0.000000,2.16999993085665e-07,40.000000,0.579999,1000.000000,0.000000,0.000000,13.000000,0.000000,0.515373,0.579999,,,,7.431467,7.431467,,16.800279,,,,,,903.822387,0.066146,0.000000,0.000000,0.000000,,-459.670013,1000.000000,,0.000000,0.000000,,,,0.047070,"SETFLOW",0.000000,0.997566,0.000000,,,,,"","",,,,7.431467,,0.000000,,0.000000,,,0.000000,0.000000,"",,,0.000000,,-1.000000,,0.000000,0.000000,-1.000000,-1.000000,,,,,,,,,,,"",,,,,,,,,,"Volumetric",,,,,,,,,,-0.090089,,,,,,,,,,-0.090089,-0.002162,,,,,,,,,,,,
"2FB1ACB3","Nodes",1114358.870000,1673055.370000,1313.064347,"Default Known Flow Node",69.999969,0.579999,1000.000000,0.000000,"Known Flow",0.000000,0.000000,2.16999993085665e-07,40.000000,0.579999,1000.000000,0.000000,0.000000,13.000000,0.000000,0.515373,0.579999,,,,7.430632,7.430632,,16.800279,,,,,,903.822387,0.066146,0.000000,0.000000,0.000000,,-459.670013,1000.000000,,0.000000,0.000000,,,,0.047070,"SETFLOW",0.000000,0.997566,0.000000,,,,,"","",,,,7.430632,,0.000000,,0.000000,,,0.000000,0.000000,"",,,0.000000,,-1.000000,,0.000000,0.000000,-1.000000,-1.000000,,,,,,,,,,,"",,,,,,,,,,"Volumetric",,,,,,,,,,-0.090089,,,,,,,,,,-0.090089,-0.002162,,,,,,,,,,,,
"2FB1FAEF","Nodes",1115177.250000,1676100.750000,1313.064347,"Default Known Flow Node",69.999969,0.579999,1000.000000,0.000000,"Known Flow",0.000000,0.000000,2.16999993085665e-07,40.000000,0.579999,1000.000000,0.000000,0.000000,13.000000,0.000000,0.515374,0.579999,,,,7.560730,7.560730,,16.800279,,,,,,903.822387,0.066146,0.000000,0.000000,0.000000,,-459.670013,1000.000000,,0.000000,0.000000,,,,0.047085,"SETFLOW",0.000000,0.997565,0.000000,,,,,"","",,,,7.560730,,0.000000,,0.000000,,,0.000000,0.000000,"",,,0.000000,,-1.000000,,0.000000,0.000000,-1.000000,-1.000000,,,,,,,,,,,"",,,,,,,,,,"Volumetric",,,,,,,,,,-0.059623,,,,,,,,,,-0.059623,-0.001430,,,,,,,,,,,,
"2FB2808A","Nodes",1115128.250000,1676098.750000,1313.064347,"Default Known Flow Node",69.999969,0.579999,1000.000000,0.000000,"Known Flow",0.000000,0.000000,2.16999993085665e-07,40.000000,0.579999,1000.000000,0.000000,0.000000,13.000000,0.000000,0.515374,0.579999,,,,7.560707,7.560707,,16.800279,,,,,,903.822387,0.066146,0.000000,0.000000,0.000000,,-459.670013,1000.000000,,0.000000,0.000000,,,,0.047085,"SETFLOW",0.000000,0.997565,0.000000,,,,,"","",,,,7.560707,,0.000000,,0.000000,,,0.000000,0.000000,"",,,0.000000,,-1.000000,,0.000000,0.000000,-1.000000,-1.000000,,,,,,,,,,,"",,,,,,,,,,"Volumetric",,,,,,,,,,-0.008517,,,,,,,,,,-0.008517,-0.000204,,,,,,,,,,,,
"2FB19174","Nodes",1115143.250000,1676341.370000,1313.064347,"Default Known Flow Node",69.999969,0.579999,1000.000000,0.000000,"Known Flow",0.000000,0.000000,2.16999993085665e-07,40.000000,0.579999,1000.000000,0.000000,0.000000,13.000000,0.000000,0.515374,0.579999,,,,7.529768,7.529768,,16.800279,,,,,,903.822387,0.066146,0.000000,0.000000,0.000000,,-459.670013,1000.000000,,0.000000,0.000000,,,,0.047081,"SETFLOW",0.000000,0.997565,0.000000,,,,,"","",,,,7.529768,,0.000000,,0.000000,,,0.000000,0.000000,"",,,0.000000,,-1.000000,,0.000000,0.000000,-1.000000,-1.000000,,,,,,,,,,,"",,,,,,,,,,"Volumetric",,,,,,,,,,-0.008845,,,,,,,,,,-0.008845,-0.000212,,,,,,,,,,,,
"2FB1F800","Nodes",1115077.120000,1676338.250000,1313.064347,"Default Known Flow Node",69.999969,0.579999,1000.000000,0.000000,"Known Flow",0.000000,0.000000,2.16999993085665e-07,40.000000,0.579999,1000.000000,0.000000,0.000000,13.000000,0.000000,0.515374,0.579999,,,,7.529768,7.529768,,16.800279,,,,,,903.822387,0.066146,0.000000,0.000000,0.000000,,-459.670013,1000.000000,,0.000000,0.000000,,,,0.047081,"UNDEFINED",0.000000,0.997565,0.000000,,,,,"","",,,,7.529768,,0.000000,,0.000000,,,0.000000,0.000000,"",,,0.000000,,-1.000000,,0.000000,0.000000,-1.000000,-1.000000,,,,,,,,,,,"",,,,,,,,,,"Volumetric",,,,,,,,,,0.000000,,,,,,,,,,0.000000,0.000000,,,,,,,,,,,,
"2FB1FAF0","Nodes",1115178.000000,1676341.620000,1313.064347,"Default Known Flow Node",69.999969,0.579999,1000.000000,0.000000,"Known Flow",0.000000,0.000000,2.16999993085665e-07,40.000000,0.579999,1000.000000,0.000000,0.000000,13.000000,0.000000,0.515374,0.579999,,,,7.529675,7.529675,,16.800279,,,,,,903.822387,0.066146,0.000000,0.000000,0.000000,,-459.670013,1000.000000,,0.000000,0.000000,,,,0.047081,"SETFLOW",0.000000,0.997565,0.000000,,,,,"","",,,,7.529675,,0.000000,,0.000000,,,0.000000,0.000000,"",,,0.000000,,-1.000000,,0.000000,0.000000,-1.000000,-1.000000,,,,,,,,,,,"",,,,,,,,,,"Volumetric",,,,,,,,,,-0.034201,,,,,,,,,,-0.034201,-0.000820,,,,,,,,,,,,
"2FB1916B","Nodes",1114963.120000,1676390.120000,1313.064347,"Default Known Flow Node",69.999969,0.579999,1000.000000,0.000000,"Known Flow",0.000000,0.000000,2.16999993085665e-07,40.000000,0.579999,1000.000000,0.000000,0.000000,13.000000,0.000000,0.515374,0.579999,,,,7.528047,7.528047,,16.800279,,,,,,903.822387,0.066146,0.000000,0.000000,0.000000,,-459.670013,1000.000000,,0.000000,0.000000,,,,0.047081,"UNDEFINED",0.000000,0.997565,0.000000,,,,,"","",,,,7.528047,,0.000000,,0.000000,,,0.000000,0.000000,"",,,0.000000,,-1.000000,,0.000000,0.000000,-1.000000,-1.000000,,,,,,,,,,,"",,,,,,,,,,"Volumetric",,,,,,,,,,0.000000,,,,,,,,,,0.000000,0.000000,,,,,,,,,,,,
"2FB1916C","Nodes",1114963.370000,1676386.870000,1313.064347,"Default Known Flow Node",69.999969,0.579999,1000.000000,0.000000,"Known Flow",0.000000,0.000000,2.16999993085665e-07,40.000000,0.579999,1000.000000,0.000000,0.000000,13.000000,0.000000,0.515374,0.579999,,,,7.528047,7.528047,,16.800279,,,,,,903.822387,0.066146,0.000000,0.000000,0.000000,,-459.670013,1000.000000,,0.000000,0.000000,,,,0.047081,"UNDEFINED",0.000000,0.997565,0.000000,,,,,"","",,,,7.528047,,0.000000,,0.000000,,,0.000000,0.000000,"",,,0.000000,,-1.000000,,0.000000,0.000000,-1.000000,-1.000000,,,,,,,,,,,"",,,,,,,,,,"Volumetric",,,,,,,,,,0.000000,,,,,,,,,,0.000000,0.000000,,,,,,,,,,,,
"2FB1916D","Nodes",1114942.750000,1676389.120000,1313.064347,"Default Known Flow Node",69.999969,0.579999,1000.000000,0.000000,"Known Flow",0.000000,0.000000,2.16999993085665e-07,40.000000,0.579999,1000.000000,0.000000,0.000000,13.000000,0.000000,0.515374,0.579999,,,,7.528047,7.528047,,16.800279,,,,,,903.822387,0.066146,0.000000,0.000000,0.000000,,-459.670013,1000.000000,,0.000000,0.000000,,,,0.047081,"UNDEFINED",0.000000,0.997565,0.000000,,,,,"","",,,,7.528047,,0.000000,,0.000000,,,0.000000,0.000000,"",,,0.000000,,-1.000000,,0.000000,0.000000,-1.000000,-1.000000,,,,,,,,,,,"",,,,,,,,,,"Volumetric",,,,,,,,,,0.000000,,,,,,,,,,0.000000,0.000000,,,,,,,,,,,,
"2FB19175","Nodes",1115143.620000,1676392.500000,1313.064347,"Default Known Flow Node",69.999969,0.579999,1000.000000,0.000000,"Known Flow",0.000000,0.000000,2.16999993085665e-07,40.000000,0.579999,1000.000000,0.000000,0.000000,13.000000,0.000000,0.515374,0.579999,,,,7.529928,7.529928,,16.800279,,,,,,903.822387,0.066146,0.000000,0.000000,0.000000,,-459.670013,1000.000000,,0.000000,0.000000,,,,0.047081,"UNDEFINED",0.000000,0.997565,0.000000,,,,,"","",,,,7.529928,,0.000000,,0.000000,,,0.000000,0.000000,"",,,0.000000,,-1.000000,,0.000000,0.000000,-1.000000,-1.000000,,,,,,,,,,,"",,,,,,,,,,"Volumetric",,,,,,,,,,0.000000,,,,,,,,,,0.000000,0.000000,,,,,,,,,,,,
"2FB19169","Nodes",1114951.000000,1676657.500000,1313.064347,"Default Known Flow Node",69.999969,0.579999,1000.000000,0.000000,"Known Flow",0.000000,0.000000,2.16999993085665e-07,40.000000,0.579999,1000.000000,0.000000,0.000000,13.000000,0.000000,0.515374,0.579999,,,,7.451572,7.451572,,16.800279,,,,,,903.822387,0.066146,0.000000,0.000000,0.000000,,-459.670013,1000.000000,,0.000000,0.000000,,,,0.047072,"SETFLOW",0.000000,0.997566,0.000000,,,,,"","",,,,7.451572,,0.000000,,0.000000,,,0.000000,0.000000,"",,,0.000000,,-1.000000,,0.000000,0.000000,-1.000000,-1.000000,,,,,,,,,,,"",,,,,,,,,,"Volumetric",,,,,,,,,,-0.079606,,,,,,,,,,-0.079606,-0.001910,,,,,,,,,,,,
"2FB1FAF1","Nodes",1115177.620000,1676394.750000,1313.064347,"Default Known Flow Node",69.999969,0.579999,1000.000000,0.000000,"Known Flow",0.000000,0.000000,2.16999993085665e-07,40.000000,0.579999,1000.000000,0.000000,0.000000,13.000000,0.000000,0.515374,0.579999,,,,7.530313,7.530313,,16.800279,,,,,,903.822387,0.066146,0.000000,0.000000,0.000000,,-459.670013,1000.000000,,0.000000,0.000000,,,,0.047081,"SETFLOW",0.000000,0.997565,0.000000,,,,,"","",,,,7.530313,,0.000000,,0.000000,,,0.000000,0.000000,"",,,0.000000,,-1.000000,,0.000000,0.000000,-1.000000,-1.000000,,,,,,,,,,,"",,,,,,,,,,"Volumetric",,,,,,,,,,-0.025945,,,,,,,,,,-0.025945,-0.000622,,,,,,,,,,,,
"2FB1916A","Nodes",1114946.120000,1676657.500000,1313.064347,"Default Known Flow Node",69.999969,0.579999,1000.000000,0.000000,"Known Flow",0.000000,0.000000,2.16999993085665e-07,40.000000,0.579999,1000.000000,0.000000,0.000000,13.000000,0.000000,0.515374,0.579999,,,,7.451572,7.451572,,16.800279,,,,,,903.822387,0.066146,0.000000,0.000000,0.000000,,-459.670013,1000.000000,,0.000000,0.000000,,,,0.047072,"UNDEFINED",0.000000,0.997566,0.000000,,,,,"","",,,,7.451572,,0.000000,,0.000000,,,0.000000,0.000000,"",,,0.000000,,-1.000000,,0.000000,0.000000,-1.000000,-1.000000,,,,,,,,,,,"",,,,,,,,,,"Volumetric",,,,,,,,,,0.000000,,,,,,,,,,0.000000,0.000000,,,,,,,,,,,,
"2FB19173","Nodes",1114948.870000,1676688.870000,1313.064347,"Default Known Flow Node",69.999969,0.579999,1000.000000,0.000000,"Known Flow",0.000000,0.000000,2.16999993085665e-07,40.000000,0.579999,1000.000000,0.000000,0.000000,13.000000,0.000000,0.515374,0.579999,,,,7.439282,7.439282,,16.800279,,,,,,903.822387,0.066146,0.000000,0.000000,0.000000,,-459.670013,1000.000000,,0.000000,0.000000,,,,0.047071,"SETFLOW",0.000000,0.997566,0.000000,,,,,"","",,,,7.439282,,0.000000,,0.000000,,,0.000000,0.000000,"",,,0.000000,,-1.000000,,0.000000,0.000000,-1.000000,-1.000000,,,,,,,,,,,"",,,,,,,,,,"Volumetric",,,,,,,,,,-0.258279,,,,,,,,,,-0.258279,-0.006198,,,,,,,,,,,,
"2FB1FAF2","Nodes",1115177.339200,1676665.969757,1313.064347,"Default Known Flow Node",69.999969,0.579999,1000.000000,0.000000,"Known Flow",0.000000,0.000000,2.16999993085665e-07,40.000000,0.579999,1000.000000,0.000000,0.000000,13.000000,0.000000,0.515374,0.579999,,,,7.455733,7.455733,,16.800279,,,,,,903.822387,0.066146,0.000000,0.000000,0.000000,,-459.670013,1000.000000,,0.000000,0.000000,,,,0.047073,"SETFLOW",0.000000,0.997566,0.000000,,,,,"","",,,,7.455733,,0.000000,,0.000000,,,0.000000,0.000000,"",,,0.000000,,-1.000000,,0.000000,0.000000,-1.000000,-1.000000,,,,,,,,,,,"",,,,,,,,,,"Volumetric",,,,,,,,,,-0.107911,,,,,,,,,,-0.107911,-0.002589,,,,,,,,,,,,
"2FB1FA21","Nodes",1114941.000000,1676898.500000,1313.064347,"Default Known Flow Node",69.999969,0.579999,1000.000000,0.000000,"Known Flow",0.000000,0.000000,2.16999993085665e-07,40.000000,0.579999,1000.000000,0.000000,0.000000,13.000000,0.000000,0.515373,0.579999,,,,7.356172,7.356172,,16.800279,,,,,,903.822387,0.066146,0.000000,0.000000,0.000000,,-459.670013,1000.000000,,0.000000,0.000000,,,,0.047061,"SETFLOW",0.000000,0.997566,0.000000,,,,,"","",,,,7.356172,,0.000000,,0.000000,,,0.000000,0.000000,"",,,0.000000,,-1.000000,,0.000000,0.000000,-1.000000,-1.000000,,,,,,,,,,,"",,,,,,,,,,"Volumetric",,,,,,,,,,-0.765403,,,,,,,,,,-0.765403,-0.018369,,,,,,,,,,,,
"2FB14F07","Nodes",1114927.370000,1677185.750000,1313.064347,"Default Known Flow Node",69.999969,0.579999,1000.000000,0.000000,"Known Flow",0.000000,0.000000,2.16999993085665e-07,40.000000,0.579999,1000.000000,0.000000,0.000000,13.000000,0.000000,0.515373,0.579999,,,,7.328036,7.328036,,16.800279,,,,,,903.822387,0.066146,0.000000,0.000000,0.000000,,-459.670013,1000.000000,,0.000000,0.000000,,,,0.047058,"SETFLOW",0.000000,0.997566,0.000000,,,,,"","",,,,7.328036,,0.000000,,0.000000,,,0.000000,0.000000,"",,,0.000000,,-1.000000,,0.000000,0.000000,-1.000000,-1.000000,,,,,,,,,,,"",,,,,,,,,,"Volumetric",,,,,,,,,,-0.620932,,,,,,,,,,-0.620932,-0.014902,,,,,,,,,,,,
"2FB20D41","Nodes",1115179.120000,1678396.620000,1313.064347,"Default Known Flow Node",69.999969,0.579999,1000.000000,0.000000,"Known Flow",0.000000,0.000000,2.16999993085665e-07,40.000000,0.579999,1000.000000,0.000000,0.000000,13.000000,0.000000,0.515379,0.579999,,,,8.476618,8.476618,,16.800279,,,,,,903.822387,0.066146,0.000000,0.000000,0.000000,,-459.670013,1000.000000,,0.000000,0.000000,,,,0.047189,"SETFLOW",0.000000,0.997560,0.000000,,,,,"","",,,,8.476618,,0.000000,,0.000000,,,0.000000,0.000000,"",,,0.000000,,-1.000000,,0.000000,0.000000,-1.000000,-1.000000,,,,,,,,,,,"",,,,,,,,,,"Volumetric",,,,,,,,,,-0.003054,,,,,,,,,,-0.003054,-0.000073,,,,,,,,,,,,
"2FB19595","Nodes",1114929.870000,1678382.620000,1313.064347,"Default Known Flow Node",69.999969,0.579999,1000.000000,0.000000,"Known Flow",0.000000,0.000000,2.16999993085665e-07,40.000000,0.579999,1000.000000,0.000000,0.000000,13.000000,0.000000,0.515379,0.579999,,,,8.476538,8.476538,,16.800279,,,,,,903.822387,0.066146,0.000000,0.000000,0.000000,,-459.670013,1000.000000,,0.000000,0.000000,,,,0.047189,"SETFLOW",0.000000,0.997560,0.000000,,,,,"","",,,,8.476538,,0.000000,,0.000000,,,0.000000,0.000000,"",,,0.000000,,-1.000000,,0.000000,0.000000,-1.000000,-1.000000,,,,,,,,,,,"",,,,,,,,,,"Volumetric",,,,,,,,,,-0.008242,,,,,,,,,,-0.008242,-0.000197,,,,,,,,,,,,
"2FB99719","Nodes",1116143.620000,1667895.000000,1313.064347,"Default Known Flow Node",69.999969,0.579999,1000.000000,0.000000,"Known Flow",0.000000,0.000000,2.16999993085665e-07,40.000000,0.579999,1000.000000,0.000000,0.000000,13.000000,0.000000,0.515375,0.579999,,,,7.679823,7.679823,,16.800279,,,,,,903.822387,0.066146,0.000000,0.000000,0.000000,,-459.670013,1000.000000,,0.000000,0.000000,,,,0.047098,"SETFLOW",0.000000,0.997564,0.000000,,,,,"","",,,,7.679823,,0.000000,,0.000000,,,0.000000,0.000000,"",,,0.000000,,-1.000000,,0.000000,0.000000,-1.000000,-1.000000,,,,,,,,,,,"",,,,,,,,,,"Volumetric",,,,,,,,,,-0.265756,,,,,,,,,,-0.265756,-0.006378,,,,,,,,,,,,
"0BEC45E8","Nodes",1116200.000000,1667853.250000,1313.064347,"Default Known Flow Node",69.999969,0.579999,1000.000000,0.000000,"Known Flow",0.000000,0.000000,2.16999993085665e-07,40.000000,0.579999,1000.000000,0.000000,0.000000,13.000000,0.000000,0.515375,0.579999,,,,7.662150,7.662150,,16.800279,,,,,,903.822387,0.066146,0.000000,0.000000,0.000000,,-459.670013,1000.000000,,0.000000,0.000000,,,,0.047096,"SETFLOW",0.000000,0.997565,0.000000,,,,,"","",,,,7.662150,,0.000000,,0.000000,,,0.000000,0.000000,"",,,0.000000,,-1.000000,,0.000000,0.000000,-1.000000,-1.000000,,,,,,,,,,,"",,,,,,,,,,"Volumetric",,,,,,,,,,-0.265756,,,,,,,,,,-0.265756,-0.006378,,,,,,,,,,,,
"2FB99720","Nodes",1116056.000000,1667953.120000,1313.064347,"Default Known Flow Node",69.999969,0.579999,1000.000000,0.000000,"Known Flow",0.000000,0.000000,2.16999993085665e-07,40.000000,0.579999,1000.000000,0.000000,0.000000,13.000000,0.000000,0.515375,0.579999,,,,7.725646,7.725646,,16.800279,,,,,,903.822387,0.066146,0.000000,0.000000,0.000000,,-459.670013,1000.000000,,0.000000,0.000000,,,,0.047103,"UNDEFINED",0.000000,0.997564,0.000000,,,,,"","",,,,7.725646,,0.000000,,0.000000,,,0.000000,0.000000,"",,,0.000000,,-1.000000,,0.000000,0.000000,-1.000000,-1.000000,,,,,,,,,,,"",,,,,,,,,,"Volumetric",,,,,,,,,,0.000000,,,,,,,,,,0.000000,0.000000,,,,,,,,,,,,
"2FB99721","Nodes",1116056.000000,1667954.120000,1313.064347,"Default Known Flow Node",69.999969,0.579999,1000.000000,0.000000,"Known Flow",0.000000,0.000000,2.16999993085665e-07,40.000000,0.579999,1000.000000,0.000000,0.000000,13.000000,0.000000,0.515375,0.579999,,,,7.725646,7.725646,,16.800279,,,,,,903.822387,0.066146,0.000000,0.000000,0.000000,,-459.670013,1000.000000,,0.000000,0.000000,,,,0.047103,"UNDEFINED",0.000000,0.997564,0.000000,,,,,"","",,,,7.725646,,0.000000,,0.000000,,,0.000000,0.000000,"",,,0.000000,,-1.000000,,0.000000,0.000000,-1.000000,-1.000000,,,,,,,,,,,"",,,,,,,,,,"Volumetric",,,,,,,,,,0.000000,,,,,,,,,,0.000000,0.000000,,,,,,,,,,,,
"2FB9971D","Nodes",1116011.750000,1667984.120000,1313.064347,"Default Known Flow Node",69.999969,0.579999,1000.000000,0.000000,"Known Flow",0.000000,0.000000,2.16999993085665e-07,40.000000,0.579999,1000.000000,0.000000,0.000000,13.000000,0.000000,0.515375,0.579999,,,,7.748556,7.748556,,16.800279,,,,,,903.822387,0.066146,0.000000,0.000000,0.000000,,-459.670013,1000.000000,,0.000000,0.000000,,,,0.047106,"UNDEFINED",0.000000,0.997564,0.000000,,,,,"","",,,,7.748556,,0.000000,,0.000000,,,0.000000,0.000000,"",,,0.000000,,-1.000000,,0.000000,0.000000,-1.000000,-1.000000,,,,,,,,,,,"",,,,,,,,,,"Volumetric",,,,,,,,,,0.000000,,,,,,,,,,0.000000,0.000000,,,,,,,,,,,,
"2FB99714","Nodes",1115998.250000,1667976.750000,1313.064347,"Default Known Flow Node",69.999969,0.579999,1000.000000,0.000000,"Known Flow",0.000000,0.000000,2.16999993085665e-07,40.000000,0.579999,1000.000000,0.000000,0.000000,13.000000,0.000000,0.515375,0.579999,,,,7.744126,7.744126,,16.800279,,,,,,903.822387,0.066146,0.000000,0.000000,0.000000,,-459.670013,1000.000000,,0.000000,0.000000,,,,0.047105,"UNDEFINED",0.000000,0.997564,0.000000,,,,,"","",,,,7.744126,,0.000000,,0.000000,,,0.000000,0.000000,"",,,0.000000,,-1.000000,,0.000000,0.000000,-1.000000,-1.000000,,,,,,,,,,,"",,,,,,,,,,"Volumetric",,,,,,,,,,0.000000,,,,,,,,,,0.000000,0.000000,,,,,,,,,,,,
"2FB99717","Nodes",1116005.120000,1667988.750000,1313.064347,"Default Known Flow Node",69.999969,0.579999,1000.000000,0.000000,"Known Flow",0.000000,0.000000,2.16999993085665e-07,40.000000,0.579999,1000.000000,0.000000,0.000000,13.000000,0.000000,0.515375,0.579999,,,,7.757518,7.757518,,16.800279,,,,,,903.822387,0.066146,0.000000,0.000000,0.000000,,-459.670013,1000.000000,,0.000000,0.000000,,,,0.047107,"UNDEFINED",0.000000,0.997564,0.000000,,,,,"","",,,,7.757518,,0.000000,,0.000000,,,0.000000,0.000000,"",,,0.000000,,-1.000000,,0.000000,0.000000,-1.000000,-1.000000,,,,,,,,,,,"",,,,,,,,,,"Volumetric",,,,,,,,,,0.000000,,,,,,,,,,0.000000,0.000000,,,,,,,,,,,,
"2FB99715","Nodes",1116007.500000,1667993.000000,1313.064347,"Default Known Flow Node",69.999969,0.579999,1000.000000,0.000000,"Known Flow",0.000000,0.000000,2.16999993085665e-07,40.000000,0.579999,1000.000000,0.000000,0.000000,13.000000,0.000000,0.515375,0.579999,,,,7.779020,7.779020,,16.800279,,,,,,903.822387,0.066146,0.000000,0.000000,0.000000,,-459.670013,1000.000000,,0.000000,0.000000,,,,0.047109,"UNDEFINED",0.000000,0.997564,0.000000,,,,,"","",,,,7.779020,,0.000000,,0.000000,,,0.000000,0.000000,"",,,0.000000,,-1.000000,,0.000000,0.000000,-1.000000,-1.000000,,,,,,,,,,,"",,,,,,,,,,"Volumetric",,,,,,,,,,0.000000,,,,,,,,,,0.000000,0.000000,,,,,,,,,,,,
"0BEC4583","Nodes",1116013.620000,1668003.620000,1313.064347,"Default Known Flow Node",69.999969,0.579999,1000.000000,0.000000,"Known Flow",0.000000,0.000000,2.16999993085665e-07,40.000000,0.579999,1000.000000,0.000000,0.000000,13.000000,0.000000,0.515376,0.579999,,,,7.822896,7.822896,,16.800279,,,,,,903.822387,0.066146,0.000000,0.000000,0.000000,,-459.670013,1000.000000,,0.000000,0.000000,,,,0.047114,"SETFLOW",0.000000,0.997564,0.000000,,,,,"","",,,,7.822896,,0.000000,,0.000000,,,0.000000,0.000000,"",,,0.000000,,-1.000000,,0.000000,0.000000,-1.000000,-1.000000,,,,,,,,,,,"",,,,,,,,,,"Volumetric",,,,,,,,,,-0.207829,,,,,,,,,,-0.207829,-0.004987,,,,,,,,,,,,
"2FB9971A","Nodes",1116019.000000,1668000.370000,1313.064347,"Default Known Flow Node",69.999969,0.579999,1000.000000,0.000000,"Known Flow",0.000000,0.000000,2.16999993085665e-07,40.000000,0.579999,1000.000000,0.000000,0.000000,13.000000,0.000000,0.515376,0.579999,,,,7.822896,7.822896,,16.800279,,,,,,903.822387,0.066146,0.000000,0.000000,0.000000,,-459.670013,1000.000000,,0.000000,0.000000,,,,0.047114,"UNDEFINED",0.000000,0.997564,0.000000,,,,,"","",,,,7.822896,,0.000000,,0.000000,,,0.000000,0.000000,"",,,0.000000,,-1.000000,,0.000000,0.000000,-1.000000,-1.000000,,,,,,,,,,,"",,,,,,,,,,"Volumetric",,,,,,,,,,0.000000,,,,,,,,,,0.000000,0.000000,,,,,,,,,,,,
"2FB82F9C","Nodes",1116016.120000,1668008.370000,1313.064347,"Default Known Flow Node",69.999969,0.579999,1000.000000,0.000000,"Known Flow",0.000000,0.000000,2.16999993085665e-07,40.000000,0.579999,1000.000000,0.000000,0.000000,13.000000,0.000000,0.515376,0.579999,,,,7.822896,7.822896,,16.800279,,,,,,903.822387,0.066146,0.000000,0.000000,0.000000,,-459.670013,1000.000000,,0.000000,0.000000,,,,0.047114,"UNDEFINED",0.000000,0.997564,0.000000,,,,,"","",,,,7.822896,,0.000000,,0.000000,,,0.000000,0.000000,"",,,0.000000,,-1.000000,,0.000000,0.000000,-1.000000,-1.000000,,,,,,,,,,,"",,,,,,,,,,"Volumetric",,,,,,,,,,0.000000,,,,,,,,,,0.000000,0.000000,,,,,,,,,,,,
"0BEC4581","Nodes",1115650.500000,1668252.500000,1313.064347,"Default Known Flow Node",69.999969,0.579999,1000.000000,0.000000,"Known Flow",0.000000,0.000000,2.16999993085665e-07,40.000000,0.579999,1000.000000,0.000000,0.000000,13.000000,0.000000,0.515378,0.579999,,,,8.202779,8.202779,,16.800279,,,,,,903.822387,0.066146,0.000000,0.000000,0.000000,,-459.670013,1000.000000,,0.000000,0.000000,,,,0.047157,"UNDEFINED",0.000000,0.997561,0.000000,,,,,"","",,,,8.202779,,0.000000,,0.000000,,,0.000000,0.000000,"",,,0.000000,,-1.000000,,0.000000,0.000000,-1.000000,-1.000000,,,,,,,,,,,"",,,,,,,,,,"Volumetric",,,,,,,,,,0.000000,,,,,,,,,,0.000000,0.000000,,,,,,,,,,,,
"0BEC4582","Nodes",1115656.000000,1668248.620000,1313.064347,"Default Known Flow Node",69.999969,0.579999,1000.000000,0.000000,"Known Flow",0.000000,0.000000,2.16999993085665e-07,40.000000,0.579999,1000.000000,0.000000,0.000000,13.000000,0.000000,0.515378,0.579999,,,,8.207159,8.207159,,16.800279,,,,,,903.822387,0.066146,0.000000,0.000000,0.000000,,-459.670013,1000.000000,,0.000000,0.000000,,,,0.047158,"SETFLOW",0.000000,0.997561,0.000000,,,,,"","",,,,8.207159,,0.000000,,0.000000,,,0.000000,0.000000,"",,,0.000000,,-1.000000,,0.000000,0.000000,-1.000000,-1.000000,,,,,,,,,,,"",,,,,,,,,,"Volumetric",,,,,,,,,,-0.178938,,,,,,,,,,-0.178938,-0.004294,,,,,,,,,,,,
"2FB8561F","Nodes",1115635.500000,1668242.370000,1313.064347,"Default Known Flow Node",69.999969,0.579999,1000.000000,0.000000,"Known Flow",0.000000,0.000000,2.16999993085665e-07,40.000000,0.579999,1000.000000,0.000000,0.000000,13.000000,0.000000,0.515378,0.579999,,,,8.198410,8.198410,,16.800279,,,,,,903.822387,0.066146,0.000000,0.000000,0.000000,,-459.670013,1000.000000,,0.000000,0.000000,,,,0.047157,"SETFLOW",0.000000,0.997561,0.000000,,,,,"","",,,,8.198410,,0.000000,,0.000000,,,0.000000,0.000000,"",,,0.000000,,-1.000000,,0.000000,0.000000,-1.000000,-1.000000,,,,,,,,,,,"",,,,,,,,,,"Volumetric",,,,,,,,,,-0.045160,,,,,,,,,,-0.045160,-0.001083,,,,,,,,,,,,
"0BEC4579","Nodes",1115641.870000,1668250.120000,1313.064347,"Default Known Flow Node",69.999969,0.579999,1000.000000,0.000000,"Known Flow",0.000000,0.000000,2.16999993085665e-07,40.000000,0.579999,1000.000000,0.000000,0.000000,13.000000,0.000000,0.515378,0.579999,,,,8.198432,8.198432,,16.800279,,,,,,903.822387,0.066146,0.000000,0.000000,0.000000,,-459.670013,1000.000000,,0.000000,0.000000,,,,0.047157,"SETFLOW",0.000000,0.997561,0.000000,,,,,"","",,,,8.198432,,0.000000,,0.000000,,,0.000000,0.000000,"",,,0.000000,,-1.000000,,0.000000,0.000000,-1.000000,-1.000000,,,,,,,,,,,"",,,,,,,,,,"Volumetric",,,,,,,,,,-0.193849,,,,,,,,,,-0.193849,-0.004652,,,,,,,,,,,,
"0BEC4598","Nodes",1115676.620000,1668279.000000,1313.064347,"Default Known Flow Node",69.999969,0.579999,1000.000000,0.000000,"Known Flow",0.000000,0.000000,2.16999993085665e-07,40.000000,0.579999,1000.000000,0.000000,0.000000,13.000000,0.000000,0.515378,0.579999,,,,8.329046,8.329046,,16.800279,,,,,,903.822387,0.066146,0.000000,0.000000,0.000000,,-459.670013,1000.000000,,0.000000,0.000000,,,,0.047172,"UNDEFINED",0.000000,0.997561,0.000000,,,,,"","",,,,8.329046,,0.000000,,0.000000,,,0.000000,0.000000,"",,,0.000000,,-1.000000,,0.000000,0.000000,-1.000000,-1.000000,,,,,,,,,,,"",,,,,,,,,,"Volumetric",,,,,,,,,,0.000000,,,,,,,,,,0.000000,0.000000,,,,,,,,,,,,
"0BEC4584","Nodes",1115680.120000,1668284.370000,1313.064347,"Default Known Flow Node",69.999969,0.579999,1000.000000,0.000000,"Known Flow",0.000000,0.000000,2.16999993085665e-07,40.000000,0.579999,1000.000000,0.000000,0.000000,13.000000,0.000000,0.515379,0.579999,,,,8.354496,8.354496,,16.800279,,,,,,903.822387,0.066146,0.000000,0.000000,0.000000,,-459.670013,1000.000000,,0.000000,0.000000,,,,0.047175,"UNDEFINED",0.000000,0.997560,0.000000,,,,,"","",,,,8.354496,,0.000000,,0.000000,,,0.000000,0.000000,"",,,0.000000,,-1.000000,,0.000000,0.000000,-1.000000,-1.000000,,,,,,,,,,,"",,,,,,,,,,"Volumetric",,,,,,,,,,0.000000,,,,,,,,,,0.000000,0.000000,,,,,,,,,,,,
"0BEC459A","Nodes",1115686.120000,1668292.500000,1313.064347,"Default Known Flow Node",69.999969,0.579999,1000.000000,0.000000,"Known Flow",0.000000,0.000000,2.16999993085665e-07,40.000000,0.579999,1000.000000,0.000000,0.000000,13.000000,0.000000,0.515379,0.579999,,,,8.387213,8.387213,,16.800279,,,,,,903.822387,0.066146,0.000000,0.000000,0.000000,,-459.670013,1000.000000,,0.000000,0.000000,,,,0.047178,"SETFLOW",0.000000,0.997560,0.000000,,,,,"","",,,,8.387213,,0.000000,,0.000000,,,0.000000,0.000000,"",,,0.000000,"V46524",-1.000000,,0.000000,0.000000,-1.000000,-1.000000,,,,,,,,,,,"",,,,,,,,,,"Volumetric",,,,,,,,,,-0.018745,,,,,,,,,,-0.018745,-0.000449,,,,,,,,,,,,
"0BEC4587","Nodes",1115736.223167,1668365.113890,1313.064347,"Default Known Flow Node",69.999969,0.579999,1000.000000,0.000000,"Known Flow",0.000000,0.000000,2.16999993085665e-07,40.000000,0.579999,1000.000000,0.000000,0.000000,13.000000,0.000000,0.515381,0.579999,,,,8.711001,8.711001,,16.800279,,,,,,903.822387,0.066145,0.000000,0.000000,0.000000,,-459.670013,1000.000000,,0.000000,0.000000,,,,0.047215,"SETFLOW",0.000000,0.997558,0.000000,,,,,"","",,,,8.711001,,0.000000,,0.000000,,,0.000000,0.000000,"",,,0.000000,,-1.000000,,0.000000,0.000000,-1.000000,-1.000000,,,,,,,,,,,"",,,,,,,,,,"Volumetric",,,,,,,,,,-0.023432,,,,,,,,,,-0.023432,-0.000562,,,,,,,,,,,,
"0BEC457A","Nodes",1115341.870000,1668448.750000,1313.064347,"Default Known Flow Node",69.999969,0.579999,1000.000000,0.000000,"Known Flow",0.000000,0.000000,2.16999993085665e-07,40.000000,0.579999,1000.000000,0.000000,0.000000,13.000000,0.000000,0.515377,0.579999,,,,8.046709,8.046709,,16.800279,,,,,,903.822387,0.066146,0.000000,0.000000,0.000000,,-459.670013,1000.000000,,0.000000,0.000000,,,,0.047140,"SETFLOW",0.000000,0.997562,0.000000,,,,,"","",,,,8.046709,,0.000000,,0.000000,,,0.000000,0.000000,"",,,0.000000,,-1.000000,,0.000000,0.000000,-1.000000,-1.000000,,,,,,,,,,,"",,,,,,,,,,"Volumetric",,,,,,,,,,-0.148168,,,,,,,,,,-0.148168,-0.003556,,,,,,,,,,,,
"Q3No142","Nodes",1115328.518694,1668428.978487,1313.064347,"Default Known Flow Node",69.999969,0.579999,1000.000000,0.000000,"Known Flow",0.000000,0.000000,2.16999993085665e-07,40.000000,0.579999,1000.000000,0.000000,0.000000,13.000000,0.000000,0.515377,0.579999,,,,8.046658,8.046658,,16.800279,,,,,,903.822387,0.066146,0.000000,0.000000,0.000000,,-459.670013,1000.000000,,0.000000,0.000000,,,,0.047140,"UNDEFINED",0.000000,0.997562,0.000000,,,,,"","",,,,8.046658,,0.000000,,0.000000,,,0.000000,0.000000,"",,,0.000000,,-1.000000,,0.000000,0.000000,0.000000,-1.000000,,,,,,,,,,,"",,,,,,,,,,"Volumetric",,,,,,,,,,0.000000,,,,,,,,,,0.000000,0.000000,,,,,,,,,,,,
"0BEC457D","Nodes",1115307.750000,1668472.000000,1313.064347,"Default Known Flow Node",69.999969,0.579999,1000.000000,0.000000,"Known Flow",0.000000,0.000000,2.16999993085665e-07,40.000000,0.579999,1000.000000,0.000000,0.000000,13.000000,0.000000,0.515377,0.579999,,,,8.030120,8.030120,,16.800279,,,,,,903.822387,0.066146,0.000000,0.000000,0.000000,,-459.670013,1000.000000,,0.000000,0.000000,,,,0.047138,"UNDEFINED",0.000000,0.997562,0.000000,,,,,"","",,,,8.030120,,0.000000,,0.000000,,,0.000000,0.000000,"",,,0.000000,,-1.000000,,0.000000,0.000000,-1.000000,-1.000000,,,,,,,,,,,"",,,,,,,,,,"Volumetric",,,,,,,,,,0.000000,,,,,,,,,,0.000000,0.000000,,,,,,,,,,,,
"0BEC457E","Nodes",1115285.750000,1668488.120000,1313.064347,"Default Known Flow Node",69.999969,0.579999,1000.000000,0.000000,"Known Flow",0.000000,0.000000,2.16999993085665e-07,40.000000,0.579999,1000.000000,0.000000,0.000000,13.000000,0.000000,0.515377,0.579999,,,,8.017982,8.017982,,16.800279,,,,,,903.822387,0.066146,0.000000,0.000000,0.000000,,-459.670013,1000.000000,,0.000000,0.000000,,,,0.047136,"SETFLOW",0.000000,0.997562,0.000000,,,,,"","",,,,8.017982,,0.000000,,0.000000,,,0.000000,0.000000,"",,,0.000000,,-1.000000,,0.000000,0.000000,-1.000000,-1.000000,,,,,,,,,,,"",,,,,,,,,,"Volumetric",,,,,,,,,,-0.047338,,,,,,,,,,-0.047338,-0.001136,,,,,,,,,,,,
"0BEC4610","Nodes",1115264.370000,1669027.370000,1313.064347,"Default Known Flow Node",69.999969,0.579999,1000.000000,0.000000,"Known Flow",0.000000,0.000000,2.16999993085665e-07,40.000000,0.579999,1000.000000,0.000000,0.000000,13.000000,0.000000,0.515376,0.579999,,,,7.905549,7.905549,,16.800279,,,,,,903.822387,0.066146,0.000000,0.000000,0.000000,,-459.670013,1000.000000,,0.000000,0.000000,,,,0.047124,"SETFLOW",0.000000,0.997563,0.000000,,,,,"","",,,,7.905549,,0.000000,,0.000000,,,0.000000,0.000000,"",,,0.000000,,-1.000000,,0.000000,0.000000,-1.000000,-1.000000,,,,,,,,,,,"",,,,,,,,,,"Volumetric",,,,,,,,,,-0.086322,,,,,,,,,,-0.086322,-0.002071,,,,,,,,,,,,
"0BEC4615","Nodes",1115848.429408,1668636.441267,1313.064347,"Default Known Flow Node",69.999969,0.579999,1000.000000,0.000000,"Known Flow",0.000000,0.000000,2.16999993085665e-07,40.000000,0.579999,1000.000000,0.000000,0.000000,13.000000,0.000000,0.515380,0.579999,,,,8.549423,8.549423,,16.800279,,,,,,903.822387,0.066145,0.000000,0.000000,0.000000,,-459.670013,1000.000000,,0.000000,0.000000,,,,0.047197,"SETFLOW",0.000000,0.997559,0.000000,,,,,"","",,,,8.549423,,0.000000,,0.000000,,,0.000000,0.000000,"",,,0.000000,,-1.000000,,0.000000,0.000000,-1.000000,-1.000000,,,,,,,,,,,"",,,,,,,,,,"Volumetric",,,,,,,,,,-0.084782,,,,,,,,,,-0.084782,-0.002034,,,,,,,,,,,,
"2FBA9A10","Nodes",1115907.347083,1668623.584144,1313.064347,"Default Known Flow Node",69.999969,0.579999,1000.000000,0.000000,"Known Flow",0.000000,0.000000,2.16999993085665e-07,40.000000,0.579999,1000.000000,0.000000,0.000000,13.000000,0.000000,0.515380,0.579999,,,,8.592197,8.592197,,16.800279,,,,,,903.822387,0.066145,0.000000,0.000000,0.000000,,-459.670013,1000.000000,,0.000000,0.000000,,,,0.047202,"UNDEFINED",0.000000,0.997559,0.000000,,,,,"","",,,,8.592197,,0.000000,,0.000000,,,0.000000,0.000000,"",,,0.000000,"V22017",-1.000000,,0.000000,0.000000,-1.000000,-1.000000,,,,,,,,,,,"",,,,,,,,,,"Volumetric",,,,,,,,,,0.000000,,,,,,,,,,0.000000,0.000000,,,,,,,,,,,,
"2FB872AF","Nodes",1115916.485883,1668641.370839,1313.064347,"Default Known Flow Node",69.999969,0.579999,1000.000000,0.000000,"Known Flow",0.000000,0.000000,2.16999993085665e-07,40.000000,0.579999,1000.000000,0.000000,0.000000,13.000000,0.000000,0.515380,0.579999,,,,8.583376,8.583376,,16.800279,,,,,,903.822387,0.066145,0.000000,0.000000,0.000000,,-459.670013,1000.000000,,0.000000,0.000000,,,,0.047201,"SETFLOW",0.000000,0.997559,0.000000,,,,,"","",,,,8.583376,,0.000000,,0.000000,,,0.000000,0.000000,"",,,0.000000,,-1.000000,,0.000000,0.000000,-1.000000,-1.000000,,,,,,,,,,,"",,,,,,,,,,"Volumetric",,,,,,,,,,-0.253921,,,,,,,,,,-0.253921,-0.006094,,,,,,,,,,,,
"2FB1AAA5","Nodes",1116034.000000,1668820.120000,1313.064347,"Default Known Flow Node",69.999969,0.579999,1000.000000,0.000000,"Known Flow",0.000000,0.000000,2.16999993085665e-07,40.000000,0.579999,1000.000000,0.000000,0.000000,13.000000,0.000000,0.515378,0.579999,,,,8.215406,8.215406,,16.800279,,,,,,903.822387,0.066146,0.000000,0.000000,0.000000,,-459.670013,1000.000000,,0.000000,0.000000,,,,0.047159,"SETFLOW",0.000000,0.997561,0.000000,,,,,"","",,,,8.215406,,0.000000,,0.000000,,,0.000000,0.000000,"",,,0.000000,,-1.000000,,0.000000,0.000000,-1.000000,-1.000000,,,,,,,,,,,"",,,,,,,,,,"Volumetric",,,,,,,,,,-0.428048,,,,,,,,,,-0.428048,-0.010273,,,,,,,,,,,,
"0BEC463A","Nodes",1116200.000000,1668703.620000,1313.064347,"Default Known Flow Node",69.999969,0.579999,1000.000000,0.000000,"Known Flow",0.000000,0.000000,2.16999993085665e-07,40.000000,0.579999,1000.000000,0.000000,0.000000,13.000000,0.000000,0.515377,0.579999,,,,8.102772,8.102772,,16.800279,,,,,,903.822387,0.066146,0.000000,0.000000,0.000000,,-459.670013,1000.000000,,0.000000,0.000000,,,,0.047146,"SETFLOW",0.000000,0.997562,0.000000,,,,,"","",,,,8.102772,,0.000000,,0.000000,,,0.000000,0.000000,"",,,0.000000,"43-18 Robinson St. AC= 0, Q= 3.448 mcfh, Firm",-1.000000,,0.000000,0.000000,-1.000000,-1.000000,,,,,,,,,,,"",,,"",,,,,,,"Volumetric",,,"Volumetric",,,,,,,0.000000,,,-3.447999,,,,,,,0.000000,0.000000,,,,,,,,,,,,
"2FB872B0","Nodes",1115930.620000,1668662.750000,1313.064347,"Default Known Flow Node",69.999969,0.579999,1000.000000,0.000000,"Known Flow",0.000000,0.000000,2.16999993085665e-07,40.000000,0.579999,1000.000000,0.000000,0.000000,13.000000,0.000000,0.515380,0.579999,,,,8.525985,8.525985,,16.800279,,,,,,903.822387,0.066145,0.000000,0.000000,0.000000,,-459.670013,1000.000000,,0.000000,0.000000,,,,0.047194,"SETFLOW",0.000000,0.997559,0.000000,,,,,"","",,,,8.525985,,0.000000,,0.000000,,,0.000000,0.000000,"",,,0.000000,,-1.000000,,0.000000,0.000000,-1.000000,-1.000000,,,,,,,,,,,"",,,,,,,,,,"Volumetric",,,,,,,,,,-0.291839,,,,,,,,,,-0.291839,-0.007004,,,,,,,,,,,,
"0BEC4626","Nodes",1115995.370000,1668762.000000,1313.064347,"Default Known Flow Node",69.999969,0.579999,1000.000000,0.000000,"Known Flow",0.000000,0.000000,2.16999993085665e-07,40.000000,0.579999,1000.000000,0.000000,0.000000,13.000000,0.000000,0.515378,0.579999,,,,8.322382,8.322382,,16.800279,,,,,,903.822387,0.066146,0.000000,0.000000,0.000000,,-459.670013,1000.000000,,0.000000,0.000000,,,,0.047171,"SETFLOW",0.000000,0.997561,0.000000,,,,,"","",,,,8.322382,,0.000000,,0.000000,,,0.000000,0.000000,"",,,0.000000,,-1.000000,,0.000000,0.000000,-1.000000,-1.000000,,,,,,,,,,,"",,,,,,,,,,"Volumetric",,,,,,,,,,-0.029071,,,,,,,,,,-0.029071,-0.000697,,,,,,,,,,,,
"0BEC4627","Nodes",1116005.000000,1668776.750000,1313.064347,"Default Known Flow Node",69.999969,0.579999,1000.000000,0.000000,"Known Flow",0.000000,0.000000,2.16999993085665e-07,40.000000,0.579999,1000.000000,0.000000,0.000000,13.000000,0.000000,0.515378,0.579999,,,,8.307420,8.307420,,16.800279,,,,,,903.822387,0.066146,0.000000,0.000000,0.000000,,-459.670013,1000.000000,,0.000000,0.000000,,,,0.047169,"SETFLOW",0.000000,0.997561,0.000000,,,,,"","",,,,8.307420,,0.000000,,0.000000,,,0.000000,0.000000,"",,,0.000000,,-1.000000,,0.000000,0.000000,-1.000000,-1.000000,,,,,,,,,,,"",,,,,,,,,,"Volumetric",,,,,,,,,,-0.010525,,,,,,,,,,-0.010525,-0.000252,,,,,,,,,,,,
"2FB85609","Nodes",1116021.250000,1668801.000000,1313.064347,"Default Known Flow Node",69.999969,0.579999,1000.000000,0.000000,"Known Flow",0.000000,0.000000,2.16999993085665e-07,40.000000,0.579999,1000.000000,0.000000,0.000000,13.000000,0.000000,0.515378,0.579999,,,,8.257529,8.257529,,16.800279,,,,,,903.822387,0.066146,0.000000,0.000000,0.000000,,-459.670013,1000.000000,,0.000000,0.000000,,,,0.047164,"SETFLOW",0.000000,0.997561,0.000000,,,,,"","",,,,8.257529,,0.000000,,0.000000,,,0.000000,0.000000,"",,,0.000000,,-1.000000,,0.000000,0.000000,-1.000000,-1.000000,,,,,,,,,,,"",,,,,,,,,,"Volumetric",,,,,,,,,,-0.010525,,,,,,,,,,-0.010525,-0.000252,,,,,,,,,,,,
"2FB8560B","Nodes",1116024.500000,1668805.870000,1313.064347,"Default Known Flow Node",69.999969,0.579999,1000.000000,0.000000,"Known Flow",0.000000,0.000000,2.16999993085665e-07,40.000000,0.579999,1000.000000,0.000000,0.000000,13.000000,0.000000,0.515378,0.579999,,,,8.242590,8.242590,,16.800279,,,,,,903.822387,0.066146,0.000000,0.000000,0.000000,,-459.670013,1000.000000,,0.000000,0.000000,,,,0.047162,"UNDEFINED",0.000000,0.997561,0.000000,,,,,"","",,,,8.242590,,0.000000,,0.000000,,,0.000000,0.000000,"",,,0.000000,,-1.000000,,0.000000,0.000000,-1.000000,-1.000000,,,,,,,,,,,"",,,,,,,,,,"Volumetric",,,,,,,,,,0.000000,,,,,,,,,,0.000000,0.000000,,,,,,,,,,,,
"2FB8560D","Nodes",1116023.250000,1668806.750000,1313.064347,"Default Known Flow Node",69.999969,0.579999,1000.000000,0.000000,"Known Flow",0.000000,0.000000,2.16999993085665e-07,40.000000,0.579999,1000.000000,0.000000,0.000000,13.000000,0.000000,0.515378,0.579999,,,,8.242321,8.242321,,16.800279,,,,,,903.822387,0.066146,0.000000,0.000000,0.000000,,-459.670013,1000.000000,,0.000000,0.000000,,,,0.047162,"UNDEFINED",0.000000,0.997561,0.000000,,,,,"","",,,,8.242321,,0.000000,,0.000000,,,0.000000,0.000000,"",,,0.000000,,-1.000000,,0.000000,0.000000,-1.000000,-1.000000,,,,,,,,,,,"",,,,,,,,,,"Volumetric",,,,,,,,,,0.000000,,,,,,,,,,0.000000,0.000000,,,,,,,,,,,,
"2FB8560C","Nodes",1116008.870000,1668816.120000,1313.064347,"Default Known Flow Node",69.999969,0.579999,1000.000000,0.000000,"Known Flow",0.000000,0.000000,2.16999993085665e-07,40.000000,0.579999,1000.000000,0.000000,0.000000,13.000000,0.000000,0.515378,0.579999,,,,8.234781,8.234781,,16.800279,,,,,,903.822387,0.066146,0.000000,0.000000,0.000000,,-459.670013,1000.000000,,0.000000,0.000000,,,,0.047161,"UNDEFINED",0.000000,0.997561,0.000000,,,,,"","",,,,8.234781,,0.000000,,0.000000,,,0.000000,0.000000,"",,,0.000000,,-1.000000,,0.000000,0.000000,-1.000000,-1.000000,,,,,,,,,,,"",,,,,,,,,,"Volumetric",,,,,,,,,,0.000000,,,,,,,,,,0.000000,0.000000,,,,,,,,,,,,
"0BEC4619","Nodes",1115979.870000,1668829.000000,1313.064347,"Default Known Flow Node",69.999969,0.579999,1000.000000,0.000000,"Known Flow",0.000000,0.000000,2.16999993085665e-07,40.000000,0.579999,1000.000000,0.000000,0.000000,13.000000,0.000000,0.515378,0.579999,,,,8.218759,8.218759,,16.800279,,,,,,903.822387,0.066146,0.000000,0.000000,0.000000,,-459.670013,1000.000000,,0.000000,0.000000,,,,0.047159,"SETFLOW",0.000000,0.997561,0.000000,,,,,"","",,,,8.218759,,0.000000,,0.000000,,,0.000000,0.000000,"",,,0.000000,,-1.000000,,0.000000,0.000000,-1.000000,-1.000000,,,,,,,,,,,"",,,,,,,,,,"Volumetric",,,,,,,,,,-0.029071,,,,,,,,,,-0.029071,-0.000697,,,,,,,,,,,,
"2FB85618","Nodes",1116157.120000,1669010.120000,1313.064347,"Default Known Flow Node",69.999969,0.579999,1000.000000,0.000000,"Known Flow",0.000000,0.000000,2.16999993085665e-07,40.000000,0.579999,1000.000000,0.000000,0.000000,13.000000,0.000000,0.515377,0.579999,,,,8.077481,8.077481,,16.800279,,,,,,903.822387,0.066146,0.000000,0.000000,0.000000,,-459.670013,1000.000000,,0.000000,0.000000,,,,0.047143,"SETFLOW",0.000000,0.997562,0.000000,,,,,"","",,,,8.077481,,0.000000,,0.000000,,,0.000000,0.000000,"",,,0.000000,,-1.000000,,0.000000,0.000000,-1.000000,-1.000000,,,,,,,,,,,"",,,,,,,,,,"Volumetric",,,,,,,,,,-0.052481,,,,,,,,,,-0.052481,-0.001259,,,,,,,,,,,,
"2FB85619","Nodes",1116158.870000,1669012.620000,1313.064347,"Default Known Flow Node",69.999969,0.579999,1000.000000,0.000000,"Known Flow",0.000000,0.000000,2.16999993085665e-07,40.000000,0.579999,1000.000000,0.000000,0.000000,13.000000,0.000000,0.515377,0.579999,,,,8.074699,8.074699,,16.800279,,,,,,903.822387,0.066146,0.000000,0.000000,0.000000,,-459.670013,1000.000000,,0.000000,0.000000,,,,0.047143,"UNDEFINED",0.000000,0.997562,0.000000,,,,,"","",,,,8.074699,,0.000000,,0.000000,,,0.000000,0.000000,"",,,0.000000,,-1.000000,,0.000000,0.000000,-1.000000,-1.000000,,,,,,,,,,,"",,,,,,,,,,"Volumetric",,,,,,,,,,0.000000,,,,,,,,,,0.000000,0.000000,,,,,,,,,,,,
"2FB85617","Nodes",1116160.370000,1669015.000000,1313.064347,"Default Known Flow Node",69.999969,0.579999,1000.000000,0.000000,"Known Flow",0.000000,0.000000,2.16999993085665e-07,40.000000,0.579999,1000.000000,0.000000,0.000000,13.000000,0.000000,0.515377,0.579999,,,,8.072494,8.072494,,16.800279,,,,,,903.822387,0.066146,0.000000,0.000000,0.000000,,-459.670013,1000.000000,,0.000000,0.000000,,,,0.047143,"UNDEFINED",0.000000,0.997562,0.000000,,,,,"","",,,,8.072494,,0.000000,,0.000000,,,0.000000,0.000000,"",,,0.000000,,-1.000000,,0.000000,0.000000,-1.000000,-1.000000,,,,,,,,,,,"",,,,,,,,,,"Volumetric",,,,,,,,,,0.000000,,,,,,,,,,0.000000,0.000000,,,,,,,,,,,,
"2FB1B860","Nodes",1116165.370000,1669022.500000,1313.064347,"Default Known Flow Node",69.999969,0.579999,1000.000000,0.000000,"Known Flow",0.000000,0.000000,2.16999993085665e-07,40.000000,0.579999,1000.000000,0.000000,0.000000,13.000000,0.000000,0.515377,0.579999,,,,8.068220,8.068220,,16.800279,,,,,,903.822387,0.066146,0.000000,0.000000,0.000000,,-459.670013,1000.000000,,0.000000,0.000000,,,,0.047142,"SETFLOW",0.000000,0.997562,0.000000,,,,,"","",,,,8.068220,,0.000000,,0.000000,,,0.000000,0.000000,"",,,0.000000,,-1.000000,,0.000000,0.000000,-1.000000,-1.000000,,,,,,,,,,,"",,,,,,,,,,"Volumetric",,,,,,,,,,-0.008845,,,,,,,,,,-0.008845,-0.000212,,,,,,,,,,,,
"2FB8561A","Nodes",1116141.500000,1669024.500000,1313.064347,"Default Known Flow Node",69.999969,0.579999,1000.000000,0.000000,"Known Flow",0.000000,0.000000,2.16999993085665e-07,40.000000,0.579999,1000.000000,0.000000,0.000000,13.000000,0.000000,0.515377,0.579999,,,,8.074228,8.074228,,16.800279,,,,,,903.822387,0.066146,0.000000,0.000000,0.000000,,-459.670013,1000.000000,,0.000000,0.000000,,,,0.047143,"UNDEFINED",0.000000,0.997562,0.000000,,,,,"","",,,,8.074228,,0.000000,,0.000000,,,0.000000,0.000000,"",,,0.000000,,-1.000000,,0.000000,0.000000,-1.000000,-1.000000,,,,,,,,,,,"",,,,,,,,,,"Volumetric",,,,,,,,,,0.000000,,,,,,,,,,0.000000,0.000000,,,,,,,,,,,,
"0BEC460B","Nodes",1115260.120000,1669030.250000,1313.064347,"Default Known Flow Node",69.999969,0.579999,1000.000000,0.000000,"Known Flow",0.000000,0.000000,2.16999993085665e-07,40.000000,0.579999,1000.000000,0.000000,0.000000,13.000000,0.000000,0.515376,0.579999,,,,7.886674,7.886674,,16.800279,,,,,,903.822387,0.066146,0.000000,0.000000,0.000000,,-459.670013,1000.000000,,0.000000,0.000000,,,,0.047122,"SETFLOW",0.000000,0.997563,0.000000,,,,,"","",,,,7.886674,,0.000000,,0.000000,,,0.000000,0.000000,"",,,0.000000,,-1.000000,,0.000000,0.000000,-1.000000,-1.000000,,,,,,,,,,,"",,,,,,,,,,"Volumetric",,,,,,,,,,-0.071981,,,,,,,,,,-0.071981,-0.001727,,,,,,,,,,,,
"0BEC461D","Nodes",1116136.620000,1669027.870000,1313.064347,"Default Known Flow Node",69.999969,0.579999,1000.000000,0.000000,"Known Flow",0.000000,0.000000,2.16999993085665e-07,40.000000,0.579999,1000.000000,0.000000,0.000000,13.000000,0.000000,0.515377,0.579999,,,,8.071165,8.071165,,16.800279,,,,,,903.822387,0.066146,0.000000,0.000000,0.000000,,-459.670013,1000.000000,,0.000000,0.000000,,,,0.047143,"UNDEFINED",0.000000,0.997562,0.000000,,,,,"","",,,,8.071165,,0.000000,,0.000000,,,0.000000,0.000000,"",,,0.000000,,-1.000000,,0.000000,0.000000,-1.000000,-1.000000,,,,,,,,,,,"",,,,,,,,,,"Volumetric",,,,,,,,,,0.000000,,,,,,,,,,0.000000,0.000000,,,,,,,,,,,,
"0BEC460A","Nodes",1115382.250000,1669234.870000,1313.064347,"Default Known Flow Node",69.999969,0.579999,1000.000000,0.000000,"Known Flow",0.000000,0.000000,2.16999993085665e-07,40.000000,0.579999,1000.000000,0.000000,0.000000,13.000000,0.000000,0.515376,0.579999,,,,7.874464,7.874464,,16.800279,,,,,,903.822387,0.066146,0.000000,0.000000,0.000000,,-459.670013,1000.000000,,0.000000,0.000000,,,,0.047120,"SETFLOW",0.000000,0.997563,0.000000,,,,,"","",,,,7.874464,,0.000000,,0.000000,,,0.000000,0.000000,"",,,0.000000,,-1.000000,,0.000000,0.000000,-1.000000,-1.000000,,,,,,,,,,,"",,,,,,,,,,"Volumetric",,,,,,,,,,-0.052350,,,,,,,,,,-0.052350,-0.001256,,,,,,,,,,,,
"2FB1AA9D","Nodes",1115255.120000,1669033.750000,1313.064347,"Default Known Flow Node",69.999969,0.579999,1000.000000,0.000000,"Known Flow",0.000000,0.000000,2.16999993085665e-07,40.000000,0.579999,1000.000000,0.000000,0.000000,13.000000,0.000000,0.515376,0.579999,,,,7.882468,7.882468,,16.800279,,,,,,903.822387,0.066146,0.000000,0.000000,0.000000,,-459.670013,1000.000000,,0.000000,0.000000,,,,0.047121,"UNDEFINED",0.000000,0.997563,0.000000,,,,,"","",,,,7.882468,,0.000000,,0.000000,,,0.000000,0.000000,"",,,0.000000,,-1.000000,,0.000000,0.000000,-1.000000,-1.000000,,,,,,,,,,,"",,,,,,,,,,"Volumetric",,,,,,,,,,0.000000,,,,,,,,,,0.000000,0.000000,,,,,,,,,,,,
"0BEC460C","Nodes",1115242.000000,1669043.000000,1313.064347,"Default Known Flow Node",69.999969,0.579999,1000.000000,0.000000,"Known Flow",0.000000,0.000000,2.16999993085665e-07,40.000000,0.579999,1000.000000,0.000000,0.000000,13.000000,0.000000,0.515376,0.579999,,,,7.872855,7.872855,,16.800279,,,,,,903.822387,0.066146,0.000000,0.000000,0.000000,,-459.670013,1000.000000,,0.000000,0.000000,,,,0.047120,"UNDEFINED",0.000000,0.997563,0.000000,,,,,"","",,,,7.872855,,0.000000,,0.000000,,,0.000000,0.000000,"",,,0.000000,,-1.000000,,0.000000,0.000000,-1.000000,-1.000000,,,,,,,,,,,"",,,,,,,,,,"Volumetric",,,,,,,,,,0.000000,,,,,,,,,,0.000000,0.000000,,,,,,,,,,,,
"2FB1AA9C","Nodes",1115240.250000,1669040.250000,1313.064347,"Default Known Flow Node",69.999969,0.579999,1000.000000,0.000000,"Known Flow",0.000000,0.000000,2.16999993085665e-07,40.000000,0.579999,1000.000000,0.000000,0.000000,13.000000,0.000000,0.515376,0.579999,,,,7.872976,7.872976,,16.800279,,,,,,903.822387,0.066146,0.000000,0.000000,0.000000,,-459.670013,1000.000000,,0.000000,0.000000,,,,0.047120,"SETFLOW",0.000000,0.997563,0.000000,,,,,"","",,,,7.872976,,0.000000,,0.000000,,,0.000000,0.000000,"",,,0.000000,,-1.000000,,0.000000,0.000000,-1.000000,-1.000000,,,,,,,,,,,"",,,,,,,,,,"Volumetric",,,,,,,,,,-0.034459,,,,,,,,,,-0.034459,-0.000827,,,,,,,,,,,,
"0BEC460F","Nodes",1115237.745913,1669045.794262,1313.064347,"Default Known Flow Node",69.999969,0.579999,1000.000000,0.000000,"Known Flow",0.000000,0.000000,2.16999993085665e-07,40.000000,0.579999,1000.000000,0.000000,0.000000,13.000000,0.000000,0.515376,0.579999,,,,7.868638,7.868638,,16.800279,,,,,,903.822387,0.066146,0.000000,0.000000,0.000000,,-459.670013,1000.000000,,0.000000,0.000000,,,,0.047120,"UNDEFINED",0.000000,0.997563,0.000000,,,,,"","",,,,7.868638,,0.000000,,0.000000,,,0.000000,0.000000,"",,,0.000000,,-1.000000,,0.000000,0.000000,-1.000000,-1.000000,,,,,,,,,,,"",,,,,,,,,,"Volumetric",,,,,,,,,,0.000000,,,,,,,,,,0.000000,0.000000,,,,,,,,,,,,
"2FB1AAA3","Nodes",1115235.133861,1669047.570563,1313.064347,"Default Known Flow Node",69.999969,0.579999,1000.000000,0.000000,"Known Flow",0.000000,0.000000,2.16999993085665e-07,40.000000,0.579999,1000.000000,0.000000,0.000000,13.000000,0.000000,0.515376,0.579999,,,,7.866107,7.866107,,16.800279,,,,,,903.822387,0.066146,0.000000,0.000000,0.000000,,-459.670013,1000.000000,,0.000000,0.000000,,,,0.047119,"UNDEFINED",0.000000,0.997563,0.000000,,,,,"","",,,,7.866107,,0.000000,,0.000000,,,0.000000,0.000000,"",,,0.000000,,-1.000000,,0.000000,0.000000,-1.000000,-1.000000,,,,,,,,,,,"",,,,,,,,,,"Volumetric",,,,,,,,,,0.000000,,,,,,,,,,0.000000,0.000000,,,,,,,,,,,,
"0BEC460E","Nodes",1115228.783350,1669056.009169,1313.064347,"Default Known Flow Node",69.999969,0.579999,1000.000000,0.000000,"Known Flow",0.000000,0.000000,2.16999993085665e-07,40.000000,0.579999,1000.000000,0.000000,0.000000,13.000000,0.000000,0.515376,0.579999,,,,7.856828,7.856828,,16.800279,,,,,,903.822387,0.066146,0.000000,0.000000,0.000000,,-459.670013,1000.000000,,0.000000,0.000000,,,,0.047118,"UNDEFINED",0.000000,0.997563,0.000000,,,,,"","",,,,7.856828,,0.000000,,0.000000,,,0.000000,0.000000,"",,,0.000000,"V75512",-1.000000,,0.000000,0.000000,-1.000000,-1.000000,,,,,,,,,,,"",,,,,,,,,,"Volumetric",,,,,,,,,,0.000000,,,,,,,,,,0.000000,0.000000,,,,,,,,,,,,
"0BEC4560","Nodes",1115153.789286,1669107.203450,1313.064347,"Default Known Flow Node",69.999969,0.579999,1000.000000,0.000000,"Known Flow",0.000000,0.000000,2.16999993085665e-07,40.000000,0.579999,1000.000000,0.000000,0.000000,13.000000,0.000000,0.515375,0.579999,,,,7.780061,7.780061,,16.800279,,,,,,903.822387,0.066146,0.000000,0.000000,0.000000,,-459.670013,1000.000000,,0.000000,0.000000,,,,0.047109,"SETFLOW",0.000000,0.997564,0.000000,,,,,"","",,,,7.780061,,0.000000,,0.000000,,,0.000000,0.000000,"",,,0.000000,,-1.000000,,0.000000,0.000000,-1.000000,-1.000000,,,,,,,,,,,"",,,,,,,,,,"Volumetric",,,,,,,,,,-0.275675,,,,,,,,,,-0.275675,-0.006616,,,,,,,,,,,,
"0BEC4639","Nodes",1116200.000000,1669076.370000,1313.064347,"Default Known Flow Node",69.999969,0.579999,1000.000000,0.000000,"Known Flow",0.000000,0.000000,2.16999993085665e-07,40.000000,0.579999,1000.000000,0.000000,0.000000,13.000000,0.000000,0.515377,0.579999,,,,8.037868,8.037868,,16.800279,,,,,,903.822387,0.066146,0.000000,0.000000,0.000000,,-459.670013,1000.000000,,0.000000,0.000000,,,,0.047139,"SETFLOW",0.000000,0.997562,0.000000,,,,,"","",,,,8.037868,,0.000000,,0.000000,,,0.000000,0.000000,"",,,0.000000,,-1.000000,,0.000000,0.000000,-1.000000,-1.000000,,,,,,,,,,,"",,,,,,,,,,"Volumetric",,,,,,,,,,-0.148599,,,,,,,,,,-0.148599,-0.003566,,,,,,,,,,,,
"2FB1AABC","Nodes",1116042.870000,1669091.120000,1313.064347,"Default Known Flow Node",69.999969,0.579999,1000.000000,0.000000,"Known Flow",0.000000,0.000000,2.16999993085665e-07,40.000000,0.579999,1000.000000,0.000000,0.000000,13.000000,0.000000,0.515377,0.579999,,,,8.028021,8.028021,,16.800279,,,,,,903.822387,0.066146,0.000000,0.000000,0.000000,,-459.670013,1000.000000,,0.000000,0.000000,,,,0.047138,"UNDEFINED",0.000000,0.997562,0.000000,,,,,"","",,,,8.028021,,0.000000,,0.000000,,,0.000000,0.000000,"",,,0.000000,,-1.000000,,0.000000,0.000000,-1.000000,-1.000000,,,,,,,,,,,"",,,,,,,,,,"Volumetric",,,,,,,,,,0.000000,,,,,,,,,,0.000000,0.000000,,,,,,,,,,,,
"2FB1AABD","Nodes",1116039.500000,1669093.370000,1313.064347,"Default Known Flow Node",69.999969,0.579999,1000.000000,0.000000,"Known Flow",0.000000,0.000000,2.16999993085665e-07,40.000000,0.579999,1000.000000,0.000000,0.000000,13.000000,0.000000,0.515377,0.579999,,,,8.025978,8.025978,,16.800279,,,,,,903.822387,0.066146,0.000000,0.000000,0.000000,,-459.670013,1000.000000,,0.000000,0.000000,,,,0.047137,"SETFLOW",0.000000,0.997562,0.000000,,,,,"","",,,,8.025978,,0.000000,,0.000000,,,0.000000,0.000000,"",,,0.000000,,-1.000000,,0.000000,0.000000,-1.000000,-1.000000,,,,,,,,,,,"",,,,,,,,,,"Volumetric",,,,,,,,,,-0.082555,,,,,,,,,,-0.082555,-0.001981,,,,,,,,,,,,
"2FB1AA9E","Nodes",1115390.750000,1669229.000000,1313.064347,"Default Known Flow Node",69.999969,0.579999,1000.000000,0.000000,"Known Flow",0.000000,0.000000,2.16999993085665e-07,40.000000,0.579999,1000.000000,0.000000,0.000000,13.000000,0.000000,0.515376,0.579999,,,,7.879077,7.879077,,16.800279,,,,,,903.822387,0.066146,0.000000,0.000000,0.000000,,-459.670013,1000.000000,,0.000000,0.000000,,,,0.047121,"SETFLOW",0.000000,0.997563,0.000000,,,,,"","",,,,7.879077,,0.000000,,0.000000,,,0.000000,0.000000,"",,,0.000000,,-1.000000,,0.000000,0.000000,-1.000000,-1.000000,,,,,,,,,,,"",,,,,,,,,,"Volumetric",,,,,,,,,,-0.012809,,,,,,,,,,-0.012809,-0.000307,,,,,,,,,,,,
"0BEC4614","Nodes",1115535.870000,1669128.750000,1313.064347,"Default Known Flow Node",69.999969,0.579999,1000.000000,0.000000,"Known Flow",0.000000,0.000000,2.16999993085665e-07,40.000000,0.579999,1000.000000,0.000000,0.000000,13.000000,0.000000,0.515376,0.579999,,,,7.969014,7.969014,,16.800279,,,,,,903.822387,0.066146,0.000000,0.000000,0.000000,,-459.670013,1000.000000,,0.000000,0.000000,,,,0.047131,"SETFLOW",0.000000,0.997563,0.000000,,,,,"","",,,,7.969014,,0.000000,,0.000000,,,0.000000,0.000000,"",,,0.000000,,-1.000000,,0.000000,0.000000,-1.000000,-1.000000,,,,,,,,,,,"",,,,,,,,,,"Volumetric",,,,,,,,,,-0.013562,,,,,,,,,,-0.013562,-0.000325,,,,,,,,,,,,
"0BEC4613","Nodes",1115375.750000,1669239.500000,1313.064347,"Default Known Flow Node",69.999969,0.579999,1000.000000,0.000000,"Known Flow",0.000000,0.000000,2.16999993085665e-07,40.000000,0.579999,1000.000000,0.000000,0.000000,13.000000,0.000000,0.515376,0.579999,,,,7.873644,7.873644,,16.800279,,,,,,903.822387,0.066146,0.000000,0.000000,0.000000,,-459.670013,1000.000000,,0.000000,0.000000,,,,0.047120,"UNDEFINED",0.000000,0.997563,0.000000,,,,,"","",,,,7.873644,,0.000000,,0.000000,,,0.000000,0.000000,"",,,0.000000,,-1.000000,,0.000000,0.000000,-1.000000,-1.000000,,,,,,,,,,,"",,,,,,,,,,"Volumetric",,,,,,,,,,0.000000,,,,,,,,,,0.000000,0.000000,,,,,,,,,,,,
"0BEC4609","Nodes",1115392.000000,1669251.250000,1313.064347,"Default Known Flow Node",69.999969,0.579999,1000.000000,0.000000,"Known Flow",0.000000,0.000000,2.16999993085665e-07,40.000000,0.579999,1000.000000,0.000000,0.000000,13.000000,0.000000,0.515376,0.579999,,,,7.867914,7.867914,,16.800279,,,,,,903.822387,0.066146,0.000000,0.000000,0.000000,,-459.670013,1000.000000,,0.000000,0.000000,,,,0.047119,"UNDEFINED",0.000000,0.997563,0.000000,,,,,"","",,,,7.867914,,0.000000,,0.000000,,,0.000000,0.000000,"",,,0.000000,,-1.000000,,0.000000,0.000000,-1.000000,-1.000000,,,,,,,,,,,"",,,,,,,,,,"Volumetric",,,,,,,,,,0.000000,,,,,,,,,,0.000000,0.000000,,,,,,,,,,,,
"0BEC4612","Nodes",1115372.500000,1669241.620000,1313.064347,"Default Known Flow Node",69.999969,0.579999,1000.000000,0.000000,"Known Flow",0.000000,0.000000,2.16999993085665e-07,40.000000,0.579999,1000.000000,0.000000,0.000000,13.000000,0.000000,0.515376,0.579999,,,,7.873030,7.873030,,16.800279,,,,,,903.822387,0.066146,0.000000,0.000000,0.000000,,-459.670013,1000.000000,,0.000000,0.000000,,,,0.047120,"SETFLOW",0.000000,0.997563,0.000000,,,,,"","",,,,7.873030,,0.000000,,0.000000,,,0.000000,0.000000,"",,,0.000000,,-1.000000,,0.000000,0.000000,-1.000000,-1.000000,,,,,,,,,,,"",,,,,,,,,,"Volumetric",,,,,,,,,,-0.025061,,,,,,,,,,-0.025061,-0.000601,,,,,,,,,,,,
"0BEC4611","Nodes",1115210.250000,1669352.120000,1313.064347,"Default Known Flow Node",69.999969,0.579999,1000.000000,0.000000,"Known Flow",0.000000,0.000000,2.16999993085665e-07,40.000000,0.579999,1000.000000,0.000000,0.000000,13.000000,0.000000,0.515375,0.579999,,,,7.781184,7.781184,,16.800279,,,,,,903.822387,0.066146,0.000000,0.000000,0.000000,,-459.670013,1000.000000,,0.000000,0.000000,,,,0.047110,"SETFLOW",0.000000,0.997564,0.000000,,,,,"","",,,,7.781184,,0.000000,,0.000000,,,0.000000,0.000000,"",,,0.000000,,-1.000000,,0.000000,0.000000,-1.000000,-1.000000,,,,,,,,,,,"",,,,,,,,,,"Volumetric",,,,,,,,,,-0.042117,,,,,,,,,,-0.042116,-0.001010,,,,,,,,,,,,
"0BEC4608","Nodes",1115397.750000,1669257.120000,1313.064347,"Default Known Flow Node",69.999969,0.579999,1000.000000,0.000000,"Known Flow",0.000000,0.000000,2.16999993085665e-07,40.000000,0.579999,1000.000000,0.000000,0.000000,13.000000,0.000000,0.515376,0.579999,,,,7.865156,7.865156,,16.800279,,,,,,903.822387,0.066146,0.000000,0.000000,0.000000,,-459.670013,1000.000000,,0.000000,0.000000,,,,0.047119,"SETFLOW",0.000000,0.997563,0.000000,,,,,"","",,,,7.865156,,0.000000,,0.000000,,,0.000000,0.000000,"",,,0.000000,,-1.000000,,0.000000,0.000000,-1.000000,-1.000000,,,,,,,,,,,"",,,,,,,,,,"Volumetric",,,,,,,,,,-0.122522,,,,,,,,,,-0.122522,-0.002940,,,,,,,,,,,,
"0BEC4607","Nodes",1115514.870000,1669447.000000,1313.064347,"Default Known Flow Node",69.999969,0.579999,1000.000000,0.000000,"Known Flow",0.000000,0.000000,2.16999993085665e-07,40.000000,0.579999,1000.000000,0.000000,0.000000,13.000000,0.000000,0.515376,0.579999,,,,7.849612,7.849612,,16.800279,,,,,,903.822387,0.066146,0.000000,0.000000,0.000000,,-459.670013,1000.000000,,0.000000,0.000000,,,,0.047117,"SETFLOW",0.000000,0.997563,0.000000,,,,,"","",,,,7.849612,,0.000000,,0.000000,,,0.000000,0.000000,"",,,0.000000,,-1.000000,,0.000000,0.000000,-1.000000,-1.000000,,,,,,,,,,,"",,,,,,,,,,"Volumetric",,,,,,,,,,-0.096117,,,,,,,,,,-0.096117,-0.002306,,,,,,,,,,,,
"0BEC461B","Nodes",1115718.250000,1669310.120000,1313.064347,"Default Known Flow Node",69.999969,0.579999,1000.000000,0.000000,"Known Flow",0.000000,0.000000,2.16999993085665e-07,40.000000,0.579999,1000.000000,0.000000,0.000000,13.000000,0.000000,0.515376,0.579999,,,,7.920275,7.920275,,16.800279,,,,,,903.822387,0.066146,0.000000,0.000000,0.000000,,-459.670013,1000.000000,,0.000000,0.000000,,,,0.047125,"SETFLOW",0.000000,0.997563,0.000000,,,,,"","",,,,7.920275,,0.000000,,0.000000,,,0.000000,0.000000,"",,,0.000000,,-1.000000,,0.000000,0.000000,-1.000000,-1.000000,,,,,,,,,,,"",,,,,,,,,,"Volumetric",,,,,,,,,,-0.023587,,,,,,,,,,-0.023587,-0.000566,,,,,,,,,,,,
"0BEC461C","Nodes",1115794.870000,1669258.620000,1313.064347,"Default Known Flow Node",69.999969,0.579999,1000.000000,0.000000,"Known Flow",0.000000,0.000000,2.16999993085665e-07,40.000000,0.579999,1000.000000,0.000000,0.000000,13.000000,0.000000,0.515376,0.579999,,,,7.923246,7.923246,,16.800279,,,,,,903.822387,0.066146,0.000000,0.000000,0.000000,,-459.670013,1000.000000,,0.000000,0.000000,,,,0.047126,"SETFLOW",0.000000,0.997563,0.000000,,,,,"","",,,,7.923246,,0.000000,,0.000000,,,0.000000,0.000000,"",,,0.000000,,-1.000000,,0.000000,0.000000,-1.000000,-1.000000,,,,,,,,,,,"",,,,,,,,,,"Volumetric",,,,,,,,,,-0.132677,,,,,,,,,,-0.132677,-0.003184,,,,,,,,,,,,
"R3509","Nodes",1115969.013389,1669140.984406,1313.064347,"Default Known Flow Node",69.999969,0.579999,1000.000000,0.000000,"Known Flow",0.000000,0.000000,2.16999993085665e-07,40.000000,0.579999,1000.000000,0.000000,0.000000,13.000000,0.000000,0.515377,0.579999,,,,7.996380,7.996380,,16.800279,,,,,,903.822387,0.066146,0.000000,0.000000,0.000000,,-459.670013,1000.000000,,0.000000,0.000000,,,,0.047134,"UNDEFINED",0.000000,0.997563,0.000000,,,,,"","",,,,7.996380,,0.000000,,0.000000,,,0.000000,0.000000,"",,,0.000000,"45-18 Bowne St",-1.000000,,0.000000,0.000000,0.000000,-1.000000,,,,,,,,,,,"",,,,,,,,,,"Volumetric",,,,,,,,,,0.000000,,,,,,,,,,0.000000,0.000000,,,,,,,,,,,,
"0BEC461A","Nodes",1115710.000000,1669315.620000,1313.064347,"Default Known Flow Node",69.999969,0.579999,1000.000000,0.000000,"Known Flow",0.000000,0.000000,2.16999993085665e-07,40.000000,0.579999,1000.000000,0.000000,0.000000,13.000000,0.000000,0.515376,0.579999,,,,7.917391,7.917391,,16.800279,,,,,,903.822387,0.066146,0.000000,0.000000,0.000000,,-459.670013,1000.000000,,0.000000,0.000000,,,,0.047125,"UNDEFINED",0.000000,0.997563,0.000000,,,,,"","",,,,7.917391,,0.000000,,0.000000,,,0.000000,0.000000,"",,,0.000000,,-1.000000,,0.000000,0.000000,-1.000000,-1.000000,,,,,,,,,,,"",,,,,,,,,,"Volumetric",,,,,,,,,,0.000000,,,,,,,,,,0.000000,0.000000,,,,,,,,,,,,
"0BEC4604","Nodes",1115526.250000,1669465.370000,1313.064347,"Default Known Flow Node",69.999969,0.579999,1000.000000,0.000000,"Known Flow",0.000000,0.000000,2.16999993085665e-07,40.000000,0.579999,1000.000000,0.000000,0.000000,13.000000,0.000000,0.515375,0.579999,,,,7.790309,7.790309,,16.800279,,,,,,903.822387,0.066146,0.000000,0.000000,0.000000,,-459.670013,1000.000000,,0.000000,0.000000,,,,0.047111,"UNDEFINED",0.000000,0.997564,0.000000,,,,,"","",,,,7.790309,,0.000000,,0.000000,,,0.000000,0.000000,"",,,0.000000,,-1.000000,,0.000000,0.000000,-1.000000,-1.000000,,,,,,,,,,,"",,,,,,,,,,"Volumetric",,,,,,,,,,0.000000,,,,,,,,,,0.000000,0.000000,,,,,,,,,,,,
"0BEC4603","Nodes",1115489.750000,1669489.620000,1313.064347,"Default Known Flow Node",69.999969,0.579999,1000.000000,0.000000,"Known Flow",0.000000,0.000000,2.16999993085665e-07,40.000000,0.579999,1000.000000,0.000000,0.000000,13.000000,0.000000,0.515375,0.579999,,,,7.783041,7.783041,,16.800279,,,,,,903.822387,0.066146,0.000000,0.000000,0.000000,,-459.670013,1000.000000,,0.000000,0.000000,,,,0.047110,"UNDEFINED",0.000000,0.997564,0.000000,,,,,"","",,,,7.783041,,0.000000,,0.000000,,,0.000000,0.000000,"",,,0.000000,,-1.000000,,0.000000,0.000000,-1.000000,-1.000000,,,,,,,,,,,"",,,,,,,,,,"Volumetric",,,,,,,,,,0.000000,,,,,,,,,,0.000000,0.000000,,,,,,,,,,,,
"2FB1FE0F","Nodes",1115558.120000,1669514.870000,1313.064347,"Default Known Flow Node",69.999969,0.579999,1000.000000,0.000000,"Known Flow",0.000000,0.000000,2.16999993085665e-07,40.000000,0.579999,1000.000000,0.000000,0.000000,13.000000,0.000000,0.515375,0.579999,,,,7.745238,7.745238,,16.800279,,,,,,903.822387,0.066146,0.000000,0.000000,0.000000,,-459.670013,1000.000000,,0.000000,0.000000,,,,0.047106,"UNDEFINED",0.000000,0.997564,0.000000,,,,,"","",,,,7.745238,,0.000000,,0.000000,,,0.000000,0.000000,"",,,0.000000,,-1.000000,,0.000000,0.000000,-1.000000,-1.000000,,,,,,,,,,,"",,,,,,,,,,"Volumetric",,,,,,,,,,0.000000,,,,,,,,,,0.000000,0.000000,,,,,,,,,,,,
"0BEC4602","Nodes",1115485.870000,1669493.250000,1313.064347,"Default Known Flow Node",69.999969,0.579999,1000.000000,0.000000,"Known Flow",0.000000,0.000000,2.16999993085665e-07,40.000000,0.579999,1000.000000,0.000000,0.000000,13.000000,0.000000,0.515375,0.579999,,,,7.779048,7.779048,,16.800279,,,,,,903.822387,0.066146,0.000000,0.000000,0.000000,,-459.670013,1000.000000,,0.000000,0.000000,,,,0.047109,"UNDEFINED",0.000000,0.997564,0.000000,,,,,"","",,,,7.779048,,0.000000,,0.000000,,,0.000000,0.000000,"",,,0.000000,,-1.000000,,0.000000,0.000000,-1.000000,-1.000000,,,,,,,,,,,"",,,,,,,,,,"Volumetric",,,,,,,,,,0.000000,,,,,,,,,,0.000000,0.000000,,,,,,,,,,,,
"0BEC4606","Nodes",1115561.000000,1669519.370000,1313.064347,"Default Known Flow Node",69.999969,0.579999,1000.000000,0.000000,"Known Flow",0.000000,0.000000,2.16999993085665e-07,40.000000,0.579999,1000.000000,0.000000,0.000000,13.000000,0.000000,0.515375,0.579999,,,,7.739147,7.739147,,16.800279,,,,,,903.822387,0.066146,0.000000,0.000000,0.000000,,-459.670013,1000.000000,,0.000000,0.000000,,,,0.047105,"UNDEFINED",0.000000,0.997564,0.000000,,,,,"","",,,,7.739147,,0.000000,,0.000000,,,0.000000,0.000000,"",,,0.000000,,-1.000000,,0.000000,0.000000,-1.000000,-1.000000,,,,,,,,,,,"",,,,,,,,,,"Volumetric",,,,,,,,,,0.000000,,,,,,,,,,0.000000,0.000000,,,,,,,,,,,,
"2FB1FE10","Nodes",1115563.000000,1669522.500000,1313.064347,"Default Known Flow Node",69.999969,0.579999,1000.000000,0.000000,"Known Flow",0.000000,0.000000,2.16999993085665e-07,40.000000,0.579999,1000.000000,0.000000,0.000000,13.000000,0.000000,0.515375,0.579999,,,,7.731025,7.731025,,16.800279,,,,,,903.822387,0.066146,0.000000,0.000000,0.000000,,-459.670013,1000.000000,,0.000000,0.000000,,,,0.047104,"SETFLOW",0.000000,0.997564,0.000000,,,,,"","",,,,7.731025,,0.000000,,0.000000,,,0.000000,0.000000,"",,,0.000000,,-1.000000,,0.000000,0.000000,-1.000000,-1.000000,,,,,,,,,,,"",,,,,,,,,,"Volumetric",,,,,,,,,,-0.106731,,,,,,,,,,-0.106731,-0.002561,,,,,,,,,,,,
"0BEC4605","Nodes",1115631.620000,1669633.750000,1313.064347,"Default Known Flow Node",69.999969,0.579999,1000.000000,0.000000,"Known Flow",0.000000,0.000000,2.16999993085665e-07,40.000000,0.579999,1000.000000,0.000000,0.000000,13.000000,0.000000,0.515375,0.579999,,,,7.639422,7.639422,,16.800279,,,,,,903.822387,0.066146,0.000000,0.000000,0.000000,,-459.670013,1000.000000,,0.000000,0.000000,,,,0.047093,"SETFLOW",0.000000,0.997565,0.000000,,,,,"","",,,,7.639422,,0.000000,,0.000000,,,0.000000,0.000000,"",,,0.000000,,-1.000000,,0.000000,0.000000,-1.000000,-1.000000,,,,,,,,,,,"",,,,,,,,,,"Volumetric",,,,,,,,,,-0.120884,,,,,,,,,,-0.120884,-0.002901,,,,,,,,,,,,
"2FB24EB9","Nodes",1116196.000000,1669643.370000,1313.064347,"Default Known Flow Node",69.999969,0.579999,1000.000000,0.000000,"Known Flow",0.000000,0.000000,2.16999993085665e-07,40.000000,0.579999,1000.000000,0.000000,0.000000,13.000000,0.000000,0.515375,0.579999,,,,7.620983,7.620983,,16.800279,,,,,,903.822387,0.066146,0.000000,0.000000,0.000000,,-459.670013,1000.000000,,0.000000,0.000000,,,,0.047091,"UNDEFINED",0.000000,0.997565,0.000000,,,,,"","",,,,7.620983,,0.000000,,0.000000,,,0.000000,0.000000,"",,,0.000000,,-1.000000,,0.000000,0.000000,-1.000000,-1.000000,,,,,,,,,,,"",,,,,,,,,,"Volumetric",,,,,,,,,,0.000000,,,,,,,,,,0.000000,0.000000,,,,,,,,,,,,
"0BEC45EC","Nodes",1116175.250000,1669612.250000,1313.064347,"Default Known Flow Node",69.999969,0.579999,1000.000000,0.000000,"Known Flow",0.000000,0.000000,2.16999993085665e-07,40.000000,0.579999,1000.000000,0.000000,0.000000,13.000000,0.000000,0.515375,0.579999,,,,7.623276,7.623276,,16.800279,,,,,,903.822387,0.066146,0.000000,0.000000,0.000000,,-459.670013,1000.000000,,0.000000,0.000000,,,,0.047092,"SETFLOW",0.000000,0.997565,0.000000,,,,,"","",,,,7.623276,,0.000000,,0.000000,,,0.000000,0.000000,"",,,0.000000,,-1.000000,,0.000000,0.000000,-1.000000,-1.000000,,,,,,,,,,,"",,,,,,,,,,"Volumetric",,,,,,,,,,-0.010024,,,,,,,,,,-0.010024,-0.000240,,,,,,,,,,,,
"0BEC4634","Nodes",1116199.500000,1669595.500000,1313.064347,"Default Known Flow Node",69.999969,0.579999,1000.000000,0.000000,"Known Flow",0.000000,0.000000,2.16999993085665e-07,40.000000,0.579999,1000.000000,0.000000,0.000000,13.000000,0.000000,0.515375,0.579999,,,,7.644524,7.644524,,16.800279,,,,,,903.822387,0.066146,0.000000,0.000000,0.000000,,-459.670013,1000.000000,,0.000000,0.000000,,,,0.047094,"SETFLOW",0.000000,0.997565,0.000000,,,,,"","",,,,7.644524,,0.000000,,0.000000,,,0.000000,0.000000,"",,,0.000000,,-1.000000,,0.000000,0.000000,-1.000000,-1.000000,,,,,,,,,,,"",,,,,,,,,,"Volumetric",,,,,,,,,,-0.010024,,,,,,,,,,-0.010024,-0.000240,,,,,,,,,,,,
"0BEC45F3","Nodes",1115652.750000,1669662.750000,1313.064347,"Default Known Flow Node",69.999969,0.579999,1000.000000,0.000000,"Known Flow",0.000000,0.000000,2.16999993085665e-07,40.000000,0.579999,1000.000000,0.000000,0.000000,13.000000,0.000000,0.515374,0.579999,,,,7.615741,7.615741,,16.800279,,,,,,903.822387,0.066146,0.000000,0.000000,0.000000,,-459.670013,1000.000000,,0.000000,0.000000,,,,0.047091,"SETFLOW",0.000000,0.997565,0.000000,,,,,"","",,,,7.615741,,0.000000,,0.000000,,,0.000000,0.000000,"",,,0.000000,,-1.000000,,0.000000,0.000000,-1.000000,-1.000000,,,,,,,,,,,"",,,,,,,,,,"Volumetric",,,,,,,,,,-0.190466,,,,,,,,,,-0.190466,-0.004571,,,,,,,,,,,,
"2FB24EBA","Nodes",1116199.120000,1669647.750000,1313.064347,"Default Known Flow Node",69.999969,0.579999,1000.000000,0.000000,"Known Flow",0.000000,0.000000,2.16999993085665e-07,40.000000,0.579999,1000.000000,0.000000,0.000000,13.000000,0.000000,0.515375,0.579999,,,,7.620768,7.620768,,16.800279,,,,,,903.822387,0.066146,0.000000,0.000000,0.000000,,-459.670013,1000.000000,,0.000000,0.000000,,,,0.047091,"SETFLOW",0.000000,0.997565,0.000000,,,,,"","",,,,7.620768,,0.000000,,0.000000,,,0.000000,0.000000,"",,,0.000000,,-1.000000,,0.000000,0.000000,-1.000000,-1.000000,,,,,,,,,,,"",,,,,,,,,,"Volumetric",,,,,,,,,,-0.043046,,,,,,,,,,-0.043046,-0.001033,,,,,,,,,,,,
"0BEC45ED","Nodes",1116107.750000,1669657.250000,1313.064347,"Default Known Flow Node",69.999969,0.579999,1000.000000,0.000000,"Known Flow",0.000000,0.000000,2.16999993085665e-07,40.000000,0.579999,1000.000000,0.000000,0.000000,13.000000,0.000000,0.515375,0.579999,,,,7.620126,7.620126,,16.800279,,,,,,903.822387,0.066146,0.000000,0.000000,0.000000,,-459.670013,1000.000000,,0.000000,0.000000,,,,0.047091,"SETFLOW",0.000000,0.997565,0.000000,,,,,"","",,,,7.620126,,0.000000,,0.000000,,,0.000000,0.000000,"",,,0.000000,,-1.000000,,0.000000,0.000000,-1.000000,-1.000000,,,,,,,,,,,"",,,,,,,,,,"Volumetric",,,,,,,,,,-0.035970,,,,,,,,,,-0.035970,-0.000863,,,,,,,,,,,,
"0BEC4637","Nodes",1116199.870000,1669295.000000,1313.064347,"Default Known Flow Node",69.999969,0.579999,1000.000000,0.000000,"Known Flow",0.000000,0.000000,2.16999993085665e-07,40.000000,0.579999,1000.000000,0.000000,0.000000,13.000000,0.000000,0.515375,0.579999,,,,7.626037,7.626037,,16.800279,,,,,,903.822387,0.066146,0.000000,0.000000,0.000000,,-459.670013,1000.000000,,0.000000,0.000000,,,,0.047092,"SETFLOW",0.000000,0.997565,0.000000,,,,,"","",,,,7.626037,,0.000000,,0.000000,,,0.000000,0.000000,"",,,0.000000,,-1.000000,,0.000000,0.000000,-1.000000,-1.000000,,,,,,,,,,,"",,,,,,,,,,"Volumetric",,,,,,,,,,-0.165699,,,,,,,,,,-0.165699,-0.003976,,,,,,,,,,,,
"0BEC45F4","Nodes",1115651.370000,1669663.750000,1313.064347,"Default Known Flow Node",69.999969,0.579999,1000.000000,0.000000,"Known Flow",0.000000,0.000000,2.16999993085665e-07,40.000000,0.579999,1000.000000,0.000000,0.000000,13.000000,0.000000,0.515374,0.579999,,,,7.614834,7.614834,,16.800279,,,,,,903.822387,0.066146,0.000000,0.000000,0.000000,,-459.670013,1000.000000,,0.000000,0.000000,,,,0.047091,"UNDEFINED",0.000000,0.997565,0.000000,,,,,"","",,,,7.614834,,0.000000,,0.000000,,,0.000000,0.000000,"",,,0.000000,,-1.000000,,0.000000,0.000000,-1.000000,-1.000000,,,,,,,,,,,"",,,,,,,,,,"Volumetric",,,,,,,,,,0.000000,,,,,,,,,,0.000000,0.000000,,,,,,,,,,,,
"0BEC45F5","Nodes",1115613.000000,1669690.370000,1313.064347,"Default Known Flow Node",69.999969,0.579999,1000.000000,0.000000,"Known Flow",0.000000,0.000000,2.16999993085665e-07,40.000000,0.579999,1000.000000,0.000000,0.000000,13.000000,0.000000,0.515374,0.579999,,,,7.612328,7.612328,,16.800279,,,,,,903.822387,0.066146,0.000000,0.000000,0.000000,,-459.670013,1000.000000,,0.000000,0.000000,,,,0.047090,"SETFLOW",0.000000,0.997565,0.000000,,,,,"","",,,,7.612328,,0.000000,,0.000000,,,0.000000,0.000000,"",,,0.000000,,-1.000000,,0.000000,0.000000,-1.000000,-1.000000,,,,,,,,,,,"",,,,,,,,,,"Volumetric",,,,,,,,,,-0.055134,,,,,,,,,,-0.055135,-0.001323,,,,,,,,,,,,
"0BEC45F6","Nodes",1115671.500000,1669700.120000,1313.064347,"Default Known Flow Node",69.999969,0.579999,1000.000000,0.000000,"Known Flow",0.000000,0.000000,2.16999993085665e-07,40.000000,0.579999,1000.000000,0.000000,0.000000,13.000000,0.000000,0.515374,0.579999,,,,7.607751,7.607751,,16.800279,,,,,,903.822387,0.066146,0.000000,0.000000,0.000000,,-459.670013,1000.000000,,0.000000,0.000000,,,,0.047090,"SETFLOW",0.000000,0.997565,0.000000,,,,,"","",,,,7.607751,,0.000000,,0.000000,,,0.000000,0.000000,"",,,0.000000,,-1.000000,,0.000000,0.000000,-1.000000,-1.000000,,,,,,,,,,,"",,,,,,,,,,"Volumetric",,,,,,,,,,-0.040098,,,,,,,,,,-0.040098,-0.000962,,,,,,,,,,,,
"0BEC45EB","Nodes",1115971.370000,1669749.750000,1313.064347,"Default Known Flow Node",69.999969,0.579999,1000.000000,0.000000,"Known Flow",0.000000,0.000000,2.16999993085665e-07,40.000000,0.579999,1000.000000,0.000000,0.000000,13.000000,0.000000,0.515375,0.579999,,,,7.617105,7.617105,,16.800279,,,,,,903.822387,0.066146,0.000000,0.000000,0.000000,,-459.670013,1000.000000,,0.000000,0.000000,,,,0.047091,"SETFLOW",0.000000,0.997565,0.000000,,,,,"","",,,,7.617105,,0.000000,,0.000000,,,0.000000,0.000000,"",,,0.000000,,-1.000000,,0.000000,0.000000,-1.000000,-1.000000,,,,,,,,,,,"",,,,,,,,,,"Volumetric",,,,,,,,,,-0.053071,,,,,,,,,,-0.053071,-0.001273,,,,,,,,,,,,
"0BEC45EA","Nodes",1116132.870000,1669988.620000,1313.064347,"Default Known Flow Node",69.999969,0.579999,1000.000000,0.000000,"Known Flow",0.000000,0.000000,2.16999993085665e-07,40.000000,0.579999,1000.000000,0.000000,0.000000,13.000000,0.000000,0.515374,0.579999,,,,7.606428,7.606428,,16.800279,,,,,,903.822387,0.066146,0.000000,0.000000,0.000000,,-459.670013,1000.000000,,0.000000,0.000000,,,,0.047090,"SETFLOW",0.000000,0.997565,0.000000,,,,,"","",,,,7.606428,,0.000000,,0.000000,,,0.000000,0.000000,"",,,0.000000,,-1.000000,,0.000000,0.000000,-1.000000,-1.000000,,,,,,,,,,,"",,,,,,,,,,"Volumetric",,,,,,,,,,-0.025945,,,,,,,,,,-0.025945,-0.000622,,,,,,,,,,,,
"0BEC45EE","Nodes",1115967.370000,1669751.870000,1313.064347,"Default Known Flow Node",69.999969,0.579999,1000.000000,0.000000,"Known Flow",0.000000,0.000000,2.16999993085665e-07,40.000000,0.579999,1000.000000,0.000000,0.000000,13.000000,0.000000,0.515374,0.579999,,,,7.616282,7.616282,,16.800279,,,,,,903.822387,0.066146,0.000000,0.000000,0.000000,,-459.670013,1000.000000,,0.000000,0.000000,,,,0.047091,"UNDEFINED",0.000000,0.997565,0.000000,,,,,"","",,,,7.616282,,0.000000,,0.000000,,,0.000000,0.000000,"",,,0.000000,,-1.000000,,0.000000,0.000000,-1.000000,-1.000000,,,,,,,,,,,"",,,,,,,,,,"Volumetric",,,,,,,,,,0.000000,,,,,,,,,,0.000000,0.000000,,,,,,,,,,,,
"0BEC45EF","Nodes",1115963.120000,1669754.620000,1313.064347,"Default Known Flow Node",69.999969,0.579999,1000.000000,0.000000,"Known Flow",0.000000,0.000000,2.16999993085665e-07,40.000000,0.579999,1000.000000,0.000000,0.000000,13.000000,0.000000,0.515374,0.579999,,,,7.609903,7.609903,,16.800279,,,,,,903.822387,0.066146,0.000000,0.000000,0.000000,,-459.670013,1000.000000,,0.000000,0.000000,,,,0.047090,"SETFLOW",0.000000,0.997565,0.000000,,,,,"","",,,,7.609903,,0.000000,,0.000000,,,0.000000,0.000000,"",,,0.000000,,-1.000000,,0.000000,0.000000,-1.000000,-1.000000,,,,,,,,,,,"",,,,,,,,,,"Volumetric",,,,,,,,,,-0.041277,,,,,,,,,,-0.041277,-0.000990,,,,,,,,,,,,
"0BEC45FA","Nodes",1115477.500000,1669781.000000,1313.064347,"Default Known Flow Node",69.999969,0.579999,1000.000000,0.000000,"Known Flow",0.000000,0.000000,2.16999993085665e-07,40.000000,0.579999,1000.000000,0.000000,0.000000,13.000000,0.000000,0.515374,0.579999,,,,7.611129,7.611129,,16.800279,,,,,,903.822387,0.066146,0.000000,0.000000,0.000000,,-459.670013,1000.000000,,0.000000,0.000000,,,,0.047090,"SETFLOW",0.000000,0.997565,0.000000,,,,,"","",,,,7.611129,,0.000000,,0.000000,,,0.000000,0.000000,"",,,0.000000,,-1.000000,,0.000000,0.000000,-1.000000,-1.000000,,,,,,,,,,,"",,,,,,,,,,"Volumetric",,,,,,,,,,-0.110247,,,,,,,,,,-0.110247,-0.002645,,,,,,,,,,,,
"0BEC45FB","Nodes",1115456.750000,1669795.000000,1313.064347,"Default Known Flow Node",69.999969,0.579999,1000.000000,0.000000,"Known Flow",0.000000,0.000000,2.16999993085665e-07,40.000000,0.579999,1000.000000,0.000000,0.000000,13.000000,0.000000,0.515374,0.579999,,,,7.605046,7.605046,,16.800279,,,,,,903.822387,0.066146,0.000000,0.000000,0.000000,,-459.670013,1000.000000,,0.000000,0.000000,,,,0.047090,"SETFLOW",0.000000,0.997565,0.000000,,,,,"","",,,,7.605046,,0.000000,,0.000000,,,0.000000,0.000000,"",,,0.000000,,-1.000000,,0.000000,0.000000,-1.000000,-1.000000,,,,,,,,,,,"",,,,,,,,,,"Volumetric",,,,,,,,,,-0.216778,,,,,,,,,,-0.216778,-0.005202,,,,,,,,,,,,
"0BEC45F7","Nodes",1115739.750000,1669811.500000,1313.064347,"Default Known Flow Node",69.999969,0.579999,1000.000000,0.000000,"Known Flow",0.000000,0.000000,2.16999993085665e-07,40.000000,0.579999,1000.000000,0.000000,0.000000,13.000000,0.000000,0.515374,0.579999,,,,7.605656,7.605656,,16.800279,,,,,,903.822387,0.066146,0.000000,0.000000,0.000000,,-459.670013,1000.000000,,0.000000,0.000000,,,,0.047090,"SETFLOW",0.000000,0.997565,0.000000,,,,,"","",,,,7.605656,,0.000000,,0.000000,,,0.000000,0.000000,"",,,0.000000,,-1.000000,,0.000000,0.000000,-1.000000,-1.000000,,,,,,,,,,,"",,,,,,,,,,"Volumetric",,,,,,,,,,-0.023587,,,,,,,,,,-0.023587,-0.000566,,,,,,,,,,,,
"0BEC45F8","Nodes",1115742.250000,1669815.370000,1313.064347,"Default Known Flow Node",69.999969,0.579999,1000.000000,0.000000,"Known Flow",0.000000,0.000000,2.16999993085665e-07,40.000000,0.579999,1000.000000,0.000000,0.000000,13.000000,0.000000,0.515374,0.579999,,,,7.605488,7.605488,,16.800279,,,,,,903.822387,0.066146,0.000000,0.000000,0.000000,,-459.670013,1000.000000,,0.000000,0.000000,,,,0.047090,"SETFLOW",0.000000,0.997565,0.000000,,,,,"","",,,,7.605488,,0.000000,,0.000000,,,0.000000,0.000000,"",,,0.000000,,-1.000000,,0.000000,0.000000,-1.000000,-1.000000,,,,,,,,,,,"",,,,,,,,,,"Volumetric",,,,,,,,,,-0.012972,,,,,,,,,,-0.012972,-0.000311,,,,,,,,,,,,
"0BEC45F0","Nodes",1115779.870000,1669877.870000,1313.064347,"Default Known Flow Node",69.999969,0.579999,1000.000000,0.000000,"Known Flow",0.000000,0.000000,2.16999993085665e-07,40.000000,0.579999,1000.000000,0.000000,0.000000,13.000000,0.000000,0.515374,0.579999,,,,7.603136,7.603136,,16.800279,,,,,,903.822387,0.066146,0.000000,0.000000,0.000000,,-459.670013,1000.000000,,0.000000,0.000000,,,,0.047089,"SETFLOW",0.000000,0.997565,0.000000,,,,,"","",,,,7.603136,,0.000000,,0.000000,,,0.000000,0.000000,"",,,0.000000,,-1.000000,,0.000000,0.000000,-1.000000,-1.000000,,,,,,,,,,,"",,,,,,,,,,"Volumetric",,,,,,,,,,-0.053071,,,,,,,,,,-0.053071,-0.001273,,,,,,,,,,,,
"2FB1F8E3","Nodes",1115631.370000,1669999.750000,1313.064347,"Default Known Flow Node",69.999969,0.579999,1000.000000,0.000000,"Known Flow",0.000000,0.000000,2.16999993085665e-07,40.000000,0.579999,1000.000000,0.000000,0.000000,13.000000,0.000000,0.515374,0.579999,,,,7.581996,7.581996,,16.800279,,,,,,903.822387,0.066146,0.000000,0.000000,0.000000,,-459.670013,1000.000000,,0.000000,0.000000,,,,0.047087,"SETFLOW",0.000000,0.997565,0.000000,,,,,"","",,,,7.581996,,0.000000,,0.000000,,,0.000000,0.000000,"",,,0.000000,,-1.000000,,0.000000,0.000000,-1.000000,-1.000000,,,,,,,,,,,"",,,,,,,,,,"Volumetric",,,,,,,,,,-0.092533,,,,,,,,,,-0.092533,-0.002220,,,,,,,,,,,,
"0BEC45F2","Nodes",1115769.370000,1669908.000000,1313.064347,"Default Known Flow Node",69.999969,0.579999,1000.000000,0.000000,"Known Flow",0.000000,0.000000,2.16999993085665e-07,40.000000,0.579999,1000.000000,0.000000,0.000000,13.000000,0.000000,0.515374,0.579999,,,,7.598657,7.598657,,16.800279,,,,,,903.822387,0.066146,0.000000,0.000000,0.000000,,-459.670013,1000.000000,,0.000000,0.000000,,,,0.047089,"SETFLOW",0.000000,0.997565,0.000000,,,,,"","",,,,7.598657,,0.000000,,0.000000,,,0.000000,0.000000,"",,,0.000000,,-1.000000,,0.000000,0.000000,-1.000000,-1.000000,,,,,,,,,,,"",,,,,,,,,,"Volumetric",,,,,,,,,,-0.012972,,,,,,,,,,-0.012972,-0.000311,,,,,,,,,,,,
"0BEC45F1","Nodes",1115781.500000,1669920.120000,1313.064347,"Default Known Flow Node",69.999969,0.579999,1000.000000,0.000000,"Known Flow",0.000000,0.000000,2.16999993085665e-07,40.000000,0.579999,1000.000000,0.000000,0.000000,13.000000,0.000000,0.515374,0.579999,,,,7.598662,7.598662,,16.800279,,,,,,903.822387,0.066146,0.000000,0.000000,0.000000,,-459.670013,1000.000000,,0.000000,0.000000,,,,0.047089,"SETFLOW",0.000000,0.997565,0.000000,,,,,"","",,,,7.598662,,0.000000,,0.000000,,,0.000000,0.000000,"",,,0.000000,,-1.000000,,0.000000,0.000000,-1.000000,-1.000000,,,,,,,,,,,"",,,,,,,,,,"Volumetric",,,,,,,,,,-0.012972,,,,,,,,,,-0.012972,-0.000311,,,,,,,,,,,,
"0BEC45FC","Nodes",1115255.250000,1669928.750000,1313.064347,"Default Known Flow Node",69.999969,0.579999,1000.000000,0.000000,"Known Flow",0.000000,0.000000,2.16999993085665e-07,40.000000,0.579999,1000.000000,0.000000,0.000000,13.000000,0.000000,0.515374,0.579999,,,,7.572973,7.572973,,16.800279,,,,,,903.822387,0.066146,0.000000,0.000000,0.000000,,-459.670013,1000.000000,,0.000000,0.000000,,,,0.047086,"SETFLOW",0.000000,0.997565,0.000000,,,,,"","",,,,7.572973,,0.000000,,0.000000,,,0.000000,0.000000,"",,,0.000000,,-1.000000,,0.000000,0.000000,-1.000000,-1.000000,,,,,,,,,,,"",,,,,,,,,,"Volumetric",,,,,,,,,,-0.185810,,,,,,,,,,-0.185810,-0.004459,,,,,,,,,,,,
"0BEC45FD","Nodes",1115250.370000,1669932.000000,1313.064347,"Default Known Flow Node",69.999969,0.579999,1000.000000,0.000000,"Known Flow",0.000000,0.000000,2.16999993085665e-07,40.000000,0.579999,1000.000000,0.000000,0.000000,13.000000,0.000000,0.515374,0.579999,,,,7.572501,7.572501,,16.800279,,,,,,903.822387,0.066146,0.000000,0.000000,0.000000,,-459.670013,1000.000000,,0.000000,0.000000,,,,0.047086,"SETFLOW",0.000000,0.997565,0.000000,,,,,"","",,,,7.572501,,0.000000,,0.000000,,,0.000000,0.000000,"",,,0.000000,,-1.000000,,0.000000,0.000000,-1.000000,-1.000000,,,,,,,,,,,"",,,,,,,,,,"Volumetric",,,,,,,,,,-0.018581,,,,,,,,,,-0.018581,-0.000445,,,,,,,,,,,,
"2FB1F8E6","Nodes",1116140.250000,1670000.000000,1313.064347,"Default Known Flow Node",69.999969,0.579999,1000.000000,0.000000,"Known Flow",0.000000,0.000000,2.16999993085665e-07,40.000000,0.579999,1000.000000,0.000000,0.000000,13.000000,0.000000,0.515374,0.579999,,,,7.606004,7.606004,,16.800279,,,,,,903.822387,0.066146,0.000000,0.000000,0.000000,,-459.670013,1000.000000,,0.000000,0.000000,,,,0.047090,"SETFLOW",0.000000,0.997565,0.000000,,,,,"","",,,,7.606004,,0.000000,,0.000000,,,0.000000,0.000000,"",,,0.000000,,-1.000000,,0.000000,0.000000,-1.000000,-1.000000,,,,,,,,,,,"",,,,,,,,,,"Volumetric",,,,,,,,,,-0.025945,,,,,,,,,,-0.025945,-0.000622,,,,,,,,,,,,
"2FB1F8E4","Nodes",1115835.750000,1670000.000000,1313.064347,"Default Known Flow Node",69.999969,0.579999,1000.000000,0.000000,"Known Flow",0.000000,0.000000,2.16999993085665e-07,40.000000,0.579999,1000.000000,0.000000,0.000000,13.000000,0.000000,0.515374,0.579999,,,,7.598691,7.598691,,16.800279,,,,,,903.822387,0.066146,0.000000,0.000000,0.000000,,-459.670013,1000.000000,,0.000000,0.000000,,,,0.047089,"SETFLOW",0.000000,0.997565,0.000000,,,,,"","",,,,7.598691,,0.000000,,0.000000,,,0.000000,0.000000,"",,,0.000000,,-1.000000,,0.000000,0.000000,-1.000000,-1.000000,,,,,,,,,,,"",,,,,,,,,,"Volumetric",,,,,,,,,,-0.012972,,,,,,,,,,-0.012972,-0.000311,,,,,,,,,,,,
"2FB1AA62","Nodes",1115974.370000,1670203.120000,1313.064347,"Default Known Flow Node",69.999969,0.579999,1000.000000,0.000000,"Known Flow",0.000000,0.000000,2.16999993085665e-07,40.000000,0.579999,1000.000000,0.000000,0.000000,13.000000,0.000000,0.515374,0.579999,,,,7.598813,7.598813,,16.800279,,,,,,903.822387,0.066146,0.000000,0.000000,0.000000,,-459.670013,1000.000000,,0.000000,0.000000,,,,0.047089,"SETFLOW",0.000000,0.997565,0.000000,,,,,"","",,,,7.598813,,0.000000,,0.000000,,,0.000000,0.000000,"",,,0.000000,,-1.000000,,0.000000,0.000000,-1.000000,-1.000000,,,,,,,,,,,"",,,,,,,,,,"Volumetric",,,,,,,,,,-0.138574,,,,,,,,,,-0.138574,-0.003325,,,,,,,,,,,,
"2FBA1010","Nodes",1115956.500000,1670177.000000,1313.064347,"Default Known Flow Node",69.999969,0.579999,1000.000000,0.000000,"Known Flow",0.000000,0.000000,2.16999993085665e-07,40.000000,0.579999,1000.000000,0.000000,0.000000,13.000000,0.000000,0.515374,0.579999,,,,7.598786,7.598786,,16.800279,,,,,,903.822387,0.066146,0.000000,0.000000,0.000000,,-459.670013,1000.000000,,0.000000,0.000000,,,,0.047089,"SETFLOW",0.000000,0.997565,0.000000,,,,,"","",,,,7.598786,,0.000000,,0.000000,,,0.000000,0.000000,"",,,0.000000,,-1.000000,,0.000000,0.000000,-1.000000,-1.000000,,,,,,,,,,,"",,,,,,,,,,"Volumetric",,,,,,,,,,-0.019459,,,,,,,,,,-0.019459,-0.000467,,,,,,,,,,,,
"2FB195D7","Nodes",1115564.870000,1670044.620000,1313.064347,"Default Known Flow Node",69.999969,0.579999,1000.000000,0.000000,"Known Flow",0.000000,0.000000,2.16999993085665e-07,40.000000,0.579999,1000.000000,0.000000,0.000000,13.000000,0.000000,0.515374,0.579999,,,,7.574709,7.574709,,16.800279,,,,,,903.822387,0.066146,0.000000,0.000000,0.000000,,-459.670013,1000.000000,,0.000000,0.000000,,,,0.047086,"SETFLOW",0.000000,0.997565,0.000000,,,,,"","",,,,7.574709,,0.000000,,0.000000,,,0.000000,0.000000,"",,,0.000000,,-1.000000,,0.000000,0.000000,-1.000000,-1.000000,,,,,,,,,,,"",,,,,,,,,,"Volumetric",,,,,,,,,,-0.061936,,,,,,,,,,-0.061936,-0.001486,,,,,,,,,,,,
"2FB195D8","Nodes",1115562.370000,1670046.250000,1313.064347,"Default Known Flow Node",69.999969,0.579999,1000.000000,0.000000,"Known Flow",0.000000,0.000000,2.16999993085665e-07,40.000000,0.579999,1000.000000,0.000000,0.000000,13.000000,0.000000,0.515374,0.579999,,,,7.574449,7.574449,,16.800279,,,,,,903.822387,0.066146,0.000000,0.000000,0.000000,,-459.670013,1000.000000,,0.000000,0.000000,,,,0.047086,"SETFLOW",0.000000,0.997565,0.000000,,,,,"","",,,,7.574449,,0.000000,,0.000000,,,0.000000,0.000000,"",,,0.000000,,-1.000000,,0.000000,0.000000,-1.000000,-1.000000,,,,,,,,,,,"",,,,,,,,,,"Volumetric",,,,,,,,,,-0.018581,,,,,,,,,,-0.018581,-0.000445,,,,,,,,,,,,
"2FB14EDE","Nodes",1115560.750000,1670047.370000,1313.064347,"Default Known Flow Node",69.999969,0.579999,1000.000000,0.000000,"Known Flow",0.000000,0.000000,2.16999993085665e-07,40.000000,0.579999,1000.000000,0.000000,0.000000,13.000000,0.000000,0.515374,0.579999,,,,7.574278,7.574278,,16.800279,,,,,,903.822387,0.066146,0.000000,0.000000,0.000000,,-459.670013,1000.000000,,0.000000,0.000000,,,,0.047086,"SETFLOW",0.000000,0.997565,0.000000,,,,,"","",,,,7.574278,,0.000000,,0.000000,,,0.000000,0.000000,"",,,0.000000,,-1.000000,,0.000000,0.000000,-1.000000,-1.000000,,,,,,,,,,,"",,,,,,,,,,"Volumetric",,,,,,,,,,-0.245269,,,,,,,,,,-0.245269,-0.005886,,,,,,,,,,,,
"2FB20CE3","Nodes",1115566.620000,1670056.000000,1313.064347,"Default Known Flow Node",69.999969,0.579999,1000.000000,0.000000,"Known Flow",0.000000,0.000000,2.16999993085665e-07,40.000000,0.579999,1000.000000,0.000000,0.000000,13.000000,0.000000,0.515374,0.579999,,,,7.574847,7.574847,,16.800279,,,,,,903.822387,0.066146,0.000000,0.000000,0.000000,,-459.670013,1000.000000,,0.000000,0.000000,,,,0.047086,"UNDEFINED",0.000000,0.997565,0.000000,,,,,"","",,,,7.574847,,0.000000,,0.000000,,,0.000000,0.000000,"",,,0.000000,,-1.000000,,0.000000,0.000000,-1.000000,-1.000000,,,,,,,,,,,"",,,,,,,,,,"Volumetric",,,,,,,,,,0.000000,,,,,,,,,,0.000000,0.000000,,,,,,,,,,,,
"2FB998A7","Nodes",1115570.870000,1670069.750000,1313.064347,"Default Known Flow Node",69.999969,0.579999,1000.000000,0.000000,"Known Flow",0.000000,0.000000,2.16999993085665e-07,40.000000,0.579999,1000.000000,0.000000,0.000000,13.000000,0.000000,0.515374,0.579999,,,,7.575641,7.575641,,16.800279,,,,,,903.822387,0.066146,0.000000,0.000000,0.000000,,-459.670013,1000.000000,,0.000000,0.000000,,,,0.047086,"SETFLOW",0.000000,0.997565,0.000000,,,,,"","",,,,7.575641,,0.000000,,0.000000,,,0.000000,0.000000,"",,,0.000000,"V20122",-1.000000,,0.000000,0.000000,-1.000000,-1.000000,,,,,,,,,,,"",,,,,,,,,,"Volumetric",,,,,,,,,,-0.149828,,,,,,,,,,-0.149828,-0.003595,,,,,,,,,,,,
"2FB1F8E5","Nodes",1116199.750000,1670088.000000,1313.064347,"Default Known Flow Node",69.999969,0.579999,1000.000000,0.000000,"Known Flow",0.000000,0.000000,2.16999993085665e-07,40.000000,0.579999,1000.000000,0.000000,0.000000,13.000000,0.000000,0.515374,0.579999,,,,7.603349,7.603349,,16.800279,,,,,,903.822387,0.066146,0.000000,0.000000,0.000000,,-459.670013,1000.000000,,0.000000,0.000000,,,,0.047089,"SETFLOW",0.000000,0.997565,0.000000,,,,,"","",,,,7.603349,,0.000000,,0.000000,,,0.000000,0.000000,"",,,0.000000,,-1.000000,,0.000000,0.000000,-1.000000,-1.000000,,,,,,,,,,,"",,,,,,,,,,"Volumetric",,,,,,,,,,-0.056019,,,,,,,,,,-0.056019,-0.001344,,,,,,,,,,,,
"2FBA940F","Nodes",1115470.760421,1670109.348943,1313.064347,"Default Known Flow Node",69.999969,0.579999,1000.000000,0.000000,"Known Flow",0.000000,0.000000,2.16999993085665e-07,40.000000,0.579999,1000.000000,0.000000,0.000000,13.000000,0.000000,0.515374,0.579999,,,,7.552161,7.552161,,16.800279,,,,,,903.822387,0.066146,0.000000,0.000000,0.000000,,-459.670013,1000.000000,,0.000000,0.000000,,,,0.047084,"UNDEFINED",0.000000,0.997565,0.000000,,,,,"","",,,,7.552161,,0.000000,,0.000000,,,0.000000,0.000000,"",,,0.000000,,-1.000000,,0.000000,0.000000,0.000000,-1.000000,,,,,,,,,,,"",,,,,,,,,,"Volumetric",,,,,,,,,,0.000000,,,,,,,,,,0.000000,0.000000,,,,,,,,,,,,
"2FB14EDD","Nodes",1115357.500000,1670186.870000,1313.064347,"Default Known Flow Node",69.999969,0.579999,1000.000000,0.000000,"Known Flow",0.000000,0.000000,2.16999993085665e-07,40.000000,0.579999,1000.000000,0.000000,0.000000,13.000000,0.000000,0.515374,0.579999,,,,7.524612,7.524612,,16.800279,,,,,,903.822387,0.066146,0.000000,0.000000,0.000000,,-459.670013,1000.000000,,0.000000,0.000000,,,,0.047080,"SETFLOW",0.000000,0.997565,0.000000,,,,,"","",,,,7.524612,,0.000000,,0.000000,,,0.000000,0.000000,"",,,0.000000,,-1.000000,,0.000000,0.000000,-1.000000,-1.000000,,,,,,,,,,,"",,,,,,,,,,"Volumetric",,,,,,,,,,-0.241553,,,,,,,,,,-0.241553,-0.005797,,,,,,,,,,,,
"2FB195DF","Nodes",1115351.370000,1670191.120000,1313.064347,"Default Known Flow Node",69.999969,0.579999,1000.000000,0.000000,"Known Flow",0.000000,0.000000,2.16999993085665e-07,40.000000,0.579999,1000.000000,0.000000,0.000000,13.000000,0.000000,0.515374,0.579999,,,,7.523556,7.523556,,16.800279,,,,,,903.822387,0.066146,0.000000,0.000000,0.000000,,-459.670013,1000.000000,,0.000000,0.000000,,,,0.047080,"UNDEFINED",0.000000,0.997565,0.000000,,,,,"","",,,,7.523556,,0.000000,,0.000000,,,0.000000,0.000000,"",,,0.000000,,-1.000000,,0.000000,0.000000,-1.000000,-1.000000,,,,,,,,,,,"",,,,,,,,,,"Volumetric",,,,,,,,,,0.000000,,,,,,,,,,0.000000,0.000000,,,,,,,,,,,,
"2FB195DC","Nodes",1115359.680000,1670190.460000,1313.064347,"Default Known Flow Node",69.999969,0.579999,1000.000000,0.000000,"Known Flow",0.000000,0.000000,2.16999993085665e-07,40.000000,0.579999,1000.000000,0.000000,0.000000,13.000000,0.000000,0.515374,0.579999,,,,7.524603,7.524603,,16.800279,,,,,,903.822387,0.066146,0.000000,0.000000,0.000000,,-459.670013,1000.000000,,0.000000,0.000000,,,,0.047080,"UNDEFINED",0.000000,0.997565,0.000000,,,,,"","",,,,7.524603,,0.000000,,0.000000,,,0.000000,0.000000,"",,,0.000000,,-1.000000,,0.000000,0.000000,-1.000000,-1.000000,,,,,,,,,,,"",,,,,,,,,,"Volumetric",,,,,,,,,,0.000000,,,,,,,,,,0.000000,0.000000,,,,,,,,,,,,
"2FB195DE","Nodes",1115347.500000,1670193.750000,1313.064347,"Default Known Flow Node",69.999969,0.579999,1000.000000,0.000000,"Known Flow",0.000000,0.000000,2.16999993085665e-07,40.000000,0.579999,1000.000000,0.000000,0.000000,13.000000,0.000000,0.515374,0.579999,,,,7.518821,7.518821,,16.800279,,,,,,903.822387,0.066146,0.000000,0.000000,0.000000,,-459.670013,1000.000000,,0.000000,0.000000,,,,0.047080,"SETFLOW",0.000000,0.997565,0.000000,,,,,"","",,,,7.518821,,0.000000,,0.000000,,,0.000000,0.000000,"",,,0.000000,,-1.000000,,0.000000,0.000000,-1.000000,-1.000000,,,,,,,,,,,"",,,,,,,,,,"Volumetric",,,,,,,,,,-0.142454,,,,,,,,,,-0.142454,-0.003418,,,,,,,,,,,,
"2FB195DA","Nodes",1115370.504195,1670202.594570,1313.064347,"Default Known Flow Node",69.999969,0.579999,1000.000000,0.000000,"Known Flow",0.000000,0.000000,2.16999993085665e-07,40.000000,0.579999,1000.000000,0.000000,0.000000,13.000000,0.000000,0.515374,0.579999,,,,7.524570,7.524570,,16.800279,,,,,,903.822387,0.066146,0.000000,0.000000,0.000000,,-459.670013,1000.000000,,0.000000,0.000000,,,,0.047080,"SETFLOW",0.000000,0.997565,0.000000,,,,,"","",,,,7.524570,,0.000000,,0.000000,,,0.000000,0.000000,"",,,0.000000,"V45980",-1.000000,,0.000000,0.000000,-1.000000,-1.000000,,,,,,,,,,,"",,,,,,,,,,"Volumetric",,,,,,,,,,-0.040878,,,,,,,,,,-0.040878,-0.000981,,,,,,,,,,,,
"2FB195E0","Nodes",1115192.000000,1670297.000000,1313.064347,"Default Known Flow Node",69.999969,0.579999,1000.000000,0.000000,"Known Flow",0.000000,0.000000,2.16999993085665e-07,40.000000,0.579999,1000.000000,0.000000,0.000000,13.000000,0.000000,0.515373,0.579999,,,,7.400636,7.400636,,16.800279,,,,,,903.822387,0.066146,0.000000,0.000000,0.000000,,-459.670013,1000.000000,,0.000000,0.000000,,,,0.047066,"UNDEFINED",0.000000,0.997566,0.000000,,,,,"","",,,,7.400636,,0.000000,,0.000000,,,0.000000,0.000000,"",,,0.000000,,-1.000000,,0.000000,0.000000,-1.000000,-1.000000,,,,,,,,,,,"",,,,,,,,,,"Volumetric",,,,,,,,,,0.000000,,,,,,,,,,0.000000,0.000000,,,,,,,,,,,,
"2FB195E2","Nodes",1115197.620000,1670293.250000,1313.064347,"Default Known Flow Node",69.999969,0.579999,1000.000000,0.000000,"Known Flow",0.000000,0.000000,2.16999993085665e-07,40.000000,0.579999,1000.000000,0.000000,0.000000,13.000000,0.000000,0.515373,0.579999,,,,7.404396,7.404396,,16.800279,,,,,,903.822387,0.066146,0.000000,0.000000,0.000000,,-459.670013,1000.000000,,0.000000,0.000000,,,,0.047067,"SETFLOW",0.000000,0.997566,0.000000,,,,,"","",,,,7.404396,,0.000000,,0.000000,,,0.000000,0.000000,"",,,0.000000,,-1.000000,,0.000000,0.000000,-1.000000,-1.000000,,,,,,,,,,,"",,,,,,,,,,"Volumetric",,,,,,,,,,-0.195875,,,,,,,,,,-0.195875,-0.004701,,,,,,,,,,,,
"2FB195E1","Nodes",1115196.370000,1670294.120000,1313.064347,"Default Known Flow Node",69.999969,0.579999,1000.000000,0.000000,"Known Flow",0.000000,0.000000,2.16999993085665e-07,40.000000,0.579999,1000.000000,0.000000,0.000000,13.000000,0.000000,0.515373,0.579999,,,,7.403322,7.403322,,16.800279,,,,,,903.822387,0.066146,0.000000,0.000000,0.000000,,-459.670013,1000.000000,,0.000000,0.000000,,,,0.047067,"UNDEFINED",0.000000,0.997566,0.000000,,,,,"","",,,,7.403322,,0.000000,,0.000000,,,0.000000,0.000000,"",,,0.000000,,-1.000000,,0.000000,0.000000,-1.000000,-1.000000,,,,,,,,,,,"",,,,,,,,,,"Volumetric",,,,,,,,,,0.000000,,,,,,,,,,0.000000,0.000000,,,,,,,,,,,,
"2FB1D217","Nodes",1116133.620000,1670436.000000,1313.064347,"Default Known Flow Node",69.999969,0.579999,1000.000000,0.000000,"Known Flow",0.000000,0.000000,2.16999993085665e-07,40.000000,0.579999,1000.000000,0.000000,0.000000,13.000000,0.000000,0.515374,0.579999,,,,7.599607,7.599607,,16.800279,,,,,,903.822387,0.066146,0.000000,0.000000,0.000000,,-459.670013,1000.000000,,0.000000,0.000000,,,,0.047089,"SETFLOW",0.000000,0.997565,0.000000,,,,,"","",,,,7.599607,,0.000000,,0.000000,,,0.000000,0.000000,"",,,0.000000,,-1.000000,,0.000000,0.000000,-1.000000,-1.000000,,,,,,,,,,,"",,,,,,,,,,"Volumetric",,,,,,,,,,-0.069582,,,,,,,,,,-0.069582,-0.001669,,,,,,,,,,,,
"2FB1F629","Nodes",1116199.750000,1670376.250000,1313.064347,"Default Known Flow Node",69.999969,0.579999,1000.000000,0.000000,"Known Flow",0.000000,0.000000,2.16999993085665e-07,40.000000,0.579999,1000.000000,0.000000,0.000000,13.000000,0.000000,0.515374,0.579999,,,,7.599620,7.599620,,16.800279,,,,,,903.822387,0.066146,0.000000,0.000000,0.000000,,-459.670013,1000.000000,,0.000000,0.000000,,,,0.047089,"SETFLOW",0.000000,0.997565,0.000000,,,,,"","",,,,7.599620,,0.000000,,0.000000,,,0.000000,0.000000,"",,,0.000000,,-1.000000,,0.000000,0.000000,-1.000000,-1.000000,,,,,,,,,,,"",,,,,,,,,,"Volumetric",,,,,,,,,,-0.029483,,,,,,,,,,-0.029483,-0.000707,,,,,,,,,,,,
"2FB1D216","Nodes",1116135.370000,1670438.500000,1313.064347,"Default Known Flow Node",69.999969,0.579999,1000.000000,0.000000,"Known Flow",0.000000,0.000000,2.16999993085665e-07,40.000000,0.579999,1000.000000,0.000000,0.000000,13.000000,0.000000,0.515374,0.579999,,,,7.599607,7.599607,,16.800279,,,,,,903.822387,0.066146,0.000000,0.000000,0.000000,,-459.670013,1000.000000,,0.000000,0.000000,,,,0.047089,"UNDEFINED",0.000000,0.997565,0.000000,,,,,"","",,,,7.599607,,0.000000,,0.000000,,,0.000000,0.000000,"",,,0.000000,,-1.000000,,0.000000,0.000000,-1.000000,-1.000000,,,,,,,,,,,"",,,,,,,,,,"Volumetric",,,,,,,,,,0.000000,,,,,,,,,,0.000000,0.000000,,,,,,,,,,,,
"2FB14EDC","Nodes",1116089.250000,1670478.370000,1313.064347,"Default Known Flow Node",69.999969,0.579999,1000.000000,0.000000,"Known Flow",0.000000,0.000000,2.16999993085665e-07,40.000000,0.579999,1000.000000,0.000000,0.000000,13.000000,0.000000,0.515374,0.579999,,,,7.599764,7.599764,,16.800279,,,,,,903.822387,0.066146,0.000000,0.000000,0.000000,,-459.670013,1000.000000,,0.000000,0.000000,,,,0.047089,"SETFLOW",0.000000,0.997565,0.000000,,,,,"","",,,,7.599764,,0.000000,,0.000000,,,0.000000,0.000000,"",,,0.000000,,-1.000000,,0.000000,0.000000,-1.000000,-1.000000,,,,,,,,,,,"",,,,,,,,,,"Volumetric",,,,,,,,,,-0.025945,,,,,,,,,,-0.025945,-0.000622,,,,,,,,,,,,
"2FB146F0","Nodes",1116055.120000,1670774.000000,1313.064347,"Default Known Flow Node",69.999969,0.579999,1000.000000,0.000000,"Known Flow",0.000000,0.000000,2.16999993085665e-07,40.000000,0.579999,1000.000000,0.000000,0.000000,13.000000,0.000000,0.515374,0.579999,,,,7.580980,7.580980,,16.800279,,,,,,903.822387,0.066146,0.000000,0.000000,0.000000,,-459.670013,1000.000000,,0.000000,0.000000,,,,0.047087,"SETFLOW",0.000000,0.997565,0.000000,,,,,"","",,,,7.580980,,0.000000,,0.000000,,,0.000000,0.000000,"",,,0.000000,,-1.000000,,0.000000,0.000000,-1.000000,-1.000000,,,,,,,,,,,"",,,,,,,,,,"Volumetric",,,,,,,,,,-0.045863,,,,,,,,,,-0.045863,-0.001100,,,,,,,,,,,,
"2FB998A9","Nodes",1115857.120000,1670489.370000,1313.064347,"Default Known Flow Node",69.999969,0.579999,1000.000000,0.000000,"Known Flow",0.000000,0.000000,2.16999993085665e-07,40.000000,0.579999,1000.000000,0.000000,0.000000,13.000000,0.000000,0.515374,0.579999,,,,7.614474,7.614474,,16.800279,,,,,,903.822387,0.066146,0.000000,0.000000,0.000000,,-459.670013,1000.000000,,0.000000,0.000000,,,,0.047091,"SETFLOW",0.000000,0.997565,0.000000,,,,,"","",,,,7.614474,,0.000000,,0.000000,,,0.000000,0.000000,"",,,0.000000,,-1.000000,,0.000000,0.000000,-1.000000,-1.000000,,,,,,,,,,,"",,,,,,,,,,"Volumetric",,,,,,,,,,-0.072162,,,,,,,,,,-0.072162,-0.001731,,,,,,,,,,,,
"2FB998A4","Nodes",1115907.750000,1670522.250000,1313.064347,"Default Known Flow Node",69.999969,0.579999,1000.000000,0.000000,"Known Flow",0.000000,0.000000,2.16999993085665e-07,40.000000,0.579999,1000.000000,0.000000,0.000000,13.000000,0.000000,0.515374,0.579999,,,,7.615305,7.615305,,16.800279,,,,,,903.822387,0.066146,0.000000,0.000000,0.000000,,-459.670013,1000.000000,,0.000000,0.000000,,,,0.047091,"UNDEFINED",0.000000,0.997565,0.000000,,,,,"","",,,,7.615305,,0.000000,,0.000000,,,0.000000,0.000000,"",,,0.000000,,-1.000000,,0.000000,0.000000,-1.000000,-1.000000,,,,,,,,,,,"",,,,,,,,,,"Volumetric",,,,,,,,,,0.000000,,,,,,,,,,0.000000,0.000000,,,,,,,,,,,,
"2FB998AD","Nodes",1115906.120000,1670522.620000,1313.064347,"Default Known Flow Node",69.999969,0.579999,1000.000000,0.000000,"Known Flow",0.000000,0.000000,2.16999993085665e-07,40.000000,0.579999,1000.000000,0.000000,0.000000,13.000000,0.000000,0.515374,0.579999,,,,7.615538,7.615538,,16.800279,,,,,,903.822387,0.066146,0.000000,0.000000,0.000000,,-459.670013,1000.000000,,0.000000,0.000000,,,,0.047091,"UNDEFINED",0.000000,0.997565,0.000000,,,,,"","",,,,7.615538,,0.000000,,0.000000,,,0.000000,0.000000,"",,,0.000000,,-1.000000,,0.000000,0.000000,-1.000000,-1.000000,,,,,,,,,,,"",,,,,,,,,,"Volumetric",,,,,,,,,,0.000000,,,,,,,,,,0.000000,0.000000,,,,,,,,,,,,
"2FB998AE","Nodes",1115906.120000,1670523.620000,1313.064347,"Default Known Flow Node",69.999969,0.579999,1000.000000,0.000000,"Known Flow",0.000000,0.000000,2.16999993085665e-07,40.000000,0.579999,1000.000000,0.000000,0.000000,13.000000,0.000000,0.515374,0.579999,,,,7.615538,7.615538,,16.800279,,,,,,903.822387,0.066146,0.000000,0.000000,0.000000,,-459.670013,1000.000000,,0.000000,0.000000,,,,0.047091,"UNDEFINED",0.000000,0.997565,0.000000,,,,,"","",,,,7.615538,,0.000000,,0.000000,,,0.000000,0.000000,"",,,0.000000,,-1.000000,,0.000000,0.000000,-1.000000,-1.000000,,,,,,,,,,,"",,,,,,,,,,"Volumetric",,,,,,,,,,0.000000,,,,,,,,,,0.000000,0.000000,,,,,,,,,,,,
"2FB998A6","Nodes",1115886.870000,1670527.620000,1313.064347,"Default Known Flow Node",69.999969,0.579999,1000.000000,0.000000,"Known Flow",0.000000,0.000000,2.16999993085665e-07,40.000000,0.579999,1000.000000,0.000000,0.000000,13.000000,0.000000,0.515375,0.579999,,,,7.617749,7.617749,,16.800279,,,,,,903.822387,0.066146,0.000000,0.000000,0.000000,,-459.670013,1000.000000,,0.000000,0.000000,,,,0.047091,"UNDEFINED",0.000000,0.997565,0.000000,,,,,"","",,,,7.617749,,0.000000,,0.000000,,,0.000000,0.000000,"",,,0.000000,,-1.000000,,0.000000,0.000000,-1.000000,-1.000000,,,,,,,,,,,"",,,,,,,,,,"Volumetric",,,,,,,,,,0.000000,,,,,,,,,,0.000000,0.000000,,,,,,,,,,,,
"2FB14EE8","Nodes",1115883.870000,1670528.500000,1313.064347,"Default Known Flow Node",69.999969,0.579999,1000.000000,0.000000,"Known Flow",0.000000,0.000000,2.16999993085665e-07,40.000000,0.579999,1000.000000,0.000000,0.000000,13.000000,0.000000,0.515375,0.579999,,,,7.617971,7.617971,,16.800279,,,,,,903.822387,0.066146,0.000000,0.000000,0.000000,,-459.670013,1000.000000,,0.000000,0.000000,,,,0.047091,"UNDEFINED",0.000000,0.997565,0.000000,,,,,"","",,,,7.617971,,0.000000,,0.000000,,,0.000000,0.000000,"",,,0.000000,,-1.000000,,0.000000,0.000000,-1.000000,-1.000000,,,,,,,,,,,"",,,,,,,,,,"Volumetric",,,,,,,,,,0.000000,,,,,,,,,,0.000000,0.000000,,,,,,,,,,,,
"2FB998AA","Nodes",1115857.120000,1670490.370000,1313.064347,"Default Known Flow Node",69.999969,0.579999,1000.000000,0.000000,"Known Flow",0.000000,0.000000,2.16999993085665e-07,40.000000,0.579999,1000.000000,0.000000,0.000000,13.000000,0.000000,0.515374,0.579999,,,,7.614474,7.614474,,16.800279,,,,,,903.822387,0.066146,0.000000,0.000000,0.000000,,-459.670013,1000.000000,,0.000000,0.000000,,,,0.047091,"UNDEFINED",0.000000,0.997565,0.000000,,,,,"","",,,,7.614474,,0.000000,,0.000000,,,0.000000,0.000000,"",,,0.000000,,-1.000000,,0.000000,0.000000,-1.000000,-1.000000,,,,,,,,,,,"",,,,,,,,,,"Volumetric",,,,,,,,,,0.000000,,,,,,,,,,0.000000,0.000000,,,,,,,,,,,,
"2FB998AB","Nodes",1115868.500000,1670532.370000,1313.064347,"Default Known Flow Node",69.999969,0.579999,1000.000000,0.000000,"Known Flow",0.000000,0.000000,2.16999993085665e-07,40.000000,0.579999,1000.000000,0.000000,0.000000,13.000000,0.000000,0.515375,0.579999,,,,7.622701,7.622701,,16.800279,,,,,,903.822387,0.066146,0.000000,0.000000,0.000000,,-459.670013,1000.000000,,0.000000,0.000000,,,,0.047092,"UNDEFINED",0.000000,0.997565,0.000000,,,,,"","",,,,7.622701,,0.000000,,0.000000,,,0.000000,0.000000,"",,,0.000000,,-1.000000,,0.000000,0.000000,-1.000000,-1.000000,,,,,,,,,,,"",,,,,,,,,,"Volumetric",,,,,,,,,,0.000000,,,,,,,,,,0.000000,0.000000,,,,,,,,,,,,
"2FB998AC","Nodes",1115868.500000,1670533.370000,1313.064347,"Default Known Flow Node",69.999969,0.579999,1000.000000,0.000000,"Known Flow",0.000000,0.000000,2.16999993085665e-07,40.000000,0.579999,1000.000000,0.000000,0.000000,13.000000,0.000000,0.515375,0.579999,,,,7.622701,7.622701,,16.800279,,,,,,903.822387,0.066146,0.000000,0.000000,0.000000,,-459.670013,1000.000000,,0.000000,0.000000,,,,0.047092,"UNDEFINED",0.000000,0.997565,0.000000,,,,,"","",,,,7.622701,,0.000000,,0.000000,,,0.000000,0.000000,"",,,0.000000,,-1.000000,,0.000000,0.000000,-1.000000,-1.000000,,,,,,,,,,,"",,,,,,,,,,"Volumetric",,,,,,,,,,0.000000,,,,,,,,,,0.000000,0.000000,,,,,,,,,,,,
"2FB998A5","Nodes",1115866.120000,1670532.870000,1313.064347,"Default Known Flow Node",69.999969,0.579999,1000.000000,0.000000,"Known Flow",0.000000,0.000000,2.16999993085665e-07,40.000000,0.579999,1000.000000,0.000000,0.000000,13.000000,0.000000,0.515375,0.579999,,,,7.623292,7.623292,,16.800279,,,,,,903.822387,0.066146,0.000000,0.000000,0.000000,,-459.670013,1000.000000,,0.000000,0.000000,,,,0.047092,"SETFLOW",0.000000,0.997565,0.000000,,,,,"","",,,,7.623292,,0.000000,,0.000000,,,0.000000,0.000000,"",,,0.000000,,-1.000000,,0.000000,0.000000,-1.000000,-1.000000,,,,,,,,,,,"",,,,,,,,,,"Volumetric",,,,,,,,,,-0.010540,,,,,,,,,,-0.010540,-0.000252,,,,,,,,,,,,
"2FB998AF","Nodes",1115889.120000,1670537.870000,1313.064347,"Default Known Flow Node",69.999969,0.579999,1000.000000,0.000000,"Known Flow",0.000000,0.000000,2.16999993085665e-07,40.000000,0.579999,1000.000000,0.000000,0.000000,13.000000,0.000000,0.515375,0.579999,,,,7.617824,7.617824,,16.800279,,,,,,903.822387,0.066146,0.000000,0.000000,0.000000,,-459.670013,1000.000000,,0.000000,0.000000,,,,0.047091,"UNDEFINED",0.000000,0.997565,0.000000,,,,,"","",,,,7.617824,,0.000000,,0.000000,,,0.000000,0.000000,"",,,0.000000,,-1.000000,,0.000000,0.000000,-1.000000,-1.000000,,,,,,,,,,,"",,,,,,,,,,"Volumetric",,,,,,,,,,0.000000,,,,,,,,,,0.000000,0.000000,,,,,,,,,,,,
"2FB998B0","Nodes",1115889.120000,1670538.870000,1313.064347,"Default Known Flow Node",69.999969,0.579999,1000.000000,0.000000,"Known Flow",0.000000,0.000000,2.16999993085665e-07,40.000000,0.579999,1000.000000,0.000000,0.000000,13.000000,0.000000,0.515375,0.579999,,,,7.617824,7.617824,,16.800279,,,,,,903.822387,0.066146,0.000000,0.000000,0.000000,,-459.670013,1000.000000,,0.000000,0.000000,,,,0.047091,"UNDEFINED",0.000000,0.997565,0.000000,,,,,"","",,,,7.617824,,0.000000,,0.000000,,,0.000000,0.000000,"",,,0.000000,,-1.000000,,0.000000,0.000000,-1.000000,-1.000000,,,,,,,,,,,"",,,,,,,,,,"Volumetric",,,,,,,,,,0.000000,,,,,,,,,,0.000000,0.000000,,,,,,,,,,,,
"2FB195D5","Nodes",1115889.500000,1670539.750000,1313.064347,"Default Known Flow Node",69.999969,0.579999,1000.000000,0.000000,"Known Flow",0.000000,0.000000,2.16999993085665e-07,40.000000,0.579999,1000.000000,0.000000,0.000000,13.000000,0.000000,0.515375,0.579999,,,,7.617839,7.617839,,16.800279,,,,,,903.822387,0.066146,0.000000,0.000000,0.000000,,-459.670013,1000.000000,,0.000000,0.000000,,,,0.047091,"SETFLOW",0.000000,0.997565,0.000000,,,,,"","",,,,7.617839,,0.000000,,0.000000,,,0.000000,0.000000,"",,,0.000000,,-1.000000,,0.000000,0.000000,-1.000000,-1.000000,,,,,,,,,,,"",,,,,,,,,,"Volumetric",,,,,,,,,,-0.104962,,,,,,,,,,-0.104962,-0.002519,,,,,,,,,,,,
"2FB14EEA","Nodes",1115742.500000,1670563.870000,1313.064347,"Default Known Flow Node",69.999969,0.579999,1000.000000,0.000000,"Known Flow",0.000000,0.000000,2.16999993085665e-07,40.000000,0.579999,1000.000000,0.000000,0.000000,13.000000,0.000000,0.515375,0.579999,,,,7.651179,7.651179,,16.800279,,,,,,903.822387,0.066146,0.000000,0.000000,0.000000,,-459.670013,1000.000000,,0.000000,0.000000,,,,0.047095,"SETFLOW",0.000000,0.997565,0.000000,,,,,"","",,,,7.651179,,0.000000,,0.000000,,,0.000000,0.000000,"",,,0.000000,,-1.000000,,0.000000,0.000000,-1.000000,-1.000000,,,,,,,,,,,"",,,,,,,,,,"Volumetric",,,,,,,,,,-0.016103,,,,,,,,,,-0.016103,-0.000386,,,,,,,,,,,,
"2FB258DA","Nodes",1115730.120000,1670565.870000,1313.064347,"Default Known Flow Node",69.999969,0.579999,1000.000000,0.000000,"Known Flow",0.000000,0.000000,2.16999993085665e-07,40.000000,0.579999,1000.000000,0.000000,0.000000,13.000000,0.000000,0.515375,0.579999,,,,7.653836,7.653836,,16.800279,,,,,,903.822387,0.066146,0.000000,0.000000,0.000000,,-459.670013,1000.000000,,0.000000,0.000000,,,,0.047095,"UNDEFINED",0.000000,0.997565,0.000000,,,,,"","",,,,7.653836,,0.000000,,0.000000,,,0.000000,0.000000,"",,,0.000000,,-1.000000,,0.000000,0.000000,-1.000000,-1.000000,,,,,,,,,,,"",,,,,,,,,,"Volumetric",,,,,,,,,,0.000000,,,,,,,,,,0.000000,0.000000,,,,,,,,,,,,
"2FB14EE6","Nodes",1115622.000000,1670592.370000,1313.064347,"Default Known Flow Node",69.999969,0.579999,1000.000000,0.000000,"Known Flow",0.000000,0.000000,2.16999993085665e-07,40.000000,0.579999,1000.000000,0.000000,0.000000,13.000000,0.000000,0.515375,0.579999,,,,7.678418,7.678418,,16.800279,,,,,,903.822387,0.066146,0.000000,0.000000,0.000000,,-459.670013,1000.000000,,0.000000,0.000000,,,,0.047098,"SETFLOW",0.000000,0.997564,0.000000,,,,,"","",,,,7.678418,,0.000000,,0.000000,,,0.000000,0.000000,"",,,0.000000,,-1.000000,,0.000000,0.000000,-1.000000,-1.000000,,,,,,,,,,,"",,,,,,,,,,"Volumetric",,,,,,,,,,-0.142454,,,,,,,,,,-0.142454,-0.003418,,,,,,,,,,,,
"2FB191A2","Nodes",1115621.000000,1670588.620000,1313.064347,"Default Known Flow Node",69.999969,0.579999,1000.000000,0.000000,"Known Flow",0.000000,0.000000,2.16999993085665e-07,40.000000,0.579999,1000.000000,0.000000,0.000000,13.000000,0.000000,0.515375,0.579999,,,,7.678418,7.678418,,16.800279,,,,,,903.822387,0.066146,0.000000,0.000000,0.000000,,-459.670013,1000.000000,,0.000000,0.000000,,,,0.047098,"UNDEFINED",0.000000,0.997564,0.000000,,,,,"","",,,,7.678418,,0.000000,,0.000000,,,0.000000,0.000000,"",,,0.000000,,-1.000000,,0.000000,0.000000,-1.000000,-1.000000,,,,,,,,,,,"",,,,,,,,,,"Volumetric",,,,,,,,,,0.000000,,,,,,,,,,0.000000,0.000000,,,,,,,,,,,,
"2FB191A0","Nodes",1115552.870000,1670882.370000,1313.064347,"Default Known Flow Node",69.999969,0.579999,1000.000000,0.000000,"Known Flow",0.000000,0.000000,2.16999993085665e-07,40.000000,0.579999,1000.000000,0.000000,0.000000,13.000000,0.000000,0.515375,0.579999,,,,7.678222,7.678222,,16.800279,,,,,,903.822387,0.066146,0.000000,0.000000,0.000000,,-459.670013,1000.000000,,0.000000,0.000000,,,,0.047098,"SETFLOW",0.000000,0.997564,0.000000,,,,,"","",,,,7.678222,,0.000000,,0.000000,,,0.000000,0.000000,"",,,0.000000,,-1.000000,,0.000000,0.000000,-1.000000,-1.000000,,,,,,,,,,,"",,,,,,,,,,"Volumetric",,,,,,,,,,-0.090272,,,,,,,,,,-0.090272,-0.002166,,,,,,,,,,,,
"2FB1D224","Nodes",1115349.500000,1670659.750000,1313.064347,"Default Known Flow Node",69.999969,0.579999,1000.000000,0.000000,"Known Flow",0.000000,0.000000,2.16999993085665e-07,40.000000,0.579999,1000.000000,0.000000,0.000000,13.000000,0.000000,0.515375,0.579999,,,,7.745881,7.745881,,16.800279,,,,,,903.822387,0.066146,0.000000,0.000000,0.000000,,-459.670013,1000.000000,,0.000000,0.000000,,,,0.047106,"SETFLOW",0.000000,0.997564,0.000000,,,,,"","",,,,7.745881,,0.000000,,0.000000,,,0.000000,0.000000,"",,,0.000000,,-1.000000,,0.000000,0.000000,-1.000000,-1.000000,,,,,,,,,,,"",,,,,,,,,,"Volumetric",,,,,,,,,,-0.110711,,,,,,,,,,-0.110711,-0.002657,,,,,,,,,,,,
"2FB1D227","Nodes",1115335.000000,1670656.750000,1313.064347,"Default Known Flow Node",69.999969,0.579999,1000.000000,0.000000,"Known Flow",0.000000,0.000000,2.16999993085665e-07,40.000000,0.579999,1000.000000,0.000000,0.000000,13.000000,0.000000,0.515375,0.579999,,,,7.748673,7.748673,,16.800279,,,,,,903.822387,0.066146,0.000000,0.000000,0.000000,,-459.670013,1000.000000,,0.000000,0.000000,,,,0.047106,"SETFLOW",0.000000,0.997564,0.000000,,,,,"","",,,,7.748673,,0.000000,,0.000000,,,0.000000,0.000000,"",,,0.000000,,-1.000000,,0.000000,0.000000,-1.000000,-1.000000,,,,,,,,,,,"",,,,,,,,,,"Volumetric",,,,,,,,,,-0.008516,,,,,,,,,,-0.008516,-0.000204,,,,,,,,,,,,
"2FB258D9","Nodes",1115338.870000,1670662.250000,1313.064347,"Default Known Flow Node",69.999969,0.579999,1000.000000,0.000000,"Known Flow",0.000000,0.000000,2.16999993085665e-07,40.000000,0.579999,1000.000000,0.000000,0.000000,13.000000,0.000000,0.515375,0.579999,,,,7.748673,7.748673,,16.800279,,,,,,903.822387,0.066146,0.000000,0.000000,0.000000,,-459.670013,1000.000000,,0.000000,0.000000,,,,0.047106,"UNDEFINED",0.000000,0.997564,0.000000,,,,,"","",,,,7.748673,,0.000000,,0.000000,,,0.000000,0.000000,"",,,0.000000,,-1.000000,,0.000000,0.000000,-1.000000,-1.000000,,,,,,,,,,,"",,,,,,,,,,"Volumetric",,,,,,,,,,0.000000,,,,,,,,,,0.000000,0.000000,,,,,,,,,,,,
"2FB1D225","Nodes",1115333.620000,1670663.620000,1313.064347,"Default Known Flow Node",69.999969,0.579999,1000.000000,0.000000,"Known Flow",0.000000,0.000000,2.16999993085665e-07,40.000000,0.579999,1000.000000,0.000000,0.000000,13.000000,0.000000,0.515375,0.579999,,,,7.750554,7.750554,,16.800279,,,,,,903.822387,0.066146,0.000000,0.000000,0.000000,,-459.670013,1000.000000,,0.000000,0.000000,,,,0.047106,"SETFLOW",0.000000,0.997564,0.000000,,,,,"","",,,,7.750554,,0.000000,,0.000000,,,0.000000,0.000000,"",,,0.000000,,-1.000000,,0.000000,0.000000,-1.000000,-1.000000,,,,,,,,,,,"",,,,,,,,,,"Volumetric",,,,,,,,,,-0.025548,,,,,,,,,,-0.025548,-0.000613,,,,,,,,,,,,
"2FB1D223","Nodes",1115344.370000,1670670.120000,1313.064347,"Default Known Flow Node",69.999969,0.579999,1000.000000,0.000000,"Known Flow",0.000000,0.000000,2.16999993085665e-07,40.000000,0.579999,1000.000000,0.000000,0.000000,13.000000,0.000000,0.515375,0.579999,,,,7.747362,7.747362,,16.800279,,,,,,903.822387,0.066146,0.000000,0.000000,0.000000,,-459.670013,1000.000000,,0.000000,0.000000,,,,0.047106,"SETFLOW",0.000000,0.997564,0.000000,,,,,"","",,,,7.747362,,0.000000,,0.000000,,,0.000000,0.000000,"",,,0.000000,,-1.000000,,0.000000,0.000000,-1.000000,-1.000000,,,,,,,,,,,"",,,,,,,,,,"Volumetric",,,,,,,,,,-0.221423,,,,,,,,,,-0.221423,-0.005314,,,,,,,,,,,,
"2FB1D211","Nodes",1116049.120000,1670805.250000,1313.064347,"Default Known Flow Node",69.999969,0.579999,1000.000000,0.000000,"Known Flow",0.000000,0.000000,2.16999993085665e-07,40.000000,0.579999,1000.000000,0.000000,0.000000,13.000000,0.000000,0.515374,0.579999,,,,7.579053,7.579053,,16.800279,,,,,,903.822387,0.066146,0.000000,0.000000,0.000000,,-459.670013,1000.000000,,0.000000,0.000000,,,,0.047087,"SETFLOW",0.000000,0.997565,0.000000,,,,,"","",,,,7.579053,,0.000000,,0.000000,,,0.000000,0.000000,"",,,0.000000,,-1.000000,,0.000000,0.000000,-1.000000,-1.000000,,,,,,,,,,,"",,,,,,,,,,"Volumetric",,,,,,,,,,-0.010483,,,,,,,,,,-0.010483,-0.000251,,,,,,,,,,,,
"2FB14EDB","Nodes",1116047.750000,1670817.370000,1313.064347,"Default Known Flow Node",69.999969,0.579999,1000.000000,0.000000,"Known Flow",0.000000,0.000000,2.16999993085665e-07,40.000000,0.579999,1000.000000,0.000000,0.000000,13.000000,0.000000,0.515374,0.579999,,,,7.578338,7.578338,,16.800279,,,,,,903.822387,0.066146,0.000000,0.000000,0.000000,,-459.670013,1000.000000,,0.000000,0.000000,,,,0.047087,"SETFLOW",0.000000,0.997565,0.000000,,,,,"","",,,,7.578338,,0.000000,,0.000000,,,0.000000,0.000000,"",,,0.000000,,-1.000000,,0.000000,0.000000,-1.000000,-1.000000,,,,,,,,,,,"",,,,,,,,,,"Volumetric",,,,,,,,,,-0.144143,,,,,,,,,,-0.144143,-0.003459,,,,,,,,,,,,
"2FB1F62A","Nodes",1116199.620000,1670786.620000,1313.064347,"Default Known Flow Node",69.999969,0.579999,1000.000000,0.000000,"Known Flow",0.000000,0.000000,2.16999993085665e-07,40.000000,0.579999,1000.000000,0.000000,0.000000,13.000000,0.000000,0.515374,0.579999,,,,7.518124,7.518124,,16.800279,,,,,,903.822387,0.066146,0.000000,0.000000,0.000000,,-459.670013,1000.000000,,0.000000,0.000000,,,,0.047080,"UNDEFINED",0.000000,0.997565,0.000000,,,,,"","",,,,7.518124,,0.000000,,0.000000,,,0.000000,0.000000,"",,,0.000000,,-1.000000,,0.000000,0.000000,-1.000000,-1.000000,,,,,,,,,,,"",,,,,,,,,,"Volumetric",,,,,,,,,,0.000000,,,,,,,,,,0.000000,0.000000,,,,,,,,,,,,
"2FB1D212","Nodes",1116053.620000,1670805.750000,1313.064347,"Default Known Flow Node",69.999969,0.579999,1000.000000,0.000000,"Known Flow",0.000000,0.000000,2.16999993085665e-07,40.000000,0.579999,1000.000000,0.000000,0.000000,13.000000,0.000000,0.515374,0.579999,,,,7.579053,7.579053,,16.800279,,,,,,903.822387,0.066146,0.000000,0.000000,0.000000,,-459.670013,1000.000000,,0.000000,0.000000,,,,0.047087,"UNDEFINED",0.000000,0.997565,0.000000,,,,,"","",,,,7.579053,,0.000000,,0.000000,,,0.000000,0.000000,"",,,0.000000,,-1.000000,,0.000000,0.000000,-1.000000,-1.000000,,,,,,,,,,,"",,,,,,,,,,"Volumetric",,,,,,,,,,0.000000,,,,,,,,,,0.000000,0.000000,,,,,,,,,,,,
"2FB8A246","Nodes",1115992.620000,1671276.500000,1313.064347,"Default Known Flow Node",69.999969,0.579999,1000.000000,0.000000,"Known Flow",0.000000,0.000000,2.16999993085665e-07,40.000000,0.579999,1000.000000,0.000000,0.000000,13.000000,0.000000,0.515374,0.579999,,,,7.578922,7.578922,,16.800279,,,,,,903.822387,0.066146,0.000000,0.000000,0.000000,,-459.670013,1000.000000,,0.000000,0.000000,,,,0.047087,"SETFLOW",0.000000,0.997565,0.000000,,,,,"","",,,,7.578922,,0.000000,,0.000000,,,0.000000,0.000000,"",,,0.000000,,-1.000000,,0.000000,0.000000,-1.000000,-1.000000,,,,,,,,,,,"",,,,,,,,,,"Volumetric",,,,,,,,,,-0.166256,,,,,,,,,,-0.166256,-0.003990,,,,,,,,,,,,
"2FB191A1","Nodes",1115529.250000,1670979.000000,1313.064347,"Default Known Flow Node",69.999969,0.579999,1000.000000,0.000000,"Known Flow",0.000000,0.000000,2.16999993085665e-07,40.000000,0.579999,1000.000000,0.000000,0.000000,13.000000,0.000000,0.515375,0.579999,,,,7.678584,7.678584,,16.800279,,,,,,903.822387,0.066146,0.000000,0.000000,0.000000,,-459.670013,1000.000000,,0.000000,0.000000,,,,0.047098,"SETFLOW",0.000000,0.997564,0.000000,,,,,"","",,,,7.678584,,0.000000,,0.000000,,,0.000000,0.000000,"",,,0.000000,,-1.000000,,0.000000,0.000000,-1.000000,-1.000000,,,,,,,,,,,"",,,,,,,,,,"Volumetric",,,,,,,,,,-0.026323,,,,,,,,,,-0.026323,-0.000631,,,,,,,,,,,,
"2FB146FA","Nodes",1115503.500000,1671084.620000,1313.064347,"Default Known Flow Node",69.999969,0.579999,1000.000000,0.000000,"Known Flow",0.000000,0.000000,2.16999993085665e-07,40.000000,0.579999,1000.000000,0.000000,0.000000,13.000000,0.000000,0.515375,0.579999,,,,7.679114,7.679114,,16.800279,,,,,,903.822387,0.066146,0.000000,0.000000,0.000000,,-459.670013,1000.000000,,0.000000,0.000000,,,,0.047098,"UNDEFINED",0.000000,0.997564,0.000000,,,,,"","",,,,7.679114,,0.000000,,0.000000,,,0.000000,0.000000,"",,,0.000000,,-1.000000,,0.000000,0.000000,-1.000000,-1.000000,,,,,,,,,,,"",,,,,,,,,,"Volumetric",,,,,,,,,,0.000000,,,,,,,,,,0.000000,0.000000,,,,,,,,,,,,
"2FB14702","Nodes",1115269.370000,1670981.620000,1313.064347,"Default Known Flow Node",69.999969,0.579999,1000.000000,0.000000,"Known Flow",0.000000,0.000000,2.16999993085665e-07,40.000000,0.579999,1000.000000,0.000000,0.000000,13.000000,0.000000,0.515375,0.579999,,,,7.742198,7.742198,,16.800279,,,,,,903.822387,0.066146,0.000000,0.000000,0.000000,,-459.670013,1000.000000,,0.000000,0.000000,,,,0.047105,"SETFLOW",0.000000,0.997564,0.000000,,,,,"","",,,,7.742198,,0.000000,,0.000000,,,0.000000,0.000000,"",,,0.000000,,-1.000000,,0.000000,0.000000,-1.000000,-1.000000,,,,,,,,,,,"",,,,,,,,,,"Volumetric",,,,,,,,,,-0.347039,,,,,,,,,,-0.347039,-0.008328,,,,,,,,,,,,
"2FB85E17","Nodes",1115239.750000,1671098.620000,1313.064347,"Default Known Flow Node",69.999969,0.579999,1000.000000,0.000000,"Known Flow",0.000000,0.000000,2.16999993085665e-07,40.000000,0.579999,1000.000000,0.000000,0.000000,13.000000,0.000000,0.515375,0.579999,,,,7.742079,7.742079,,16.800279,,,,,,903.822387,0.066146,0.000000,0.000000,0.000000,,-459.670013,1000.000000,,0.000000,0.000000,,,,0.047105,"SETFLOW",0.000000,0.997564,0.000000,,,,,"","",,,,7.742079,,0.000000,,0.000000,,,0.000000,0.000000,"",,,0.000000,,-1.000000,,0.000000,0.000000,-1.000000,-1.000000,,,,,,,,,,,"",,,,,,,,,,"Volumetric",,,,,,,,,,-0.031936,,,,,,,,,,-0.031936,-0.000766,,,,,,,,,,,,
"2FB8A23C","Nodes",1115488.620000,1671154.500000,1313.064347,"Default Known Flow Node",69.999969,0.579999,1000.000000,0.000000,"Known Flow",0.000000,0.000000,2.16999993085665e-07,40.000000,0.579999,1000.000000,0.000000,0.000000,13.000000,0.000000,0.515375,0.579999,,,,7.679465,7.679465,,16.800279,,,,,,903.822387,0.066146,0.000000,0.000000,0.000000,,-459.670013,1000.000000,,0.000000,0.000000,,,,0.047098,"UNDEFINED",0.000000,0.997564,0.000000,,,,,"","",,,,7.679465,,0.000000,,0.000000,,,0.000000,0.000000,"",,,0.000000,,-1.000000,,0.000000,0.000000,-1.000000,-1.000000,,,,,,,,,,,"",,,,,,,,,,"Volumetric",,,,,,,,,,0.000000,,,,,,,,,,0.000000,0.000000,,,,,,,,,,,,
"2FB85E25","Nodes",1115240.500000,1671096.370000,1313.064347,"Default Known Flow Node",69.999969,0.579999,1000.000000,0.000000,"Known Flow",0.000000,0.000000,2.16999993085665e-07,40.000000,0.579999,1000.000000,0.000000,0.000000,13.000000,0.000000,0.515375,0.579999,,,,7.742081,7.742081,,16.800279,,,,,,903.822387,0.066146,0.000000,0.000000,0.000000,,-459.670013,1000.000000,,0.000000,0.000000,,,,0.047105,"UNDEFINED",0.000000,0.997564,0.000000,,,,,"","",,,,7.742081,,0.000000,,0.000000,,,0.000000,0.000000,"",,,0.000000,,-1.000000,,0.000000,0.000000,-1.000000,-1.000000,,,,,,,,,,,"",,,,,,,,,,"Volumetric",,,,,,,,,,0.000000,,,,,,,,,,0.000000,0.000000,,,,,,,,,,,,
"2FB85E14","Nodes",1115241.250000,1671094.120000,1313.064347,"Default Known Flow Node",69.999969,0.579999,1000.000000,0.000000,"Known Flow",0.000000,0.000000,2.16999993085665e-07,40.000000,0.579999,1000.000000,0.000000,0.000000,13.000000,0.000000,0.515375,0.579999,,,,7.742084,7.742084,,16.800279,,,,,,903.822387,0.066146,0.000000,0.000000,0.000000,,-459.670013,1000.000000,,0.000000,0.000000,,,,0.047105,"SETFLOW",0.000000,0.997564,0.000000,,,,,"","",,,,7.742084,,0.000000,,0.000000,,,0.000000,0.000000,"",,,0.000000,,-1.000000,,0.000000,0.000000,-1.000000,-1.000000,,,,,,,,,,,"",,,,,,,,,,"Volumetric",,,,,,,,,,-0.070259,,,,,,,,,,-0.070259,-0.001686,,,,,,,,,,,,
"2FB85E24","Nodes",1115238.120000,1671103.120000,1313.064347,"Default Known Flow Node",69.999969,0.579999,1000.000000,0.000000,"Known Flow",0.000000,0.000000,2.16999993085665e-07,40.000000,0.579999,1000.000000,0.000000,0.000000,13.000000,0.000000,0.515375,0.579999,,,,7.741553,7.741553,,16.800279,,,,,,903.822387,0.066146,0.000000,0.000000,0.000000,,-459.670013,1000.000000,,0.000000,0.000000,,,,0.047105,"UNDEFINED",0.000000,0.997564,0.000000,,,,,"","",,,,7.741553,,0.000000,,0.000000,,,0.000000,0.000000,"",,,0.000000,,-1.000000,,0.000000,0.000000,-1.000000,-1.000000,,,,,,,,,,,"",,,,,,,,,,"Volumetric",,,,,,,,,,0.000000,,,,,,,,,,0.000000,0.000000,,,,,,,,,,,,
"2FB85E26","Nodes",1115249.620000,1671101.370000,1313.064347,"Default Known Flow Node",69.999969,0.579999,1000.000000,0.000000,"Known Flow",0.000000,0.000000,2.16999993085665e-07,40.000000,0.579999,1000.000000,0.000000,0.000000,13.000000,0.000000,0.515375,0.579999,,,,7.738483,7.738483,,16.800279,,,,,,903.822387,0.066146,0.000000,0.000000,0.000000,,-459.670013,1000.000000,,0.000000,0.000000,,,,0.047105,"UNDEFINED",0.000000,0.997564,0.000000,,,,,"","",,,,7.738483,,0.000000,,0.000000,,,0.000000,0.000000,"",,,0.000000,,-1.000000,,0.000000,0.000000,-1.000000,-1.000000,,,,,,,,,,,"",,,,,,,,,,"Volumetric",,,,,,,,,,0.000000,,,,,,,,,,0.000000,0.000000,,,,,,,,,,,,
"2FB85E16","Nodes",1115236.120000,1671109.120000,1313.064347,"Default Known Flow Node",69.999969,0.579999,1000.000000,0.000000,"Known Flow",0.000000,0.000000,2.16999993085665e-07,40.000000,0.579999,1000.000000,0.000000,0.000000,13.000000,0.000000,0.515375,0.579999,,,,7.738787,7.738787,,16.800279,,,,,,903.822387,0.066146,0.000000,0.000000,0.000000,,-459.670013,1000.000000,,0.000000,0.000000,,,,0.047105,"UNDEFINED",0.000000,0.997564,0.000000,,,,,"","",,,,7.738787,,0.000000,,0.000000,,,0.000000,0.000000,"",,,0.000000,,-1.000000,,0.000000,0.000000,-1.000000,-1.000000,,,,,,,,,,,"",,,,,,,,,,"Volumetric",,,,,,,,,,0.000000,,,,,,,,,,0.000000,0.000000,,,,,,,,,,,,
"2FB85E27","Nodes",1115263.620000,1671104.750000,1313.064347,"Default Known Flow Node",69.999969,0.579999,1000.000000,0.000000,"Known Flow",0.000000,0.000000,2.16999993085665e-07,40.000000,0.579999,1000.000000,0.000000,0.000000,13.000000,0.000000,0.515375,0.579999,,,,7.734887,7.734887,,16.800279,,,,,,903.822387,0.066146,0.000000,0.000000,0.000000,,-459.670013,1000.000000,,0.000000,0.000000,,,,0.047104,"SETFLOW",0.000000,0.997564,0.000000,,,,,"","",,,,7.734887,,0.000000,,0.000000,,,0.000000,0.000000,"",,,0.000000,,-1.000000,,0.000000,0.000000,-1.000000,-1.000000,,,,,,,,,,,"",,,,,,,,,,"Volumetric",,,,,,,,,,-0.212907,,,,,,,,,,-0.212907,-0.005109,,,,,,,,,,,,
"2FB85E23","Nodes",1115231.500000,1671123.370000,1313.064347,"Default Known Flow Node",69.999969,0.579999,1000.000000,0.000000,"Known Flow",0.000000,0.000000,2.16999993085665e-07,40.000000,0.579999,1000.000000,0.000000,0.000000,13.000000,0.000000,0.515375,0.579999,,,,7.732334,7.732334,,16.800279,,,,,,903.822387,0.066146,0.000000,0.000000,0.000000,,-459.670013,1000.000000,,0.000000,0.000000,,,,0.047104,"UNDEFINED",0.000000,0.997564,0.000000,,,,,"","",,,,7.732334,,0.000000,,0.000000,,,0.000000,0.000000,"",,,0.000000,,-1.000000,,0.000000,0.000000,-1.000000,-1.000000,,,,,,,,,,,"",,,,,,,,,,"Volumetric",,,,,,,,,,0.000000,,,,,,,,,,0.000000,0.000000,,,,,,,,,,,,
"2FB85E13","Nodes",1115229.000000,1671129.500000,1313.064347,"Default Known Flow Node",69.999969,0.579999,1000.000000,0.000000,"Known Flow",0.000000,0.000000,2.16999993085665e-07,40.000000,0.579999,1000.000000,0.000000,0.000000,13.000000,0.000000,0.515375,0.579999,,,,7.729107,7.729107,,16.800279,,,,,,903.822387,0.066146,0.000000,0.000000,0.000000,,-459.670013,1000.000000,,0.000000,0.000000,,,,0.047104,"SETFLOW",0.000000,0.997564,0.000000,,,,,"","",,,,7.729107,,0.000000,,0.000000,,,0.000000,0.000000,"",,,0.000000,,-1.000000,,0.000000,0.000000,-1.000000,-1.000000,,,,,,,,,,,"",,,,,,,,,,"Volumetric",,,,,,,,,,-0.031936,,,,,,,,,,-0.031936,-0.000766,,,,,,,,,,,,
"2FB85E22","Nodes",1115231.500000,1671122.370000,1313.064347,"Default Known Flow Node",69.999969,0.579999,1000.000000,0.000000,"Known Flow",0.000000,0.000000,2.16999993085665e-07,40.000000,0.579999,1000.000000,0.000000,0.000000,13.000000,0.000000,0.515375,0.579999,,,,7.732334,7.732334,,16.800279,,,,,,903.822387,0.066146,0.000000,0.000000,0.000000,,-459.670013,1000.000000,,0.000000,0.000000,,,,0.047104,"UNDEFINED",0.000000,0.997564,0.000000,,,,,"","",,,,7.732334,,0.000000,,0.000000,,,0.000000,0.000000,"",,,0.000000,,-1.000000,,0.000000,0.000000,-1.000000,-1.000000,,,,,,,,,,,"",,,,,,,,,,"Volumetric",,,,,,,,,,0.000000,,,,,,,,,,0.000000,0.000000,,,,,,,,,,,,
"2FB14700","Nodes",1115181.750000,1671335.870000,1313.064347,"Default Known Flow Node",69.999969,0.579999,1000.000000,0.000000,"Known Flow",0.000000,0.000000,2.16999993085665e-07,40.000000,0.579999,1000.000000,0.000000,0.000000,13.000000,0.000000,0.515375,0.579999,,,,7.657344,7.657344,,16.800279,,,,,,903.822387,0.066146,0.000000,0.000000,0.000000,,-459.670013,1000.000000,,0.000000,0.000000,,,,0.047096,"SETFLOW",0.000000,0.997565,0.000000,,,,,"","",,,,7.657344,,0.000000,,0.000000,,,0.000000,0.000000,"",,,0.000000,,-1.000000,,0.000000,0.000000,-1.000000,-1.000000,,,,,,,,,,,"",,,,,,,,,,"Volumetric",,,,,,,,,,-0.031936,,,,,,,,,,-0.031936,-0.000766,,,,,,,,,,,,
"2FB8A23E","Nodes",1115488.000000,1671158.120000,1313.064347,"Default Known Flow Node",69.999969,0.579999,1000.000000,0.000000,"Known Flow",0.000000,0.000000,2.16999993085665e-07,40.000000,0.579999,1000.000000,0.000000,0.000000,13.000000,0.000000,0.515375,0.579999,,,,7.679479,7.679479,,16.800279,,,,,,903.822387,0.066146,0.000000,0.000000,0.000000,,-459.670013,1000.000000,,0.000000,0.000000,,,,0.047098,"UNDEFINED",0.000000,0.997564,0.000000,,,,,"","",,,,7.679479,,0.000000,,0.000000,,,0.000000,0.000000,"",,,0.000000,,-1.000000,,0.000000,0.000000,-1.000000,-1.000000,,,,,,,,,,,"",,,,,,,,,,"Volumetric",,,,,,,,,,0.000000,,,,,,,,,,0.000000,0.000000,,,,,,,,,,,,
"2FB8A240","Nodes",1115487.370000,1671159.370000,1313.064347,"Default Known Flow Node",69.999969,0.579999,1000.000000,0.000000,"Known Flow",0.000000,0.000000,2.16999993085665e-07,40.000000,0.579999,1000.000000,0.000000,0.000000,13.000000,0.000000,0.515375,0.579999,,,,7.679489,7.679489,,16.800279,,,,,,903.822387,0.066146,0.000000,0.000000,0.000000,,-459.670013,1000.000000,,0.000000,0.000000,,,,0.047098,"SETFLOW",0.000000,0.997564,0.000000,,,,,"","",,,,7.679489,,0.000000,,0.000000,,,0.000000,0.000000,"",,,0.000000,,-1.000000,,0.000000,0.000000,-1.000000,-1.000000,,,,,,,,,,,"",,,,,,,,,,"Volumetric",,,,,,,,,,-0.280264,,,,,,,,,,-0.280264,-0.006726,,,,,,,,,,,,
"2FB8A23D","Nodes",1115488.000000,1671157.120000,1313.064347,"Default Known Flow Node",69.999969,0.579999,1000.000000,0.000000,"Known Flow",0.000000,0.000000,2.16999993085665e-07,40.000000,0.579999,1000.000000,0.000000,0.000000,13.000000,0.000000,0.515375,0.579999,,,,7.679479,7.679479,,16.800279,,,,,,903.822387,0.066146,0.000000,0.000000,0.000000,,-459.670013,1000.000000,,0.000000,0.000000,,,,0.047098,"UNDEFINED",0.000000,0.997564,0.000000,,,,,"","",,,,7.679479,,0.000000,,0.000000,,,0.000000,0.000000,"",,,0.000000,,-1.000000,,0.000000,0.000000,-1.000000,-1.000000,,,,,,,,,,,"",,,,,,,,,,"Volumetric",,,,,,,,,,0.000000,,,,,,,,,,0.000000,0.000000,,,,,,,,,,,,
"2FB8A241","Nodes",1115732.620000,1671215.250000,1313.064347,"Default Known Flow Node",69.999969,0.579999,1000.000000,0.000000,"Known Flow",0.000000,0.000000,2.16999993085665e-07,40.000000,0.579999,1000.000000,0.000000,0.000000,13.000000,0.000000,0.515375,0.579999,,,,7.624769,7.624769,,16.800279,,,,,,903.822387,0.066146,0.000000,0.000000,0.000000,,-459.670013,1000.000000,,0.000000,0.000000,,,,0.047092,"SETFLOW",0.000000,0.997565,0.000000,,,,,"","",,,,7.624769,,0.000000,,0.000000,,,0.000000,0.000000,"",,,0.000000,,-1.000000,,0.000000,0.000000,-1.000000,-1.000000,,,,,,,,,,,"",,,,,,,,,,"Volumetric",,,,,,,,,,-0.296170,,,,,,,,,,-0.296170,-0.007108,,,,,,,,,,,,
"2FB8A242","Nodes",1115732.250000,1671217.000000,1313.064347,"Default Known Flow Node",69.999969,0.579999,1000.000000,0.000000,"Known Flow",0.000000,0.000000,2.16999993085665e-07,40.000000,0.579999,1000.000000,0.000000,0.000000,13.000000,0.000000,0.515375,0.579999,,,,7.624919,7.624919,,16.800279,,,,,,903.822387,0.066146,0.000000,0.000000,0.000000,,-459.670013,1000.000000,,0.000000,0.000000,,,,0.047092,"UNDEFINED",0.000000,0.997565,0.000000,,,,,"","",,,,7.624919,,0.000000,,0.000000,,,0.000000,0.000000,"",,,0.000000,,-1.000000,,0.000000,0.000000,-1.000000,-1.000000,,,,,,,,,,,"",,,,,,,,,,"Volumetric",,,,,,,,,,0.000000,,,,,,,,,,0.000000,0.000000,,,,,,,,,,,,
"2FB8A243","Nodes",1115732.250000,1671218.000000,1313.064347,"Default Known Flow Node",69.999969,0.579999,1000.000000,0.000000,"Known Flow",0.000000,0.000000,2.16999993085665e-07,40.000000,0.579999,1000.000000,0.000000,0.000000,13.000000,0.000000,0.515375,0.579999,,,,7.624919,7.624919,,16.800279,,,,,,903.822387,0.066146,0.000000,0.000000,0.000000,,-459.670013,1000.000000,,0.000000,0.000000,,,,0.047092,"UNDEFINED",0.000000,0.997565,0.000000,,,,,"","",,,,7.624919,,0.000000,,0.000000,,,0.000000,0.000000,"",,,0.000000,,-1.000000,,0.000000,0.000000,-1.000000,-1.000000,,,,,,,,,,,"",,,,,,,,,,"Volumetric",,,,,,,,,,0.000000,,,,,,,,,,0.000000,0.000000,,,,,,,,,,,,
"2FB8A23F","Nodes",1115731.750000,1671219.120000,1313.064347,"Default Known Flow Node",69.999969,0.579999,1000.000000,0.000000,"Known Flow",0.000000,0.000000,2.16999993085665e-07,40.000000,0.579999,1000.000000,0.000000,0.000000,13.000000,0.000000,0.515375,0.579999,,,,7.625070,7.625070,,16.800279,,,,,,903.822387,0.066146,0.000000,0.000000,0.000000,,-459.670013,1000.000000,,0.000000,0.000000,,,,0.047092,"SETFLOW",0.000000,0.997565,0.000000,,,,,"","",,,,7.625070,,0.000000,,0.000000,,,0.000000,0.000000,"",,,0.000000,,-1.000000,,0.000000,0.000000,-1.000000,-1.000000,,,,,,,,,,,"",,,,,,,,,,"Volumetric",,,,,,,,,,-0.146396,,,,,,,,,,-0.146396,-0.003513,,,,,,,,,,,,
"2FB8A24C","Nodes",1115991.500000,1671281.370000,1313.064347,"Default Known Flow Node",69.999969,0.579999,1000.000000,0.000000,"Known Flow",0.000000,0.000000,2.16999993085665e-07,40.000000,0.579999,1000.000000,0.000000,0.000000,13.000000,0.000000,0.515374,0.579999,,,,7.578937,7.578937,,16.800279,,,,,,903.822387,0.066146,0.000000,0.000000,0.000000,,-459.670013,1000.000000,,0.000000,0.000000,,,,0.047087,"UNDEFINED",0.000000,0.997565,0.000000,,,,,"","",,,,7.578937,,0.000000,,0.000000,,,0.000000,0.000000,"",,,0.000000,,-1.000000,,0.000000,0.000000,-1.000000,-1.000000,,,,,,,,,,,"",,,,,,,,,,"Volumetric",,,,,,,,,,0.000000,,,,,,,,,,0.000000,0.000000,,,,,,,,,,,,
"2FB14EEB","Nodes",1115990.370000,1671284.120000,1313.064347,"Default Known Flow Node",69.999969,0.579999,1000.000000,0.000000,"Known Flow",0.000000,0.000000,2.16999993085665e-07,40.000000,0.579999,1000.000000,0.000000,0.000000,13.000000,0.000000,0.515374,0.579999,,,,7.578952,7.578952,,16.800279,,,,,,903.822387,0.066146,0.000000,0.000000,0.000000,,-459.670013,1000.000000,,0.000000,0.000000,,,,0.047087,"UNDEFINED",0.000000,0.997565,0.000000,,,,,"","",,,,7.578952,,0.000000,,0.000000,,,0.000000,0.000000,"",,,0.000000,,-1.000000,,0.000000,0.000000,-1.000000,-1.000000,,,,,,,,,,,"",,,,,,,,,,"Volumetric",,,,,,,,,,0.000000,,,,,,,,,,0.000000,0.000000,,,,,,,,,,,,
"2FB8A24B","Nodes",1115991.500000,1671280.370000,1313.064347,"Default Known Flow Node",69.999969,0.579999,1000.000000,0.000000,"Known Flow",0.000000,0.000000,2.16999993085665e-07,40.000000,0.579999,1000.000000,0.000000,0.000000,13.000000,0.000000,0.515374,0.579999,,,,7.578937,7.578937,,16.800279,,,,,,903.822387,0.066146,0.000000,0.000000,0.000000,,-459.670013,1000.000000,,0.000000,0.000000,,,,0.047087,"UNDEFINED",0.000000,0.997565,0.000000,,,,,"","",,,,7.578937,,0.000000,,0.000000,,,0.000000,0.000000,"",,,0.000000,,-1.000000,,0.000000,0.000000,-1.000000,-1.000000,,,,,,,,,,,"",,,,,,,,,,"Volumetric",,,,,,,,,,0.000000,,,,,,,,,,0.000000,0.000000,,,,,,,,,,,,
"2FB8A249","Nodes",1115980.620000,1671281.620000,1313.064347,"Default Known Flow Node",69.999969,0.579999,1000.000000,0.000000,"Known Flow",0.000000,0.000000,2.16999993085665e-07,40.000000,0.579999,1000.000000,0.000000,0.000000,13.000000,0.000000,0.515374,0.579999,,,,7.580662,7.580662,,16.800279,,,,,,903.822387,0.066146,0.000000,0.000000,0.000000,,-459.670013,1000.000000,,0.000000,0.000000,,,,0.047087,"SETFLOW",0.000000,0.997565,0.000000,,,,,"","",,,,7.580662,,0.000000,,0.000000,,,0.000000,0.000000,"",,,0.000000,,-1.000000,,0.000000,0.000000,-1.000000,-1.000000,,,,,,,,,,,"",,,,,,,,,,"Volumetric",,,,,,,,,,-0.040949,,,,,,,,,,-0.040949,-0.000982,,,,,,,,,,,,
"2FB8A24A","Nodes",1115980.620000,1671282.620000,1313.064347,"Default Known Flow Node",69.999969,0.579999,1000.000000,0.000000,"Known Flow",0.000000,0.000000,2.16999993085665e-07,40.000000,0.579999,1000.000000,0.000000,0.000000,13.000000,0.000000,0.515374,0.579999,,,,7.580662,7.580662,,16.800279,,,,,,903.822387,0.066146,0.000000,0.000000,0.000000,,-459.670013,1000.000000,,0.000000,0.000000,,,,0.047087,"UNDEFINED",0.000000,0.997565,0.000000,,,,,"","",,,,7.580662,,0.000000,,0.000000,,,0.000000,0.000000,"",,,0.000000,,-1.000000,,0.000000,0.000000,-1.000000,-1.000000,,,,,,,,,,,"",,,,,,,,,,"Volumetric",,,,,,,,,,0.000000,,,,,,,,,,0.000000,0.000000,,,,,,,,,,,,
"2FB8A244","Nodes",1115982.500000,1671312.000000,1313.064347,"Default Known Flow Node",69.999969,0.579999,1000.000000,0.000000,"Known Flow",0.000000,0.000000,2.16999993085665e-07,40.000000,0.579999,1000.000000,0.000000,0.000000,13.000000,0.000000,0.515374,0.579999,,,,7.563365,7.563365,,16.800279,,,,,,903.822387,0.066146,0.000000,0.000000,0.000000,,-459.670013,1000.000000,,0.000000,0.000000,,,,0.047085,"UNDEFINED",0.000000,0.997565,0.000000,,,,,"","",,,,7.563365,,0.000000,,0.000000,,,0.000000,0.000000,"",,,0.000000,,-1.000000,,0.000000,0.000000,-1.000000,-1.000000,,,,,,,,,,,"",,,,,,,,,,"Volumetric",,,,,,,,,,0.000000,,,,,,,,,,0.000000,0.000000,,,,,,,,,,,,
"2FB8A24E","Nodes",1115981.620000,1671316.120000,1313.064347,"Default Known Flow Node",69.999969,0.579999,1000.000000,0.000000,"Known Flow",0.000000,0.000000,2.16999993085665e-07,40.000000,0.579999,1000.000000,0.000000,0.000000,13.000000,0.000000,0.515374,0.579999,,,,7.562629,7.562629,,16.800279,,,,,,903.822387,0.066146,0.000000,0.000000,0.000000,,-459.670013,1000.000000,,0.000000,0.000000,,,,0.047085,"UNDEFINED",0.000000,0.997565,0.000000,,,,,"","",,,,7.562629,,0.000000,,0.000000,,,0.000000,0.000000,"",,,0.000000,,-1.000000,,0.000000,0.000000,-1.000000,-1.000000,,,,,,,,,,,"",,,,,,,,,,"Volumetric",,,,,,,,,,0.000000,,,,,,,,,,0.000000,0.000000,,,,,,,,,,,,
"2FB8A248","Nodes",1115987.500000,1671313.250000,1313.064347,"Default Known Flow Node",69.999969,0.579999,1000.000000,0.000000,"Known Flow",0.000000,0.000000,2.16999993085665e-07,40.000000,0.579999,1000.000000,0.000000,0.000000,13.000000,0.000000,0.515374,0.579999,,,,7.560539,7.560539,,16.800279,,,,,,903.822387,0.066146,0.000000,0.000000,0.000000,,-459.670013,1000.000000,,0.000000,0.000000,,,,0.047085,"SETFLOW",0.000000,0.997565,0.000000,,,,,"","",,,,7.560539,,0.000000,,0.000000,,,0.000000,0.000000,"",,,0.000000,,-1.000000,,0.000000,0.000000,-1.000000,-1.000000,,,,,,,,,,,"",,,,,,,,,,"Volumetric",,,,,,,,,,-0.027026,,,,,,,,,,-0.027026,-0.000648,,,,,,,,,,,,
"2FB8A247","Nodes",1115980.750000,1671318.250000,1313.064347,"Default Known Flow Node",69.999969,0.579999,1000.000000,0.000000,"Known Flow",0.000000,0.000000,2.16999993085665e-07,40.000000,0.579999,1000.000000,0.000000,0.000000,13.000000,0.000000,0.515374,0.579999,,,,7.561892,7.561892,,16.800279,,,,,,903.822387,0.066146,0.000000,0.000000,0.000000,,-459.670013,1000.000000,,0.000000,0.000000,,,,0.047085,"UNDEFINED",0.000000,0.997565,0.000000,,,,,"","",,,,7.561892,,0.000000,,0.000000,,,0.000000,0.000000,"",,,0.000000,,-1.000000,,0.000000,0.000000,-1.000000,-1.000000,,,,,,,,,,,"",,,,,,,,,,"Volumetric",,,,,,,,,,0.000000,,,,,,,,,,0.000000,0.000000,,,,,,,,,,,,
"2FB8A24D","Nodes",1115981.620000,1671315.120000,1313.064347,"Default Known Flow Node",69.999969,0.579999,1000.000000,0.000000,"Known Flow",0.000000,0.000000,2.16999993085665e-07,40.000000,0.579999,1000.000000,0.000000,0.000000,13.000000,0.000000,0.515374,0.579999,,,,7.562629,7.562629,,16.800279,,,,,,903.822387,0.066146,0.000000,0.000000,0.000000,,-459.670013,1000.000000,,0.000000,0.000000,,,,0.047085,"UNDEFINED",0.000000,0.997565,0.000000,,,,,"","",,,,7.562629,,0.000000,,0.000000,,,0.000000,0.000000,"",,,0.000000,,-1.000000,,0.000000,0.000000,-1.000000,-1.000000,,,,,,,,,,,"",,,,,,,,,,"Volumetric",,,,,,,,,,0.000000,,,,,,,,,,0.000000,0.000000,,,,,,,,,,,,
"2FB146EF","Nodes",1115973.500000,1671346.370000,1313.064347,"Default Known Flow Node",69.999969,0.579999,1000.000000,0.000000,"Known Flow",0.000000,0.000000,2.16999993085665e-07,40.000000,0.579999,1000.000000,0.000000,0.000000,13.000000,0.000000,0.515374,0.579999,,,,7.556845,7.556845,,16.800279,,,,,,903.822387,0.066146,0.000000,0.000000,0.000000,,-459.670013,1000.000000,,0.000000,0.000000,,,,0.047084,"UNDEFINED",0.000000,0.997565,0.000000,,,,,"","",,,,7.556845,,0.000000,,0.000000,,,0.000000,0.000000,"",,,0.000000,,-1.000000,,0.000000,0.000000,-1.000000,-1.000000,,,,,,,,,,,"",,,,,,,,,,"Volumetric",,,,,,,,,,0.000000,,,,,,,,,,0.000000,0.000000,,,,,,,,,,,,
"2FB146FF","Nodes",1115181.750000,1671334.870000,1313.064347,"Default Known Flow Node",69.999969,0.579999,1000.000000,0.000000,"Known Flow",0.000000,0.000000,2.16999993085665e-07,40.000000,0.579999,1000.000000,0.000000,0.000000,13.000000,0.000000,0.515375,0.579999,,,,7.657344,7.657344,,16.800279,,,,,,903.822387,0.066146,0.000000,0.000000,0.000000,,-459.670013,1000.000000,,0.000000,0.000000,,,,0.047096,"UNDEFINED",0.000000,0.997565,0.000000,,,,,"","",,,,7.657344,,0.000000,,0.000000,,,0.000000,0.000000,"",,,0.000000,,-1.000000,,0.000000,0.000000,-1.000000,-1.000000,,,,,,,,,,,"",,,,,,,,,,"Volumetric",,,,,,,,,,0.000000,,,,,,,,,,0.000000,0.000000,,,,,,,,,,,,
"2FB1F65F","Nodes",1115965.000000,1671379.620000,1313.064347,"Default Known Flow Node",69.999969,0.579999,1000.000000,0.000000,"Known Flow",0.000000,0.000000,2.16999993085665e-07,40.000000,0.579999,1000.000000,0.000000,0.000000,13.000000,0.000000,0.515374,0.579999,,,,7.550689,7.550689,,16.800279,,,,,,903.822387,0.066146,0.000000,0.000000,0.000000,,-459.670013,1000.000000,,0.000000,0.000000,,,,0.047083,"SETFLOW",0.000000,0.997565,0.000000,,,,,"","",,,,7.550689,,0.000000,,0.000000,,,0.000000,0.000000,"",,,0.000000,,-1.000000,,0.000000,0.000000,-1.000000,-1.000000,,,,,,,,,,,"",,,,,,,,,,"Volumetric",,,,,,,,,,-0.052415,,,,,,,,,,-0.052415,-0.001257,,,,,,,,,,,,
"2FB146EE","Nodes",1115973.500000,1671345.370000,1313.064347,"Default Known Flow Node",69.999969,0.579999,1000.000000,0.000000,"Known Flow",0.000000,0.000000,2.16999993085665e-07,40.000000,0.579999,1000.000000,0.000000,0.000000,13.000000,0.000000,0.515374,0.579999,,,,7.556845,7.556845,,16.800279,,,,,,903.822387,0.066146,0.000000,0.000000,0.000000,,-459.670013,1000.000000,,0.000000,0.000000,,,,0.047084,"SETFLOW",0.000000,0.997565,0.000000,,,,,"","",,,,7.556845,,0.000000,,0.000000,,,0.000000,0.000000,"",,,0.000000,,-1.000000,,0.000000,0.000000,-1.000000,-1.000000,,,,,,,,,,,"",,,,,,,,,,"Volumetric",,,,,,,,,,-0.040949,,,,,,,,,,-0.040949,-0.000982,,,,,,,,,,,,
"0BECA6A0","Nodes",1116199.620000,1671365.000000,1313.064347,"Default Known Flow Node",69.999969,0.579999,1000.000000,0.000000,"Known Flow",0.000000,0.000000,2.16999993085665e-07,40.000000,0.579999,1000.000000,0.000000,0.000000,13.000000,0.000000,0.515374,0.579999,,,,7.470855,7.470855,,16.800279,,,,,,903.822387,0.066146,0.000000,0.000000,0.000000,,-459.670013,1000.000000,,0.000000,0.000000,,,,0.047074,"SETFLOW",0.000000,0.997566,0.000000,,,,,"","",,,,7.470855,,0.000000,,0.000000,,,0.000000,0.000000,"",,,0.000000,,-1.000000,,0.000000,0.000000,-1.000000,-1.000000,,,,,,,,,,,"",,,,,,,,,,"Volumetric",,,,,,,,,,-0.020270,,,,,,,,,,-0.020270,-0.000486,,,,,,,,,,,,
"2FB1F660","Nodes",1115205.000000,1671379.620000,1313.064347,"Default Known Flow Node",69.999969,0.579999,1000.000000,0.000000,"Known Flow",0.000000,0.000000,2.16999993085665e-07,40.000000,0.579999,1000.000000,0.000000,0.000000,13.000000,0.000000,0.515375,0.579999,,,,7.639103,7.639103,,16.800279,,,,,,903.822387,0.066146,0.000000,0.000000,0.000000,,-459.670013,1000.000000,,0.000000,0.000000,,,,0.047093,"SETFLOW",0.000000,0.997565,0.000000,,,,,"","",,,,7.639103,,0.000000,,0.000000,,,0.000000,0.000000,"",,,0.000000,,-1.000000,,0.000000,0.000000,-1.000000,-1.000000,,,,,,,,,,,"",,,,,,,,,,"Volumetric",,,,,,,,,,-0.557431,,,,,,,,,,-0.557431,-0.013378,,,,,,,,,,,,
"2FB1C609","Nodes",1115915.870000,1671563.500000,1313.064347,"Default Known Flow Node",69.999969,0.579999,1000.000000,0.000000,"Known Flow",0.000000,0.000000,2.16999993085665e-07,40.000000,0.579999,1000.000000,0.000000,0.000000,13.000000,0.000000,0.515374,0.579999,,,,7.519509,7.519509,,16.800279,,,,,,903.822387,0.066146,0.000000,0.000000,0.000000,,-459.670013,1000.000000,,0.000000,0.000000,,,,0.047080,"SETFLOW",0.000000,0.997565,0.000000,,,,,"","",,,,7.519509,,0.000000,,0.000000,,,0.000000,0.000000,"",,,0.000000,,-1.000000,,0.000000,0.000000,-1.000000,-1.000000,,,,,,,,,,,"",,,,,,,,,,"Volumetric",,,,,,,,,,-0.283373,,,,,,,,,,-0.283373,-0.006800,,,,,,,,,,,,
"2FB19DFD","Nodes",1115959.500000,1671396.120000,1313.064347,"Default Known Flow Node",69.999969,0.579999,1000.000000,0.000000,"Known Flow",0.000000,0.000000,2.16999993085665e-07,40.000000,0.579999,1000.000000,0.000000,0.000000,13.000000,0.000000,0.515374,0.579999,,,,7.546970,7.546970,,16.800279,,,,,,903.822387,0.066146,0.000000,0.000000,0.000000,,-459.670013,1000.000000,,0.000000,0.000000,,,,0.047083,"SETFLOW",0.000000,0.997565,0.000000,,,,,"","",,,,7.546970,,0.000000,,0.000000,,,0.000000,0.000000,"",,,0.000000,,-1.000000,,0.000000,0.000000,-1.000000,-1.000000,,,,,,,,,,,"",,,,,,,,,,"Volumetric",,,,,,,,,,-0.052415,,,,,,,,,,-0.052415,-0.001257,,,,,,,,,,,,
"2FB19DFC","Nodes",1115925.370000,1671542.120000,1313.064347,"Default Known Flow Node",69.999969,0.579999,1000.000000,0.000000,"Known Flow",0.000000,0.000000,2.16999993085665e-07,40.000000,0.579999,1000.000000,0.000000,0.000000,13.000000,0.000000,0.515374,0.579999,,,,7.520914,7.520914,,16.800279,,,,,,903.822387,0.066146,0.000000,0.000000,0.000000,,-459.670013,1000.000000,,0.000000,0.000000,,,,0.047080,"SETFLOW",0.000000,0.997565,0.000000,,,,,"","",,,,7.520914,,0.000000,,0.000000,,,0.000000,0.000000,"",,,0.000000,,-1.000000,,0.000000,0.000000,-1.000000,-1.000000,,,,,,,,,,,"",,,,,,,,,,"Volumetric",,,,,,,,,,-0.040949,,,,,,,,,,-0.040949,-0.000982,,,,,,,,,,,,
"2FB19DFB","Nodes",1115920.000000,1671564.620000,1313.064347,"Default Known Flow Node",69.999969,0.579999,1000.000000,0.000000,"Known Flow",0.000000,0.000000,2.16999993085665e-07,40.000000,0.579999,1000.000000,0.000000,0.000000,13.000000,0.000000,0.515374,0.579999,,,,7.517057,7.517057,,16.800279,,,,,,903.822387,0.066146,0.000000,0.000000,0.000000,,-459.670013,1000.000000,,0.000000,0.000000,,,,0.047080,"SETFLOW",0.000000,0.997565,0.000000,,,,,"","",,,,7.517057,,0.000000,,0.000000,,,0.000000,0.000000,"",,,0.000000,,-1.000000,,0.000000,0.000000,-1.000000,-1.000000,,,,,,,,,,,"",,,,,,,,,,"Volumetric",,,,,,,,,,-0.076985,,,,,,,,,,-0.076985,-0.001847,,,,,,,,,,,,
"2FB1F658","Nodes",1116199.999996,1671620.275962,1313.064347,"Default Known Flow Node",69.999969,0.579999,1000.000000,0.000000,"Known Flow",0.000000,0.000000,2.16999993085665e-07,40.000000,0.579999,1000.000000,0.000000,0.000000,13.000000,0.000000,0.515373,0.579999,,,,7.415949,7.415949,,16.800279,,,,,,903.822387,0.066146,0.000000,0.000000,0.000000,,-459.670013,1000.000000,,0.000000,0.000000,,,,0.047068,"UNDEFINED",0.000000,0.997566,0.000000,,,,,"","",,,,7.415949,,0.000000,,0.000000,,,0.000000,0.000000,"",,,0.000000,,-1.000000,,0.000000,0.000000,0.000000,-1.000000,,,,,,,,,,,"",,,,,,,,,,"Volumetric",,,,,,,,,,0.000000,,,,,,,,,,0.000000,0.000000,,,,,,,,,,,,
"2FBA2A50","Nodes",1116174.300603,1671625.737433,1313.064347,"Default Known Flow Node",69.999969,0.579999,1000.000000,0.000000,"Known Flow",0.000000,0.000000,2.16999993085665e-07,40.000000,0.579999,1000.000000,0.000000,0.000000,13.000000,0.000000,0.515373,0.579999,,,,7.418539,7.418539,,16.800279,,,,,,903.822387,0.066146,0.000000,0.000000,0.000000,,-459.670013,1000.000000,,0.000000,0.000000,,,,0.047068,"SETFLOW",0.000000,0.997566,0.000000,,,,,"","",,,,7.418539,,0.000000,,0.000000,,,0.000000,0.000000,"",,,0.000000,,-1.000000,,0.000000,0.000000,-1.000000,-1.000000,,,,,,,,,,,"",,,,,,,,,,"Volumetric",,,,,,,,,,-0.070638,,,,,,,,,,-0.070638,-0.001695,,,,,,,,,,,,
"2FB4005B","Nodes",1115510.870000,1671732.750000,1313.064347,"Default Known Flow Node",69.999969,0.579999,1000.000000,0.000000,"Known Flow",0.000000,0.000000,2.16999993085665e-07,40.000000,0.579999,1000.000000,0.000000,0.000000,13.000000,0.000000,0.515374,0.579999,,,,7.486025,7.486025,,16.800279,,,,,,903.822387,0.066146,0.000000,0.000000,0.000000,,-459.670013,1000.000000,,0.000000,0.000000,,,,0.047076,"SETFLOW",0.000000,0.997566,0.000000,,,,,"","",,,,7.486025,,0.000000,,0.000000,,,0.000000,0.000000,"",,,0.000000,,-1.000000,,0.000000,0.000000,-1.000000,-1.000000,,,,,,,,,,,"",,,,,,,,,,"Volumetric",,,,,,,,,,-0.422718,,,,,,,,,,-0.422718,-0.010145,,,,,,,,,,,,
"2FB1C626","Nodes",1115899.620000,1671651.000000,1313.064347,"Default Known Flow Node",69.999969,0.579999,1000.000000,0.000000,"Known Flow",0.000000,0.000000,2.16999993085665e-07,40.000000,0.579999,1000.000000,0.000000,0.000000,13.000000,0.000000,0.515374,0.579999,,,,7.497775,7.497775,,16.800279,,,,,,903.822387,0.066146,0.000000,0.000000,0.000000,,-459.670013,1000.000000,,0.000000,0.000000,,,,0.047077,"UNDEFINED",0.000000,0.997565,0.000000,,,,,"","",,,,7.497775,,0.000000,,0.000000,,,0.000000,0.000000,"",,,0.000000,,-1.000000,,0.000000,0.000000,-1.000000,-1.000000,,,,,,,,,,,"",,,,,,,,,,"Volumetric",,,,,,,,,,0.000000,,,,,,,,,,0.000000,0.000000,,,,,,,,,,,,
"2FB1C627","Nodes",1115897.500000,1671660.000000,1313.064347,"Default Known Flow Node",69.999969,0.579999,1000.000000,0.000000,"Known Flow",0.000000,0.000000,2.16999993085665e-07,40.000000,0.579999,1000.000000,0.000000,0.000000,13.000000,0.000000,0.515374,0.579999,,,,7.495702,7.495702,,16.800279,,,,,,903.822387,0.066146,0.000000,0.000000,0.000000,,-459.670013,1000.000000,,0.000000,0.000000,,,,0.047077,"SETFLOW",0.000000,0.997565,0.000000,,,,,"","",,,,7.495702,,0.000000,,0.000000,,,0.000000,0.000000,"",,,0.000000,,-1.000000,,0.000000,0.000000,-1.000000,-1.000000,,,,,,,,,,,"",,,,,,,,,,"Volumetric",,,,,,,,,,-0.021293,,,,,,,,,,-0.021293,-0.000511,,,,,,,,,,,,
"2FB1C628","Nodes",1115890.500000,1671689.750000,1313.064347,"Default Known Flow Node",69.999969,0.579999,1000.000000,0.000000,"Known Flow",0.000000,0.000000,2.16999993085665e-07,40.000000,0.579999,1000.000000,0.000000,0.000000,13.000000,0.000000,0.515374,0.579999,,,,7.486806,7.486806,,16.800279,,,,,,903.822387,0.066146,0.000000,0.000000,0.000000,,-459.670013,1000.000000,,0.000000,0.000000,,,,0.047076,"SETFLOW",0.000000,0.997566,0.000000,,,,,"","",,,,7.486806,,0.000000,,0.000000,,,0.000000,0.000000,"",,,0.000000,,-1.000000,,0.000000,0.000000,-1.000000,-1.000000,,,,,,,,,,,"",,,,,,,,,,"Volumetric",,,,,,,,,,-0.040949,,,,,,,,,,-0.040949,-0.000982,,,,,,,,,,,,
"2FB1C60A","Nodes",1115859.500000,1671822.620000,1313.064347,"Default Known Flow Node",69.999969,0.579999,1000.000000,0.000000,"Known Flow",0.000000,0.000000,2.16999993085665e-07,40.000000,0.579999,1000.000000,0.000000,0.000000,13.000000,0.000000,0.515374,0.579999,,,,7.458168,7.458168,,16.800279,,,,,,903.822387,0.066146,0.000000,0.000000,0.000000,,-459.670013,1000.000000,,0.000000,0.000000,,,,0.047073,"SETFLOW",0.000000,0.997566,0.000000,,,,,"","",,,,7.458168,,0.000000,,0.000000,,,0.000000,0.000000,"",,,0.000000,,-1.000000,,0.000000,0.000000,-1.000000,-1.000000,,,,,,,,,,,"",,,,,,,,,,"Volumetric",,,,,,,,,,-0.182636,,,,,,,,,,-0.182636,-0.004383,,,,,,,,,,,,
"2FB1C614","Nodes",1115862.500000,1671823.500000,1313.064347,"Default Known Flow Node",69.999969,0.579999,1000.000000,0.000000,"Known Flow",0.000000,0.000000,2.16999993085665e-07,40.000000,0.579999,1000.000000,0.000000,0.000000,13.000000,0.000000,0.515374,0.579999,,,,7.457316,7.457316,,16.800279,,,,,,903.822387,0.066146,0.000000,0.000000,0.000000,,-459.670013,1000.000000,,0.000000,0.000000,,,,0.047073,"UNDEFINED",0.000000,0.997566,0.000000,,,,,"","",,,,7.457316,,0.000000,,0.000000,,,0.000000,0.000000,"",,,0.000000,,-1.000000,,0.000000,0.000000,-1.000000,-1.000000,,,,,,,,,,,"",,,,,,,,,,"Volumetric",,,,,,,,,,0.000000,,,,,,,,,,0.000000,0.000000,,,,,,,,,,,,
"2FB1C613","Nodes",1115867.500000,1671824.750000,1313.064347,"Default Known Flow Node",69.999969,0.579999,1000.000000,0.000000,"Known Flow",0.000000,0.000000,2.16999993085665e-07,40.000000,0.579999,1000.000000,0.000000,0.000000,13.000000,0.000000,0.515374,0.579999,,,,7.455896,7.455896,,16.800279,,,,,,903.822387,0.066146,0.000000,0.000000,0.000000,,-459.670013,1000.000000,,0.000000,0.000000,,,,0.047073,"SETFLOW",0.000000,0.997566,0.000000,,,,,"","",,,,7.455896,,0.000000,,0.000000,,,0.000000,0.000000,"",,,0.000000,,-1.000000,,0.000000,0.000000,-1.000000,-1.000000,,,,,,,,,,,"",,,,,,,,,,"Volumetric",,,,,,,,,,-0.055691,,,,,,,,,,-0.055691,-0.001336,,,,,,,,,,,,
"2FB1F659","Nodes",1116199.250000,1671906.000000,1313.064347,"Default Known Flow Node",69.999969,0.579999,1000.000000,0.000000,"Known Flow",0.000000,0.000000,2.16999993085665e-07,40.000000,0.579999,1000.000000,0.000000,0.000000,13.000000,0.000000,0.515373,0.579999,,,,7.425799,7.425799,,16.800279,,,,,,903.822387,0.066146,0.000000,0.000000,0.000000,,-459.670013,1000.000000,,0.000000,0.000000,,,,0.047069,"SETFLOW",0.000000,0.997566,0.000000,,,,,"","",,,,7.425799,,0.000000,,0.000000,,,0.000000,0.000000,"",,,0.000000,,-1.000000,,0.000000,0.000000,-1.000000,-1.000000,,,,,,,,,,,"",,,,,,,,,,"Volumetric",,,,,,,,,,-0.037469,,,,,,,,,,-0.037469,-0.000899,,,,,,,,,,,,
"2FBECAC0","Nodes",1116165.553977,1671897.640424,1313.064347,"Default Known Flow Node",69.999969,0.579999,1000.000000,0.000000,"Known Flow",0.000000,0.000000,2.16999993085665e-07,40.000000,0.579999,1000.000000,0.000000,0.000000,13.000000,0.000000,0.515374,0.579999,,,,7.434006,7.434006,,16.800279,,,,,,903.822387,0.066146,0.000000,0.000000,0.000000,,-459.670013,1000.000000,,0.000000,0.000000,,,,0.047070,"UNDEFINED",0.000000,0.997566,0.000000,,,,,"","",,,,7.434006,,0.000000,,0.000000,,,0.000000,0.000000,"",,,0.000000,,-1.000000,,0.000000,0.000000,0.000000,-1.000000,,,,,,,,,,,"",,,,,,,,,,"Volumetric",,,,,,,,,,0.000000,,,,,,,,,,0.000000,0.000000,,,,,,,,,,,,
"2FB1C61A","Nodes",1115416.120000,1671983.250000,1313.064347,"Default Known Flow Node",69.999969,0.579999,1000.000000,0.000000,"Known Flow",0.000000,0.000000,2.16999993085665e-07,40.000000,0.579999,1000.000000,0.000000,0.000000,13.000000,0.000000,0.515374,0.579999,,,,7.442512,7.442512,,16.800279,,,,,,903.822387,0.066146,0.000000,0.000000,0.000000,,-459.670013,1000.000000,,0.000000,0.000000,,,,0.047071,"SETFLOW",0.000000,0.997566,0.000000,,,,,"","",,,,7.442512,,0.000000,,0.000000,,,0.000000,0.000000,"",,,0.000000,,-1.000000,,0.000000,0.000000,-1.000000,-1.000000,,,,,,,,,,,"",,,,,,,,,,"Volumetric",,,,,,,,,,-0.117679,,,,,,,,,,-0.117679,-0.002824,,,,,,,,,,,,
"2FB1C625","Nodes",1115790.000000,1672080.000000,1313.064347,"Default Known Flow Node",69.999969,0.579999,1000.000000,0.000000,"Known Flow",0.000000,0.000000,2.16999993085665e-07,40.000000,0.579999,1000.000000,0.000000,0.000000,13.000000,0.000000,0.515373,0.579999,,,,7.406815,7.406815,,16.800279,,,,,,903.822387,0.066146,0.000000,0.000000,0.000000,,-459.670013,1000.000000,,0.000000,0.000000,,,,0.047067,"SETFLOW",0.000000,0.997566,0.000000,,,,,"","",,,,7.406815,,0.000000,,0.000000,,,0.000000,0.000000,"",,,0.000000,,-1.000000,,0.000000,0.000000,-1.000000,-1.000000,,,,,,,,,,,"",,,,,,,,,,"Volumetric",,,,,,,,,,-0.056306,,,,,,,,,,-0.056306,-0.001351,,,,,,,,,,,,
"2FB1C619","Nodes",1116010.870000,1672110.250000,1313.064347,"Default Known Flow Node",69.999969,0.579999,1000.000000,0.000000,"Known Flow",0.000000,0.000000,2.16999993085665e-07,40.000000,0.579999,1000.000000,0.000000,0.000000,13.000000,0.000000,0.515373,0.579999,,,,7.388721,7.388721,,16.800279,,,,,,903.822387,0.066146,0.000000,0.000000,0.000000,,-459.670013,1000.000000,,0.000000,0.000000,,,,0.047065,"SETFLOW",0.000000,0.997566,0.000000,,,,,"","",,,,7.388721,,0.000000,,0.000000,,,0.000000,0.000000,"",,,0.000000,,-1.000000,,0.000000,0.000000,-1.000000,-1.000000,,,,,,,,,,,"",,,,,,,,,,"Volumetric",,,,,,,,,,-0.116707,,,,,,,,,,-0.116707,-0.002800,,,,,,,,,,,,
"2FB28072","Nodes",1115808.120000,1672061.370000,1313.064347,"Default Known Flow Node",69.999969,0.579999,1000.000000,0.000000,"Known Flow",0.000000,0.000000,2.16999993085665e-07,40.000000,0.579999,1000.000000,0.000000,0.000000,13.000000,0.000000,0.515373,0.579999,,,,7.407111,7.407111,,16.800279,,,,,,903.822387,0.066146,0.000000,0.000000,0.000000,,-459.670013,1000.000000,,0.000000,0.000000,,,,0.047067,"SETFLOW",0.000000,0.997566,0.000000,,,,,"","",,,,7.407111,,0.000000,,0.000000,,,0.000000,0.000000,"",,,0.000000,,-1.000000,,0.000000,0.000000,-1.000000,-1.000000,,,,,,,,,,,"",,,,,,,,,,"Volumetric",,,,,,,,,,-0.065315,,,,,,,,,,-0.065315,-0.001567,,,,,,,,,,,,
"2FB1C603","Nodes",1115803.120000,1672060.250000,1313.064347,"Default Known Flow Node",69.999969,0.579999,1000.000000,0.000000,"Known Flow",0.000000,0.000000,2.16999993085665e-07,40.000000,0.579999,1000.000000,0.000000,0.000000,13.000000,0.000000,0.515373,0.579999,,,,7.407678,7.407678,,16.800279,,,,,,903.822387,0.066146,0.000000,0.000000,0.000000,,-459.670013,1000.000000,,0.000000,0.000000,,,,0.047067,"SETFLOW",0.000000,0.997566,0.000000,,,,,"","",,,,7.407678,,0.000000,,0.000000,,,0.000000,0.000000,"",,,0.000000,,-1.000000,,0.000000,0.000000,-1.000000,-1.000000,,,,,,,,,,,"",,,,,,,,,,"Volumetric",,,,,,,,,,-0.065315,,,,,,,,,,-0.065315,-0.001567,,,,,,,,,,,,
"2FB1C629","Nodes",1115798.500000,1672079.620000,1313.064347,"Default Known Flow Node",69.999969,0.579999,1000.000000,0.000000,"Known Flow",0.000000,0.000000,2.16999993085665e-07,40.000000,0.579999,1000.000000,0.000000,0.000000,13.000000,0.000000,0.515373,0.579999,,,,7.406434,7.406434,,16.800279,,,,,,903.822387,0.066146,0.000000,0.000000,0.000000,,-459.670013,1000.000000,,0.000000,0.000000,,,,0.047067,"UNDEFINED",0.000000,0.997566,0.000000,,,,,"","",,,,7.406434,,0.000000,,0.000000,,,0.000000,0.000000,"",,,0.000000,,-1.000000,,0.000000,0.000000,-1.000000,-1.000000,,,,,,,,,,,"",,,,,,,,,,"Volumetric",,,,,,,,,,0.000000,,,,,,,,,,0.000000,0.000000,,,,,,,,,,,,
"2FB1C624","Nodes",1115792.250000,1672080.500000,1313.064347,"Default Known Flow Node",69.999969,0.579999,1000.000000,0.000000,"Known Flow",0.000000,0.000000,2.16999993085665e-07,40.000000,0.579999,1000.000000,0.000000,0.000000,13.000000,0.000000,0.515373,0.579999,,,,7.406654,7.406654,,16.800279,,,,,,903.822387,0.066146,0.000000,0.000000,0.000000,,-459.670013,1000.000000,,0.000000,0.000000,,,,0.047067,"UNDEFINED",0.000000,0.997566,0.000000,,,,,"","",,,,7.406654,,0.000000,,0.000000,,,0.000000,0.000000,"",,,0.000000,,-1.000000,,0.000000,0.000000,-1.000000,-1.000000,,,,,,,,,,,"",,,,,,,,,,"Volumetric",,,,,,,,,,0.000000,,,,,,,,,,0.000000,0.000000,,,,,,,,,,,,
"2FB1C604","Nodes",1115798.000000,1672081.870000,1313.064347,"Default Known Flow Node",69.999969,0.579999,1000.000000,0.000000,"Known Flow",0.000000,0.000000,2.16999993085665e-07,40.000000,0.579999,1000.000000,0.000000,0.000000,13.000000,0.000000,0.515373,0.579999,,,,7.406172,7.406172,,16.800279,,,,,,903.822387,0.066146,0.000000,0.000000,0.000000,,-459.670013,1000.000000,,0.000000,0.000000,,,,0.047067,"UNDEFINED",0.000000,0.997566,0.000000,,,,,"","",,,,7.406172,,0.000000,,0.000000,,,0.000000,0.000000,"",,,0.000000,,-1.000000,,0.000000,0.000000,-1.000000,-1.000000,,,,,,,,,,,"",,,,,,,,,,"Volumetric",,,,,,,,,,0.000000,,,,,,,,,,0.000000,0.000000,,,,,,,,,,,,
"2FB1C62A","Nodes",1115797.370000,1672084.370000,1313.064347,"Default Known Flow Node",69.999969,0.579999,1000.000000,0.000000,"Known Flow",0.000000,0.000000,2.16999993085665e-07,40.000000,0.579999,1000.000000,0.000000,0.000000,13.000000,0.000000,0.515373,0.579999,,,,7.405899,7.405899,,16.800279,,,,,,903.822387,0.066146,0.000000,0.000000,0.000000,,-459.670013,1000.000000,,0.000000,0.000000,,,,0.047067,"UNDEFINED",0.000000,0.997566,0.000000,,,,,"","",,,,7.405899,,0.000000,,0.000000,,,0.000000,0.000000,"",,,0.000000,,-1.000000,,0.000000,0.000000,-1.000000,-1.000000,,,,,,,,,,,"",,,,,,,,,,"Volumetric",,,,,,,,,,0.000000,,,,,,,,,,0.000000,0.000000,,,,,,,,,,,,
"2FB1F65A","Nodes",1116199.250000,1672156.370000,1313.064347,"Default Known Flow Node",69.999969,0.579999,1000.000000,0.000000,"Known Flow",0.000000,0.000000,2.16999993085665e-07,40.000000,0.579999,1000.000000,0.000000,0.000000,13.000000,0.000000,0.515373,0.579999,,,,7.373571,7.373571,,16.800279,,,,,,903.822387,0.066146,0.000000,0.000000,0.000000,,-459.670013,1000.000000,,0.000000,0.000000,,,,0.047063,"SETFLOW",0.000000,0.997566,0.000000,,,,,"","",,,,7.373571,,0.000000,,0.000000,,,0.000000,0.000000,"",,,0.000000,,-1.000000,,0.000000,0.000000,-1.000000,-1.000000,,,,,,,,,,,"",,,,,,,,,,"Volumetric",,,,,,,,,,-0.144348,,,,,,,,,,-0.144348,-0.003464,,,,,,,,,,,,
"2FB1C61E","Nodes",1115270.000000,1672215.500000,1313.064347,"Default Known Flow Node",69.999969,0.579999,1000.000000,0.000000,"Known Flow",0.000000,0.000000,2.16999993085665e-07,40.000000,0.579999,1000.000000,0.000000,0.000000,13.000000,0.000000,0.515373,0.579999,,,,7.404215,7.404215,,16.800279,,,,,,903.822387,0.066146,0.000000,0.000000,0.000000,,-459.670013,1000.000000,,0.000000,0.000000,,,,0.047067,"SETFLOW",0.000000,0.997566,0.000000,,,,,"","",,,,7.404215,,0.000000,,0.000000,,,0.000000,0.000000,"",,,0.000000,,-1.000000,,0.000000,0.000000,-1.000000,-1.000000,,,,,,,,,,,"",,,,,,,,,,"Volumetric",,,,,,,,,,-0.077420,,,,,,,,,,-0.077420,-0.001858,,,,,,,,,,,,
"2FB1C62B","Nodes",1115771.000000,1672195.870000,1313.064347,"Default Known Flow Node",69.999969,0.579999,1000.000000,0.000000,"Known Flow",0.000000,0.000000,2.16999993085665e-07,40.000000,0.579999,1000.000000,0.000000,0.000000,13.000000,0.000000,0.515373,0.579999,,,,7.395436,7.395436,,16.800279,,,,,,903.822387,0.066146,0.000000,0.000000,0.000000,,-459.670013,1000.000000,,0.000000,0.000000,,,,0.047066,"SETFLOW",0.000000,0.997566,0.000000,,,,,"","",,,,7.395436,,0.000000,,0.000000,,,0.000000,0.000000,"",,,0.000000,,-1.000000,,0.000000,0.000000,-1.000000,-1.000000,,,,,,,,,,,"",,,,,,,,,,"Volumetric",,,,,,,,,,-0.029279,,,,,,,,,,-0.029279,-0.000702,,,,,,,,,,,,
"2FB1C61D","Nodes",1115274.500000,1672216.620000,1313.064347,"Default Known Flow Node",69.999969,0.579999,1000.000000,0.000000,"Known Flow",0.000000,0.000000,2.16999993085665e-07,40.000000,0.579999,1000.000000,0.000000,0.000000,13.000000,0.000000,0.515373,0.579999,,,,7.404096,7.404096,,16.800279,,,,,,903.822387,0.066146,0.000000,0.000000,0.000000,,-459.670013,1000.000000,,0.000000,0.000000,,,,0.047067,"SETFLOW",0.000000,0.997566,0.000000,,,,,"","",,,,7.404096,,0.000000,,0.000000,,,0.000000,0.000000,"",,,0.000000,,-1.000000,,0.000000,0.000000,-1.000000,-1.000000,,,,,,,,,,,"",,,,,,,,,,"Volumetric",,,,,,,,,,-0.117679,,,,,,,,,,-0.117679,-0.002824,,,,,,,,,,,,
"2FB1C61C","Nodes",1115550.000000,1672287.750000,1313.064347,"Default Known Flow Node",69.999969,0.579999,1000.000000,0.000000,"Known Flow",0.000000,0.000000,2.16999993085665e-07,40.000000,0.579999,1000.000000,0.000000,0.000000,13.000000,0.000000,0.515373,0.579999,,,,7.380928,7.380928,,16.800279,,,,,,903.822387,0.066146,0.000000,0.000000,0.000000,,-459.670013,1000.000000,,0.000000,0.000000,,,,0.047064,"SETFLOW",0.000000,0.997566,0.000000,,,,,"","",,,,7.380928,,0.000000,,0.000000,,,0.000000,0.000000,"",,,0.000000,,-1.000000,,0.000000,0.000000,-1.000000,-1.000000,,,,,,,,,,,"",,,,,,,,,,"Volumetric",,,,,,,,,,-0.086711,,,,,,,,,,-0.086711,-0.002081,,,,,,,,,,,,
"2FB1C61B","Nodes",1115552.120000,1672288.250000,1313.064347,"Default Known Flow Node",69.999969,0.579999,1000.000000,0.000000,"Known Flow",0.000000,0.000000,2.16999993085665e-07,40.000000,0.579999,1000.000000,0.000000,0.000000,13.000000,0.000000,0.515373,0.579999,,,,7.380906,7.380906,,16.800279,,,,,,903.822387,0.066146,0.000000,0.000000,0.000000,,-459.670013,1000.000000,,0.000000,0.000000,,,,0.047064,"SETFLOW",0.000000,0.997566,0.000000,,,,,"","",,,,7.380906,,0.000000,,0.000000,,,0.000000,0.000000,"",,,0.000000,,-1.000000,,0.000000,0.000000,-1.000000,-1.000000,,,,,,,,,,,"",,,,,,,,,,"Volumetric",,,,,,,,,,-0.029279,,,,,,,,,,-0.029279,-0.000702,,,,,,,,,,,,
"2FB1C623","Nodes",1115725.295076,1672334.180920,1313.064347,"Default Known Flow Node",69.999969,0.579999,1000.000000,0.000000,"Known Flow",0.000000,0.000000,2.16999993085665e-07,40.000000,0.579999,1000.000000,0.000000,0.000000,13.000000,0.000000,0.515373,0.579999,,,,7.379262,7.379262,,16.800279,,,,,,903.822387,0.066146,0.000000,0.000000,0.000000,,-459.670013,1000.000000,,0.000000,0.000000,,,,0.047064,"SETFLOW",0.000000,0.997566,0.000000,,,,,"","",,,,7.379262,,0.000000,,0.000000,,,0.000000,0.000000,"",,,0.000000,"V21524",-1.000000,,0.000000,0.000000,-1.000000,-1.000000,,,,,,,,,,,"",,,,,,,,,,"Volumetric",,,,,,,,,,-0.029279,,,,,,,,,,-0.029279,-0.000702,,,,,,,,,,,,
"2FBA28D6","Nodes",1115757.027124,1672256.277339,1313.064347,"Default Known Flow Node",69.999969,0.579999,1000.000000,0.000000,"Known Flow",0.000000,0.000000,2.16999993085665e-07,40.000000,0.579999,1000.000000,0.000000,0.000000,13.000000,0.000000,0.515373,0.579999,,,,7.389936,7.389936,,16.800279,,,,,,903.822387,0.066146,0.000000,0.000000,0.000000,,-459.670013,1000.000000,,0.000000,0.000000,,,,0.047065,"UNDEFINED",0.000000,0.997566,0.000000,,,,,"","",,,,7.389936,,0.000000,,0.000000,,,0.000000,0.000000,"",,,0.000000,,-1.000000,,0.000000,0.000000,0.000000,-1.000000,,,,,,,,,,,"",,,,,,,,,,"Volumetric",,,,,,,,,,0.000000,,,,,,,,,,0.000000,0.000000,,,,,,,,,,,,
"2FB1C62C","Nodes",1115764.870000,1672323.370000,1313.064347,"Default Known Flow Node",69.999969,0.579999,1000.000000,0.000000,"Known Flow",0.000000,0.000000,2.16999993085665e-07,40.000000,0.579999,1000.000000,0.000000,0.000000,13.000000,0.000000,0.515373,0.579999,,,,7.380201,7.380201,,16.800279,,,,,,903.822387,0.066146,0.000000,0.000000,0.000000,,-459.670013,1000.000000,,0.000000,0.000000,,,,0.047064,"UNDEFINED",0.000000,0.997566,0.000000,,,,,"","",,,,7.380201,,0.000000,,0.000000,,,0.000000,0.000000,"",,,0.000000,,-1.000000,,0.000000,0.000000,-1.000000,-1.000000,,,,,,,,,,,"",,,,,,,,,,"Volumetric",,,,,,,,,,0.000000,,,,,,,,,,0.000000,0.000000,,,,,,,,,,,,
"2FBA3A6E","Nodes",1115744.720000,1672318.460000,1313.064347,"Default Known Flow Node",69.999969,0.579999,1000.000000,0.000000,"Known Flow",0.000000,0.000000,2.16999993085665e-07,40.000000,0.579999,1000.000000,0.000000,0.000000,13.000000,0.000000,0.515373,0.579999,,,,7.380446,7.380446,,16.800279,,,,,,903.822387,0.066146,0.000000,0.000000,0.000000,,-459.670013,1000.000000,,0.000000,0.000000,,,,0.047064,"UNDEFINED",0.000000,0.997566,0.000000,,,,,"","",,,,7.380446,,0.000000,,0.000000,,,0.000000,0.000000,"",,,0.000000,,-1.000000,,0.000000,0.000000,-1.000000,-1.000000,,,,,,,,,,,"",,,,,,,,,,"Volumetric",,,,,,,,,,0.000000,,,,,,,,,,0.000000,0.000000,,,,,,,,,,,,
"2FB28267","Nodes",1115766.500000,1672323.750000,1313.064347,"Default Known Flow Node",69.999969,0.579999,1000.000000,0.000000,"Known Flow",0.000000,0.000000,2.16999993085665e-07,40.000000,0.579999,1000.000000,0.000000,0.000000,13.000000,0.000000,0.515373,0.579999,,,,7.380068,7.380068,,16.800279,,,,,,903.822387,0.066146,0.000000,0.000000,0.000000,,-459.670013,1000.000000,,0.000000,0.000000,,,,0.047064,"SETFLOW",0.000000,0.997566,0.000000,,,,,"","",,,,7.380068,,0.000000,,0.000000,,,0.000000,0.000000,"",,,0.000000,,-1.000000,,0.000000,0.000000,-1.000000,-1.000000,,,,,,,,,,,"",,,,,,,,,,"Volumetric",,,,,,,,,,-0.056306,,,,,,,,,,-0.056306,-0.001351,,,,,,,,,,,,
"2FB1C621","Nodes",1116150.000000,1672416.750000,1313.064347,"Default Known Flow Node",69.999969,0.579999,1000.000000,0.000000,"Known Flow",0.000000,0.000000,2.16999993085665e-07,40.000000,0.579999,1000.000000,0.000000,0.000000,13.000000,0.000000,0.515373,0.579999,,,,7.358052,7.358052,,16.800279,,,,,,903.822387,0.066146,0.000000,0.000000,0.000000,,-459.670013,1000.000000,,0.000000,0.000000,,,,0.047062,"SETFLOW",0.000000,0.997566,0.000000,,,,,"","",,,,7.358052,,0.000000,,0.000000,,,0.000000,0.000000,"",,,0.000000,,-1.000000,,0.000000,0.000000,-1.000000,-1.000000,,,,,,,,,,,"",,,,,,,,,,"Volumetric",,,,,,,,,,-0.077395,,,,,,,,,,-0.077395,-0.001857,,,,,,,,,,,,
"2FBA28D9","Nodes",1115728.329027,1672334.938495,1313.064347,"Default Known Flow Node",69.999969,0.579999,1000.000000,0.000000,"Known Flow",0.000000,0.000000,2.16999993085665e-07,40.000000,0.579999,1000.000000,0.000000,0.000000,13.000000,0.000000,0.515373,0.579999,,,,7.379235,7.379235,,16.800279,,,,,,903.822387,0.066146,0.000000,0.000000,0.000000,,-459.670013,1000.000000,,0.000000,0.000000,,,,0.047064,"UNDEFINED",0.000000,0.997566,0.000000,,,,,"","",,,,7.379235,,0.000000,,0.000000,,,0.000000,0.000000,"",,,0.000000,,-1.000000,,0.000000,0.000000,-1.000000,-1.000000,,,,,,,,,,,"",,,,,,,,,,"Volumetric",,,,,,,,,,0.000000,,,,,,,,,,0.000000,0.000000,,,,,,,,,,,,
"2FBA28DE","Nodes",1115726.691633,1672341.774536,1313.064347,"Default Known Flow Node",69.999969,0.579999,1000.000000,0.000000,"Known Flow",0.000000,0.000000,2.16999993085665e-07,40.000000,0.579999,1000.000000,0.000000,0.000000,13.000000,0.000000,0.515373,0.579999,,,,7.378445,7.378445,,16.800279,,,,,,903.822387,0.066146,0.000000,0.000000,0.000000,,-459.670013,1000.000000,,0.000000,0.000000,,,,0.047064,"UNDEFINED",0.000000,0.997566,0.000000,,,,,"","",,,,7.378445,,0.000000,,0.000000,,,0.000000,0.000000,"",,,0.000000,"V21024",-1.000000,,0.000000,0.000000,0.000000,-1.000000,,,,,,,,,,,"",,,,,,,,,,"Volumetric",,,,,,,,,,0.000000,,,,,,,,,,0.000000,0.000000,,,,,,,,,,,,
"2FB2009E","Nodes",1116199.250000,1672428.750000,1313.064347,"Default Known Flow Node",69.999969,0.579999,1000.000000,0.000000,"Known Flow",0.000000,0.000000,2.16999993085665e-07,40.000000,0.579999,1000.000000,0.000000,0.000000,13.000000,0.000000,0.515373,0.579999,,,,7.357755,7.357755,,16.800279,,,,,,903.822387,0.066146,0.000000,0.000000,0.000000,,-459.670013,1000.000000,,0.000000,0.000000,,,,0.047061,"SETFLOW",0.000000,0.997566,0.000000,,,,,"","",,,,7.357755,,0.000000,,0.000000,,,0.000000,0.000000,"",,,0.000000,,-1.000000,,0.000000,0.000000,-1.000000,-1.000000,,,,,,,,,,,"",,,,,,,,,,"Volumetric",,,,,,,,,,-0.289925,,,,,,,,,,-0.289925,-0.006958,,,,,,,,,,,,
"2FBA2ABA","Nodes",1115662.431659,1672567.045143,1313.064347,"Default Known Flow Node",69.999969,0.579999,1000.000000,0.000000,"Known Flow",0.000000,0.000000,2.16999993085665e-07,40.000000,0.579999,1000.000000,0.000000,0.000000,13.000000,0.000000,0.515373,0.579999,,,,7.368781,7.368781,,16.800279,,,,,,903.822387,0.066146,0.000000,0.000000,0.000000,,-459.670013,1000.000000,,0.000000,0.000000,,,,0.047063,"SETFLOW",0.000000,0.997566,0.000000,,,,,"","",,,,7.368781,,0.000000,,0.000000,,,0.000000,0.000000,"",,,0.000000,,-1.000000,,0.000000,0.000000,-1.000000,-1.000000,,,,,,,,,,,"",,,,,,,,,,"Volumetric",,,,,,,,,,-0.284909,,,,,,,,,,-0.284909,-0.006837,,,,,,,,,,,,
"2FB1F664","Nodes",1115179.620000,1672443.750000,1313.064347,"Default Known Flow Node",69.999969,0.579999,1000.000000,0.000000,"Known Flow",0.000000,0.000000,2.16999993085665e-07,40.000000,0.579999,1000.000000,0.000000,0.000000,13.000000,0.000000,0.515373,0.579999,,,,7.382721,7.382721,,16.800279,,,,,,903.822387,0.066146,0.000000,0.000000,0.000000,,-459.670013,1000.000000,,0.000000,0.000000,,,,0.047064,"SETFLOW",0.000000,0.997566,0.000000,,,,,"","",,,,7.382721,,0.000000,,0.000000,,,0.000000,0.000000,"",,,0.000000,,-1.000000,,0.000000,0.000000,-1.000000,-1.000000,,,,,,,,,,,"",,,,,,,,,,"Volumetric",,,,,,,,,,-0.391750,,,,,,,,,,-0.391750,-0.009402,,,,,,,,,,,,
"2FBA28E1","Nodes",1115673.247508,1672563.288382,1313.064347,"Default Known Flow Node",69.999969,0.579999,1000.000000,0.000000,"Known Flow",0.000000,0.000000,2.16999993085665e-07,40.000000,0.579999,1000.000000,0.000000,0.000000,13.000000,0.000000,0.515373,0.579999,,,,7.368767,7.368767,,16.800279,,,,,,903.822387,0.066146,0.000000,0.000000,0.000000,,-459.670013,1000.000000,,0.000000,0.000000,,,,0.047063,"UNDEFINED",0.000000,0.997566,0.000000,,,,,"","",,,,7.368767,,0.000000,,0.000000,,,0.000000,0.000000,"",,,0.000000,"V21025",-1.000000,,0.000000,0.000000,-1.000000,-1.000000,,,,,,,,,,,"",,,,,,,,,,"Volumetric",,,,,,,,,,0.000000,,,,,,,,,,0.000000,0.000000,,,,,,,,,,,,
"2FB1C608","Nodes",1115671.770772,1672569.296288,1313.064347,"Default Known Flow Node",69.999969,0.579999,1000.000000,0.000000,"Known Flow",0.000000,0.000000,2.16999993085665e-07,40.000000,0.579999,1000.000000,0.000000,0.000000,13.000000,0.000000,0.515373,0.579999,,,,7.368751,7.368751,,16.800279,,,,,,903.822387,0.066146,0.000000,0.000000,0.000000,,-459.670013,1000.000000,,0.000000,0.000000,,,,0.047063,"UNDEFINED",0.000000,0.997566,0.000000,,,,,"","",,,,7.368751,,0.000000,,0.000000,,,0.000000,0.000000,"",,,0.000000,,-1.000000,,0.000000,0.000000,-1.000000,-1.000000,,,,,,,,,,,"",,,,,,,,,,"Volumetric",,,,,,,,,,0.000000,,,,,,,,,,0.000000,0.000000,,,,,,,,,,,,
"2FB1F65C","Nodes",1116200.000000,1672699.500000,1313.064347,"Default Known Flow Node",69.999969,0.579999,1000.000000,0.000000,"Known Flow",0.000000,0.000000,2.16999993085665e-07,40.000000,0.579999,1000.000000,0.000000,0.000000,13.000000,0.000000,0.515373,0.579999,,,,7.366889,7.366889,,16.800279,,,,,,903.822387,0.066146,0.000000,0.000000,0.000000,,-459.670013,1000.000000,,0.000000,0.000000,,,,0.047063,"SETFLOW",0.000000,0.997566,0.000000,,,,,"","",,,,7.366889,,0.000000,,0.000000,,,0.000000,0.000000,"",,,0.000000,,-1.000000,,0.000000,0.000000,-1.000000,-1.000000,,,,,,,,,,,"",,,,,,,,,,"Volumetric",,,,,,,,,,-0.270269,,,,,,,,,,-0.270269,-0.006486,,,,,,,,,,,,
"2FBA53E3","Nodes",1115831.900000,1672609.450000,1313.064347,"Default Known Flow Node",69.999969,0.579999,1000.000000,0.000000,"Known Flow",0.000000,0.000000,2.16999993085665e-07,40.000000,0.579999,1000.000000,0.000000,0.000000,13.000000,0.000000,0.515373,0.579999,,,,7.367974,7.367974,,16.800279,,,,,,903.822387,0.066146,0.000000,0.000000,0.000000,,-459.670013,1000.000000,,0.000000,0.000000,,,,0.047063,"UNDEFINED",0.000000,0.997566,0.000000,,,,,"","",,,,7.367974,,0.000000,,0.000000,,,0.000000,0.000000,"",,,0.000000,,-1.000000,,0.000000,0.000000,0.000000,-1.000000,,,,,,,,,,,"",,,,,,,,,,"Volumetric",,,,,,,,,,0.000000,,,,,,,,,,0.000000,0.000000,,,,,,,,,,,,
"2FB1F65E","Nodes",1115265.870000,1672760.500000,1313.064347,"Default Known Flow Node",69.999969,0.579999,1000.000000,0.000000,"Known Flow",0.000000,0.000000,2.16999993085665e-07,40.000000,0.579999,1000.000000,0.000000,0.000000,13.000000,0.000000,0.515373,0.579999,,,,7.368481,7.368481,,16.800279,,,,,,903.822387,0.066146,0.000000,0.000000,0.000000,,-459.670013,1000.000000,,0.000000,0.000000,,,,0.047063,"SETFLOW",0.000000,0.997566,0.000000,,,,,"","",,,,7.368481,,0.000000,,0.000000,,,0.000000,0.000000,"",,,0.000000,,-1.000000,,0.000000,0.000000,-1.000000,-1.000000,,,,,,,,,,,"",,,,,,,,,,"Volumetric",,,,,,,,,,-0.422718,,,,,,,,,,-0.422718,-0.010145,,,,,,,,,,,,
"2FBA28DC","Nodes",1115661.938221,1672610.197313,1313.064347,"Default Known Flow Node",69.999969,0.579999,1000.000000,0.000000,"Known Flow",0.000000,0.000000,2.16999993085665e-07,40.000000,0.579999,1000.000000,0.000000,0.000000,13.000000,0.000000,0.515373,0.579999,,,,7.368712,7.368712,,16.800279,,,,,,903.822387,0.066146,0.000000,0.000000,0.000000,,-459.670013,1000.000000,,0.000000,0.000000,,,,0.047063,"SETFLOW",0.000000,0.997566,0.000000,,,,,"","",,,,7.368712,,0.000000,,0.000000,,,0.000000,0.000000,"",,,0.000000,"V21027",-1.000000,,0.000000,0.000000,-1.000000,-1.000000,,,,,,,,,,,"",,,,,,,,,,"Volumetric",,,,,,,,,,-0.065315,,,,,,,,,,-0.065315,-0.001567,,,,,,,,,,,,
"2FBA3A7F","Nodes",1115609.266018,1672829.912098,1313.064347,"Default Known Flow Node",69.999969,0.579999,1000.000000,0.000000,"Known Flow",0.000000,0.000000,2.16999993085665e-07,40.000000,0.579999,1000.000000,0.000000,0.000000,13.000000,0.000000,0.515373,0.579999,,,,7.368676,7.368676,,16.800279,,,,,,903.822387,0.066146,0.000000,0.000000,0.000000,,-459.670013,1000.000000,,0.000000,0.000000,,,,0.047063,"SETFLOW",0.000000,0.997566,0.000000,,,,,"","",,,,7.368676,,0.000000,,0.000000,,,0.000000,0.000000,"",,,0.000000,"V21035",-1.000000,,0.000000,0.000000,-1.000000,-1.000000,,,,,,,,,,,"",,,,,,,,,,"Volumetric",,,,,,,,,,-0.049549,,,,,,,,,,-0.049549,-0.001189,,,,,,,,,,,,
"2FB19F9D","Nodes",1115605.250000,1672846.500000,1313.064347,"Default Known Flow Node",69.999969,0.579999,1000.000000,0.000000,"Known Flow",0.000000,0.000000,2.16999993085665e-07,40.000000,0.579999,1000.000000,0.000000,0.000000,13.000000,0.000000,0.515373,0.579999,,,,7.368688,7.368688,,16.800279,,,,,,903.822387,0.066146,0.000000,0.000000,0.000000,,-459.670013,1000.000000,,0.000000,0.000000,,,,0.047063,"SETFLOW",0.000000,0.997566,0.000000,,,,,"","",,,,7.368688,,0.000000,,0.000000,,,0.000000,0.000000,"",,,0.000000,,-1.000000,,0.000000,0.000000,-1.000000,-1.000000,,,,,,,,,,,"",,,,,,,,,,"Volumetric",,,,,,,,,,-0.183558,,,,,,,,,,-0.183558,-0.004405,,,,,,,,,,,,
"2FB19FA3","Nodes",1115609.250000,1672847.250000,1313.064347,"Default Known Flow Node",69.999969,0.579999,1000.000000,0.000000,"Known Flow",0.000000,0.000000,2.16999993085665e-07,40.000000,0.579999,1000.000000,0.000000,0.000000,13.000000,0.000000,0.515373,0.579999,,,,7.368694,7.368694,,16.800279,,,,,,903.822387,0.066146,0.000000,0.000000,0.000000,,-459.670013,1000.000000,,0.000000,0.000000,,,,0.047063,"UNDEFINED",0.000000,0.997566,0.000000,,,,,"","",,,,7.368694,,0.000000,,0.000000,,,0.000000,0.000000,"",,,0.000000,,-1.000000,,0.000000,0.000000,-1.000000,-1.000000,,,,,,,,,,,"",,,,,,,,,,"Volumetric",,,,,,,,,,0.000000,,,,,,,,,,0.000000,0.000000,,,,,,,,,,,,
"2FB19F9F","Nodes",1115612.370000,1672847.870000,1313.064347,"Default Known Flow Node",69.999969,0.579999,1000.000000,0.000000,"Known Flow",0.000000,0.000000,2.16999993085665e-07,40.000000,0.579999,1000.000000,0.000000,0.000000,13.000000,0.000000,0.515373,0.579999,,,,7.368699,7.368699,,16.800279,,,,,,903.822387,0.066146,0.000000,0.000000,0.000000,,-459.670013,1000.000000,,0.000000,0.000000,,,,0.047063,"SETFLOW",0.000000,0.997566,0.000000,,,,,"","",,,,7.368699,,0.000000,,0.000000,,,0.000000,0.000000,"",,,0.000000,,-1.000000,,0.000000,0.000000,-1.000000,-1.000000,,,,,,,,,,,"",,,,,,,,,,"Volumetric",,,,,,,,,,-0.336710,,,,,,,,,,-0.336710,-0.008081,,,,,,,,,,,,
"2FBA3A84","Nodes",1115670.620000,1672857.500000,1313.064347,"Default Known Flow Node",69.999969,0.579999,1000.000000,0.000000,"Known Flow",0.000000,0.000000,2.16999993085665e-07,40.000000,0.579999,1000.000000,0.000000,0.000000,13.000000,0.000000,0.515373,0.579999,,,,7.367071,7.367071,,16.800279,,,,,,903.822387,0.066146,0.000000,0.000000,0.000000,,-459.670013,1000.000000,,0.000000,0.000000,,,,0.047063,"UNDEFINED",0.000000,0.997566,0.000000,,,,,"","",,,,7.367071,,0.000000,,0.000000,,,0.000000,0.000000,"",,,0.000000,,-1.000000,,0.000000,0.000000,-1.000000,-1.000000,,,,,,,,,,,"",,,,,,,,,,"Volumetric",,,,,,,,,,0.000000,,,,,,,,,,0.000000,0.000000,,,,,,,,,,,,
"2FB19FA5","Nodes",1115558.750000,1673117.250000,1313.064347,"Default Known Flow Node",69.999969,0.579999,1000.000000,0.000000,"Known Flow",0.000000,0.000000,2.16999993085665e-07,40.000000,0.579999,1000.000000,0.000000,0.000000,13.000000,0.000000,0.515373,0.579999,,,,7.376778,7.376778,,16.800279,,,,,,903.822387,0.066146,0.000000,0.000000,0.000000,,-459.670013,1000.000000,,0.000000,0.000000,,,,0.047064,"UNDEFINED",0.000000,0.997566,0.000000,,,,,"","",,,,7.376778,,0.000000,,0.000000,,,0.000000,0.000000,"",,,0.000000,,-1.000000,,0.000000,0.000000,-1.000000,-1.000000,,,,,,,,,,,"",,,,,,,,,,"Volumetric",,,,,,,,,,0.000000,,,,,,,,,,0.000000,0.000000,,,,,,,,,,,,
"2FB19FA4","Nodes",1115555.120000,1673116.500000,1313.064347,"Default Known Flow Node",69.999969,0.579999,1000.000000,0.000000,"Known Flow",0.000000,0.000000,2.16999993085665e-07,40.000000,0.579999,1000.000000,0.000000,0.000000,13.000000,0.000000,0.515373,0.579999,,,,7.376739,7.376739,,16.800279,,,,,,903.822387,0.066146,0.000000,0.000000,0.000000,,-459.670013,1000.000000,,0.000000,0.000000,,,,0.047064,"UNDEFINED",0.000000,0.997566,0.000000,,,,,"","",,,,7.376739,,0.000000,,0.000000,,,0.000000,0.000000,"",,,0.000000,,-1.000000,,0.000000,0.000000,-1.000000,-1.000000,,,,,,,,,,,"",,,,,,,,,,"Volumetric",,,,,,,,,,0.000000,,,,,,,,,,0.000000,0.000000,,,,,,,,,,,,
"2FB19FA9","Nodes",1115609.250000,1673127.750000,1313.064347,"Default Known Flow Node",69.999969,0.579999,1000.000000,0.000000,"Known Flow",0.000000,0.000000,2.16999993085665e-07,40.000000,0.579999,1000.000000,0.000000,0.000000,13.000000,0.000000,0.515373,0.579999,,,,7.377290,7.377290,,16.800279,,,,,,903.822387,0.066146,0.000000,0.000000,0.000000,,-459.670013,1000.000000,,0.000000,0.000000,,,,0.047064,"SETFLOW",0.000000,0.997566,0.000000,,,,,"","",,,,7.377290,,0.000000,,0.000000,,,0.000000,0.000000,"",,,0.000000,,-1.000000,,0.000000,0.000000,-1.000000,-1.000000,,,,,,,,,,,"",,,,,,,,,,"Volumetric",,,,,,,,,,-0.110360,,,,,,,,,,-0.110360,-0.002648,,,,,,,,,,,,
"2FB19FAA","Nodes",1115779.000000,1673169.370000,1313.064347,"Default Known Flow Node",69.999969,0.579999,1000.000000,0.000000,"Known Flow",0.000000,0.000000,2.16999993085665e-07,40.000000,0.579999,1000.000000,0.000000,0.000000,13.000000,0.000000,0.515373,0.579999,,,,7.385338,7.385338,,16.800279,,,,,,903.822387,0.066146,0.000000,0.000000,0.000000,,-459.670013,1000.000000,,0.000000,0.000000,,,,0.047065,"SETFLOW",0.000000,0.997566,0.000000,,,,,"","",,,,7.385338,,0.000000,,0.000000,,,0.000000,0.000000,"",,,0.000000,,-1.000000,,0.000000,0.000000,-1.000000,-1.000000,,,,,,,,,,,"",,,,,,,,,,"Volumetric",,,,,,,,,,-0.122849,,,,,,,,,,-0.122849,-0.002948,,,,,,,,,,,,
"2FB19FAB","Nodes",1116017.500000,1673228.120000,1313.064347,"Default Known Flow Node",69.999969,0.579999,1000.000000,0.000000,"Known Flow",0.000000,0.000000,2.16999993085665e-07,40.000000,0.579999,1000.000000,0.000000,0.000000,13.000000,0.000000,0.515373,0.579999,,,,7.402447,7.402447,,16.800279,,,,,,903.822387,0.066146,0.000000,0.000000,0.000000,,-459.670013,1000.000000,,0.000000,0.000000,,,,0.047067,"SETFLOW",0.000000,0.997566,0.000000,,,,,"","",,,,7.402447,,0.000000,,0.000000,,,0.000000,0.000000,"",,,0.000000,,-1.000000,,0.000000,0.000000,-1.000000,-1.000000,,,,,,,,,,,"",,,,,,,,,,"Volumetric",,,,,,,,,,-0.090089,,,,,,,,,,-0.090089,-0.002162,,,,,,,,,,,,
"2FB2007D","Nodes",1116199.620000,1673272.620000,1313.064347,"Default Known Flow Node",69.999969,0.579999,1000.000000,0.000000,"Known Flow",0.000000,0.000000,2.16999993085665e-07,40.000000,0.579999,1000.000000,0.000000,0.000000,13.000000,0.000000,0.515373,0.579999,,,,7.418963,7.418963,,16.800279,,,,,,903.822387,0.066146,0.000000,0.000000,0.000000,,-459.670013,1000.000000,,0.000000,0.000000,,,,0.047068,"SETFLOW",0.000000,0.997566,0.000000,,,,,"","",,,,7.418963,,0.000000,,0.000000,,,0.000000,0.000000,"",,,0.000000,,-1.000000,,0.000000,0.000000,-1.000000,-1.000000,,,,,,,,,,,"",,,,,,,,,,"Volumetric",,,,,,,,,,-0.015663,,,,,,,,,,-0.015663,-0.000375,,,,,,,,,,,,
"2FB19FA7","Nodes",1115553.620000,1673126.870000,1313.064347,"Default Known Flow Node",69.999969,0.579999,1000.000000,0.000000,"Known Flow",0.000000,0.000000,2.16999993085665e-07,40.000000,0.579999,1000.000000,0.000000,0.000000,13.000000,0.000000,0.515373,0.579999,,,,7.376737,7.376737,,16.800279,,,,,,903.822387,0.066146,0.000000,0.000000,0.000000,,-459.670013,1000.000000,,0.000000,0.000000,,,,0.047064,"SETFLOW",0.000000,0.997566,0.000000,,,,,"","",,,,7.376737,,0.000000,,0.000000,,,0.000000,0.000000,"",,,0.000000,,-1.000000,,0.000000,0.000000,-1.000000,-1.000000,,,,,,,,,,,"",,,,,,,,,,"Volumetric",,,,,,,,,,-0.045044,,,,,,,,,,-0.045044,-0.001081,,,,,,,,,,,,
"2FB19FA8","Nodes",1115536.750000,1673236.000000,1313.064347,"Default Known Flow Node",69.999969,0.579999,1000.000000,0.000000,"Known Flow",0.000000,0.000000,2.16999993085665e-07,40.000000,0.579999,1000.000000,0.000000,0.000000,13.000000,0.000000,0.515373,0.579999,,,,7.376646,7.376646,,16.800279,,,,,,903.822387,0.066146,0.000000,0.000000,0.000000,,-459.670013,1000.000000,,0.000000,0.000000,,,,0.047064,"SETFLOW",0.000000,0.997566,0.000000,,,,,"","",,,,7.376646,,0.000000,,0.000000,,,0.000000,0.000000,"",,,0.000000,,-1.000000,,0.000000,0.000000,-1.000000,-1.000000,,,,,,,,,,,"",,,,,,,,,,"Volumetric",,,,,,,,,,-0.016891,,,,,,,,,,-0.016891,-0.000405,,,,,,,,,,,,
"2FB19FAF","Nodes",1115958.620000,1673489.250000,1313.064347,"Default Known Flow Node",69.999969,0.579999,1000.000000,0.000000,"Known Flow",0.000000,0.000000,2.16999993085665e-07,40.000000,0.579999,1000.000000,0.000000,0.000000,13.000000,0.000000,0.515375,0.579999,,,,7.718377,7.718377,,16.800279,,,,,,903.822387,0.066146,0.000000,0.000000,0.000000,,-459.670013,1000.000000,,0.000000,0.000000,,,,0.047102,"SETFLOW",0.000000,0.997564,0.000000,,,,,"","",,,,7.718377,,0.000000,,0.000000,,,0.000000,0.000000,"",,,0.000000,,-1.000000,,0.000000,0.000000,-1.000000,-1.000000,,,,,,,,,,,"",,,,,,,,,,"Volumetric",,,,,,,,,,-0.004094,,,,,,,,,,-0.004094,-0.000098,,,,,,,,,,,,
"2FB19FAC","Nodes",1115749.750000,1673438.120000,1313.064347,"Default Known Flow Node",69.999969,0.579999,1000.000000,0.000000,"Known Flow",0.000000,0.000000,2.16999993085665e-07,40.000000,0.579999,1000.000000,0.000000,0.000000,13.000000,0.000000,0.515375,0.579999,,,,7.718370,7.718370,,16.800279,,,,,,903.822387,0.066146,0.000000,0.000000,0.000000,,-459.670013,1000.000000,,0.000000,0.000000,,,,0.047102,"SETFLOW",0.000000,0.997564,0.000000,,,,,"","",,,,7.718370,,0.000000,,0.000000,,,0.000000,0.000000,"",,,0.000000,,-1.000000,,0.000000,0.000000,-1.000000,-1.000000,,,,,,,,,,,"",,,,,,,,,,"Volumetric",,,,,,,,,,-0.002456,,,,,,,,,,-0.002457,-0.000058,,,,,,,,,,,,
"2FB19FB0","Nodes",1115961.620000,1673490.000000,1313.064347,"Default Known Flow Node",69.999969,0.579999,1000.000000,0.000000,"Known Flow",0.000000,0.000000,2.16999993085665e-07,40.000000,0.579999,1000.000000,0.000000,0.000000,13.000000,0.000000,0.515375,0.579999,,,,7.718377,7.718377,,16.800279,,,,,,903.822387,0.066146,0.000000,0.000000,0.000000,,-459.670013,1000.000000,,0.000000,0.000000,,,,0.047102,"UNDEFINED",0.000000,0.997564,0.000000,,,,,"","",,,,7.718377,,0.000000,,0.000000,,,0.000000,0.000000,"",,,0.000000,,-1.000000,,0.000000,0.000000,-1.000000,-1.000000,,,,,,,,,,,"",,,,,,,,,,"Volumetric",,,,,,,,,,0.000000,,,,,,,,,,0.000000,0.000000,,,,,,,,,,,,
"2FB19FAE","Nodes",1115980.120000,1673494.500000,1313.064347,"Default Known Flow Node",69.999969,0.579999,1000.000000,0.000000,"Known Flow",0.000000,0.000000,2.16999993085665e-07,40.000000,0.579999,1000.000000,0.000000,0.000000,13.000000,0.000000,0.515375,0.579999,,,,7.718381,7.718381,,16.800279,,,,,,903.822387,0.066146,0.000000,0.000000,0.000000,,-459.670013,1000.000000,,0.000000,0.000000,,,,0.047102,"UNDEFINED",0.000000,0.997564,0.000000,,,,,"","",,,,7.718381,,0.000000,,0.000000,,,0.000000,0.000000,"",,,0.000000,,-1.000000,,0.000000,0.000000,-1.000000,-1.000000,,,,,,,,,,,"",,,,,,,,,,"Volumetric",,,,,,,,,,0.000000,,,,,,,,,,0.000000,0.000000,,,,,,,,,,,,
"2FB19FB1","Nodes",1116156.120000,1673816.000000,1313.064347,"Default Known Flow Node",69.999969,0.579999,1000.000000,0.000000,"Known Flow",0.000000,0.000000,2.16999993085665e-07,40.000000,0.579999,1000.000000,0.000000,0.000000,13.000000,0.000000,0.515376,0.579999,,,,7.868636,7.868636,,16.800279,,,,,,903.822387,0.066146,0.000000,0.000000,0.000000,,-459.670013,1000.000000,,0.000000,0.000000,,,,0.047120,"SETFLOW",0.000000,0.997563,0.000000,,,,,"","",,,,7.868636,,0.000000,,0.000000,,,0.000000,0.000000,"",,,0.000000,,-1.000000,,0.000000,0.000000,-1.000000,-1.000000,,,,,,,,,,,"",,,,,,,,,,"Volumetric",,,,,,,,,,-0.016124,,,,,,,,,,-0.016124,-0.000386,,,,,,,,,,,,
"2FB19FB2","Nodes",1115561.870000,1673721.500000,1313.064347,"Default Known Flow Node",69.999969,0.579999,1000.000000,0.000000,"Known Flow",0.000000,0.000000,2.16999993085665e-07,40.000000,0.579999,1000.000000,0.000000,0.000000,13.000000,0.000000,0.515376,0.579999,,,,7.868277,7.868277,,16.800279,,,,,,903.822387,0.066146,0.000000,0.000000,0.000000,,-459.670013,1000.000000,,0.000000,0.000000,,,,0.047119,"SETFLOW",0.000000,0.997563,0.000000,,,,,"","",,,,7.868277,,0.000000,,0.000000,,,0.000000,0.000000,"",,,0.000000,,-1.000000,,0.000000,0.000000,-1.000000,-1.000000,,,,,,,,,,,"",,,,,,,,,,"Volumetric",,,,,,,,,,-0.013103,,,,,,,,,,-0.013103,-0.000314,,,,,,,,,,,,
"0BECA6FF","Nodes",1116199.500000,1673826.500000,1313.064347,"Default Known Flow Node",69.999969,0.579999,1000.000000,0.000000,"Known Flow",0.000000,0.000000,2.16999993085665e-07,40.000000,0.579999,1000.000000,0.000000,0.000000,13.000000,0.000000,0.515376,0.579999,,,,7.868696,7.868696,,16.800279,,,,,,903.822387,0.066146,0.000000,0.000000,0.000000,,-459.670013,1000.000000,,0.000000,0.000000,,,,0.047120,"SETFLOW",0.000000,0.997563,0.000000,,,,,"","",,,,7.868696,,0.000000,,0.000000,,,0.000000,0.000000,"",,,0.000000,,-1.000000,,0.000000,0.000000,-1.000000,-1.000000,,,,,,,,,,,"",,,,,,,,,,"Volumetric",,,,,,,,,,-2.553357,,,,,,,,,,-2.553357,-0.061280,,,,,,,,,,,,
"0BECA701","Nodes",1116199.620000,1674101.370000,1313.064347,"Default Known Flow Node",69.999969,0.579999,1000.000000,0.000000,"Known Flow",0.000000,0.000000,2.16999993085665e-07,40.000000,0.579999,1000.000000,0.000000,0.000000,13.000000,0.000000,0.515383,0.579999,,,,9.148718,9.148718,,16.800279,,,,,,903.822387,0.066145,0.000000,0.000000,0.000000,,-459.670013,1000.000000,,0.000000,0.000000,,,,0.047265,"SETFLOW",0.000000,0.997556,0.000000,,,,,"","",,,,9.148718,,0.000000,,0.000000,,,0.000000,0.000000,"",,,0.000000,,-1.000000,,0.000000,0.000000,-1.000000,-1.000000,,,,,,,,,,,"",,,,,,,,,,"Volumetric",,,,,,,,,,-0.011517,,,,,,,,,,-0.011517,-0.000276,,,,,,,,,,,,
"2FB19FB3","Nodes",1115470.000000,1673929.750000,1313.064347,"Default Known Flow Node",69.999969,0.579999,1000.000000,0.000000,"Known Flow",0.000000,0.000000,2.16999993085665e-07,40.000000,0.579999,1000.000000,0.000000,0.000000,13.000000,0.000000,0.515383,0.579999,,,,9.081354,9.081354,,16.800279,,,,,,903.822387,0.066145,0.000000,0.000000,0.000000,,-459.670013,1000.000000,,0.000000,0.000000,,,,0.047257,"SETFLOW",0.000000,0.997556,0.000000,,,,,"","",,,,9.081354,,0.000000,,0.000000,,,0.000000,0.000000,"",,,0.000000,,-1.000000,,0.000000,0.000000,-1.000000,-1.000000,,,,,,,,,,,"",,,,,,,,,,"Volumetric",,,,,,,,,,-0.701717,,,,,,,,,,-0.701717,-0.016841,,,,,,,,,,,,
"0BECA6BE","Nodes",1116254.633517,1674115.804313,1313.064347,"Default Known Flow Node",69.999969,0.579999,1000.000000,0.000000,"Known Flow",0.000000,0.000000,2.16999993085665e-07,40.000000,0.579999,1000.000000,0.000000,0.000000,13.000000,0.000000,0.515383,0.579999,,,,9.153990,9.153990,,16.800279,,,,,,903.822387,0.066145,0.000000,0.000000,0.000000,,-459.670013,1000.000000,,0.000000,0.000000,,,,0.047266,"UNDEFINED",0.000000,0.997556,0.000000,,,,,"","",,,,9.153990,,0.000000,,0.000000,,,0.000000,0.000000,"",,,0.000000,,-1.000000,,0.000000,0.000000,-1.000000,-1.000000,,,,,,,,,,,"",,,,,,,,,,"Volumetric",,,,,,,,,,0.000000,,,,,,,,,,0.000000,0.000000,,,,,,,,,,,,
"2FB1B8E5","Nodes",1116180.750000,1674400.620000,1313.064347,"Default Known Flow Node",69.999969,0.579999,1000.000000,0.000000,"Known Flow",0.000000,0.000000,2.16999993085665e-07,40.000000,0.579999,1000.000000,0.000000,0.000000,13.000000,0.000000,0.515384,0.579999,,,,9.341768,9.341768,,16.800279,,,,,,903.822387,0.066145,0.000000,0.000000,0.000000,,-459.670013,1000.000000,,0.000000,0.000000,,,,0.047287,"SETFLOW",0.000000,0.997555,0.000000,,,,,"","",,,,9.341768,,0.000000,,0.000000,,,0.000000,0.000000,"",,,0.000000,,-1.000000,,0.000000,0.000000,-1.000000,-1.000000,,,,,,,,,,,"",,,,,,,,,,"Volumetric",,,,,,,,,,-2.832960,,,,,,,,,,-2.832960,-0.067991,,,,,,,,,,,,
"2FB1B95E","Nodes",1116186.500000,1674374.000000,1313.064347,"Default Known Flow Node",69.999969,0.579999,1000.000000,0.000000,"Known Flow",0.000000,0.000000,2.16999993085665e-07,40.000000,0.579999,1000.000000,0.000000,0.000000,13.000000,0.000000,0.515384,0.579999,,,,9.333321,9.333321,,16.800279,,,,,,903.822387,0.066145,0.000000,0.000000,0.000000,,-459.670013,1000.000000,,0.000000,0.000000,,,,0.047286,"SETFLOW",0.000000,0.997555,0.000000,,,,,"","",,,,9.333321,,0.000000,,0.000000,,,0.000000,0.000000,"",,,0.000000,,-1.000000,,0.000000,0.000000,-1.000000,-1.000000,,,,,,,,,,,"",,,,,,,,,,"Volumetric",,,,,,,,,,-0.003455,,,,,,,,,,-0.003455,-0.000082,,,,,,,,,,,,
"2FB19BEC","Nodes",1115451.370000,1674381.370000,1313.064347,"Default Known Flow Node",69.999969,0.579999,1000.000000,0.000000,"Known Flow",0.000000,0.000000,2.16999993085665e-07,40.000000,0.579999,1000.000000,0.000000,0.000000,13.000000,0.000000,0.515384,0.579999,,,,9.379707,9.379707,,16.800279,,,,,,903.822387,0.066145,0.000000,0.000000,0.000000,,-459.670013,1000.000000,,0.000000,0.000000,,,,0.047291,"UNDEFINED",0.000000,0.997554,0.000000,,,,,"","",,,,9.379707,,0.000000,,0.000000,,,0.000000,0.000000,"",,,0.000000,,-1.000000,,0.000000,0.000000,-1.000000,-1.000000,,,,,,,,,,,"",,,,,,,,,,"Volumetric",,,,,,,,,,0.000000,,,,,,,,,,0.000000,0.000000,,,,,,,,,,,,
"2FB19BEB","Nodes",1115444.750000,1674476.870000,1313.064347,"Default Known Flow Node",69.999969,0.579999,1000.000000,0.000000,"Known Flow",0.000000,0.000000,2.16999993085665e-07,40.000000,0.579999,1000.000000,0.000000,0.000000,13.000000,0.000000,0.515384,0.579999,,,,9.384574,9.384574,,16.800279,,,,,,903.822387,0.066145,0.000000,0.000000,0.000000,,-459.670013,1000.000000,,0.000000,0.000000,,,,0.047292,"UNDEFINED",0.000000,0.997554,0.000000,,,,,"","",,,,9.384574,,0.000000,,0.000000,,,0.000000,0.000000,"",,,0.000000,,-1.000000,,0.000000,0.000000,-1.000000,-1.000000,,,,,,,,,,,"",,,,,,,,,,"Volumetric",,,,,,,,,,0.000000,,,,,,,,,,0.000000,0.000000,,,,,,,,,,,,
"2FB1B960","Nodes",1115444.620000,1674479.750000,1313.064347,"Default Known Flow Node",69.999969,0.579999,1000.000000,0.000000,"Known Flow",0.000000,0.000000,2.16999993085665e-07,40.000000,0.579999,1000.000000,0.000000,0.000000,13.000000,0.000000,0.515384,0.579999,,,,9.384727,9.384727,,16.800279,,,,,,903.822387,0.066145,0.000000,0.000000,0.000000,,-459.670013,1000.000000,,0.000000,0.000000,,,,0.047292,"UNDEFINED",0.000000,0.997554,0.000000,,,,,"","",,,,9.384727,,0.000000,,0.000000,,,0.000000,0.000000,"",,,0.000000,,-1.000000,,0.000000,0.000000,-1.000000,-1.000000,,,,,,,,,,,"",,,,,,,,,,"Volumetric",,,,,,,,,,0.000000,,,,,,,,,,0.000000,0.000000,,,,,,,,,,,,
"2FB19BE9","Nodes",1115426.870000,1674475.620000,1313.064347,"Default Known Flow Node",69.999969,0.579999,1000.000000,0.000000,"Known Flow",0.000000,0.000000,2.16999993085665e-07,40.000000,0.579999,1000.000000,0.000000,0.000000,13.000000,0.000000,0.515384,0.579999,,,,9.384727,9.384727,,16.800279,,,,,,903.822387,0.066145,0.000000,0.000000,0.000000,,-459.670013,1000.000000,,0.000000,0.000000,,,,0.047292,"UNDEFINED",0.000000,0.997554,0.000000,,,,,"","",,,,9.384727,,0.000000,,0.000000,,,0.000000,0.000000,"",,,0.000000,,-1.000000,,0.000000,0.000000,-1.000000,-1.000000,,,,,,,,,,,"",,,,,,,,,,"Volumetric",,,,,,,,,,0.000000,,,,,,,,,,0.000000,0.000000,,,,,,,,,,,,
"2FB1B8E7","Nodes",1115502.120000,1674494.000000,1313.064347,"Default Known Flow Node",69.999969,0.579999,1000.000000,0.000000,"Known Flow",0.000000,0.000000,2.16999993085665e-07,40.000000,0.579999,1000.000000,0.000000,0.000000,13.000000,0.000000,0.515384,0.579999,,,,9.388518,9.388518,,16.800279,,,,,,903.822387,0.066145,0.000000,0.000000,0.000000,,-459.670013,1000.000000,,0.000000,0.000000,,,,0.047292,"SETFLOW",0.000000,0.997554,0.000000,,,,,"","",,,,9.388518,,0.000000,,0.000000,,,0.000000,0.000000,"",,,0.000000,,-1.000000,,0.000000,0.000000,-1.000000,-1.000000,,,,,,,,,,,"",,,,,,,,,,"Volumetric",,,,,,,,,,-0.003275,,,,,,,,,,-0.003276,-0.000078,,,,,,,,,,,,
"2FB258DB","Nodes",1115444.370000,1674483.500000,1313.064347,"Default Known Flow Node",69.999969,0.579999,1000.000000,0.000000,"Known Flow",0.000000,0.000000,2.16999993085665e-07,40.000000,0.579999,1000.000000,0.000000,0.000000,13.000000,0.000000,0.515384,0.579999,,,,9.384727,9.384727,,16.800279,,,,,,903.822387,0.066145,0.000000,0.000000,0.000000,,-459.670013,1000.000000,,0.000000,0.000000,,,,0.047292,"UNDEFINED",0.000000,0.997554,0.000000,,,,,"","",,,,9.384727,,0.000000,,0.000000,,,0.000000,0.000000,"",,,0.000000,,-1.000000,,0.000000,0.000000,-1.000000,-1.000000,,,,,,,,,,,"",,,,,,,,,,"Volumetric",,,,,,,,,,0.000000,,,,,,,,,,0.000000,0.000000,,,,,,,,,,,,
"2FB1B8E8","Nodes",1115614.250000,1674522.250000,1313.064347,"Default Known Flow Node",69.999969,0.579999,1000.000000,0.000000,"Known Flow",0.000000,0.000000,2.16999993085665e-07,40.000000,0.579999,1000.000000,0.000000,0.000000,13.000000,0.000000,0.515384,0.579999,,,,9.394525,9.394525,,16.800279,,,,,,903.822387,0.066145,0.000000,0.000000,0.000000,,-459.670013,1000.000000,,0.000000,0.000000,,,,0.047293,"SETFLOW",0.000000,0.997554,0.000000,,,,,"","",,,,9.394525,,0.000000,,0.000000,,,0.000000,0.000000,"",,,0.000000,,-1.000000,,0.000000,0.000000,-1.000000,-1.000000,,,,,,,,,,,"",,,,,,,,,,"Volumetric",,,,,,,,,,-0.009827,,,,,,,,,,-0.009827,-0.000235,,,,,,,,,,,,
"2FB1B8E9","Nodes",1115754.250000,1674557.620000,1313.064347,"Default Known Flow Node",69.999969,0.579999,1000.000000,0.000000,"Known Flow",0.000000,0.000000,2.16999993085665e-07,40.000000,0.579999,1000.000000,0.000000,0.000000,13.000000,0.000000,0.515384,0.579999,,,,9.404923,9.404923,,16.800279,,,,,,903.822387,0.066145,0.000000,0.000000,0.000000,,-459.670013,1000.000000,,0.000000,0.000000,,,,0.047294,"SETFLOW",0.000000,0.997554,0.000000,,,,,"","",,,,9.404923,,0.000000,,0.000000,,,0.000000,0.000000,"",,,0.000000,,-1.000000,,0.000000,0.000000,-1.000000,-1.000000,,,,,,,,,,,"",,,,,,,,,,"Volumetric",,,,,,,,,,-0.013308,,,,,,,,,,-0.013308,-0.000319,,,,,,,,,,,,
"2FB1B8EA","Nodes",1115856.750000,1674583.620000,1313.064347,"Default Known Flow Node",69.999969,0.579999,1000.000000,0.000000,"Known Flow",0.000000,0.000000,2.16999993085665e-07,40.000000,0.579999,1000.000000,0.000000,0.000000,13.000000,0.000000,0.515384,0.579999,,,,9.412914,9.412914,,16.800279,,,,,,903.822387,0.066145,0.000000,0.000000,0.000000,,-459.670013,1000.000000,,0.000000,0.000000,,,,0.047295,"SETFLOW",0.000000,0.997554,0.000000,,,,,"","",,,,9.412914,,0.000000,,0.000000,,,0.000000,0.000000,"",,,0.000000,,-1.000000,,0.000000,0.000000,-1.000000,-1.000000,,,,,,,,,,,"",,,,,,,,,,"Volumetric",,,,,,,,,,-0.005758,,,,,,,,,,-0.005758,-0.000138,,,,,,,,,,,,
"2FB19BE5","Nodes",1116168.870000,1674661.250000,1313.064347,"Default Known Flow Node",69.999969,0.579999,1000.000000,0.000000,"Known Flow",0.000000,0.000000,2.16999993085665e-07,40.000000,0.579999,1000.000000,0.000000,0.000000,13.000000,0.000000,0.515385,0.579999,,,,9.460998,9.460998,,16.800279,,,,,,903.822387,0.066145,0.000000,0.000000,0.000000,,-459.670013,1000.000000,,0.000000,0.000000,,,,0.047300,"UNDEFINED",0.000000,0.997554,0.000000,,,,,"","",,,,9.460998,,0.000000,,0.000000,,,0.000000,0.000000,"",,,0.000000,,-1.000000,,0.000000,0.000000,-1.000000,-1.000000,,,,,,,,,,,"",,,,,,,,,,"Volumetric",,,,,,,,,,0.000000,,,,,,,,,,0.000000,0.000000,,,,,,,,,,,,
"2FB1B8DE","Nodes",1116124.370000,1674652.370000,1313.064347,"Default Known Flow Node",69.999969,0.579999,1000.000000,0.000000,"Known Flow",0.000000,0.000000,2.16999993085665e-07,40.000000,0.579999,1000.000000,0.000000,0.000000,13.000000,0.000000,0.515385,0.579999,,,,9.444682,9.444682,,16.800279,,,,,,903.822387,0.066145,0.000000,0.000000,0.000000,,-459.670013,1000.000000,,0.000000,0.000000,,,,0.047299,"UNDEFINED",0.000000,0.997554,0.000000,,,,,"","",,,,9.444682,,0.000000,,0.000000,,,0.000000,0.000000,"",,,0.000000,,-1.000000,,0.000000,0.000000,-1.000000,-1.000000,,,,,,,,,,,"",,,,,,,,,,"Volumetric",,,,,,,,,,0.000000,,,,,,,,,,0.000000,0.000000,,,,,,,,,,,,
"GR239","Nodes",1116159.620000,1674692.750000,1313.064347,"Default Known Node",69.999969,0.579999,1000.000000,0.000000,"Known Pressure/Flow",0.000000,0.000000,2.16999993085665e-07,40.000000,0.579999,1000.000000,0.000000,0.000000,13.000000,0.000000,0.515385,0.579999,,,,9.500000,9.500000,,16.800279,,,,,,903.822387,0.066145,0.000000,0.000000,0.000000,,-459.670013,1000.000000,,0.000000,0.000000,,,,0.047305,"UNDEFINED",0.000000,0.997554,0.000000,,,,,"","",,,,9.500000,,0.000000,,0.000000,,,0.000000,0.000000,"",,,0.000000,,-1.000000,,0.000000,0.000000,-1.000000,-1.000000,,,,,,,,,,,"",,,,,,,,,,"Volumetric",,,,,,,,,,0.000000,,,,,,,,,,0.000000,0.000000,,,,,,,,,,,,
"2FB19BDC","Nodes",1116164.620000,1674675.870000,1313.064347,"Default Known Flow Node",69.999969,0.579999,1000.000000,0.000000,"Known Flow",0.000000,0.000000,2.16999993085665e-07,40.000000,0.579999,1000.000000,0.000000,0.000000,13.000000,0.000000,0.515385,0.579999,,,,9.469272,9.469272,,16.800279,,,,,,903.822387,0.066145,0.000000,0.000000,0.000000,,-459.670013,1000.000000,,0.000000,0.000000,,,,0.047301,"UNDEFINED",0.000000,0.997554,0.000000,,,,,"","",,,,9.469272,,0.000000,,0.000000,,,0.000000,0.000000,"",,,0.000000,,-1.000000,,0.000000,0.000000,-1.000000,-1.000000,,,,,,,,,,,"",,,,,,,,,,"Volumetric",,,,,,,,,,0.000000,,,,,,,,,,0.000000,0.000000,,,,,,,,,,,,
"2FB1B95A","Nodes",1116033.101430,1674907.074347,1313.064347,"Default Known Flow Node",69.999969,0.579999,1000.000000,0.000000,"Known Flow",0.000000,0.000000,2.16999993085665e-07,40.000000,0.579999,1000.000000,0.000000,0.000000,13.000000,0.000000,0.515383,0.579999,,,,9.192213,9.192213,,16.800279,,,,,,903.822387,0.066145,0.000000,0.000000,0.000000,,-459.670013,1000.000000,,0.000000,0.000000,,,,0.047270,"SETFLOW",0.000000,0.997556,0.000000,,,,,"","",,,,9.192213,,0.000000,,0.000000,,,0.000000,0.000000,"",,,0.000000,,-1.000000,,0.000000,0.000000,-1.000000,-1.000000,,,,,,,,,,,"",,,,,,,,,,"Volumetric",,,,,,,,,,-0.009213,,,,,,,,,,-0.009213,-0.000221,,,,,,,,,,,,
"2FB19BED","Nodes",1115436.620000,1674758.620000,1313.064347,"Default Known Flow Node",69.999969,0.579999,1000.000000,0.000000,"Known Flow",0.000000,0.000000,2.16999993085665e-07,40.000000,0.579999,1000.000000,0.000000,0.000000,13.000000,0.000000,0.515383,0.579999,,,,9.192002,9.192002,,16.800279,,,,,,903.822387,0.066145,0.000000,0.000000,0.000000,,-459.670013,1000.000000,,0.000000,0.000000,,,,0.047270,"SETFLOW",0.000000,0.997556,0.000000,,,,,"","",,,,9.192002,,0.000000,,0.000000,,,0.000000,0.000000,"",,,0.000000,,-1.000000,,0.000000,0.000000,-1.000000,-1.000000,,,,,,,,,,,"",,,,,,,,,,"Volumetric",,,,,,,,,,-0.008517,,,,,,,,,,-0.008517,-0.000204,,,,,,,,,,,,
"2FB1B8D6","Nodes",1116049.700879,1674903.150414,1313.064347,"Default Known Flow Node",69.999969,0.579999,1000.000000,0.000000,"Known Flow",0.000000,0.000000,2.16999993085665e-07,40.000000,0.579999,1000.000000,0.000000,0.000000,13.000000,0.000000,0.515383,0.579999,,,,9.192231,9.192231,,16.800279,,,,,,903.822387,0.066145,0.000000,0.000000,0.000000,,-459.670013,1000.000000,,0.000000,0.000000,,,,0.047270,"SETFLOW",0.000000,0.997556,0.000000,,,,,"","",,,,9.192231,,0.000000,,0.000000,,,0.000000,0.000000,"",,,0.000000,,-1.000000,,0.000000,0.000000,-1.000000,-1.000000,,,,,,,,,,,"",,,,,,,,,,"Volumetric",,,,,,,,,,-0.001151,,,,,,,,,,-0.001151,-0.000027,,,,,,,,,,,,
"2FB1B95B","Nodes",1116052.831997,1674904.114902,1313.064347,"Default Known Flow Node",69.999969,0.579999,1000.000000,0.000000,"Known Flow",0.000000,0.000000,2.16999993085665e-07,40.000000,0.579999,1000.000000,0.000000,0.000000,13.000000,0.000000,0.515383,0.579999,,,,9.192235,9.192235,,16.800279,,,,,,903.822387,0.066145,0.000000,0.000000,0.000000,,-459.670013,1000.000000,,0.000000,0.000000,,,,0.047270,"UNDEFINED",0.000000,0.997556,0.000000,,,,,"","",,,,9.192235,,0.000000,,0.000000,,,0.000000,0.000000,"",,,0.000000,,-1.000000,,0.000000,0.000000,-1.000000,-1.000000,,,,,,,,,,,"",,,,,,,,,,"Volumetric",,,,,,,,,,0.000000,,,,,,,,,,0.000000,0.000000,,,,,,,,,,,,
"2FB1B956","Nodes",1116066.149470,1674907.509009,1313.064347,"Default Known Flow Node",69.999969,0.579999,1000.000000,0.000000,"Known Flow",0.000000,0.000000,2.16999993085665e-07,40.000000,0.579999,1000.000000,0.000000,0.000000,13.000000,0.000000,0.515383,0.579999,,,,9.192249,9.192249,,16.800279,,,,,,903.822387,0.066145,0.000000,0.000000,0.000000,,-459.670013,1000.000000,,0.000000,0.000000,,,,0.047270,"UNDEFINED",0.000000,0.997556,0.000000,,,,,"","",,,,9.192249,,0.000000,,0.000000,,,0.000000,0.000000,"",,,0.000000,,-1.000000,,0.000000,0.000000,-1.000000,-1.000000,,,,,,,,,,,"",,,,,,,,,,"Volumetric",,,,,,,,,,0.000000,,,,,,,,,,0.000000,0.000000,,,,,,,,,,,,
"2FB1B8D0","Nodes",1115953.190916,1675445.318340,1313.064347,"Default Known Flow Node",69.999969,0.579999,1000.000000,0.000000,"Known Flow",0.000000,0.000000,2.16999993085665e-07,40.000000,0.579999,1000.000000,0.000000,0.000000,13.000000,0.000000,0.515375,0.579999,,,,7.664622,7.664622,,16.800279,,,,,,903.822387,0.066146,0.000000,0.000000,0.000000,,-459.670013,1000.000000,,0.000000,0.000000,,,,0.047096,"SETFLOW",0.000000,0.997564,0.000000,,,,,"","",,,,7.664622,,0.000000,,0.000000,,,0.000000,0.000000,"",,,0.000000,,-1.000000,,0.000000,0.000000,-1.000000,-1.000000,,,,,,,,,,,"",,,,,,,,,,"Volumetric",,,,,,,,,,-0.054258,,,,,,,,,,-0.054258,-0.001302,,,,,,,,,,,,
"2FC16972","Nodes",1115956.553281,1675430.741266,1313.064347,"Default Known Flow Node",69.999969,0.579999,1000.000000,0.000000,"Known Flow",0.000000,0.000000,2.16999993085665e-07,40.000000,0.579999,1000.000000,0.000000,0.000000,13.000000,0.000000,0.515375,0.579999,,,,7.667592,7.667592,,16.800279,,,,,,903.822387,0.066146,0.000000,0.000000,0.000000,,-459.670013,1000.000000,,0.000000,0.000000,,,,0.047097,"UNDEFINED",0.000000,0.997564,0.000000,,,,,"","",,,,7.667592,,0.000000,,0.000000,,,0.000000,0.000000,"",,,0.000000,"V72429",-1.000000,,0.000000,0.000000,0.000000,-1.000000,,,,,,,,,,,"",,,,,,,,,,"Volumetric",,,,,,,,,,0.000000,,,,,,,,,,0.000000,0.000000,,,,,,,,,,,,
"Q3No595","Nodes",1115948.326822,1675444.160416,1313.064347,"Default Known Flow Node",69.999969,0.579999,1000.000000,0.000000,"Known Flow",0.000000,0.000000,2.16999993085665e-07,40.000000,0.579999,1000.000000,0.000000,0.000000,13.000000,0.000000,0.515375,0.579999,,,,7.664621,7.664621,,16.800279,,,,,,903.822387,0.066146,0.000000,0.000000,0.000000,,-459.670013,1000.000000,,0.000000,0.000000,,,,0.047096,"UNDEFINED",0.000000,0.997564,0.000000,,,,,"","",,,,7.664621,,0.000000,,0.000000,,,0.000000,0.000000,"",,,0.000000,"V72385",-1.000000,,0.000000,0.000000,0.000000,-1.000000,,,,,,,,,,,"",,,,,,,,,,"Volumetric",,,,,,,,,,0.000000,,,,,,,,,,0.000000,0.000000,,,,,,,,,,,,
"2FB1B8E1","Nodes",1116012.000000,1675462.000000,1313.064347,"Default Known Flow Node",69.999969,0.579999,1000.000000,0.000000,"Known Flow",0.000000,0.000000,2.16999993085665e-07,40.000000,0.579999,1000.000000,0.000000,0.000000,13.000000,0.000000,0.515375,0.579999,,,,7.648089,7.648089,,16.800279,,,,,,903.822387,0.066146,0.000000,0.000000,0.000000,,-459.670013,1000.000000,,0.000000,0.000000,,,,0.047094,"SETFLOW",0.000000,0.997565,0.000000,,,,,"","",,,,7.648089,,0.000000,,0.000000,,,0.000000,0.000000,"",,,0.000000,,-1.000000,,0.000000,0.000000,-1.000000,-1.000000,,,,,,,,,,,"",,,,,,,,,,"Volumetric",,,,,,,,,,-0.005118,,,,,,,,,,-0.005118,-0.000122,,,,,,,,,,,,
"Q3No594","Nodes",1115975.670237,1675453.194422,1313.064347,"Default Known Flow Node",69.999969,0.579999,1000.000000,0.000000,"Known Flow",0.000000,0.000000,2.16999993085665e-07,40.000000,0.579999,1000.000000,0.000000,0.000000,13.000000,0.000000,0.515375,0.579999,,,,7.658800,7.658800,,16.800279,,,,,,903.822387,0.066146,0.000000,0.000000,0.000000,,-459.670013,1000.000000,,0.000000,0.000000,,,,0.047096,"UNDEFINED",0.000000,0.997565,0.000000,,,,,"","",,,,7.658800,,0.000000,,0.000000,,,0.000000,0.000000,"",,,0.000000,,-1.000000,,0.000000,0.000000,0.000000,-1.000000,,,,,,,,,,,"",,,,,,,,,,"Volumetric",,,,,,,,,,0.000000,,,,,,,,,,0.000000,0.000000,,,,,,,,,,,,
"2FB1FA32","Nodes",1116198.370000,1675507.120000,1313.064347,"Default Known Flow Node",69.999969,0.579999,1000.000000,0.000000,"Known Flow",0.000000,0.000000,2.16999993085665e-07,40.000000,0.579999,1000.000000,0.000000,0.000000,13.000000,0.000000,0.515374,0.579999,,,,7.594607,7.594607,,16.800279,,,,,,903.822387,0.066146,0.000000,0.000000,0.000000,,-459.670013,1000.000000,,0.000000,0.000000,,,,0.047088,"SETFLOW",0.000000,0.997565,0.000000,,,,,"","",,,,7.594607,,0.000000,,0.000000,,,0.000000,0.000000,"",,,0.000000,,-1.000000,,0.000000,0.000000,-1.000000,-1.000000,,,,,,,,,,,"",,,,,,,,,,"Volumetric",,,,,,,,,,-0.005118,,,,,,,,,,-0.005118,-0.000122,,,,,,,,,,,,
"2FB8A285","Nodes",1115896.537424,1675673.678388,1313.064347,"Default Known Flow Node",69.999969,0.579999,1000.000000,0.000000,"Known Flow",0.000000,0.000000,2.16999993085665e-07,40.000000,0.579999,1000.000000,0.000000,0.000000,13.000000,0.000000,0.515375,0.579999,,,,7.625358,7.625358,,16.800279,,,,,,903.822387,0.066146,0.000000,0.000000,0.000000,,-459.670013,1000.000000,,0.000000,0.000000,,,,0.047092,"SETFLOW",0.000000,0.997565,0.000000,,,,,"","",,,,7.625358,,0.000000,,0.000000,,,0.000000,0.000000,"",,,0.000000,"V72430",-1.000000,,0.000000,0.000000,-1.000000,-1.000000,,,,,,,,,,,"",,,,,,,,,,"Volumetric",,,,,,,,,,-0.005118,,,,,,,,,,-0.005118,-0.000122,,,,,,,,,,,,
"2FB1A1BA","Nodes",1115889.735208,1675700.744749,1313.064347,"Default Known Flow Node",69.999969,0.579999,1000.000000,0.000000,"Known Flow",0.000000,0.000000,2.16999993085665e-07,40.000000,0.579999,1000.000000,0.000000,0.000000,13.000000,0.000000,0.515375,0.579999,,,,7.620868,7.620868,,16.800279,,,,,,903.822387,0.066146,0.000000,0.000000,0.000000,,-459.670013,1000.000000,,0.000000,0.000000,,,,0.047091,"SETFLOW",0.000000,0.997565,0.000000,,,,,"","",,,,7.620868,,0.000000,,0.000000,,,0.000000,0.000000,"",,,0.000000,,-1.000000,,0.000000,0.000000,-1.000000,-1.000000,,,,,,,,,,,"",,,,,,,,,,"Volumetric",,,,,,,,,,-0.018836,,,,,,,,,,-0.018836,-0.000452,,,,,,,,,,,,
"2FB1A1C9","Nodes",1115520.620000,1675616.370000,1313.064347,"Default Known Flow Node",69.999969,0.579999,1000.000000,0.000000,"Known Flow",0.000000,0.000000,2.16999993085665e-07,40.000000,0.579999,1000.000000,0.000000,0.000000,13.000000,0.000000,0.515375,0.579999,,,,7.618693,7.618693,,16.800279,,,,,,903.822387,0.066146,0.000000,0.000000,0.000000,,-459.670013,1000.000000,,0.000000,0.000000,,,,0.047091,"SETFLOW",0.000000,0.997565,0.000000,,,,,"","",,,,7.618693,,0.000000,,0.000000,,,0.000000,0.000000,"",,,0.000000,,-1.000000,,0.000000,0.000000,-1.000000,-1.000000,,,,,,,,,,,"",,,,,,,,,,"Volumetric",,,,,,,,,,-0.027026,,,,,,,,,,-0.027026,-0.000648,,,,,,,,,,,,
"2FB1A1D1","Nodes",1115257.750000,1675552.120000,1313.064347,"Default Known Flow Node",69.999969,0.579999,1000.000000,0.000000,"Known Flow",0.000000,0.000000,2.16999993085665e-07,40.000000,0.579999,1000.000000,0.000000,0.000000,13.000000,0.000000,0.515375,0.579999,,,,7.618434,7.618434,,16.800279,,,,,,903.822387,0.066146,0.000000,0.000000,0.000000,,-459.670013,1000.000000,,0.000000,0.000000,,,,0.047091,"SETFLOW",0.000000,0.997565,0.000000,,,,,"","",,,,7.618434,,0.000000,,0.000000,,,0.000000,0.000000,"",,,0.000000,,-1.000000,,0.000000,0.000000,-1.000000,-1.000000,,,,,,,,,,,"",,,,,,,,,,"Volumetric",,,,,,,,,,-0.020966,,,,,,,,,,-0.020966,-0.000503,,,,,,,,,,,,
"2FB1A1C8","Nodes",1115551.120000,1675623.870000,1313.064347,"Default Known Flow Node",69.999969,0.579999,1000.000000,0.000000,"Known Flow",0.000000,0.000000,2.16999993085665e-07,40.000000,0.579999,1000.000000,0.000000,0.000000,13.000000,0.000000,0.515375,0.579999,,,,7.618769,7.618769,,16.800279,,,,,,903.822387,0.066146,0.000000,0.000000,0.000000,,-459.670013,1000.000000,,0.000000,0.000000,,,,0.047091,"SETFLOW",0.000000,0.997565,0.000000,,,,,"","",,,,7.618769,,0.000000,,0.000000,,,0.000000,0.000000,"",,,0.000000,,-1.000000,,0.000000,0.000000,-1.000000,-1.000000,,,,,,,,,,,"",,,,,,,,,,"Volumetric",,,,,,,,,,-0.084356,,,,,,,,,,-0.084356,-0.002024,,,,,,,,,,,,
"Q3No599","Nodes",1115885.259134,1675702.672711,1313.064347,"Default Known Flow Node",69.999969,0.579999,1000.000000,0.000000,"Known Flow",0.000000,0.000000,2.16999993085665e-07,40.000000,0.579999,1000.000000,0.000000,0.000000,13.000000,0.000000,0.515375,0.579999,,,,7.620864,7.620864,,16.800279,,,,,,903.822387,0.066146,0.000000,0.000000,0.000000,,-459.670013,1000.000000,,0.000000,0.000000,,,,0.047091,"UNDEFINED",0.000000,0.997565,0.000000,,,,,"","",,,,7.620864,,0.000000,,0.000000,,,0.000000,0.000000,"",,,0.000000,,-1.000000,,0.000000,0.000000,0.000000,-1.000000,,,,,,,,,,,"",,,,,,,,,,"Volumetric",,,,,,,,,,0.000000,,,,,,,,,,0.000000,0.000000,,,,,,,,,,,,
"2FB1A1C5","Nodes",1115861.338118,1675809.323479,1313.064347,"Default Known Flow Node",69.999969,0.579999,1000.000000,0.000000,"Known Flow",0.000000,0.000000,2.16999993085665e-07,40.000000,0.579999,1000.000000,0.000000,0.000000,13.000000,0.000000,0.515374,0.579999,,,,7.602429,7.602429,,16.800279,,,,,,903.822387,0.066146,0.000000,0.000000,0.000000,,-459.670013,1000.000000,,0.000000,0.000000,,,,0.047089,"SETFLOW",0.000000,0.997565,0.000000,,,,,"","",,,,7.602429,,0.000000,,0.000000,,,0.000000,0.000000,"",,,0.000000,"V72387",-1.000000,,0.000000,0.000000,-1.000000,-1.000000,,,,,,,,,,,"",,,,,,,,,,"Volumetric",,,,,,,,,,-0.003275,,,,,,,,,,-0.003276,-0.000078,,,,,,,,,,,,
"Q3No602","Nodes",1115883.763007,1675723.506675,1313.064347,"Default Known Flow Node",69.999969,0.579999,1000.000000,0.000000,"Known Flow",0.000000,0.000000,2.16999993085665e-07,40.000000,0.579999,1000.000000,0.000000,0.000000,13.000000,0.000000,0.515375,0.579999,,,,7.616952,7.616952,,16.800279,,,,,,903.822387,0.066146,0.000000,0.000000,0.000000,,-459.670013,1000.000000,,0.000000,0.000000,,,,0.047091,"UNDEFINED",0.000000,0.997565,0.000000,,,,,"","",,,,7.616952,,0.000000,,0.000000,,,0.000000,0.000000,"",,,0.000000,"V72431",-1.000000,,0.000000,0.000000,0.000000,-1.000000,,,,,,,,,,,"",,,,,,,,,,"Volumetric",,,,,,,,,,0.000000,,,,,,,,,,0.000000,0.000000,,,,,,,,,,,,
"2FB1A1CC","Nodes",1115855.826051,1675834.306744,1313.064347,"Default Known Flow Node",69.999969,0.579999,1000.000000,0.000000,"Known Flow",0.000000,0.000000,2.16999993085665e-07,40.000000,0.579999,1000.000000,0.000000,0.000000,13.000000,0.000000,0.515374,0.579999,,,,7.598188,7.598188,,16.800279,,,,,,903.822387,0.066146,0.000000,0.000000,0.000000,,-459.670013,1000.000000,,0.000000,0.000000,,,,0.047089,"SETFLOW",0.000000,0.997565,0.000000,,,,,"","",,,,7.598188,,0.000000,,0.000000,,,0.000000,0.000000,"",,,0.000000,,-1.000000,,0.000000,0.000000,-1.000000,-1.000000,,,,,,,,,,,"",,,,,,,,,,"Volumetric",,,,,,,,,,-0.008517,,,,,,,,,,-0.008517,-0.000204,,,,,,,,,,,,
"2FB1A1C7","Nodes",1115853.255749,1675844.159209,1313.064347,"Default Known Flow Node",69.999969,0.579999,1000.000000,0.000000,"Known Flow",0.000000,0.000000,2.16999993085665e-07,40.000000,0.579999,1000.000000,0.000000,0.000000,13.000000,0.000000,0.515374,0.579999,,,,7.597006,7.597006,,16.800279,,,,,,903.822387,0.066146,0.000000,0.000000,0.000000,,-459.670013,1000.000000,,0.000000,0.000000,,,,0.047089,"SETFLOW",0.000000,0.997565,0.000000,,,,,"","",,,,7.597006,,0.000000,,0.000000,,,0.000000,0.000000,"",,,0.000000,"V72388",-1.000000,,0.000000,0.000000,-1.000000,-1.000000,,,,,,,,,,,"",,,,,,,,,,"Volumetric",,,,,,,,,,-0.003275,,,,,,,,,,-0.003276,-0.000078,,,,,,,,,,,,
"2FB1A1C4","Nodes",1115794.605213,1676103.635864,1313.064347,"Default Known Flow Node",69.999969,0.579999,1000.000000,0.000000,"Known Flow",0.000000,0.000000,2.16999993085665e-07,40.000000,0.579999,1000.000000,0.000000,0.000000,13.000000,0.000000,0.515374,0.579999,,,,7.565589,7.565589,,16.800279,,,,,,903.822387,0.066146,0.000000,0.000000,0.000000,,-459.670013,1000.000000,,0.000000,0.000000,,,,0.047085,"SETFLOW",0.000000,0.997565,0.000000,,,,,"","",,,,7.565589,,0.000000,,0.000000,,,0.000000,0.000000,"",,,0.000000,"V72391",-1.000000,,0.000000,0.000000,-1.000000,-1.000000,,,,,,,,,,,"",,,,,,,,,,"Volumetric",,,,,,,,,,-0.003275,,,,,,,,,,-0.003276,-0.000078,,,,,,,,,,,,
"Q3No605","Nodes",1115851.369617,1675851.933451,1313.064347,"Default Known Flow Node",69.999969,0.579999,1000.000000,0.000000,"Known Flow",0.000000,0.000000,2.16999993085665e-07,40.000000,0.579999,1000.000000,0.000000,0.000000,13.000000,0.000000,0.515374,0.579999,,,,7.596061,7.596061,,16.800279,,,,,,903.822387,0.066146,0.000000,0.000000,0.000000,,-459.670013,1000.000000,,0.000000,0.000000,,,,0.047089,"UNDEFINED",0.000000,0.997565,0.000000,,,,,"","",,,,7.596061,,0.000000,,0.000000,,,0.000000,0.000000,"",,,0.000000,,-1.000000,,0.000000,0.000000,0.000000,-1.000000,,,,,,,,,,,"",,,,,,,,,,"Volumetric",,,,,,,,,,0.000000,,,,,,,,,,0.000000,0.000000,,,,,,,,,,,,
"2FB1A1B8","Nodes",1115792.711143,1676113.031142,1313.064347,"Default Known Flow Node",69.999969,0.579999,1000.000000,0.000000,"Known Flow",0.000000,0.000000,2.16999993085665e-07,40.000000,0.579999,1000.000000,0.000000,0.000000,13.000000,0.000000,0.515374,0.579999,,,,7.564526,7.564526,,16.800279,,,,,,903.822387,0.066146,0.000000,0.000000,0.000000,,-459.670013,1000.000000,,0.000000,0.000000,,,,0.047085,"SETFLOW",0.000000,0.997565,0.000000,,,,,"","",,,,7.564526,,0.000000,,0.000000,,,0.000000,0.000000,"",,,0.000000,,-1.000000,,0.000000,0.000000,-1.000000,-1.000000,,,,,,,,,,,"",,,,,,,,,,"Volumetric",,,,,,,,,,-0.000655,,,,,,,,,,-0.000655,-0.000015,,,,,,,,,,,,
"2FB213E3","Nodes",1115447.000000,1676111.000000,1313.064347,"Default Known Flow Node",69.999969,0.579999,1000.000000,0.000000,"Known Flow",0.000000,0.000000,2.16999993085665e-07,40.000000,0.579999,1000.000000,0.000000,0.000000,13.000000,0.000000,0.515374,0.579999,,,,7.561783,7.561783,,16.800279,,,,,,903.822387,0.066146,0.000000,0.000000,0.000000,,-459.670013,1000.000000,,0.000000,0.000000,,,,0.047085,"SETFLOW",0.000000,0.997565,0.000000,,,,,"","",,,,7.561783,,0.000000,,0.000000,,,0.000000,0.000000,"",,,0.000000,,-1.000000,,0.000000,0.000000,-1.000000,-1.000000,,,,,,,,,,,"",,,,,,,,,,"Volumetric",,,,,,,,,,-0.088451,,,,,,,,,,-0.088451,-0.002122,,,,,,,,,,,,
"2FB213E2","Nodes",1115578.120000,1676112.750000,1313.064347,"Default Known Flow Node",69.999969,0.579999,1000.000000,0.000000,"Known Flow",0.000000,0.000000,2.16999993085665e-07,40.000000,0.579999,1000.000000,0.000000,0.000000,13.000000,0.000000,0.515374,0.579999,,,,7.562985,7.562985,,16.800279,,,,,,903.822387,0.066146,0.000000,0.000000,0.000000,,-459.670013,1000.000000,,0.000000,0.000000,,,,0.047085,"SETFLOW",0.000000,0.997565,0.000000,,,,,"","",,,,7.562985,,0.000000,,0.000000,,,0.000000,0.000000,"",,,0.000000,,-1.000000,,0.000000,0.000000,-1.000000,-1.000000,,,,,,,,,,,"",,,,,,,,,,"Volumetric",,,,,,,,,,-0.011138,,,,,,,,,,-0.011138,-0.000267,,,,,,,,,,,,
"Q3No610","Nodes",1115789.711127,1676113.027211,1313.064347,"Default Known Flow Node",69.999969,0.579999,1000.000000,0.000000,"Known Flow",0.000000,0.000000,2.16999993085665e-07,40.000000,0.579999,1000.000000,0.000000,0.000000,13.000000,0.000000,0.515374,0.579999,,,,7.564525,7.564525,,16.800279,,,,,,903.822387,0.066146,0.000000,0.000000,0.000000,,-459.670013,1000.000000,,0.000000,0.000000,,,,0.047085,"UNDEFINED",0.000000,0.997565,0.000000,,,,,"","",,,,7.564525,,0.000000,,0.000000,,,0.000000,0.000000,"",,,0.000000,"V72390",-1.000000,,0.000000,0.000000,0.000000,-1.000000,,,,,,,,,,,"",,,,,,,,,,"Volumetric",,,,,,,,,,0.000000,,,,,,,,,,0.000000,0.000000,,,,,,,,,,,,
"2FB1A1C3","Nodes",1116151.870000,1676127.370000,1313.064347,"Default Known Flow Node",69.999969,0.579999,1000.000000,0.000000,"Known Flow",0.000000,0.000000,2.16999993085665e-07,40.000000,0.579999,1000.000000,0.000000,0.000000,13.000000,0.000000,0.515372,0.579999,,,,7.161858,7.161858,,16.800279,,,,,,903.822387,0.066146,0.000000,0.000000,0.000000,,-459.670013,1000.000000,,0.000000,0.000000,,,,0.047039,"SETFLOW",0.000000,0.997567,0.000000,,,,,"","",,,,7.161858,,0.000000,,0.000000,,,0.000000,0.000000,"",,,0.000000,,-1.000000,,0.000000,0.000000,-1.000000,-1.000000,,,,,,,,,,,"",,,,,,,,,,"Volumetric",,,,,,,,,,-1.412069,,,,,,,,,,-1.412069,-0.033889,,,,,,,,,,,,
"Q3No609","Nodes",1115835.365180,1676120.284531,1313.064347,"Default Known Flow Node",69.999969,0.579999,1000.000000,0.000000,"Known Flow",0.000000,0.000000,2.16999993085665e-07,40.000000,0.579999,1000.000000,0.000000,0.000000,13.000000,0.000000,0.515374,0.579999,,,,7.530274,7.530274,,16.800279,,,,,,903.822387,0.066146,0.000000,0.000000,0.000000,,-459.670013,1000.000000,,0.000000,0.000000,,,,0.047081,"UNDEFINED",0.000000,0.997565,0.000000,,,,,"","",,,,7.530274,,0.000000,,0.000000,,,0.000000,0.000000,"",,,0.000000,,-1.000000,,0.000000,0.000000,0.000000,-1.000000,,,,,,,,,,,"",,,,,,,,,,"Volumetric",,,,,,,,,,0.000000,,,,,,,,,,0.000000,0.000000,,,,,,,,,,,,
"2FB200C0","Nodes",1116197.870000,1676128.370000,1313.064347,"Default Known Flow Node",69.999969,0.579999,1000.000000,0.000000,"Known Flow",0.000000,0.000000,2.16999993085665e-07,40.000000,0.579999,1000.000000,0.000000,0.000000,13.000000,0.000000,0.515372,0.579999,,,,7.144188,7.144188,,16.800279,,,,,,903.822387,0.066146,0.000000,0.000000,0.000000,,-459.670013,1000.000000,,0.000000,0.000000,,,,0.047037,"SETFLOW",0.000000,0.997568,0.000000,,,,,"","",,,,7.144188,,0.000000,,0.000000,,,0.000000,0.000000,"",,,0.000000,,-1.000000,,0.000000,0.000000,-1.000000,-1.000000,,,,,,,,,,,"",,,,,,,,,,"Volumetric",,,,,,,,,,-1.614599,,,,,,,,,,-1.614599,-0.038750,,,,,,,,,,,,
"2FB1A1CA","Nodes",1115349.500000,1676346.120000,1313.064347,"Default Known Flow Node",69.999969,0.579999,1000.000000,0.000000,"Known Flow",0.000000,0.000000,2.16999993085665e-07,40.000000,0.579999,1000.000000,0.000000,0.000000,13.000000,0.000000,0.515374,0.579999,,,,7.529478,7.529478,,16.800279,,,,,,903.822387,0.066146,0.000000,0.000000,0.000000,,-459.670013,1000.000000,,0.000000,0.000000,,,,0.047081,"SETFLOW",0.000000,0.997565,0.000000,,,,,"","",,,,7.529478,,0.000000,,0.000000,,,0.000000,0.000000,"",,,0.000000,,-1.000000,,0.000000,0.000000,-1.000000,-1.000000,,,,,,,,,,,"",,,,,,,,,,"Volumetric",,,,,,,,,,-0.025945,,,,,,,,,,-0.025945,-0.000622,,,,,,,,,,,,
"2FB2260F","Nodes",1115716.505297,1676412.366193,1313.064347,"Default Known Flow Node",69.999969,0.579999,1000.000000,0.000000,"Known Flow",0.000000,0.000000,2.16999993085665e-07,40.000000,0.579999,1000.000000,0.000000,0.000000,13.000000,0.000000,0.515374,0.579999,,,,7.539146,7.539146,,16.800279,,,,,,903.822387,0.066146,0.000000,0.000000,0.000000,,-459.670013,1000.000000,,0.000000,0.000000,,,,0.047082,"SETFLOW",0.000000,0.997565,0.000000,,,,,"","",,,,7.539146,,0.000000,,0.000000,,,0.000000,0.000000,"",,,0.000000,,-1.000000,,0.000000,0.000000,-1.000000,-1.000000,,,,,,,,,,,"",,,,,,,,,,"Volumetric",,,,,,,,,,-0.053071,,,,,,,,,,-0.053071,-0.001273,,,,,,,,,,,,
"2FB1A1C2","Nodes",1115600.000000,1676408.500000,1313.064347,"Default Known Flow Node",69.999969,0.579999,1000.000000,0.000000,"Known Flow",0.000000,0.000000,2.16999993085665e-07,40.000000,0.579999,1000.000000,0.000000,0.000000,13.000000,0.000000,0.515374,0.579999,,,,7.537658,7.537658,,16.800279,,,,,,903.822387,0.066146,0.000000,0.000000,0.000000,,-459.670013,1000.000000,,0.000000,0.000000,,,,0.047082,"SETFLOW",0.000000,0.997565,0.000000,,,,,"","",,,,7.537658,,0.000000,,0.000000,,,0.000000,0.000000,"",,,0.000000,,-1.000000,,0.000000,0.000000,-1.000000,-1.000000,,,,,,,,,,,"",,,,,,,,,,"Volumetric",,,,,,,,,,-0.073709,,,,,,,,,,-0.073709,-0.001769,,,,,,,,,,,,
"2FB22613","Nodes",1115935.500000,1676417.620000,1313.064347,"Default Known Flow Node",69.999969,0.579999,1000.000000,0.000000,"Known Flow",0.000000,0.000000,2.16999993085665e-07,40.000000,0.579999,1000.000000,0.000000,0.000000,13.000000,0.000000,0.515374,0.579999,,,,7.506624,7.506624,,16.800279,,,,,,903.822387,0.066146,0.000000,0.000000,0.000000,,-459.670013,1000.000000,,0.000000,0.000000,,,,0.047078,"SETFLOW",0.000000,0.997565,0.000000,,,,,"","",,,,7.506624,,0.000000,,0.000000,,,0.000000,0.000000,"",,,0.000000,,-1.000000,,0.000000,0.000000,-1.000000,-1.000000,,,,,,,,,,,"",,,,,,,,,,"Volumetric",,,,,,,,,,-0.074889,,,,,,,,,,-0.074889,-0.001797,,,,,,,,,,,,
"2FB22610","Nodes",1115844.000000,1676411.500000,1313.064347,"Default Known Flow Node",69.999969,0.579999,1000.000000,0.000000,"Known Flow",0.000000,0.000000,2.16999993085665e-07,40.000000,0.579999,1000.000000,0.000000,0.000000,13.000000,0.000000,0.515374,0.579999,,,,7.523094,7.523094,,16.800279,,,,,,903.822387,0.066146,0.000000,0.000000,0.000000,,-459.670013,1000.000000,,0.000000,0.000000,,,,0.047080,"SETFLOW",0.000000,0.997565,0.000000,,,,,"","",,,,7.523094,,0.000000,,0.000000,,,0.000000,0.000000,"",,,0.000000,,-1.000000,,0.000000,0.000000,-1.000000,-1.000000,,,,,,,,,,,"",,,,,,,,,,"Volumetric",,,,,,,,,,-0.026535,,,,,,,,,,-0.026535,-0.000636,,,,,,,,,,,,
"2FB1A1BD","Nodes",1115744.750000,1676413.750000,1313.064347,"Default Known Flow Node",69.999969,0.579999,1000.000000,0.000000,"Known Flow",0.000000,0.000000,2.16999993085665e-07,40.000000,0.579999,1000.000000,0.000000,0.000000,13.000000,0.000000,0.515374,0.579999,,,,7.539524,7.539524,,16.800279,,,,,,903.822387,0.066146,0.000000,0.000000,0.000000,,-459.670013,1000.000000,,0.000000,0.000000,,,,0.047082,"SETFLOW",0.000000,0.997565,0.000000,,,,,"","",,,,7.539524,,0.000000,,0.000000,,,0.000000,0.000000,"",,,0.000000,,-1.000000,,0.000000,0.000000,-1.000000,-1.000000,,,,,,,,,,,"",,,,,,,,,,"Volumetric",,,,,,,,,,-0.008845,,,,,,,,,,-0.008845,-0.000212,,,,,,,,,,,,
"Q3No621","Nodes",1115727.771218,1676412.918150,1313.064347,"Default Known Flow Node",69.999969,0.579999,1000.000000,0.000000,"Known Flow",0.000000,0.000000,2.16999993085665e-07,40.000000,0.579999,1000.000000,0.000000,0.000000,13.000000,0.000000,0.515374,0.579999,,,,7.539294,7.539294,,16.800279,,,,,,903.822387,0.066146,0.000000,0.000000,0.000000,,-459.670013,1000.000000,,0.000000,0.000000,,,,0.047082,"UNDEFINED",0.000000,0.997565,0.000000,,,,,"","",,,,7.539294,,0.000000,,0.000000,,,0.000000,0.000000,"",,,0.000000,,-1.000000,,0.000000,0.000000,0.000000,-1.000000,,,,,,,,,,,"",,,,,,,,,,"Volumetric",,,,,,,,,,0.000000,,,,,,,,,,0.000000,0.000000,,,,,,,,,,,,
"Q3No620","Nodes",1115760.154189,1676413.882607,1313.064347,"Default Known Flow Node",69.999969,0.579999,1000.000000,0.000000,"Known Flow",0.000000,0.000000,2.16999993085665e-07,40.000000,0.579999,1000.000000,0.000000,0.000000,13.000000,0.000000,0.515374,0.579999,,,,7.539107,7.539107,,16.800279,,,,,,903.822387,0.066146,0.000000,0.000000,0.000000,,-459.670013,1000.000000,,0.000000,0.000000,,,,0.047082,"UNDEFINED",0.000000,0.997565,0.000000,,,,,"","",,,,7.539107,,0.000000,,0.000000,,,0.000000,0.000000,"",,,0.000000,,-1.000000,,0.000000,0.000000,0.000000,-1.000000,,,,,,,,,,,"",,,,,,,,,,"Volumetric",,,,,,,,,,0.000000,,,,,,,,,,0.000000,0.000000,,,,,,,,,,,,
"2FB1A1C0","Nodes",1116082.620000,1676421.500000,1313.064347,"Default Known Flow Node",69.999969,0.579999,1000.000000,0.000000,"Known Flow",0.000000,0.000000,2.16999993085665e-07,40.000000,0.579999,1000.000000,0.000000,0.000000,13.000000,0.000000,0.515374,0.579999,,,,7.479335,7.479335,,16.800279,,,,,,903.822387,0.066146,0.000000,0.000000,0.000000,,-459.670013,1000.000000,,0.000000,0.000000,,,,0.047075,"SETFLOW",0.000000,0.997566,0.000000,,,,,"","",,,,7.479335,,0.000000,,0.000000,,,0.000000,0.000000,"",,,0.000000,,-1.000000,,0.000000,0.000000,-1.000000,-1.000000,,,,,,,,,,,"",,,,,,,,,,"Volumetric",,,,,,,,,,-0.051302,,,,,,,,,,-0.051302,-0.001231,,,,,,,,,,,,
"2FB200C1","Nodes",1116199.750000,1676425.000000,1313.064347,"Default Known Flow Node",69.999969,0.579999,1000.000000,0.000000,"Known Flow",0.000000,0.000000,2.16999993085665e-07,40.000000,0.579999,1000.000000,0.000000,0.000000,13.000000,0.000000,0.515374,0.579999,,,,7.457495,7.457495,,16.800279,,,,,,903.822387,0.066146,0.000000,0.000000,0.000000,,-459.670013,1000.000000,,0.000000,0.000000,,,,0.047073,"SETFLOW",0.000000,0.997566,0.000000,,,,,"","",,,,7.457495,,0.000000,,0.000000,,,0.000000,0.000000,"",,,0.000000,,-1.000000,,0.000000,0.000000,-1.000000,-1.000000,,,,,,,,,,,"",,,,,,,,,,"Volumetric",,,,,,,,,,-0.073709,,,,,,,,,,-0.073709,-0.001769,,,,,,,,,,,,
"2FB1A1B7","Nodes",1115224.000000,1676666.250000,1313.064347,"Default Known Flow Node",69.999969,0.579999,1000.000000,0.000000,"Known Flow",0.000000,0.000000,2.16999993085665e-07,40.000000,0.579999,1000.000000,0.000000,0.000000,13.000000,0.000000,0.515374,0.579999,,,,7.457600,7.457600,,16.800279,,,,,,903.822387,0.066146,0.000000,0.000000,0.000000,,-459.670013,1000.000000,,0.000000,0.000000,,,,0.047073,"SETFLOW",0.000000,0.997566,0.000000,,,,,"","",,,,7.457600,,0.000000,,0.000000,,,0.000000,0.000000,"",,,0.000000,,-1.000000,,0.000000,0.000000,-1.000000,-1.000000,,,,,,,,,,,"",,,,,,,,,,"Volumetric",,,,,,,,,,-0.035970,,,,,,,,,,-0.035970,-0.000863,,,,,,,,,,,,
"2FB214EC","Nodes",1115228.120000,1676666.500000,1313.064347,"Default Known Flow Node",69.999969,0.579999,1000.000000,0.000000,"Known Flow",0.000000,0.000000,2.16999993085665e-07,40.000000,0.579999,1000.000000,0.000000,0.000000,13.000000,0.000000,0.515374,0.579999,,,,7.457967,7.457967,,16.800279,,,,,,903.822387,0.066146,0.000000,0.000000,0.000000,,-459.670013,1000.000000,,0.000000,0.000000,,,,0.047073,"SETFLOW",0.000000,0.997566,0.000000,,,,,"","",,,,7.457967,,0.000000,,0.000000,,,0.000000,0.000000,"",,,0.000000,,-1.000000,,0.000000,0.000000,-1.000000,-1.000000,,,,,,,,,,,"",,,,,,,,,,"Volumetric",,,,,,,,,,-0.144471,,,,,,,,,,-0.144471,-0.003467,,,,,,,,,,,,
"2FB214ED","Nodes",1115469.750000,1676674.000000,1313.064347,"Default Known Flow Node",69.999969,0.579999,1000.000000,0.000000,"Known Flow",0.000000,0.000000,2.16999993085665e-07,40.000000,0.579999,1000.000000,0.000000,0.000000,13.000000,0.000000,0.515374,0.579999,,,,7.498912,7.498912,,16.800279,,,,,,903.822387,0.066146,0.000000,0.000000,0.000000,,-459.670013,1000.000000,,0.000000,0.000000,,,,0.047078,"SETFLOW",0.000000,0.997565,0.000000,,,,,"","",,,,7.498912,,0.000000,,0.000000,,,0.000000,0.000000,"",,,0.000000,,-1.000000,,0.000000,0.000000,-1.000000,-1.000000,,,,,,,,,,,"",,,,,,,,,,"Volumetric",,,,,,,,,,-0.182800,,,,,,,,,,-0.182800,-0.004387,,,,,,,,,,,,
"2FB1A1BF","Nodes",1115223.870000,1676668.750000,1313.064347,"Default Known Flow Node",69.999969,0.579999,1000.000000,0.000000,"Known Flow",0.000000,0.000000,2.16999993085665e-07,40.000000,0.579999,1000.000000,0.000000,0.000000,13.000000,0.000000,0.515374,0.579999,,,,7.457581,7.457581,,16.800279,,,,,,903.822387,0.066146,0.000000,0.000000,0.000000,,-459.670013,1000.000000,,0.000000,0.000000,,,,0.047073,"UNDEFINED",0.000000,0.997566,0.000000,,,,,"","",,,,7.457581,,0.000000,,0.000000,,,0.000000,0.000000,"",,,0.000000,,-1.000000,,0.000000,0.000000,-1.000000,-1.000000,,,,,,,,,,,"",,,,,,,,,,"Volumetric",,,,,,,,,,0.000000,,,,,,,,,,0.000000,0.000000,,,,,,,,,,,,
"2FB1A1B3","Nodes",1115473.370000,1676674.120000,1313.064347,"Default Known Flow Node",69.999969,0.579999,1000.000000,0.000000,"Known Flow",0.000000,0.000000,2.16999993085665e-07,40.000000,0.579999,1000.000000,0.000000,0.000000,13.000000,0.000000,0.515374,0.579999,,,,7.499619,7.499619,,16.800279,,,,,,903.822387,0.066146,0.000000,0.000000,0.000000,,-459.670013,1000.000000,,0.000000,0.000000,,,,0.047078,"SETFLOW",0.000000,0.997565,0.000000,,,,,"","",,,,7.499619,,0.000000,,0.000000,,,0.000000,0.000000,"",,,0.000000,,-1.000000,,0.000000,0.000000,-1.000000,-1.000000,,,,,,,,,,,"",,,,,,,,,,"Volumetric",,,,,,,,,,-0.025945,,,,,,,,,,-0.025945,-0.000622,,,,,,,,,,,,
"2FB1A1B4","Nodes",1115521.620000,1676675.620000,1313.064347,"Default Known Flow Node",69.999969,0.579999,1000.000000,0.000000,"Known Flow",0.000000,0.000000,2.16999993085665e-07,40.000000,0.579999,1000.000000,0.000000,0.000000,13.000000,0.000000,0.515374,0.579999,,,,7.505596,7.505596,,16.800279,,,,,,903.822387,0.066146,0.000000,0.000000,0.000000,,-459.670013,1000.000000,,0.000000,0.000000,,,,0.047078,"SETFLOW",0.000000,0.997565,0.000000,,,,,"","",,,,7.505596,,0.000000,,0.000000,,,0.000000,0.000000,"",,,0.000000,,-1.000000,,0.000000,0.000000,-1.000000,-1.000000,,,,,,,,,,,"",,,,,,,,,,"Volumetric",,,,,,,,,,-0.141522,,,,,,,,,,-0.141522,-0.003396,,,,,,,,,,,,
"2FB1A1B6","Nodes",1115729.870000,1676682.250000,1313.064347,"Default Known Flow Node",69.999969,0.579999,1000.000000,0.000000,"Known Flow",0.000000,0.000000,2.16999993085665e-07,40.000000,0.579999,1000.000000,0.000000,0.000000,13.000000,0.000000,0.515374,0.579999,,,,7.539606,7.539606,,16.800279,,,,,,903.822387,0.066146,0.000000,0.000000,0.000000,,-459.670013,1000.000000,,0.000000,0.000000,,,,0.047082,"SETFLOW",0.000000,0.997565,0.000000,,,,,"","",,,,7.539606,,0.000000,,0.000000,,,0.000000,0.000000,"",,,0.000000,,-1.000000,,0.000000,0.000000,-1.000000,-1.000000,,,,,,,,,,,"",,,,,,,,,,"Volumetric",,,,,,,,,,-0.194594,,,,,,,,,,-0.194594,-0.004670,,,,,,,,,,,,
"2FB28351","Nodes",1115473.250000,1676678.620000,1313.064347,"Default Known Flow Node",69.999969,0.579999,1000.000000,0.000000,"Known Flow",0.000000,0.000000,2.16999993085665e-07,40.000000,0.579999,1000.000000,0.000000,0.000000,13.000000,0.000000,0.515374,0.579999,,,,7.499658,7.499658,,16.800279,,,,,,903.822387,0.066146,0.000000,0.000000,0.000000,,-459.670013,1000.000000,,0.000000,0.000000,,,,0.047078,"UNDEFINED",0.000000,0.997565,0.000000,,,,,"","",,,,7.499658,,0.000000,,0.000000,,,0.000000,0.000000,"",,,0.000000,,-1.000000,,0.000000,0.000000,-1.000000,-1.000000,,,,,,,,,,,"",,,,,,,,,,"Volumetric",,,,,,,,,,0.000000,,,,,,,,,,0.000000,0.000000,,,,,,,,,,,,
"2FB1A1B2","Nodes",1115752.120000,1676683.120000,1313.064347,"Default Known Flow Node",69.999969,0.579999,1000.000000,0.000000,"Known Flow",0.000000,0.000000,2.16999993085665e-07,40.000000,0.579999,1000.000000,0.000000,0.000000,13.000000,0.000000,0.515374,0.579999,,,,7.531103,7.531103,,16.800279,,,,,,903.822387,0.066146,0.000000,0.000000,0.000000,,-459.670013,1000.000000,,0.000000,0.000000,,,,0.047081,"SETFLOW",0.000000,0.997565,0.000000,,,,,"","",,,,7.531103,,0.000000,,0.000000,,,0.000000,0.000000,"",,,0.000000,,-1.000000,,0.000000,0.000000,-1.000000,-1.000000,,,,,,,,,,,"",,,,,,,,,,"Volumetric",,,,,,,,,,-0.173955,,,,,,,,,,-0.173955,-0.004174,,,,,,,,,,,,
"2FB1A1B5","Nodes",1115980.370000,1676689.250000,1313.064347,"Default Known Flow Node",69.999969,0.579999,1000.000000,0.000000,"Known Flow",0.000000,0.000000,2.16999993085665e-07,40.000000,0.579999,1000.000000,0.000000,0.000000,13.000000,0.000000,0.515374,0.579999,,,,7.434356,7.434356,,16.800279,,,,,,903.822387,0.066146,0.000000,0.000000,0.000000,,-459.670013,1000.000000,,0.000000,0.000000,,,,0.047070,"SETFLOW",0.000000,0.997566,0.000000,,,,,"","",,,,7.434356,,0.000000,,0.000000,,,0.000000,0.000000,"",,,0.000000,,-1.000000,,0.000000,0.000000,-1.000000,-1.000000,,,,,,,,,,,"",,,,,,,,,,"Volumetric",,,,,,,,,,-0.155085,,,,,,,,,,-0.155085,-0.003722,,,,,,,,,,,,
"2FB1A1B0","Nodes",1115987.250000,1676700.500000,1313.064347,"Default Known Flow Node",69.999969,0.579999,1000.000000,0.000000,"Known Flow",0.000000,0.000000,2.16999993085665e-07,40.000000,0.579999,1000.000000,0.000000,0.000000,13.000000,0.000000,0.515374,0.579999,,,,7.434270,7.434270,,16.800279,,,,,,903.822387,0.066146,0.000000,0.000000,0.000000,,-459.670013,1000.000000,,0.000000,0.000000,,,,0.047070,"SETFLOW",0.000000,0.997566,0.000000,,,,,"","",,,,7.434270,,0.000000,,0.000000,,,0.000000,0.000000,"",,,0.000000,,-1.000000,,0.000000,0.000000,-1.000000,-1.000000,,,,,,,,,,,"",,,,,,,,,,"Volumetric",,,,,,,,,,-0.053071,,,,,,,,,,-0.053071,-0.001273,,,,,,,,,,,,
"2FB1A1B1","Nodes",1115994.500000,1676689.750000,1313.064347,"Default Known Flow Node",69.999969,0.579999,1000.000000,0.000000,"Known Flow",0.000000,0.000000,2.16999993085665e-07,40.000000,0.579999,1000.000000,0.000000,0.000000,13.000000,0.000000,0.515373,0.579999,,,,7.430098,7.430098,,16.800279,,,,,,903.822387,0.066146,0.000000,0.000000,0.000000,,-459.670013,1000.000000,,0.000000,0.000000,,,,0.047070,"SETFLOW",0.000000,0.997566,0.000000,,,,,"","",,,,7.430098,,0.000000,,0.000000,,,0.000000,0.000000,"",,,0.000000,,-1.000000,,0.000000,0.000000,-1.000000,-1.000000,,,,,,,,,,,"",,,,,,,,,,"Volumetric",,,,,,,,,,-0.105552,,,,,,,,,,-0.105552,-0.002533,,,,,,,,,,,,
"2FB1A1AF","Nodes",1116151.370000,1676694.500000,1313.064347,"Default Known Flow Node",69.999969,0.579999,1000.000000,0.000000,"Known Flow",0.000000,0.000000,2.16999993085665e-07,40.000000,0.579999,1000.000000,0.000000,0.000000,13.000000,0.000000,0.515373,0.579999,,,,7.399809,7.399809,,16.800279,,,,,,903.822387,0.066146,0.000000,0.000000,0.000000,,-459.670013,1000.000000,,0.000000,0.000000,,,,0.047066,"SETFLOW",0.000000,0.997566,0.000000,,,,,"","",,,,7.399809,,0.000000,,0.000000,,,0.000000,0.000000,"",,,0.000000,,-1.000000,,0.000000,0.000000,-1.000000,-1.000000,,,,,,,,,,,"",,,,,,,,,,"Volumetric",,,,,,,,,,-0.147419,,,,,,,,,,-0.147419,-0.003538,,,,,,,,,,,,
"2FB200C2","Nodes",1116199.000000,1676695.870000,1313.064347,"Default Known Flow Node",69.999969,0.579999,1000.000000,0.000000,"Known Flow",0.000000,0.000000,2.16999993085665e-07,40.000000,0.579999,1000.000000,0.000000,0.000000,13.000000,0.000000,0.515373,0.579999,,,,7.392614,7.392614,,16.800279,,,,,,903.822387,0.066146,0.000000,0.000000,0.000000,,-459.670013,1000.000000,,0.000000,0.000000,,,,0.047065,"UNDEFINED",0.000000,0.997566,0.000000,,,,,"","",,,,7.392614,,0.000000,,0.000000,,,0.000000,0.000000,"",,,0.000000,,-1.000000,,0.000000,0.000000,-1.000000,-1.000000,,,,,,,,,,,"",,,,,,,,,,"Volumetric",,,,,,,,,,0.000000,,,,,,,,,,0.000000,0.000000,,,,,,,,,,,,
"2FB200C3","Nodes",1115986.000000,1676722.500000,1313.064347,"Default Known Flow Node",69.999969,0.579999,1000.000000,0.000000,"Known Flow",0.000000,0.000000,2.16999993085665e-07,40.000000,0.579999,1000.000000,0.000000,0.000000,13.000000,0.000000,0.515374,0.579999,,,,7.434225,7.434225,,16.800279,,,,,,903.822387,0.066146,0.000000,0.000000,0.000000,,-459.670013,1000.000000,,0.000000,0.000000,,,,0.047070,"SETFLOW",0.000000,0.997566,0.000000,,,,,"","",,,,7.434225,,0.000000,,0.000000,,,0.000000,0.000000,"",,,0.000000,,-1.000000,,0.000000,0.000000,-1.000000,-1.000000,,,,,,,,,,,"",,,,,,,,,,"Volumetric",,,,,,,,,,-0.072530,,,,,,,,,,-0.072530,-0.001740,,,,,,,,,,,,
"2FB28352","Nodes",1115472.000000,1676705.370000,1313.064347,"Default Known Flow Node",69.999969,0.579999,1000.000000,0.000000,"Known Flow",0.000000,0.000000,2.16999993085665e-07,40.000000,0.579999,1000.000000,0.000000,0.000000,13.000000,0.000000,0.515374,0.579999,,,,7.499996,7.499996,,16.800279,,,,,,903.822387,0.066146,0.000000,0.000000,0.000000,,-459.670013,1000.000000,,0.000000,0.000000,,,,0.047078,"SETFLOW",0.000000,0.997565,0.000000,,,,,"","",,,,7.499996,,0.000000,,0.000000,,,0.000000,0.000000,"",,,0.000000,,-1.000000,,0.000000,0.000000,-1.000000,-1.000000,,,,,,,,,,,"",,,,,,,,,,"Volumetric",,,,,,,,,,-0.198721,,,,,,,,,,-0.198721,-0.004769,,,,,,,,,,,,
"2FB200C4","Nodes",1115717.870000,1676898.750000,1313.064347,"Default Known Flow Node",69.999969,0.579999,1000.000000,0.000000,"Known Flow",0.000000,0.000000,2.16999993085665e-07,40.000000,0.579999,1000.000000,0.000000,0.000000,13.000000,0.000000,0.515374,0.579999,,,,7.574538,7.574538,,16.800279,,,,,,903.822387,0.066146,0.000000,0.000000,0.000000,,-459.670013,1000.000000,,0.000000,0.000000,,,,0.047086,"SETFLOW",0.000000,0.997565,0.000000,,,,,"","",,,,7.574538,,0.000000,,0.000000,,,0.000000,0.000000,"",,,0.000000,,-1.000000,,0.000000,0.000000,-1.000000,-1.000000,,,,,,,,,,,"",,,,,,,,,,"Volumetric",,,,,,,,,,-0.330809,,,,,,,,,,-0.330809,-0.007939,,,,,,,,,,,,
"2FB200C5","Nodes",1115461.500000,1676899.000000,1313.064347,"Default Known Flow Node",69.999969,0.579999,1000.000000,0.000000,"Known Flow",0.000000,0.000000,2.16999993085665e-07,40.000000,0.579999,1000.000000,0.000000,0.000000,13.000000,0.000000,0.515374,0.579999,,,,7.505194,7.505194,,16.800279,,,,,,903.822387,0.066146,0.000000,0.000000,0.000000,,-459.670013,1000.000000,,0.000000,0.000000,,,,0.047078,"SETFLOW",0.000000,0.997565,0.000000,,,,,"","",,,,7.505194,,0.000000,,0.000000,,,0.000000,0.000000,"",,,0.000000,,-1.000000,,0.000000,0.000000,-1.000000,-1.000000,,,,,,,,,,,"",,,,,,,,,,"Volumetric",,,,,,,,,,-0.264176,,,,,,,,,,-0.264176,-0.006340,,,,,,,,,,,,
"2FB200C6","Nodes",1115212.000000,1676899.250000,1313.064347,"Default Known Flow Node",69.999969,0.579999,1000.000000,0.000000,"Known Flow",0.000000,0.000000,2.16999993085665e-07,40.000000,0.579999,1000.000000,0.000000,0.000000,13.000000,0.000000,0.515374,0.579999,,,,7.455422,7.455422,,16.800279,,,,,,903.822387,0.066146,0.000000,0.000000,0.000000,,-459.670013,1000.000000,,0.000000,0.000000,,,,0.047073,"SETFLOW",0.000000,0.997566,0.000000,,,,,"","",,,,7.455422,,0.000000,,0.000000,,,0.000000,0.000000,"",,,0.000000,,-1.000000,,0.000000,0.000000,-1.000000,-1.000000,,,,,,,,,,,"",,,,,,,,,,"Volumetric",,,,,,,,,,-0.048943,,,,,,,,,,-0.048943,-0.001174,,,,,,,,,,,,
"2FB1AA94","Nodes",1115209.370000,1676953.620000,1313.064347,"Default Known Flow Node",69.999969,0.579999,1000.000000,0.000000,"Known Flow",0.000000,0.000000,2.16999993085665e-07,40.000000,0.579999,1000.000000,0.000000,0.000000,13.000000,0.000000,0.515374,0.579999,,,,7.455045,7.455045,,16.800279,,,,,,903.822387,0.066146,0.000000,0.000000,0.000000,,-459.670013,1000.000000,,0.000000,0.000000,,,,0.047073,"SETFLOW",0.000000,0.997566,0.000000,,,,,"","",,,,7.455045,,0.000000,,0.000000,,,0.000000,0.000000,"",,,0.000000,,-1.000000,,0.000000,0.000000,-1.000000,-1.000000,,,,,,,,,,,"",,,,,,,,,,"Volumetric",,,,,,,,,,-0.094348,,,,,,,,,,-0.094348,-0.002264,,,,,,,,,,,,
"2FB1AA73","Nodes",1115458.000000,1676959.000000,1313.064347,"Default Known Flow Node",69.999969,0.579999,1000.000000,0.000000,"Known Flow",0.000000,0.000000,2.16999993085665e-07,40.000000,0.579999,1000.000000,0.000000,0.000000,13.000000,0.000000,0.515374,0.579999,,,,7.510135,7.510135,,16.800279,,,,,,903.822387,0.066146,0.000000,0.000000,0.000000,,-459.670013,1000.000000,,0.000000,0.000000,,,,0.047079,"SETFLOW",0.000000,0.997565,0.000000,,,,,"","",,,,7.510135,,0.000000,,0.000000,,,0.000000,0.000000,"",,,0.000000,,-1.000000,,0.000000,0.000000,-1.000000,-1.000000,,,,,,,,,,,"",,,,,,,,,,"Volumetric",,,,,,,,,,-0.178083,,,,,,,,,,-0.178083,-0.004273,,,,,,,,,,,,
"2FB1AA71","Nodes",1115984.620000,1676744.500000,1313.064347,"Default Known Flow Node",69.999969,0.579999,1000.000000,0.000000,"Known Flow",0.000000,0.000000,2.16999993085665e-07,40.000000,0.579999,1000.000000,0.000000,0.000000,13.000000,0.000000,0.515374,0.579999,,,,7.434253,7.434253,,16.800279,,,,,,903.822387,0.066146,0.000000,0.000000,0.000000,,-459.670013,1000.000000,,0.000000,0.000000,,,,0.047070,"SETFLOW",0.000000,0.997566,0.000000,,,,,"","",,,,7.434253,,0.000000,,0.000000,,,0.000000,0.000000,"",,,0.000000,,-1.000000,,0.000000,0.000000,-1.000000,-1.000000,,,,,,,,,,,"",,,,,,,,,,"Volumetric",,,,,,,,,,-0.055429,,,,,,,,,,-0.055429,-0.001330,,,,,,,,,,,,
"2FB1A0B2","Nodes",1115983.750000,1676760.750000,1313.064347,"Default Known Flow Node",69.999969,0.579999,1000.000000,0.000000,"Known Flow",0.000000,0.000000,2.16999993085665e-07,40.000000,0.579999,1000.000000,0.000000,0.000000,13.000000,0.000000,0.515374,0.579999,,,,7.434269,7.434269,,16.800279,,,,,,903.822387,0.066146,0.000000,0.000000,0.000000,,-459.670013,1000.000000,,0.000000,0.000000,,,,0.047070,"SETFLOW",0.000000,0.997566,0.000000,,,,,"","",,,,7.434269,,0.000000,,0.000000,,,0.000000,0.000000,"",,,0.000000,,-1.000000,,0.000000,0.000000,-1.000000,-1.000000,,,,,,,,,,,"",,,,,,,,,,"Volumetric",,,,,,,,,,-0.055429,,,,,,,,,,-0.055429,-0.001330,,,,,,,,,,,,
"2FB1AA74","Nodes",1115450.620000,1677093.370000,1313.064347,"Default Known Flow Node",69.999969,0.579999,1000.000000,0.000000,"Known Flow",0.000000,0.000000,2.16999993085665e-07,40.000000,0.579999,1000.000000,0.000000,0.000000,13.000000,0.000000,0.515374,0.579999,,,,7.527318,7.527318,,16.800279,,,,,,903.822387,0.066146,0.000000,0.000000,0.000000,,-459.670013,1000.000000,,0.000000,0.000000,,,,0.047081,"SETFLOW",0.000000,0.997565,0.000000,,,,,"","",,,,7.527318,,0.000000,,0.000000,,,0.000000,0.000000,"",,,0.000000,,-1.000000,,0.000000,0.000000,-1.000000,-1.000000,,,,,,,,,,,"",,,,,,,,,,"Volumetric",,,,,,,,,,-0.321964,,,,,,,,,,-0.321964,-0.007727,,,,,,,,,,,,
"2FB1A0B6","Nodes",1115199.750000,1677169.000000,1313.064347,"Default Known Flow Node",69.999969,0.579999,1000.000000,0.000000,"Known Flow",0.000000,0.000000,2.16999993085665e-07,40.000000,0.579999,1000.000000,0.000000,0.000000,13.000000,0.000000,0.515374,0.579999,,,,7.454431,7.454431,,16.800279,,,,,,903.822387,0.066146,0.000000,0.000000,0.000000,,-459.670013,1000.000000,,0.000000,0.000000,,,,0.047072,"SETFLOW",0.000000,0.997566,0.000000,,,,,"","",,,,7.454431,,0.000000,,0.000000,,,0.000000,0.000000,"",,,0.000000,,-1.000000,,0.000000,0.000000,-1.000000,-1.000000,,,,,,,,,,,"",,,,,,,,,,"Volumetric",,,,,,,,,,-0.062506,,,,,,,,,,-0.062506,-0.001500,,,,,,,,,,,,
"2FB1AA72","Nodes",1115702.500000,1677206.370000,1313.064347,"Default Known Flow Node",69.999969,0.579999,1000.000000,0.000000,"Known Flow",0.000000,0.000000,2.16999993085665e-07,40.000000,0.579999,1000.000000,0.000000,0.000000,13.000000,0.000000,0.515375,0.579999,,,,7.634853,7.634853,,16.800279,,,,,,903.822387,0.066146,0.000000,0.000000,0.000000,,-459.670013,1000.000000,,0.000000,0.000000,,,,0.047093,"SETFLOW",0.000000,0.997565,0.000000,,,,,"","",,,,7.634853,,0.000000,,0.000000,,,0.000000,0.000000,"",,,0.000000,,-1.000000,,0.000000,0.000000,-1.000000,-1.000000,,,,,,,,,,,"",,,,,,,,,,"Volumetric",,,,,,,,,,-0.672234,,,,,,,,,,-0.672234,-0.016133,,,,,,,,,,,,
"2FB1A0B5","Nodes",1115436.620000,1677364.620000,1313.064347,"Default Known Flow Node",69.999969,0.579999,1000.000000,0.000000,"Known Flow",0.000000,0.000000,2.16999993085665e-07,40.000000,0.579999,1000.000000,0.000000,0.000000,13.000000,0.000000,0.515374,0.579999,,,,7.587523,7.587523,,16.800279,,,,,,903.822387,0.066146,0.000000,0.000000,0.000000,,-459.670013,1000.000000,,0.000000,0.000000,,,,0.047088,"SETFLOW",0.000000,0.997565,0.000000,,,,,"","",,,,7.587523,,0.000000,,0.000000,,,0.000000,0.000000,"",,,0.000000,,-1.000000,,0.000000,0.000000,-1.000000,-1.000000,,,,,,,,,,,"",,,,,,,,,,"Volumetric",,,,,,,,,,-0.367959,,,,,,,,,,-0.367959,-0.008831,,,,,,,,,,,,
"2FB1AA95","Nodes",1115433.250000,1677364.500000,1313.064347,"Default Known Flow Node",69.999969,0.579999,1000.000000,0.000000,"Known Flow",0.000000,0.000000,2.16999993085665e-07,40.000000,0.579999,1000.000000,0.000000,0.000000,13.000000,0.000000,0.515374,0.579999,,,,7.587523,7.587523,,16.800279,,,,,,903.822387,0.066146,0.000000,0.000000,0.000000,,-459.670013,1000.000000,,0.000000,0.000000,,,,0.047088,"UNDEFINED",0.000000,0.997565,0.000000,,,,,"","",,,,7.587523,,0.000000,,0.000000,,,0.000000,0.000000,"",,,0.000000,,-1.000000,,0.000000,0.000000,-1.000000,-1.000000,,,,,,,,,,,"",,,,,,,,,,"Volumetric",,,,,,,,,,0.000000,,,,,,,,,,0.000000,0.000000,,,,,,,,,,,,
"2FB1AA6D","Nodes",1115450.750000,1677365.500000,1313.064347,"Default Known Flow Node",69.999969,0.579999,1000.000000,0.000000,"Known Flow",0.000000,0.000000,2.16999993085665e-07,40.000000,0.579999,1000.000000,0.000000,0.000000,13.000000,0.000000,0.515374,0.579999,,,,7.592504,7.592504,,16.800279,,,,,,903.822387,0.066146,0.000000,0.000000,0.000000,,-459.670013,1000.000000,,0.000000,0.000000,,,,0.047088,"SETFLOW",0.000000,0.997565,0.000000,,,,,"","",,,,7.592504,,0.000000,,0.000000,,,0.000000,0.000000,"",,,0.000000,,-1.000000,,0.000000,0.000000,-1.000000,-1.000000,,,,,,,,,,,"",,,,,,,,,,"Volumetric",,,,,,,,,,-0.051089,,,,,,,,,,-0.051089,-0.001226,,,,,,,,,,,,
"2FB1AA6C","Nodes",1115689.620000,1677378.370000,1313.064347,"Default Known Flow Node",69.999969,0.579999,1000.000000,0.000000,"Known Flow",0.000000,0.000000,2.16999993085665e-07,40.000000,0.579999,1000.000000,0.000000,0.000000,13.000000,0.000000,0.515375,0.579999,,,,7.682882,7.682882,,16.800279,,,,,,903.822387,0.066146,0.000000,0.000000,0.000000,,-459.670013,1000.000000,,0.000000,0.000000,,,,0.047098,"SETFLOW",0.000000,0.997564,0.000000,,,,,"","",,,,7.682882,,0.000000,,0.000000,,,0.000000,0.000000,"",,,0.000000,,-1.000000,,0.000000,0.000000,-1.000000,-1.000000,,,,,,,,,,,"",,,,,,,,,,"Volumetric",,,,,,,,,,-0.046363,,,,,,,,,,-0.046363,-0.001112,,,,,,,,,,,,
"2FB1A0B4","Nodes",1115693.750000,1677378.620000,1313.064347,"Default Known Flow Node",69.999969,0.579999,1000.000000,0.000000,"Known Flow",0.000000,0.000000,2.16999993085665e-07,40.000000,0.579999,1000.000000,0.000000,0.000000,13.000000,0.000000,0.515375,0.579999,,,,7.683124,7.683124,,16.800279,,,,,,903.822387,0.066146,0.000000,0.000000,0.000000,,-459.670013,1000.000000,,0.000000,0.000000,,,,0.047098,"SETFLOW",0.000000,0.997564,0.000000,,,,,"","",,,,7.683124,,0.000000,,0.000000,,,0.000000,0.000000,"",,,0.000000,,-1.000000,,0.000000,0.000000,-1.000000,-1.000000,,,,,,,,,,,"",,,,,,,,,,"Volumetric",,,,,,,,,,-0.410565,,,,,,,,,,-0.410565,-0.009853,,,,,,,,,,,,
"2FB1AA6B","Nodes",1115698.000000,1677378.750000,1313.064347,"Default Known Flow Node",69.999969,0.579999,1000.000000,0.000000,"Known Flow",0.000000,0.000000,2.16999993085665e-07,40.000000,0.579999,1000.000000,0.000000,0.000000,13.000000,0.000000,0.515375,0.579999,,,,7.682530,7.682530,,16.800279,,,,,,903.822387,0.066146,0.000000,0.000000,0.000000,,-459.670013,1000.000000,,0.000000,0.000000,,,,0.047098,"UNDEFINED",0.000000,0.997564,0.000000,,,,,"","",,,,7.682530,,0.000000,,0.000000,,,0.000000,0.000000,"",,,0.000000,,-1.000000,,0.000000,0.000000,-1.000000,-1.000000,,,,,,,,,,,"",,,,,,,,,,"Volumetric",,,,,,,,,,0.000000,,,,,,,,,,0.000000,0.000000,,,,,,,,,,,,
"2FB1AA6E","Nodes",1115941.500000,1677391.500000,1313.064347,"Default Known Flow Node",69.999969,0.579999,1000.000000,0.000000,"Known Flow",0.000000,0.000000,2.16999993085665e-07,40.000000,0.579999,1000.000000,0.000000,0.000000,13.000000,0.000000,0.515374,0.579999,,,,7.447950,7.447950,,16.800279,,,,,,903.822387,0.066146,0.000000,0.000000,0.000000,,-459.670013,1000.000000,,0.000000,0.000000,,,,0.047072,"UNDEFINED",0.000000,0.997566,0.000000,,,,,"","",,,,7.447950,,0.000000,,0.000000,,,0.000000,0.000000,"",,,0.000000,,-1.000000,,0.000000,0.000000,-1.000000,-1.000000,,,,,,,,,,,"",,,,,,,,,,"Volumetric",,,,,,,,,,0.000000,,,,,,,,,,0.000000,0.000000,,,,,,,,,,,,
"2FB8DDED","Nodes",1116179.750000,1677402.000000,1313.064347,"Default Known Flow Node",69.999969,0.579999,1000.000000,0.000000,"Known Flow",0.000000,0.000000,2.16999993085665e-07,40.000000,0.579999,1000.000000,0.000000,0.000000,13.000000,0.000000,0.515373,0.579999,,,,7.403550,7.403550,,16.800279,,,,,,903.822387,0.066146,0.000000,0.000000,0.000000,,-459.670013,1000.000000,,0.000000,0.000000,,,,0.047067,"SETFLOW",0.000000,0.997566,0.000000,,,,,"","",,,,7.403550,,0.000000,,0.000000,,,0.000000,0.000000,"",,,0.000000,,-1.000000,,0.000000,0.000000,-1.000000,-1.000000,,,,,,,,,,,"",,,,,,,,,,"Volumetric",,,,,,,,,,-0.597851,,,,,,,,,,-0.597851,-0.014348,,,,,,,,,,,,
"2FB8DDEF","Nodes",1115968.250000,1677390.250000,1313.064347,"Default Known Flow Node",69.999969,0.579999,1000.000000,0.000000,"Known Flow",0.000000,0.000000,2.16999993085665e-07,40.000000,0.579999,1000.000000,0.000000,0.000000,13.000000,0.000000,0.515373,0.579999,,,,7.429023,7.429023,,16.800279,,,,,,903.822387,0.066146,0.000000,0.000000,0.000000,,-459.670013,1000.000000,,0.000000,0.000000,,,,0.047070,"SETFLOW",0.000000,0.997566,0.000000,,,,,"","",,,,7.429023,,0.000000,,0.000000,,,0.000000,0.000000,"",,,0.000000,,-1.000000,,0.000000,0.000000,-1.000000,-1.000000,,,,,,,,,,,"",,,,,,,,,,"Volumetric",,,,,,,,,,-0.520984,,,,,,,,,,-0.520984,-0.012503,,,,,,,,,,,,
"2FB8DDF0","Nodes",1115968.250000,1677391.250000,1313.064347,"Default Known Flow Node",69.999969,0.579999,1000.000000,0.000000,"Known Flow",0.000000,0.000000,2.16999993085665e-07,40.000000,0.579999,1000.000000,0.000000,0.000000,13.000000,0.000000,0.515373,0.579999,,,,7.429023,7.429023,,16.800279,,,,,,903.822387,0.066146,0.000000,0.000000,0.000000,,-459.670013,1000.000000,,0.000000,0.000000,,,,0.047070,"UNDEFINED",0.000000,0.997566,0.000000,,,,,"","",,,,7.429023,,0.000000,,0.000000,,,0.000000,0.000000,"",,,0.000000,,-1.000000,,0.000000,0.000000,-1.000000,-1.000000,,,,,,,,,,,"",,,,,,,,,,"Volumetric",,,,,,,,,,0.000000,,,,,,,,,,0.000000,0.000000,,,,,,,,,,,,
"2FB8DDEB","Nodes",1115957.000000,1677390.620000,1313.064347,"Default Known Flow Node",69.999969,0.579999,1000.000000,0.000000,"Known Flow",0.000000,0.000000,2.16999993085665e-07,40.000000,0.579999,1000.000000,0.000000,0.000000,13.000000,0.000000,0.515373,0.579999,,,,7.430996,7.430996,,16.800279,,,,,,903.822387,0.066146,0.000000,0.000000,0.000000,,-459.670013,1000.000000,,0.000000,0.000000,,,,0.047070,"SETFLOW",0.000000,0.997566,0.000000,,,,,"","",,,,7.430996,,0.000000,,0.000000,,,0.000000,0.000000,"",,,0.000000,,-1.000000,,0.000000,0.000000,-1.000000,-1.000000,,,,,,,,,,,"",,,,,,,,,,"Volumetric",,,,,,,,,,-0.053074,,,,,,,,,,-0.053074,-0.001273,,,,,,,,,,,,
"2FB1A0B3","Nodes",1115952.120000,1677392.000000,1313.064347,"Default Known Flow Node",69.999969,0.579999,1000.000000,0.000000,"Known Flow",0.000000,0.000000,2.16999993085665e-07,40.000000,0.579999,1000.000000,0.000000,0.000000,13.000000,0.000000,0.515374,0.579999,,,,7.435396,7.435396,,16.800279,,,,,,903.822387,0.066146,0.000000,0.000000,0.000000,,-459.670013,1000.000000,,0.000000,0.000000,,,,0.047070,"UNDEFINED",0.000000,0.997566,0.000000,,,,,"","",,,,7.435396,,0.000000,,0.000000,,,0.000000,0.000000,"",,,0.000000,,-1.000000,,0.000000,0.000000,-1.000000,-1.000000,,,,,,,,,,,"",,,,,,,,,,"Volumetric",,,,,,,,,,0.000000,,,,,,,,,,0.000000,0.000000,,,,,,,,,,,,
"2FB1AA6F","Nodes",1115952.500000,1677375.750000,1313.064347,"Default Known Flow Node",69.999969,0.579999,1000.000000,0.000000,"Known Flow",0.000000,0.000000,2.16999993085665e-07,40.000000,0.579999,1000.000000,0.000000,0.000000,13.000000,0.000000,0.515374,0.579999,,,,7.435311,7.435311,,16.800279,,,,,,903.822387,0.066146,0.000000,0.000000,0.000000,,-459.670013,1000.000000,,0.000000,0.000000,,,,0.047070,"UNDEFINED",0.000000,0.997566,0.000000,,,,,"","",,,,7.435311,,0.000000,,0.000000,,,0.000000,0.000000,"",,,0.000000,,-1.000000,,0.000000,0.000000,-1.000000,-1.000000,,,,,,,,,,,"",,,,,,,,,,"Volumetric",,,,,,,,,,0.000000,,,,,,,,,,0.000000,0.000000,,,,,,,,,,,,
"2FB8DDEE","Nodes",1116190.620000,1677401.500000,1313.064347,"Default Known Flow Node",69.999969,0.579999,1000.000000,0.000000,"Known Flow",0.000000,0.000000,2.16999993085665e-07,40.000000,0.579999,1000.000000,0.000000,0.000000,13.000000,0.000000,0.515373,0.579999,,,,7.402831,7.402831,,16.800279,,,,,,903.822387,0.066146,0.000000,0.000000,0.000000,,-459.670013,1000.000000,,0.000000,0.000000,,,,0.047067,"SETFLOW",0.000000,0.997566,0.000000,,,,,"","",,,,7.402831,,0.000000,,0.000000,,,0.000000,0.000000,"",,,0.000000,,-1.000000,,0.000000,0.000000,-1.000000,-1.000000,,,,,,,,,,,"",,,,,,,,,,"Volumetric",,,,,,,,,,-0.482551,,,,,,,,,,-0.482551,-0.011581,,,,,,,,,,,,
"2FB8DDEC","Nodes",1116179.750000,1677401.000000,1313.064347,"Default Known Flow Node",69.999969,0.579999,1000.000000,0.000000,"Known Flow",0.000000,0.000000,2.16999993085665e-07,40.000000,0.579999,1000.000000,0.000000,0.000000,13.000000,0.000000,0.515373,0.579999,,,,7.403550,7.403550,,16.800279,,,,,,903.822387,0.066146,0.000000,0.000000,0.000000,,-459.670013,1000.000000,,0.000000,0.000000,,,,0.047067,"UNDEFINED",0.000000,0.997566,0.000000,,,,,"","",,,,7.403550,,0.000000,,0.000000,,,0.000000,0.000000,"",,,0.000000,,-1.000000,,0.000000,0.000000,-1.000000,-1.000000,,,,,,,,,,,"",,,,,,,,,,"Volumetric",,,,,,,,,,0.000000,,,,,,,,,,0.000000,0.000000,,,,,,,,,,,,
"2FB8DDEA","Nodes",1116194.750000,1677402.500000,1313.064347,"Default Known Flow Node",69.999969,0.579999,1000.000000,0.000000,"Known Flow",0.000000,0.000000,2.16999993085665e-07,40.000000,0.579999,1000.000000,0.000000,0.000000,13.000000,0.000000,0.515373,0.579999,,,,7.402042,7.402042,,16.800279,,,,,,903.822387,0.066146,0.000000,0.000000,0.000000,,-459.670013,1000.000000,,0.000000,0.000000,,,,0.047067,"UNDEFINED",0.000000,0.997566,0.000000,,,,,"","",,,,7.402042,,0.000000,,0.000000,,,0.000000,0.000000,"",,,0.000000,,-1.000000,,0.000000,0.000000,-1.000000,-1.000000,,,,,,,,,,,"",,,,,,,,,,"Volumetric",,,,,,,,,,0.000000,,,,,,,,,,0.000000,0.000000,,,,,,,,,,,,
"2FB22C86","Nodes",1116200.000000,1677403.870000,1313.064347,"Default Known Flow Node",69.999969,0.579999,1000.000000,0.000000,"Known Flow",0.000000,0.000000,2.16999993085665e-07,40.000000,0.579999,1000.000000,0.000000,0.000000,13.000000,0.000000,0.515373,0.579999,,,,7.401309,7.401309,,16.800279,,,,,,903.822387,0.066146,0.000000,0.000000,0.000000,,-459.670013,1000.000000,,0.000000,0.000000,,,,0.047066,"SETFLOW",0.000000,0.997566,0.000000,,,,,"","",,,,7.401309,,0.000000,,0.000000,,,0.000000,0.000000,"",,,0.000000,,-1.000000,,0.000000,0.000000,-1.000000,-1.000000,,,,,,,,,,,"",,,,,,,,,,"Volumetric",,,,,,,,,,-0.070156,,,,,,,,,,-0.070156,-0.001683,,,,,,,,,,,,
"2FB1A0BE","Nodes",1115591.141491,1677903.494229,1313.064347,"Default Known Flow Node",69.999969,0.579999,1000.000000,0.000000,"Known Flow",0.000000,0.000000,2.16999993085665e-07,40.000000,0.579999,1000.000000,0.000000,0.000000,13.000000,0.000000,0.515378,0.579999,,,,8.222674,8.222674,,16.800279,,,,,,903.822387,0.066146,0.000000,0.000000,0.000000,,-459.670013,1000.000000,,0.000000,0.000000,,,,0.047160,"SETFLOW",0.000000,0.997561,0.000000,,,,,"","",,,,8.222674,,0.000000,,0.000000,,,0.000000,0.000000,"",,,0.000000,,-1.000000,,0.000000,0.000000,-1.000000,-1.000000,,,,,,,,,,,"",,,,,,,,,,"Volumetric",,,,,,,,,,-0.024443,,,,,,,,,,-0.024443,-0.000586,,,,,,,,,,,,
"2FBE5F2A","Nodes",1115659.639904,1677906.961281,1313.064347,"Default Known Flow Node",69.999969,0.579999,1000.000000,0.000000,"Known Flow",0.000000,0.000000,2.16999993085665e-07,40.000000,0.579999,1000.000000,0.000000,0.000000,13.000000,0.000000,0.515378,0.579999,,,,8.222695,8.222695,,16.800279,,,,,,903.822387,0.066146,0.000000,0.000000,0.000000,,-459.670013,1000.000000,,0.000000,0.000000,,,,0.047160,"UNDEFINED",0.000000,0.997561,0.000000,,,,,"","",,,,8.222695,,0.000000,,0.000000,,,0.000000,0.000000,"",,,0.000000,"V66280",-1.000000,,0.000000,0.000000,0.000000,-1.000000,,,,,,,,,,,"",,,,,,,,,,"Volumetric",,,,,,,,,,0.000000,,,,,,,,,,0.000000,0.000000,,,,,,,,,,,,
"2FB1AA96","Nodes",1115715.869966,1677906.328872,1313.064347,"Default Known Flow Node",69.999969,0.579999,1000.000000,0.000000,"Known Flow",0.000000,0.000000,2.16999993085665e-07,40.000000,0.579999,1000.000000,0.000000,0.000000,13.000000,0.000000,0.515378,0.579999,,,,8.204496,8.204496,,16.800279,,,,,,903.822387,0.066146,0.000000,0.000000,0.000000,,-459.670013,1000.000000,,0.000000,0.000000,,,,0.047158,"SETFLOW",0.000000,0.997561,0.000000,,,,,"","",,,,8.204496,,0.000000,,0.000000,,,0.000000,0.000000,"",,,0.000000,,-1.000000,,0.000000,0.000000,-1.000000,-1.000000,,,,,,,,,,,"",,,,,,,,,,"Volumetric",,,,,,,,,,-0.003202,,,,,,,,,,-0.003202,-0.000076,,,,,,,,,,,,
"2FB1AA67","Nodes",1115961.750000,1677920.500000,1313.064347,"Default Known Flow Node",69.999969,0.579999,1000.000000,0.000000,"Known Flow",0.000000,0.000000,2.16999993085665e-07,40.000000,0.579999,1000.000000,0.000000,0.000000,13.000000,0.000000,0.515376,0.579999,,,,7.947297,7.947297,,16.800279,,,,,,903.822387,0.066146,0.000000,0.000000,0.000000,,-459.670013,1000.000000,,0.000000,0.000000,,,,0.047128,"SETFLOW",0.000000,0.997563,0.000000,,,,,"","",,,,7.947297,,0.000000,,0.000000,,,0.000000,0.000000,"",,,0.000000,,-1.000000,,0.000000,0.000000,-1.000000,-1.000000,,,,,,,,,,,"",,,,,,,,,,"Volumetric",,,,,,,,,,-0.225128,,,,,,,,,,-0.225128,-0.005403,,,,,,,,,,,,
"2FB22C87","Nodes",1116199.620000,1677933.120000,1313.064347,"Default Known Flow Node",69.999969,0.579999,1000.000000,0.000000,"Known Flow",0.000000,0.000000,2.16999993085665e-07,40.000000,0.579999,1000.000000,0.000000,0.000000,13.000000,0.000000,0.515375,0.579999,,,,7.733133,7.733133,,16.800279,,,,,,903.822387,0.066146,0.000000,0.000000,0.000000,,-459.670013,1000.000000,,0.000000,0.000000,,,,0.047104,"UNDEFINED",0.000000,0.997564,0.000000,,,,,"","",,,,7.733133,,0.000000,,0.000000,,,0.000000,0.000000,"",,,0.000000,,-1.000000,,0.000000,0.000000,-1.000000,-1.000000,,,,,,,,,,,"",,,,,,,,,,"Volumetric",,,,,,,,,,0.000000,,,,,,,,,,0.000000,0.000000,,,,,,,,,,,,
"2FB1A0BA","Nodes",1115667.625570,1677907.441426,1313.064347,"Default Known Flow Node",69.999969,0.579999,1000.000000,0.000000,"Known Flow",0.000000,0.000000,2.16999993085665e-07,40.000000,0.579999,1000.000000,0.000000,0.000000,13.000000,0.000000,0.515378,0.579999,,,,8.222697,8.222697,,16.800279,,,,,,903.822387,0.066146,0.000000,0.000000,0.000000,,-459.670013,1000.000000,,0.000000,0.000000,,,,0.047160,"SETFLOW",0.000000,0.997561,0.000000,,,,,"","",,,,8.222697,,0.000000,,0.000000,,,0.000000,0.000000,"",,,0.000000,,-1.000000,,0.000000,0.000000,-1.000000,-1.000000,,,,,,,,,,,"",,,,,,,,,,"Volumetric",,,,,,,,,,-0.131527,,,,,,,,,,-0.131527,-0.003156,,,,,,,,,,,,
"2FC082E9","Nodes",1115666.513016,1677927.163978,1313.064347,"Default Known Flow Node",69.999969,0.579999,1000.000000,0.000000,"Known Flow",0.000000,0.000000,2.16999993085665e-07,40.000000,0.579999,1000.000000,0.000000,0.000000,13.000000,0.000000,0.515378,0.579999,,,,8.228908,8.228908,,16.800279,,,,,,903.822387,0.066146,0.000000,0.000000,0.000000,,-459.670013,1000.000000,,0.000000,0.000000,,,,0.047160,"UNDEFINED",0.000000,0.997561,0.000000,,,,,"","",,,,8.228908,,0.000000,,0.000000,,,0.000000,0.000000,"",,,0.000000,"V63555",-1.000000,,0.000000,0.000000,0.000000,-1.000000,,,,,,,,,,,"",,,,,,,,,,"Volumetric",,,,,,,,,,0.000000,,,,,,,,,,0.000000,0.000000,,,,,,,,,,,,
"2FB1A0BB","Nodes",1115653.524509,1678163.159248,1313.064347,"Default Known Flow Node",69.999969,0.579999,1000.000000,0.000000,"Known Flow",0.000000,0.000000,2.16999993085665e-07,40.000000,0.579999,1000.000000,0.000000,0.000000,13.000000,0.000000,0.515378,0.579999,,,,8.302407,8.302407,,16.800279,,,,,,903.822387,0.066146,0.000000,0.000000,0.000000,,-459.670013,1000.000000,,0.000000,0.000000,,,,0.047169,"SETFLOW",0.000000,0.997561,0.000000,,,,,"","",,,,8.302407,,0.000000,,0.000000,,,0.000000,0.000000,"",,,0.000000,,-1.000000,,0.000000,0.000000,-1.000000,-1.000000,,,,,,,,,,,"",,,,,,,,,,"Volumetric",,,,,,,,,,-0.003364,,,,,,,,,,-0.003364,-0.000080,,,,,,,,,,,,
"2FC082F1","Nodes",1115641.207825,1678162.721393,1313.064347,"Default Known Flow Node",69.999969,0.579999,1000.000000,0.000000,"Known Flow",0.000000,0.000000,2.16999993085665e-07,40.000000,0.579999,1000.000000,0.000000,0.000000,13.000000,0.000000,0.515378,0.579999,,,,8.302407,8.302407,,16.800279,,,,,,903.822387,0.066146,0.000000,0.000000,0.000000,,-459.670013,1000.000000,,0.000000,0.000000,,,,0.047169,"UNDEFINED",0.000000,0.997561,0.000000,,,,,"","",,,,8.302407,,0.000000,,0.000000,,,0.000000,0.000000,"",,,0.000000,"V63560",-1.000000,,0.000000,0.000000,0.000000,-1.000000,,,,,,,,,,,"",,,,,,,,,,"Volumetric",,,,,,,,,,0.000000,,,,,,,,,,0.000000,0.000000,,,,,,,,,,,,
"2FB20D40","Nodes",1115652.409269,1678183.784133,1313.064347,"Default Known Flow Node",69.999969,0.579999,1000.000000,0.000000,"Known Flow",0.000000,0.000000,2.16999993085665e-07,40.000000,0.579999,1000.000000,0.000000,0.000000,13.000000,0.000000,0.515378,0.579999,,,,8.309927,8.309927,,16.800279,,,,,,903.822387,0.066146,0.000000,0.000000,0.000000,,-459.670013,1000.000000,,0.000000,0.000000,,,,0.047170,"SETFLOW",0.000000,0.997561,0.000000,,,,,"","",,,,8.309927,,0.000000,,0.000000,,,0.000000,0.000000,"",,,0.000000,,-1.000000,,0.000000,0.000000,-1.000000,-1.000000,,,,,,,,,,,"",,,,,,,,,,"Volumetric",,,,,,,,,,-0.004140,,,,,,,,,,-0.004140,-0.000099,,,,,,,,,,,,
"2FB1B8F1","Nodes",1115372.620000,1678406.500000,1313.064347,"Default Known Flow Node",69.999969,0.579999,1000.000000,0.000000,"Known Flow",0.000000,0.000000,2.16999993085665e-07,40.000000,0.579999,1000.000000,0.000000,0.000000,13.000000,0.000000,0.515379,0.579999,,,,8.476717,8.476717,,16.800279,,,,,,903.822387,0.066146,0.000000,0.000000,0.000000,,-459.670013,1000.000000,,0.000000,0.000000,,,,0.047189,"UNDEFINED",0.000000,0.997560,0.000000,,,,,"","",,,,8.476717,,0.000000,,0.000000,,,0.000000,0.000000,"",,,0.000000,,-1.000000,,0.000000,0.000000,-1.000000,-1.000000,,,,,,,,,,,"",,,,,,,,,,"Volumetric",,,,,,,,,,0.000000,,,,,,,,,,0.000000,0.000000,,,,,,,,,,,,
"2FB1B919","Nodes",1115414.250000,1678410.000000,1313.064347,"Default Known Flow Node",69.999969,0.579999,1000.000000,0.000000,"Known Flow",0.000000,0.000000,2.16999993085665e-07,40.000000,0.579999,1000.000000,0.000000,0.000000,13.000000,0.000000,0.515379,0.579999,,,,8.465564,8.465564,,16.800279,,,,,,903.822387,0.066146,0.000000,0.000000,0.000000,,-459.670013,1000.000000,,0.000000,0.000000,,,,0.047187,"UNDEFINED",0.000000,0.997560,0.000000,,,,,"","",,,,8.465564,,0.000000,,0.000000,,,0.000000,0.000000,"",,,0.000000,,-1.000000,,0.000000,0.000000,-1.000000,-1.000000,,,,,,,,,,,"",,,,,,,,,,"Volumetric",,,,,,,,,,0.000000,,,,,,,,,,0.000000,0.000000,,,,,,,,,,,,
"2FB1B918","Nodes",1115420.870000,1678410.620000,1313.064347,"Default Known Flow Node",69.999969,0.579999,1000.000000,0.000000,"Known Flow",0.000000,0.000000,2.16999993085665e-07,40.000000,0.579999,1000.000000,0.000000,0.000000,13.000000,0.000000,0.515379,0.579999,,,,8.463706,8.463706,,16.800279,,,,,,903.822387,0.066146,0.000000,0.000000,0.000000,,-459.670013,1000.000000,,0.000000,0.000000,,,,0.047187,"SETFLOW",0.000000,0.997560,0.000000,,,,,"","",,,,8.463706,,0.000000,,0.000000,,,0.000000,0.000000,"",,,0.000000,,-1.000000,,0.000000,0.000000,-1.000000,-1.000000,,,,,,,,,,,"",,,,,,,,,,"Volumetric",,,,,,,,,,-0.004072,,,,,,,,,,-0.004072,-0.000097,,,,,,,,,,,,
"2FB1B91A","Nodes",1115373.370000,1678410.000000,1313.064347,"Default Known Flow Node",69.999969,0.579999,1000.000000,0.000000,"Known Flow",0.000000,0.000000,2.16999993085665e-07,40.000000,0.579999,1000.000000,0.000000,0.000000,13.000000,0.000000,0.515379,0.579999,,,,8.477795,8.477795,,16.800279,,,,,,903.822387,0.066146,0.000000,0.000000,0.000000,,-459.670013,1000.000000,,0.000000,0.000000,,,,0.047189,"SETFLOW",0.000000,0.997560,0.000000,,,,,"","",,,,8.477795,,0.000000,,0.000000,,,0.000000,0.000000,"",,,0.000000,,-1.000000,,0.000000,0.000000,-1.000000,-1.000000,,,,,,,,,,,"",,,,,,,,,,"Volumetric",,,,,,,,,,-0.000509,,,,,,,,,,-0.000509,-0.000012,,,,,,,,,,,,
"2FBA3BCE","Nodes",1115641.968508,1678420.650313,1313.064347,"Default Known Flow Node",69.999969,0.579999,1000.000000,0.000000,"Known Flow",0.000000,0.000000,2.16999993085665e-07,40.000000,0.579999,1000.000000,0.000000,0.000000,13.000000,0.000000,0.515379,0.579999,,,,8.410131,8.410131,,16.800279,,,,,,903.822387,0.066146,0.000000,0.000000,0.000000,,-459.670013,1000.000000,,0.000000,0.000000,,,,0.047181,"UNDEFINED",0.000000,0.997560,0.000000,,,,,"","",,,,8.410131,,0.000000,,0.000000,,,0.000000,0.000000,"",,,0.000000,,-1.000000,,0.000000,0.000000,0.000000,-1.000000,,,,,,,,,,,"",,,,,,,,,,"Volumetric",,,,,,,,,,0.000000,,,,,,,,,,0.000000,0.000000,,,,,,,,,,,,
"2FBA3BCC","Nodes",1115620.005451,1678419.354012,1313.064347,"Default Known Flow Node",69.999969,0.579999,1000.000000,0.000000,"Known Flow",0.000000,0.000000,2.16999993085665e-07,40.000000,0.579999,1000.000000,0.000000,0.000000,13.000000,0.000000,0.515379,0.579999,,,,8.410188,8.410188,,16.800279,,,,,,903.822387,0.066146,0.000000,0.000000,0.000000,,-459.670013,1000.000000,,0.000000,0.000000,,,,0.047181,"SETFLOW",0.000000,0.997560,0.000000,,,,,"","",,,,8.410188,,0.000000,,0.000000,,,0.000000,0.000000,"",,,0.000000,,-1.000000,,0.000000,0.000000,-1.000000,-1.000000,,,,,,,,,,,"",,,,,,,,,,"Volumetric",,,,,,,,,,-0.003385,,,,,,,,,,-0.003385,-0.000081,,,,,,,,,,,,
"2FB1B8ED","Nodes",1115905.500000,1678437.870000,1313.064347,"Default Known Flow Node",69.999969,0.579999,1000.000000,0.000000,"Known Flow",0.000000,0.000000,2.16999993085665e-07,40.000000,0.579999,1000.000000,0.000000,0.000000,13.000000,0.000000,0.515379,0.579999,,,,8.359466,8.359466,,16.800279,,,,,,903.822387,0.066146,0.000000,0.000000,0.000000,,-459.670013,1000.000000,,0.000000,0.000000,,,,0.047175,"SETFLOW",0.000000,0.997560,0.000000,,,,,"","",,,,8.359466,,0.000000,,0.000000,,,0.000000,0.000000,"",,,0.000000,,-1.000000,,0.000000,0.000000,-1.000000,-1.000000,,,,,,,,,,,"",,,,,,,,,,"Volumetric",,,,,,,,,,-0.001163,,,,,,,,,,-0.001163,-0.000027,,,,,,,,,,,,
"2FB1B914","Nodes",1115711.186707,1678427.687353,1313.064347,"Default Known Flow Node",69.999969,0.579999,1000.000000,0.000000,"Known Flow",0.000000,0.000000,2.16999993085665e-07,40.000000,0.579999,1000.000000,0.000000,0.000000,13.000000,0.000000,0.515379,0.579999,,,,8.404420,8.404420,,16.800279,,,,,,903.822387,0.066146,0.000000,0.000000,0.000000,,-459.670013,1000.000000,,0.000000,0.000000,,,,0.047180,"SETFLOW",0.000000,0.997560,0.000000,,,,,"","",,,,8.404420,,0.000000,,0.000000,,,0.000000,0.000000,"",,,0.000000,,-1.000000,,0.000000,0.000000,-1.000000,-1.000000,,,,,,,,,,,"",,,,,,,,,,"Volumetric",,,,,,,,,,-0.001612,,,,,,,,,,-0.001612,-0.000038,,,,,,,,,,,,
"2FB1B913","Nodes",1116096.120000,1678447.500000,1313.064347,"Default Known Flow Node",69.999969,0.579999,1000.000000,0.000000,"Known Flow",0.000000,0.000000,2.16999993085665e-07,40.000000,0.579999,1000.000000,0.000000,0.000000,13.000000,0.000000,0.515377,0.579999,,,,8.151744,8.151744,,16.800279,,,,,,903.822387,0.066146,0.000000,0.000000,0.000000,,-459.670013,1000.000000,,0.000000,0.000000,,,,0.047152,"SETFLOW",0.000000,0.997562,0.000000,,,,,"","",,,,8.151744,,0.000000,,0.000000,,,0.000000,0.000000,"",,,0.000000,,-1.000000,,0.000000,0.000000,-1.000000,-1.000000,,,,,,,,,,,"",,,,,,,,,,"Volumetric",,,,,,,,,,-0.003258,,,,,,,,,,-0.003258,-0.000078,,,,,,,,,,,,
"2FB20D3F","Nodes",1116199.620000,1678452.500000,1313.064347,"Default Known Flow Node",69.999969,0.579999,1000.000000,0.000000,"Known Flow",0.000000,0.000000,2.16999993085665e-07,40.000000,0.579999,1000.000000,0.000000,0.000000,13.000000,0.000000,0.515377,0.579999,,,,8.039906,8.039906,,16.800279,,,,,,903.822387,0.066146,0.000000,0.000000,0.000000,,-459.670013,1000.000000,,0.000000,0.000000,,,,0.047139,"SETFLOW",0.000000,0.997562,0.000000,,,,,"","",,,,8.039906,,0.000000,,0.000000,,,0.000000,0.000000,"",,,0.000000,,-1.000000,,0.000000,0.000000,-1.000000,-1.000000,,,,,,,,,,,"",,,,,,,,,,"Volumetric",,,,,,,,,,-0.004887,,,,,,,,,,-0.004887,-0.000117,,,,,,,,,,,,
"2FB1B917","Nodes",1115649.156710,1678451.103477,1313.064347,"Default Known Flow Node",69.999969,0.579999,1000.000000,0.000000,"Known Flow",0.000000,0.000000,2.16999993085665e-07,40.000000,0.579999,1000.000000,0.000000,0.000000,13.000000,0.000000,0.515379,0.579999,,,,8.422997,8.422997,,16.800279,,,,,,903.822387,0.066146,0.000000,0.000000,0.000000,,-459.670013,1000.000000,,0.000000,0.000000,,,,0.047183,"SETFLOW",0.000000,0.997560,0.000000,,,,,"","",,,,8.422997,,0.000000,,0.000000,,,0.000000,0.000000,"",,,0.000000,,-1.000000,,0.000000,0.000000,-1.000000,-1.000000,,,,,,,,,,,"",,,,,,,,,,"Volumetric",,,,,,,,,,-0.008544,,,,,,,,,,-0.008544,-0.000205,,,,,,,,,,,,
"0BEC4653","Nodes",1116583.750000,1667592.370000,1313.064347,"Default Known Flow Node",69.999969,0.579999,1000.000000,0.000000,"Known Flow",0.000000,0.000000,2.16999993085665e-07,40.000000,0.579999,1000.000000,0.000000,0.000000,13.000000,0.000000,0.515374,0.579999,,,,7.586507,7.586507,,16.800279,,,,,,903.822387,0.066146,0.000000,0.000000,0.000000,,-459.670013,1000.000000,,0.000000,0.000000,,,,0.047087,"SETFLOW",0.000000,0.997565,0.000000,,,,,"","",,,,7.586507,,0.000000,,0.000000,,,0.000000,0.000000,"",,,0.000000,,-1.000000,,0.000000,0.000000,-1.000000,-1.000000,,,,,,,,,,,"",,,,,,,,,,"Volumetric",,,,,,,,,,-0.171904,,,,,,,,,,-0.171904,-0.004125,,,,,,,,,,,,
"3W25","Nodes",1116775.620000,1667629.250000,1313.064347,"Default Known Flow Node",69.999969,0.579999,1000.000000,0.000000,"Known Flow",0.000000,0.000000,2.16999993085665e-07,40.000000,0.579999,1000.000000,0.000000,0.000000,13.000000,0.000000,0.515374,0.579999,,,,7.592281,7.592281,,16.800279,,,,,,903.822387,0.066146,0.000000,0.000000,0.000000,,-459.670013,1000.000000,,0.000000,0.000000,,,,0.047088,"SETFLOW",0.000000,0.997565,0.000000,,,,,"","",,,,7.592281,,0.000000,,0.000000,,,0.000000,0.000000,"",,,0.000000,"QUENN'S JADE INC",-1.000000,,0.000000,0.000000,-1.000000,-1.000000,,,,,,,,,,,"",,,,"",,,,,,"Volumetric",,,,"Volumetric",,,,,,0.000000,,,,-5.289999,,,,,,0.000000,0.000000,,,,,,,,,,,,
"0BEC4652","Nodes",1116579.750000,1667598.000000,1313.064347,"Default Known Flow Node",69.999969,0.579999,1000.000000,0.000000,"Known Flow",0.000000,0.000000,2.16999993085665e-07,40.000000,0.579999,1000.000000,0.000000,0.000000,13.000000,0.000000,0.515374,0.579999,,,,7.586161,7.586161,,16.800279,,,,,,903.822387,0.066146,0.000000,0.000000,0.000000,,-459.670013,1000.000000,,0.000000,0.000000,,,,0.047087,"SETFLOW",0.000000,0.997565,0.000000,,,,,"","",,,,7.586161,,0.000000,,0.000000,,,0.000000,0.000000,"",,,0.000000,,-1.000000,,0.000000,0.000000,-1.000000,-1.000000,,,,,,,,,,,"",,,,,,,,,,"Volumetric",,,,,,,,,,-0.171904,,,,,,,,,,-0.171904,-0.004125,,,,,,,,,,,,
"0BEC4651","Nodes",1116576.120000,1667600.370000,1313.064347,"Default Known Flow Node",69.999969,0.579999,1000.000000,0.000000,"Known Flow",0.000000,0.000000,2.16999993085665e-07,40.000000,0.579999,1000.000000,0.000000,0.000000,13.000000,0.000000,0.515374,0.579999,,,,7.586006,7.586006,,16.800279,,,,,,903.822387,0.066146,0.000000,0.000000,0.000000,,-459.670013,1000.000000,,0.000000,0.000000,,,,0.047087,"SETFLOW",0.000000,0.997565,0.000000,,,,,"","",,,,7.586006,,0.000000,,0.000000,,,0.000000,0.000000,"",,,0.000000,,-1.000000,,0.000000,0.000000,-1.000000,-1.000000,,,,,,,,,,,"",,,,,,,,,,"Volumetric",,,,,,,,,,-0.171904,,,,,,,,,,-0.171904,-0.004125,,,,,,,,,,,,
"0BEC4650","Nodes",1116548.880883,1667616.927527,1313.064347,"Default Known Flow Node",69.999969,0.579999,1000.000000,0.000000,"Known Flow",0.000000,0.000000,2.16999993085665e-07,40.000000,0.579999,1000.000000,0.000000,0.000000,13.000000,0.000000,0.515374,0.579999,,,,7.584888,7.584888,,16.800279,,,,,,903.822387,0.066146,0.000000,0.000000,0.000000,,-459.670013,1000.000000,,0.000000,0.000000,,,,0.047087,"SETFLOW",0.000000,0.997565,0.000000,,,,,"","",,,,7.584888,,0.000000,,0.000000,,,0.000000,0.000000,"",,,0.000000,"43-43 Kissena Blvd, Q= 9.073 mcfh, Firm DONE",-1.000000,,0.000000,0.000000,-1.000000,-1.000000,,,,,,,,,,,,,,,,"",,,,,,,,,,"Volumetric",,,,,,,,,,-9.072999,,,,,-9.072999,-0.217751,,,,,,,,,,,,
"0BEC464F","Nodes",1116504.250000,1667648.120000,1313.064347,"Default Known Flow Node",69.999969,0.579999,1000.000000,0.000000,"Known Flow",0.000000,0.000000,2.16999993085665e-07,40.000000,0.579999,1000.000000,0.000000,0.000000,13.000000,0.000000,0.515374,0.579999,,,,7.593657,7.593657,,16.800279,,,,,,903.822387,0.066146,0.000000,0.000000,0.000000,,-459.670013,1000.000000,,0.000000,0.000000,,,,0.047088,"SETFLOW",0.000000,0.997565,0.000000,,,,,"","",,,,7.593657,,0.000000,,0.000000,,,0.000000,0.000000,"",,,0.000000,,-1.000000,,0.000000,0.000000,-1.000000,-1.000000,,,,,,,,,,,"",,,,,,,,,,"Volumetric",,,,,,,,,,-0.064131,,,,,,,,,,-0.064131,-0.001539,,,,,,,,,,,,
"0BEC4671","Nodes",1116501.750000,1667644.250000,1313.064347,"Default Known Flow Node",69.999969,0.579999,1000.000000,0.000000,"Known Flow",0.000000,0.000000,2.16999993085665e-07,40.000000,0.579999,1000.000000,0.000000,0.000000,13.000000,0.000000,0.515374,0.579999,,,,7.593657,7.593657,,16.800279,,,,,,903.822387,0.066146,0.000000,0.000000,0.000000,,-459.670013,1000.000000,,0.000000,0.000000,,,,0.047088,"UNDEFINED",0.000000,0.997565,0.000000,,,,,"","",,,,7.593657,,0.000000,,0.000000,,,0.000000,0.000000,"",,,0.000000,,-1.000000,,0.000000,0.000000,-1.000000,-1.000000,,,,,,,,,,,"",,,,,,,,,,"Volumetric",,,,,,,,,,0.000000,,,,,,,,,,0.000000,0.000000,,,,,,,,,,,,
"2FB996B3","Nodes",1116334.870000,1667765.250000,1313.064347,"Default Known Flow Node",69.999969,0.579999,1000.000000,0.000000,"Known Flow",0.000000,0.000000,2.16999993085665e-07,40.000000,0.579999,1000.000000,0.000000,0.000000,13.000000,0.000000,0.515375,0.579999,,,,7.619080,7.619080,,16.800279,,,,,,903.822387,0.066146,0.000000,0.000000,0.000000,,-459.670013,1000.000000,,0.000000,0.000000,,,,0.047091,"SETFLOW",0.000000,0.997565,0.000000,,,,,"","",,,,7.619080,,0.000000,,0.000000,,,0.000000,0.000000,"",,,0.000000,,-1.000000,,0.000000,0.000000,-1.000000,-1.000000,,,,,,,,,,,"",,,,,,,,,,"Volumetric",,,,,,,,,,-0.483095,,,,,,,,,,-0.483095,-0.011594,,,,,,,,,,,,
"0BEC4672","Nodes",1116507.250000,1667652.500000,1313.064347,"Default Known Flow Node",69.999969,0.579999,1000.000000,0.000000,"Known Flow",0.000000,0.000000,2.16999993085665e-07,40.000000,0.579999,1000.000000,0.000000,0.000000,13.000000,0.000000,0.515374,0.579999,,,,7.594440,7.594440,,16.800279,,,,,,903.822387,0.066146,0.000000,0.000000,0.000000,,-459.670013,1000.000000,,0.000000,0.000000,,,,0.047088,"UNDEFINED",0.000000,0.997565,0.000000,,,,,"","",,,,7.594440,,0.000000,,0.000000,,,0.000000,0.000000,"",,,0.000000,,-1.000000,,0.000000,0.000000,-1.000000,-1.000000,,,,,,,,,,,"",,,,,,,,,,"Volumetric",,,,,,,,,,0.000000,,,,,,,,,,0.000000,0.000000,,,,,,,,,,,,
"0BEC4673","Nodes",1116519.250000,1667667.870000,1313.064347,"Default Known Flow Node",69.999969,0.579999,1000.000000,0.000000,"Known Flow",0.000000,0.000000,2.16999993085665e-07,40.000000,0.579999,1000.000000,0.000000,0.000000,13.000000,0.000000,0.515374,0.579999,,,,7.597573,7.597573,,16.800279,,,,,,903.822387,0.066146,0.000000,0.000000,0.000000,,-459.670013,1000.000000,,0.000000,0.000000,,,,0.047089,"UNDEFINED",0.000000,0.997565,0.000000,,,,,"","",,,,7.597573,,0.000000,,0.000000,,,0.000000,0.000000,"",,,0.000000,,-1.000000,,0.000000,0.000000,-1.000000,-1.000000,,,,,,,,,,,"",,,,,,,,,,"Volumetric",,,,,,,,,,0.000000,,,,,,,,,,0.000000,0.000000,,,,,,,,,,,,
"0BEC4674","Nodes",1116525.000000,1667676.620000,1313.064347,"Default Known Flow Node",69.999969,0.579999,1000.000000,0.000000,"Known Flow",0.000000,0.000000,2.16999993085665e-07,40.000000,0.579999,1000.000000,0.000000,0.000000,13.000000,0.000000,0.515374,0.579999,,,,7.599297,7.599297,,16.800279,,,,,,903.822387,0.066146,0.000000,0.000000,0.000000,,-459.670013,1000.000000,,0.000000,0.000000,,,,0.047089,"UNDEFINED",0.000000,0.997565,0.000000,,,,,"","",,,,7.599297,,0.000000,,0.000000,,,0.000000,0.000000,"",,,0.000000,,-1.000000,,0.000000,0.000000,-1.000000,-1.000000,,,,,,,,,,,"",,,,,,,,,,"Volumetric",,,,,,,,,,0.000000,,,,,,,,,,0.000000,0.000000,,,,,,,,,,,,
"0BEC4675","Nodes",1116539.500000,1667703.750000,1313.064347,"Default Known Flow Node",69.999969,0.579999,1000.000000,0.000000,"Known Flow",0.000000,0.000000,2.16999993085665e-07,40.000000,0.579999,1000.000000,0.000000,0.000000,13.000000,0.000000,0.515374,0.579999,,,,7.604154,7.604154,,16.800279,,,,,,903.822387,0.066146,0.000000,0.000000,0.000000,,-459.670013,1000.000000,,0.000000,0.000000,,,,0.047089,"SETFLOW",0.000000,0.997565,0.000000,,,,,"","",,,,7.604154,,0.000000,,0.000000,,,0.000000,0.000000,"",,,0.000000,,-1.000000,,0.000000,0.000000,-1.000000,-1.000000,,,,,,,,,,,"",,,,,,,,,,"Volumetric",,,,,,,,,,-0.083463,,,,,,,,,,-0.083463,-0.002003,,,,,,,,,,,,
"0BEC4648","Nodes",1117188.000000,1667700.000000,1313.064347,"Default Known Flow Node",69.999969,0.579999,1000.000000,0.000000,"Known Flow",0.000000,0.000000,2.16999993085665e-07,40.000000,0.579999,1000.000000,0.000000,0.000000,13.000000,0.000000,0.515375,0.579999,,,,7.729912,7.729912,,16.800279,,,,,,903.822387,0.066146,0.000000,0.000000,0.000000,,-459.670013,1000.000000,,0.000000,0.000000,,,,0.047104,"SETFLOW",0.000000,0.997564,0.000000,,,,,"","",,,,7.729912,,0.000000,,0.000000,,,0.000000,0.000000,"",,,0.000000,,-1.000000,,0.000000,0.000000,-1.000000,-1.000000,,,,,,,,,,,"",,,,,,,,,,"Volumetric",,,,,,,,,,-0.363178,,,,,,,,,,-0.363178,-0.008716,,,,,,,,,,,,
"0BEC4649","Nodes",1117196.628491,1667713.513256,1313.064347,"Default Known Flow Node",69.999969,0.579999,1000.000000,0.000000,"Known Flow",0.000000,0.000000,2.16999993085665e-07,40.000000,0.579999,1000.000000,0.000000,0.000000,13.000000,0.000000,0.515375,0.579999,,,,7.733741,7.733741,,16.800279,,,,,,903.822387,0.066146,0.000000,0.000000,0.000000,,-459.670013,1000.000000,,0.000000,0.000000,,,,0.047104,"SETFLOW",0.000000,0.997564,0.000000,,,,,"","",,,,7.733741,,0.000000,,0.000000,,,0.000000,0.000000,"",,,0.000000,,-1.000000,,0.000000,0.000000,-1.000000,-1.000000,,,,,,,,,,,"",,,,,,,,,,"Volumetric",,,,,,,,,,-0.316490,,,,,,,,,,-0.316490,-0.007595,,,,,,,,,,,,
"0BEC4680","Nodes",1117220.000000,1667697.870000,1313.064347,"Default Known Flow Node",69.999969,0.579999,1000.000000,0.000000,"Known Flow",0.000000,0.000000,2.16999993085665e-07,40.000000,0.579999,1000.000000,0.000000,0.000000,13.000000,0.000000,0.515375,0.579999,,,,7.734479,7.734479,,16.800279,,,,,,903.822387,0.066146,0.000000,0.000000,0.000000,,-459.670013,1000.000000,,0.000000,0.000000,,,,0.047104,"SETFLOW",0.000000,0.997564,0.000000,,,,,"","",,,,7.734479,,0.000000,,0.000000,,,0.000000,0.000000,"",,,0.000000,,-1.000000,,0.000000,0.000000,-1.000000,-1.000000,,,,,,,,,,,"",,,,,,,,,,"Volumetric",,,,,,,,,,-0.144087,,,,,,,,,,-0.144087,-0.003458,,,,,,,,,,,,
"3W37","Nodes",1117220.000000,1667750.000000,1313.064347,"Default Known Flow Node",69.999969,0.579999,1000.000000,0.000000,"Known Flow",0.000000,0.000000,2.16999993085665e-07,40.000000,0.579999,1000.000000,0.000000,0.000000,13.000000,0.000000,0.515375,0.579999,,,,7.740953,7.740953,,16.800279,,,,,,903.822387,0.066146,0.000000,0.000000,0.000000,,-459.670013,1000.000000,,0.000000,0.000000,,,,0.047105,"SETFLOW",0.000000,0.997564,0.000000,,,,,"","",,,,7.740953,,0.000000,,0.000000,,,0.000000,0.000000,"",,,0.000000,"DR. A KASAPIDIS",-1.000000,,0.000000,0.000000,-1.000000,-1.000000,,,,,,,,,,,"",,,,"",,,,,,"Volumetric",,,,"Volumetric",,,,,,0.000000,,,,-1.464999,,,,,,0.000000,0.000000,,,,,,,,,,,,
"2FB996B6","Nodes",1116320.120000,1667776.620000,1313.064347,"Default Known Flow Node",69.999969,0.579999,1000.000000,0.000000,"Known Flow",0.000000,0.000000,2.16999993085665e-07,40.000000,0.579999,1000.000000,0.000000,0.000000,13.000000,0.000000,0.515375,0.579999,,,,7.623036,7.623036,,16.800279,,,,,,903.822387,0.066146,0.000000,0.000000,0.000000,,-459.670013,1000.000000,,0.000000,0.000000,,,,0.047092,"UNDEFINED",0.000000,0.997565,0.000000,,,,,"","",,,,7.623036,,0.000000,,0.000000,,,0.000000,0.000000,"",,,0.000000,,-1.000000,,0.000000,0.000000,-1.000000,-1.000000,,,,,,,,,,,"",,,,,,,,,,"Volumetric",,,,,,,,,,0.000000,,,,,,,,,,0.000000,0.000000,,,,,,,,,,,,
"2FB93AC7","Nodes",1116314.620000,1667776.870000,1313.064347,"Default Known Flow Node",69.999969,0.579999,1000.000000,0.000000,"Known Flow",0.000000,0.000000,2.16999993085665e-07,40.000000,0.579999,1000.000000,0.000000,0.000000,13.000000,0.000000,0.515375,0.579999,,,,7.624665,7.624665,,16.800279,,,,,,903.822387,0.066146,0.000000,0.000000,0.000000,,-459.670013,1000.000000,,0.000000,0.000000,,,,0.047092,"UNDEFINED",0.000000,0.997565,0.000000,,,,,"","",,,,7.624665,,0.000000,,0.000000,,,0.000000,0.000000,"",,,0.000000,,-1.000000,,0.000000,0.000000,-1.000000,-1.000000,,,,,,,,,,,"",,,,,,,,,,"Volumetric",,,,,,,,,,0.000000,,,,,,,,,,0.000000,0.000000,,,,,,,,,,,,
"2FB996B5","Nodes",1116320.120000,1667775.620000,1313.064347,"Default Known Flow Node",69.999969,0.579999,1000.000000,0.000000,"Known Flow",0.000000,0.000000,2.16999993085665e-07,40.000000,0.579999,1000.000000,0.000000,0.000000,13.000000,0.000000,0.515375,0.579999,,,,7.623036,7.623036,,16.800279,,,,,,903.822387,0.066146,0.000000,0.000000,0.000000,,-459.670013,1000.000000,,0.000000,0.000000,,,,0.047092,"UNDEFINED",0.000000,0.997565,0.000000,,,,,"","",,,,7.623036,,0.000000,,0.000000,,,0.000000,0.000000,"",,,0.000000,,-1.000000,,0.000000,0.000000,-1.000000,-1.000000,,,,,,,,,,,"",,,,,,,,,,"Volumetric",,,,,,,,,,0.000000,,,,,,,,,,0.000000,0.000000,,,,,,,,,,,,
"0BEC464C","Nodes",1116301.750000,1667778.250000,1313.064347,"Default Known Flow Node",69.999969,0.579999,1000.000000,0.000000,"Known Flow",0.000000,0.000000,2.16999993085665e-07,40.000000,0.579999,1000.000000,0.000000,0.000000,13.000000,0.000000,0.515375,0.579999,,,,7.627690,7.627690,,16.800279,,,,,,903.822387,0.066146,0.000000,0.000000,0.000000,,-459.670013,1000.000000,,0.000000,0.000000,,,,0.047092,"UNDEFINED",0.000000,0.997565,0.000000,,,,,"","",,,,7.627690,,0.000000,,0.000000,,,0.000000,0.000000,"",,,0.000000,,-1.000000,,0.000000,0.000000,-1.000000,-1.000000,,,,,,,,,,,"",,,,,,,,,,"Volumetric",,,,,,,,,,0.000000,,,,,,,,,,0.000000,0.000000,,,,,,,,,,,,
"0BEC464D","Nodes",1116306.120000,1667775.370000,1313.064347,"Default Known Flow Node",69.999969,0.579999,1000.000000,0.000000,"Known Flow",0.000000,0.000000,2.16999993085665e-07,40.000000,0.579999,1000.000000,0.000000,0.000000,13.000000,0.000000,0.515375,0.579999,,,,7.626729,7.626729,,16.800279,,,,,,903.822387,0.066146,0.000000,0.000000,0.000000,,-459.670013,1000.000000,,0.000000,0.000000,,,,0.047092,"UNDEFINED",0.000000,0.997565,0.000000,,,,,"","",,,,7.626729,,0.000000,,0.000000,,,0.000000,0.000000,"",,,0.000000,,-1.000000,,0.000000,0.000000,-1.000000,-1.000000,,,,,,,,,,,"",,,,,,,,,,"Volumetric",,,,,,,,,,0.000000,,,,,,,,,,0.000000,0.000000,,,,,,,,,,,,
"0BEC464B","Nodes",1116280.620000,1667793.250000,1313.064347,"Default Known Flow Node",69.999969,0.579999,1000.000000,0.000000,"Known Flow",0.000000,0.000000,2.16999993085665e-07,40.000000,0.579999,1000.000000,0.000000,0.000000,13.000000,0.000000,0.515375,0.579999,,,,7.633869,7.633869,,16.800279,,,,,,903.822387,0.066146,0.000000,0.000000,0.000000,,-459.670013,1000.000000,,0.000000,0.000000,,,,0.047093,"UNDEFINED",0.000000,0.997565,0.000000,,,,,"","",,,,7.633869,,0.000000,,0.000000,,,0.000000,0.000000,"",,,0.000000,,-1.000000,,0.000000,0.000000,-1.000000,-1.000000,,,,,,,,,,,"",,,,,,,,,,"Volumetric",,,,,,,,,,0.000000,,,,,,,,,,0.000000,0.000000,,,,,,,,,,,,
"0BEC464A","Nodes",1116278.870000,1667794.500000,1313.064347,"Default Known Flow Node",69.999969,0.579999,1000.000000,0.000000,"Known Flow",0.000000,0.000000,2.16999993085665e-07,40.000000,0.579999,1000.000000,0.000000,0.000000,13.000000,0.000000,0.515375,0.579999,,,,7.634349,7.634349,,16.800279,,,,,,903.822387,0.066146,0.000000,0.000000,0.000000,,-459.670013,1000.000000,,0.000000,0.000000,,,,0.047093,"UNDEFINED",0.000000,0.997565,0.000000,,,,,"","",,,,7.634349,,0.000000,,0.000000,,,0.000000,0.000000,"",,,0.000000,,-1.000000,,0.000000,0.000000,-1.000000,-1.000000,,,,,,,,,,,"",,,,,,,,,,"Volumetric",,,,,,,,,,0.000000,,,,,,,,,,0.000000,0.000000,,,,,,,,,,,,
"2FB996FD","Nodes",1116228.500000,1667831.750000,1313.064347,"Default Known Flow Node",69.999969,0.579999,1000.000000,0.000000,"Known Flow",0.000000,0.000000,2.16999993085665e-07,40.000000,0.579999,1000.000000,0.000000,0.000000,13.000000,0.000000,0.515375,0.579999,,,,7.649084,7.649084,,16.800279,,,,,,903.822387,0.066146,0.000000,0.000000,0.000000,,-459.670013,1000.000000,,0.000000,0.000000,,,,0.047095,"UNDEFINED",0.000000,0.997565,0.000000,,,,,"","",,,,7.649084,,0.000000,,0.000000,,,0.000000,0.000000,"",,,0.000000,,-1.000000,,0.000000,0.000000,-1.000000,-1.000000,,,,,,,,,,,"",,,,,,,,,,"Volumetric",,,,,,,,,,0.000000,,,,,,,,,,0.000000,0.000000,,,,,,,,,,,,
"2FB996FE","Nodes",1116209.370000,1667846.120000,1313.064347,"Default Known Flow Node",69.999969,0.579999,1000.000000,0.000000,"Known Flow",0.000000,0.000000,2.16999993085665e-07,40.000000,0.579999,1000.000000,0.000000,0.000000,13.000000,0.000000,0.515375,0.579999,,,,7.659298,7.659298,,16.800279,,,,,,903.822387,0.066146,0.000000,0.000000,0.000000,,-459.670013,1000.000000,,0.000000,0.000000,,,,0.047096,"UNDEFINED",0.000000,0.997565,0.000000,,,,,"","",,,,7.659298,,0.000000,,0.000000,,,0.000000,0.000000,"",,,0.000000,,-1.000000,,0.000000,0.000000,-1.000000,-1.000000,,,,,,,,,,,"",,,,,,,,,,"Volumetric",,,,,,,,,,0.000000,,,,,,,,,,0.000000,0.000000,,,,,,,,,,,,
"0BEC466E","Nodes",1116345.370000,1667837.750000,1313.064347,"Default Known Flow Node",69.999969,0.579999,1000.000000,0.000000,"Known Flow",0.000000,0.000000,2.16999993085665e-07,40.000000,0.579999,1000.000000,0.000000,0.000000,13.000000,0.000000,0.515375,0.579999,,,,7.621402,7.621402,,16.800279,,,,,,903.822387,0.066146,0.000000,0.000000,0.000000,,-459.670013,1000.000000,,0.000000,0.000000,,,,0.047091,"SETFLOW",0.000000,0.997565,0.000000,,,,,"","",,,,7.621402,,0.000000,,0.000000,,,0.000000,0.000000,"",,,0.000000,,-1.000000,,0.000000,0.000000,-1.000000,-1.000000,,,,,,,,,,,"",,,,,,,,,,"Volumetric",,,,,,,,,,-0.203504,,,,,,,,,,-0.203504,-0.004884,,,,,,,,,,,,
"0BEC466F","Nodes",1116361.370000,1667862.370000,1313.064347,"Default Known Flow Node",69.999969,0.579999,1000.000000,0.000000,"Known Flow",0.000000,0.000000,2.16999993085665e-07,40.000000,0.579999,1000.000000,0.000000,0.000000,13.000000,0.000000,0.515375,0.579999,,,,7.618783,7.618783,,16.800279,,,,,,903.822387,0.066146,0.000000,0.000000,0.000000,,-459.670013,1000.000000,,0.000000,0.000000,,,,0.047091,"UNDEFINED",0.000000,0.997565,0.000000,,,,,"","",,,,7.618783,,0.000000,,0.000000,,,0.000000,0.000000,"",,,0.000000,,-1.000000,,0.000000,0.000000,-1.000000,-1.000000,,,,,,,,,,,"",,,,,,,,,,"Volumetric",,,,,,,,,,0.000000,,,,,,,,,,0.000000,0.000000,,,,,,,,,,,,
"0BEC4676","Nodes",1116664.370000,1667897.000000,1313.064347,"Default Known Flow Node",69.999969,0.579999,1000.000000,0.000000,"Known Flow",0.000000,0.000000,2.16999993085665e-07,40.000000,0.579999,1000.000000,0.000000,0.000000,13.000000,0.000000,0.515375,0.579999,,,,7.648481,7.648481,,16.800279,,,,,,903.822387,0.066146,0.000000,0.000000,0.000000,,-459.670013,1000.000000,,0.000000,0.000000,,,,0.047095,"SETFLOW",0.000000,0.997565,0.000000,,,,,"","",,,,7.648481,,0.000000,,0.000000,,,0.000000,0.000000,"",,,0.000000,,-1.000000,,0.000000,0.000000,-1.000000,-1.000000,,,,,,,,,,,"",,,"",,,,,,,"Volumetric",,,"Volumetric",,,,,,,0.000000,,,-4.888999,,,,,,,0.000000,0.000000,,,,,,,,,,,,
"0BEC4677","Nodes",1116665.250000,1667898.370000,1313.064347,"Default Known Flow Node",69.999969,0.579999,1000.000000,0.000000,"Known Flow",0.000000,0.000000,2.16999993085665e-07,40.000000,0.579999,1000.000000,0.000000,0.000000,13.000000,0.000000,0.515375,0.579999,,,,7.648843,7.648843,,16.800279,,,,,,903.822387,0.066146,0.000000,0.000000,0.000000,,-459.670013,1000.000000,,0.000000,0.000000,,,,0.047095,"UNDEFINED",0.000000,0.997565,0.000000,,,,,"","",,,,7.648843,,0.000000,,0.000000,,,0.000000,0.000000,"",,,0.000000,,-1.000000,,0.000000,0.000000,-1.000000,-1.000000,,,,,,,,,,,"",,,,,,,,,,"Volumetric",,,,,,,,,,0.000000,,,,,,,,,,0.000000,0.000000,,,,,,,,,,,,
"0BEC4678","Nodes",1116775.250000,1668068.750000,1313.064347,"Default Known Flow Node",69.999969,0.579999,1000.000000,0.000000,"Known Flow",0.000000,0.000000,2.16999993085665e-07,40.000000,0.579999,1000.000000,0.000000,0.000000,13.000000,0.000000,0.515375,0.579999,,,,7.656748,7.656748,,16.800279,,,,,,903.822387,0.066146,0.000000,0.000000,0.000000,,-459.670013,1000.000000,,0.000000,0.000000,,,,0.047095,"SETFLOW",0.000000,0.997565,0.000000,,,,,"","",,,,7.656748,,0.000000,,0.000000,,,0.000000,0.000000,"",,,0.000000,,-1.000000,,0.000000,0.000000,-1.000000,-1.000000,,,,,,,,,,,"",,,,,,,,,,"Volumetric",,,,,,,,,,-0.034768,,,,,,,,,,-0.034768,-0.000834,,,,,,,,,,,,
"0BEC4679","Nodes",1116776.870000,1668071.120000,1313.064347,"Default Known Flow Node",69.999969,0.579999,1000.000000,0.000000,"Known Flow",0.000000,0.000000,2.16999993085665e-07,40.000000,0.579999,1000.000000,0.000000,0.000000,13.000000,0.000000,0.515375,0.579999,,,,7.657322,7.657322,,16.800279,,,,,,903.822387,0.066146,0.000000,0.000000,0.000000,,-459.670013,1000.000000,,0.000000,0.000000,,,,0.047096,"SETFLOW",0.000000,0.997565,0.000000,,,,,"","",,,,7.657322,,0.000000,,0.000000,,,0.000000,0.000000,"",,,0.000000,,-1.000000,,0.000000,0.000000,-1.000000,-1.000000,,,,,,,,,,,"",,,,,,,,,,"Volumetric",,,,,,,,,,-0.017706,,,,,,,,,,-0.017706,-0.000424,,,,,,,,,,,,
"0BEC4668","Nodes",1116342.548028,1668307.119248,1313.064347,"Default Known Flow Node",69.999969,0.579999,1000.000000,0.000000,"Known Flow",0.000000,0.000000,2.16999993085665e-07,40.000000,0.579999,1000.000000,0.000000,0.000000,13.000000,0.000000,0.515376,0.579999,,,,7.943029,7.943029,,16.800279,,,,,,903.822387,0.066146,0.000000,0.000000,0.000000,,-459.670013,1000.000000,,0.000000,0.000000,,,,0.047128,"SETFLOW",0.000000,0.997563,0.000000,,,,,"","",,,,7.943029,,0.000000,,0.000000,,,0.000000,0.000000,"",,,0.000000,"43-17 Union St, Q= 9.718 mcfh, Firm, Done",-1.000000,,0.000000,0.000000,-1.000000,-1.000000,,,,,,,,,,,,,,,,"",,,,,,,,,,"Volumetric",,,,,,,,,,-9.718000,,,,,-9.718000,-0.233232,,,,,,,,,,,,
"0BEC466G","Nodes",1116461.584685,1668227.626972,1313.064347,"Default Known Flow Node",69.999969,0.579999,1000.000000,0.000000,"Known Flow",0.000000,0.000000,2.16999993085665e-07,40.000000,0.579999,1000.000000,0.000000,0.000000,13.000000,0.000000,0.515376,0.579999,,,,7.841608,7.841608,,16.800279,,,,,,903.822387,0.066146,0.000000,0.000000,0.000000,,-459.670013,1000.000000,,0.000000,0.000000,,,,0.047116,"UNDEFINED",0.000000,0.997563,0.000000,,,,,"","",,,,7.841608,,0.000000,,0.000000,,,0.000000,0.000000,"",,,0.000000,,-1.000000,,0.000000,0.000000,0.000000,-1.000000,,,,,,,,,,,"",,,,,,,,,,"Volumetric",,,,,,,,,,0.000000,,,,,,,,,,0.000000,0.000000,,,,,,,,,,,,
"0BEC4669","Nodes",1116553.120000,1668166.500000,1313.064347,"Default Known Flow Node",69.999969,0.579999,1000.000000,0.000000,"Known Flow",0.000000,0.000000,2.16999993085665e-07,40.000000,0.579999,1000.000000,0.000000,0.000000,13.000000,0.000000,0.515375,0.579999,,,,7.763575,7.763575,,16.800279,,,,,,903.822387,0.066146,0.000000,0.000000,0.000000,,-459.670013,1000.000000,,0.000000,0.000000,,,,0.047108,"SETFLOW",0.000000,0.997564,0.000000,,,,,"","",,,,7.763575,,0.000000,,0.000000,,,0.000000,0.000000,"",,,0.000000,"140-32 Cherry Ave AC= 0.1125 mcfh, Q= 4.425 mcfh, Firm",-1.000000,,0.000000,0.000000,-1.000000,-1.000000,,,,,,,,,,,"",,,"",,,,,,,"Volumetric",,,"Volumetric",,,,,,,0.000000,,,-4.425000,,,,,,,0.000000,0.000000,,,,,,,,,,,,
"2FB996AF","Nodes",1116556.370000,1668171.620000,1313.064347,"Default Known Flow Node",69.999969,0.579999,1000.000000,0.000000,"Known Flow",0.000000,0.000000,2.16999993085665e-07,40.000000,0.579999,1000.000000,0.000000,0.000000,13.000000,0.000000,0.515375,0.579999,,,,7.763278,7.763278,,16.800279,,,,,,903.822387,0.066146,0.000000,0.000000,0.000000,,-459.670013,1000.000000,,0.000000,0.000000,,,,0.047108,"SETFLOW",0.000000,0.997564,0.000000,,,,,"","",,,,7.763278,,0.000000,,0.000000,,,0.000000,0.000000,"",,,0.000000,,-1.000000,,0.000000,0.000000,-1.000000,-1.000000,,,,,,,,,,,"",,,,,,,,,,"Volumetric",,,,,,,,,,-0.183725,,,,,,,,,,-0.183725,-0.004409,,,,,,,,,,,,
"2FB996B1","Nodes",1116558.500000,1668190.250000,1313.064347,"Default Known Flow Node",69.999969,0.579999,1000.000000,0.000000,"Known Flow",0.000000,0.000000,2.16999993085665e-07,40.000000,0.579999,1000.000000,0.000000,0.000000,13.000000,0.000000,0.515375,0.579999,,,,7.762571,7.762571,,16.800279,,,,,,903.822387,0.066146,0.000000,0.000000,0.000000,,-459.670013,1000.000000,,0.000000,0.000000,,,,0.047107,"SETFLOW",0.000000,0.997564,0.000000,,,,,"","",,,,7.762571,,0.000000,,0.000000,,,0.000000,0.000000,"",,,0.000000,"141-05 Cherry Ave AC= 0, Q= 5.07 mcfh,Firm",-1.000000,,0.000000,0.000000,-1.000000,-1.000000,,,,,,,,,,,"",,,"",,,,,,,"Volumetric",,,"Volumetric",,,,,,,0.000000,,,-5.070000,,,,,,,0.000000,0.000000,,,,,,,,,,,,
"2FB996B2","Nodes",1116558.500000,1668191.250000,1313.064347,"Default Known Flow Node",69.999969,0.579999,1000.000000,0.000000,"Known Flow",0.000000,0.000000,2.16999993085665e-07,40.000000,0.579999,1000.000000,0.000000,0.000000,13.000000,0.000000,0.515375,0.579999,,,,7.762571,7.762571,,16.800279,,,,,,903.822387,0.066146,0.000000,0.000000,0.000000,,-459.670013,1000.000000,,0.000000,0.000000,,,,0.047107,"SETFLOW",0.000000,0.997564,0.000000,,,,,"","",,,,7.762571,,0.000000,,0.000000,,,0.000000,0.000000,"",,,0.000000,,-1.000000,,0.000000,0.000000,-1.000000,-1.000000,,,,,,,,,,,"",,,,,,,,,,"Volumetric",,,,,,,,,,-0.045561,,,,,,,,,,-0.045561,-0.001093,,,,,,,,,,,,
"2FB996B0","Nodes",1116585.370000,1668217.500000,1313.064347,"Default Known Flow Node",69.999969,0.579999,1000.000000,0.000000,"Known Flow",0.000000,0.000000,2.16999993085665e-07,40.000000,0.579999,1000.000000,0.000000,0.000000,13.000000,0.000000,0.515375,0.579999,,,,7.761231,7.761231,,16.800279,,,,,,903.822387,0.066146,0.000000,0.000000,0.000000,,-459.670013,1000.000000,,0.000000,0.000000,,,,0.047107,"UNDEFINED",0.000000,0.997564,0.000000,,,,,"","",,,,7.761231,,0.000000,,0.000000,,,0.000000,0.000000,"",,,0.000000,"140-31 Cherry Ave, Q= 1.563 mcfh, Firm",-1.000000,,0.000000,0.000000,-1.000000,-1.000000,,,,,,,,,,,"",,,,,,,,,,"Volumetric",,,,,,,,,,0.000000,,,,,,,,,,0.000000,0.000000,,,,,,,,,,,,
"0BEC4684","Nodes",1116328.000000,1668620.000000,1313.064347,"Default Known Flow Node",69.999969,0.579999,1000.000000,0.000000,"Known Flow",0.000000,0.000000,2.16999993085665e-07,40.000000,0.579999,1000.000000,0.000000,0.000000,13.000000,0.000000,0.515377,0.579999,,,,8.017440,8.017440,,16.800279,,,,,,903.822387,0.066146,0.000000,0.000000,0.000000,,-459.670013,1000.000000,,0.000000,0.000000,,,,0.047136,"UNDEFINED",0.000000,0.997562,0.000000,,,,,"","",,,,8.017440,,0.000000,,0.000000,,,0.000000,0.000000,"",,,0.000000,"43-24 Robinson St, Q= 1.719 mcfh, Firm",-1.000000,,0.000000,0.000000,-1.000000,-1.000000,,,,,,,,,,,"",,,,,,,,,,"Volumetric",,,,,,,,,,0.000000,,,,,,,,,,0.000000,0.000000,,,,,,,,,,,,
"0BEC4665","Nodes",1116691.750000,1668385.370000,1313.064347,"Default Known Flow Node",69.999969,0.579999,1000.000000,0.000000,"Known Flow",0.000000,0.000000,2.16999993085665e-07,40.000000,0.579999,1000.000000,0.000000,0.000000,13.000000,0.000000,0.515375,0.579999,,,,7.776408,7.776408,,16.800279,,,,,,903.822387,0.066146,0.000000,0.000000,0.000000,,-459.670013,1000.000000,,0.000000,0.000000,,,,0.047109,"SETFLOW",0.000000,0.997564,0.000000,,,,,"","",,,,7.776408,,0.000000,,0.000000,,,0.000000,0.000000,"",,,0.000000,,-1.000000,,0.000000,0.000000,-1.000000,-1.000000,,,,,,,,,,,"",,,,,,,,,,"Volumetric",,,,,,,,,,-0.519216,,,,,,,,,,-0.519216,-0.012461,,,,,,,,,,,,
"2FB25D0E","Nodes",1117033.000000,1668468.620000,1313.064347,"Default Known Flow Node",69.999969,0.579999,1000.000000,0.000000,"Known Flow",0.000000,0.000000,2.16999993085665e-07,40.000000,0.579999,1000.000000,0.000000,0.000000,13.000000,0.000000,0.515375,0.579999,,,,7.749445,7.749445,,16.800279,,,,,,903.822387,0.066146,0.000000,0.000000,0.000000,,-459.670013,1000.000000,,0.000000,0.000000,,,,0.047106,"SETFLOW",0.000000,0.997564,0.000000,,,,,"","",,,,7.749445,,0.000000,,0.000000,,,0.000000,0.000000,"",,,0.000000,,-1.000000,,0.000000,0.000000,-1.000000,-1.000000,,,,,,,,,,,"",,,,,,,,,,"Volumetric",,,,,,,,,,-0.007726,,,,,,,,,,-0.007726,-0.000185,,,,,,,,,,,,
"0BEC4661","Nodes",1117219.000000,1668345.750000,1313.064347,"Default Known Flow Node",69.999969,0.579999,1000.000000,0.000000,"Known Flow",0.000000,0.000000,2.16999993085665e-07,40.000000,0.579999,1000.000000,0.000000,0.000000,13.000000,0.000000,0.515375,0.579999,,,,7.768996,7.768996,,16.800279,,,,,,903.822387,0.066146,0.000000,0.000000,0.000000,,-459.670013,1000.000000,,0.000000,0.000000,,,,0.047108,"UNDEFINED",0.000000,0.997564,0.000000,,,,,"","",,,,7.768996,,0.000000,,0.000000,,,0.000000,0.000000,"",,,0.000000,,-1.000000,,0.000000,0.000000,-1.000000,-1.000000,,,,,,,,,,,"",,,,,,,,,,"Volumetric",,,,,,,,,,0.000000,,,,,,,,,,0.000000,0.000000,,,,,,,,,,,,
"2FB19DFA","Nodes",1117037.500000,1668465.500000,1313.064347,"Default Known Flow Node",69.999969,0.579999,1000.000000,0.000000,"Known Flow",0.000000,0.000000,2.16999993085665e-07,40.000000,0.579999,1000.000000,0.000000,0.000000,13.000000,0.000000,0.515375,0.579999,,,,7.753811,7.753811,,16.800279,,,,,,903.822387,0.066146,0.000000,0.000000,0.000000,,-459.670013,1000.000000,,0.000000,0.000000,,,,0.047106,"UNDEFINED",0.000000,0.997564,0.000000,,,,,"","",,,,7.753811,,0.000000,,0.000000,,,0.000000,0.000000,"",,,0.000000,,-1.000000,,0.000000,0.000000,-1.000000,-1.000000,,,,,,,,,,,"",,,,,,,,,,"Volumetric",,,,,,,,,,0.000000,,,,,,,,,,0.000000,0.000000,,,,,,,,,,,,
"0BEC4662","Nodes",1117033.620000,1668468.120000,1313.064347,"Default Known Flow Node",69.999969,0.579999,1000.000000,0.000000,"Known Flow",0.000000,0.000000,2.16999993085665e-07,40.000000,0.579999,1000.000000,0.000000,0.000000,13.000000,0.000000,0.515375,0.579999,,,,7.751628,7.751628,,16.800279,,,,,,903.822387,0.066146,0.000000,0.000000,0.000000,,-459.670013,1000.000000,,0.000000,0.000000,,,,0.047106,"UNDEFINED",0.000000,0.997564,0.000000,,,,,"","",,,,7.751628,,0.000000,,0.000000,,,0.000000,0.000000,"",,,0.000000,,-1.000000,,0.000000,0.000000,-1.000000,-1.000000,,,,,,,,,,,"",,,,,,,,,,"Volumetric",,,,,,,,,,0.000000,,,,,,,,,,0.000000,0.000000,,,,,,,,,,,,
"2FB25D0F","Nodes",1117029.250000,1668471.000000,1313.064347,"Default Known Flow Node",69.999969,0.579999,1000.000000,0.000000,"Known Flow",0.000000,0.000000,2.16999993085665e-07,40.000000,0.579999,1000.000000,0.000000,0.000000,13.000000,0.000000,0.515375,0.579999,,,,7.749482,7.749482,,16.800279,,,,,,903.822387,0.066146,0.000000,0.000000,0.000000,,-459.670013,1000.000000,,0.000000,0.000000,,,,0.047106,"SETFLOW",0.000000,0.997564,0.000000,,,,,"","",,,,7.749482,,0.000000,,0.000000,,,0.000000,0.000000,"",,,0.000000,,-1.000000,,0.000000,0.000000,-1.000000,-1.000000,,,,,,,,,,,"",,,,,,,,,,"Volumetric",,,,,,,,,,-0.040692,,,,,,,,,,-0.040692,-0.000976,,,,,,,,,,,,
"0BEC466A","Nodes",1116903.750000,1668553.370000,1313.064347,"Default Known Flow Node",69.999969,0.579999,1000.000000,0.000000,"Known Flow",0.000000,0.000000,2.16999993085665e-07,40.000000,0.579999,1000.000000,0.000000,0.000000,13.000000,0.000000,0.515375,0.579999,,,,7.750524,7.750524,,16.800279,,,,,,903.822387,0.066146,0.000000,0.000000,0.000000,,-459.670013,1000.000000,,0.000000,0.000000,,,,0.047106,"SETFLOW",0.000000,0.997564,0.000000,,,,,"","",,,,7.750524,,0.000000,,0.000000,,,0.000000,0.000000,"",,,0.000000,,-1.000000,,0.000000,0.000000,-1.000000,-1.000000,,,,,,,,,,,"",,,,,,,,,,"Volumetric",,,,,,,,,,-0.076764,,,,,,,,,,-0.076764,-0.001842,,,,,,,,,,,,
"2FB9BA02","Nodes",1116800.500000,1668557.370000,1313.064347,"Default Known Flow Node",69.999969,0.579999,1000.000000,0.000000,"Known Flow",0.000000,0.000000,2.16999993085665e-07,40.000000,0.579999,1000.000000,0.000000,0.000000,13.000000,0.000000,0.515375,0.579999,,,,7.760197,7.760197,,16.800279,,,,,,903.822387,0.066146,0.000000,0.000000,0.000000,,-459.670013,1000.000000,,0.000000,0.000000,,,,0.047107,"SETFLOW",0.000000,0.997564,0.000000,,,,,"","",,,,7.760197,,0.000000,,0.000000,,,0.000000,0.000000,"",,,0.000000,,-1.000000,,0.000000,0.000000,-1.000000,-1.000000,,,,,,,,,,,"",,,,,,,,,,"Volumetric",,,,,,,,,,-0.162475,,,,,,,,,,-0.162475,-0.003899,,,,,,,,,,,,
"0BEC466B","Nodes",1116875.000000,1668572.500000,1313.064347,"Default Known Flow Node",69.999969,0.579999,1000.000000,0.000000,"Known Flow",0.000000,0.000000,2.16999993085665e-07,40.000000,0.579999,1000.000000,0.000000,0.000000,13.000000,0.000000,0.515375,0.579999,,,,7.750902,7.750902,,16.800279,,,,,,903.822387,0.066146,0.000000,0.000000,0.000000,,-459.670013,1000.000000,,0.000000,0.000000,,,,0.047106,"UNDEFINED",0.000000,0.997564,0.000000,,,,,"","",,,,7.750902,,0.000000,,0.000000,,,0.000000,0.000000,"",,,0.000000,,-1.000000,,0.000000,0.000000,-1.000000,-1.000000,,,,,,,,,,,"",,,,,,,,,,"Volumetric",,,,,,,,,,0.000000,,,,,,,,,,0.000000,0.000000,,,,,,,,,,,,
"0BEC4663","Nodes",1116837.250000,1668597.500000,1313.064347,"Default Known Flow Node",69.999969,0.579999,1000.000000,0.000000,"Known Flow",0.000000,0.000000,2.16999993085665e-07,40.000000,0.579999,1000.000000,0.000000,0.000000,13.000000,0.000000,0.515375,0.579999,,,,7.751374,7.751374,,16.800279,,,,,,903.822387,0.066146,0.000000,0.000000,0.000000,,-459.670013,1000.000000,,0.000000,0.000000,,,,0.047106,"UNDEFINED",0.000000,0.997564,0.000000,,,,,"","",,,,7.751374,,0.000000,,0.000000,,,0.000000,0.000000,"",,,0.000000,,-1.000000,,0.000000,0.000000,-1.000000,-1.000000,,,,,,,,,,,"",,,,,,,,,,"Volumetric",,,,,,,,,,0.000000,,,,,,,,,,0.000000,0.000000,,,,,,,,,,,,
"0BEC4687","Nodes",1116851.250000,1668620.000000,1313.064347,"Default Known Flow Node",69.999969,0.579999,1000.000000,0.000000,"Known Flow",0.000000,0.000000,2.16999993085665e-07,40.000000,0.579999,1000.000000,0.000000,0.000000,13.000000,0.000000,0.515375,0.579999,,,,7.745379,7.745379,,16.800279,,,,,,903.822387,0.066146,0.000000,0.000000,0.000000,,-459.670013,1000.000000,,0.000000,0.000000,,,,0.047106,"SETFLOW",0.000000,0.997564,0.000000,,,,,"","",,,,7.745379,,0.000000,,0.000000,,,0.000000,0.000000,"",,,0.000000,,-1.000000,,0.000000,0.000000,-1.000000,-1.000000,,,,,,,,,,,"",,,,,,,,,,"Volumetric",,,,,,,,,,-0.025901,,,,,,,,,,-0.025901,-0.000621,,,,,,,,,,,,
"2FB9BA00","Nodes",1116828.620000,1668602.620000,1313.064347,"Default Known Flow Node",69.999969,0.579999,1000.000000,0.000000,"Known Flow",0.000000,0.000000,2.16999993085665e-07,40.000000,0.579999,1000.000000,0.000000,0.000000,13.000000,0.000000,0.515375,0.579999,,,,7.754460,7.754460,,16.800279,,,,,,903.822387,0.066146,0.000000,0.000000,0.000000,,-459.670013,1000.000000,,0.000000,0.000000,,,,0.047107,"UNDEFINED",0.000000,0.997564,0.000000,,,,,"","",,,,7.754460,,0.000000,,0.000000,,,0.000000,0.000000,"",,,0.000000,,-1.000000,,0.000000,0.000000,-1.000000,-1.000000,,,,,,,,,,,"",,,,,,,,,,"Volumetric",,,,,,,,,,0.000000,,,,,,,,,,0.000000,0.000000,,,,,,,,,,,,
"0BEC466C","Nodes",1116823.120000,1668593.620000,1313.064347,"Default Known Flow Node",69.999969,0.579999,1000.000000,0.000000,"Known Flow",0.000000,0.000000,2.16999993085665e-07,40.000000,0.579999,1000.000000,0.000000,0.000000,13.000000,0.000000,0.515375,0.579999,,,,7.757546,7.757546,,16.800279,,,,,,903.822387,0.066146,0.000000,0.000000,0.000000,,-459.670013,1000.000000,,0.000000,0.000000,,,,0.047107,"UNDEFINED",0.000000,0.997564,0.000000,,,,,"","",,,,7.757546,,0.000000,,0.000000,,,0.000000,0.000000,"",,,0.000000,,-1.000000,,0.000000,0.000000,-1.000000,-1.000000,,,,,,,,,,,"",,,,,,,,,,"Volumetric",,,,,,,,,,0.000000,,,,,,,,,,0.000000,0.000000,,,,,,,,,,,,
"0BEC4664","Nodes",1116824.120000,1668605.250000,1313.064347,"Default Known Flow Node",69.999969,0.579999,1000.000000,0.000000,"Known Flow",0.000000,0.000000,2.16999993085665e-07,40.000000,0.579999,1000.000000,0.000000,0.000000,13.000000,0.000000,0.515375,0.579999,,,,7.754460,7.754460,,16.800279,,,,,,903.822387,0.066146,0.000000,0.000000,0.000000,,-459.670013,1000.000000,,0.000000,0.000000,,,,0.047107,"UNDEFINED",0.000000,0.997564,0.000000,,,,,"","",,,,7.754460,,0.000000,,0.000000,,,0.000000,0.000000,"",,,0.000000,,-1.000000,,0.000000,0.000000,-1.000000,-1.000000,,,,,,,,,,,"",,,,,,,,,,"Volumetric",,,,,,,,,,0.000000,,,,,,,,,,0.000000,0.000000,,,,,,,,,,,,
"0BEC468D","Nodes",1117122.370000,1668619.370000,1313.064347,"Default Known Flow Node",69.999969,0.579999,1000.000000,0.000000,"Known Flow",0.000000,0.000000,2.16999993085665e-07,40.000000,0.579999,1000.000000,0.000000,0.000000,13.000000,0.000000,0.515375,0.579999,,,,7.748206,7.748206,,16.800279,,,,,,903.822387,0.066146,0.000000,0.000000,0.000000,,-459.670013,1000.000000,,0.000000,0.000000,,,,0.047106,"SETFLOW",0.000000,0.997564,0.000000,,,,,"","",,,,7.748206,,0.000000,,0.000000,,,0.000000,0.000000,"",,,0.000000,,-1.000000,,0.000000,0.000000,-1.000000,-1.000000,,,,,,,,,,,"",,,,,,,,,,"Volumetric",,,,,,,,,,-0.025901,,,,,,,,,,-0.025901,-0.000621,,,,,,,,,,,,
"0BEC468E","Nodes",1117185.250000,1668703.750000,1313.064347,"Default Known Flow Node",69.999969,0.579999,1000.000000,0.000000,"Known Flow",0.000000,0.000000,2.16999993085665e-07,40.000000,0.579999,1000.000000,0.000000,0.000000,13.000000,0.000000,0.515375,0.579999,,,,7.747545,7.747545,,16.800279,,,,,,903.822387,0.066146,0.000000,0.000000,0.000000,,-459.670013,1000.000000,,0.000000,0.000000,,,,0.047106,"SETFLOW",0.000000,0.997564,0.000000,,,,,"","",,,,7.747545,,0.000000,,0.000000,,,0.000000,0.000000,"",,,0.000000,,-1.000000,,0.000000,0.000000,-1.000000,-1.000000,,,,,,,,,,,"",,,,,,,,,,"Volumetric",,,,,,,,,,-0.032024,,,,,,,,,,-0.032024,-0.000768,,,,,,,,,,,,
"0BEC46C3","Nodes",1117220.000000,1668758.120000,1313.064347,"Default Known Flow Node",69.999969,0.579999,1000.000000,0.000000,"Known Flow",0.000000,0.000000,2.16999993085665e-07,40.000000,0.579999,1000.000000,0.000000,0.000000,13.000000,0.000000,0.515375,0.579999,,,,7.745527,7.745527,,16.800279,,,,,,903.822387,0.066146,0.000000,0.000000,0.000000,,-459.670013,1000.000000,,0.000000,0.000000,,,,0.047106,"SETFLOW",0.000000,0.997564,0.000000,,,,,"","",,,,7.745527,,0.000000,,0.000000,,,0.000000,0.000000,"",,,0.000000,,-1.000000,,0.000000,0.000000,-1.000000,-1.000000,,,,,,,,,,,"",,,,,,,,,,"Volumetric",,,,,,,,,,-0.017424,,,,,,,,,,-0.017424,-0.000418,,,,,,,,,,,,
"0BEC468F","Nodes",1116968.870000,1668810.250000,1313.064347,"Default Known Flow Node",69.999969,0.579999,1000.000000,0.000000,"Known Flow",0.000000,0.000000,2.16999993085665e-07,40.000000,0.579999,1000.000000,0.000000,0.000000,13.000000,0.000000,0.515375,0.579999,,,,7.697529,7.697529,,16.800279,,,,,,903.822387,0.066146,0.000000,0.000000,0.000000,,-459.670013,1000.000000,,0.000000,0.000000,,,,0.047100,"SETFLOW",0.000000,0.997564,0.000000,,,,,"","",,,,7.697529,,0.000000,,0.000000,,,0.000000,0.000000,"",,,0.000000,,-1.000000,,0.000000,0.000000,-1.000000,-1.000000,,,,,,,,,,,"",,,,,,,,,,"Volumetric",,,,,,,,,,-0.044739,,,,,,,,,,-0.044739,-0.001073,,,,,,,,,,,,
"2FB2804C","Nodes",1116965.500000,1668812.370000,1313.064347,"Default Known Flow Node",69.999969,0.579999,1000.000000,0.000000,"Known Flow",0.000000,0.000000,2.16999993085665e-07,40.000000,0.579999,1000.000000,0.000000,0.000000,13.000000,0.000000,0.515375,0.579999,,,,7.697174,7.697174,,16.800279,,,,,,903.822387,0.066146,0.000000,0.000000,0.000000,,-459.670013,1000.000000,,0.000000,0.000000,,,,0.047100,"SETFLOW",0.000000,0.997564,0.000000,,,,,"","",,,,7.697174,,0.000000,,0.000000,,,0.000000,0.000000,"",,,0.000000,,-1.000000,,0.000000,0.000000,-1.000000,-1.000000,,,,,,,,,,,"",,,,,,,,,,"Volumetric",,,,,,,,,,-0.036262,,,,,,,,,,-0.036262,-0.000870,,,,,,,,,,,,
"0BEC4690","Nodes",1117037.620000,1668920.750000,1313.064347,"Default Known Flow Node",69.999969,0.579999,1000.000000,0.000000,"Known Flow",0.000000,0.000000,2.16999993085665e-07,40.000000,0.579999,1000.000000,0.000000,0.000000,13.000000,0.000000,0.515375,0.579999,,,,7.693583,7.693583,,16.800279,,,,,,903.822387,0.066146,0.000000,0.000000,0.000000,,-459.670013,1000.000000,,0.000000,0.000000,,,,0.047100,"SETFLOW",0.000000,0.997564,0.000000,,,,,"","",,,,7.693583,,0.000000,,0.000000,,,0.000000,0.000000,"",,,0.000000,,-1.000000,,0.000000,0.000000,-1.000000,-1.000000,,,,,,,,,,,"",,,,,,,,,,"Volumetric",,,,,,,,,,-0.030254,,,,,,,,,,-0.030254,-0.000726,,,,,,,,,,,,
"2FB2804B","Nodes",1116728.620000,1668947.750000,1313.064347,"Default Known Flow Node",69.999969,0.579999,1000.000000,0.000000,"Known Flow",0.000000,0.000000,2.16999993085665e-07,40.000000,0.579999,1000.000000,0.000000,0.000000,13.000000,0.000000,0.515375,0.579999,,,,7.667055,7.667055,,16.800279,,,,,,903.822387,0.066146,0.000000,0.000000,0.000000,,-459.670013,1000.000000,,0.000000,0.000000,,,,0.047097,"SETFLOW",0.000000,0.997564,0.000000,,,,,"","",,,,7.667055,,0.000000,,0.000000,,,0.000000,0.000000,"",,,0.000000,,-1.000000,,0.000000,0.000000,-1.000000,-1.000000,,,,,,,,,,,"",,,,,,,,,,"Volumetric",,,,,,,,,,-0.077063,,,,,,,,,,-0.077063,-0.001849,,,,,,,,,,,,
"2FB82F6C","Nodes",1116302.870000,1669227.500000,1313.064347,"Default Known Flow Node",69.999969,0.579999,1000.000000,0.000000,"Known Flow",0.000000,0.000000,2.16999993085665e-07,40.000000,0.579999,1000.000000,0.000000,0.000000,13.000000,0.000000,0.515375,0.579999,,,,7.631002,7.631002,,16.800279,,,,,,903.822387,0.066146,0.000000,0.000000,0.000000,,-459.670013,1000.000000,,0.000000,0.000000,,,,0.047093,"SETFLOW",0.000000,0.997565,0.000000,,,,,"","",,,,7.631002,,0.000000,,0.000000,,,0.000000,0.000000,"",,,0.000000,,-1.000000,,0.000000,0.000000,-1.000000,-1.000000,,,,,,,,,,,"",,,,,,,,,,"Volumetric",,,,,,,,,,-0.138574,,,,,,,,,,-0.138574,-0.003325,,,,,,,,,,,,
"2FB82F68","Nodes",1116297.620000,1669227.620000,1313.064347,"Default Known Flow Node",69.999969,0.579999,1000.000000,0.000000,"Known Flow",0.000000,0.000000,2.16999993085665e-07,40.000000,0.579999,1000.000000,0.000000,0.000000,13.000000,0.000000,0.515376,0.579999,,,,7.954988,7.954988,,16.800279,,,,,,903.822387,0.066146,0.000000,0.000000,0.000000,,-459.670013,1000.000000,,0.000000,0.000000,,,,0.047129,"SETFLOW",0.000000,0.997563,0.000000,,,,,"","",,,,7.954988,,0.000000,,0.000000,,,0.000000,0.000000,"",,,0.000000,,-1.000000,,0.000000,0.000000,-1.000000,-1.000000,,,,,,,,,,,"",,,,,,,,,,"Volumetric",,,,,,,,,,-0.129729,,,,,,,,,,-0.129729,-0.003113,,,,,,,,,,,,
"2FB82F6B","Nodes",1116296.870000,1669231.370000,1313.064347,"Default Known Flow Node",69.999969,0.579999,1000.000000,0.000000,"Known Flow",0.000000,0.000000,2.16999993085665e-07,40.000000,0.579999,1000.000000,0.000000,0.000000,13.000000,0.000000,0.515375,0.579999,,,,7.630625,7.630625,,16.800279,,,,,,903.822387,0.066146,0.000000,0.000000,0.000000,,-459.670013,1000.000000,,0.000000,0.000000,,,,0.047092,"UNDEFINED",0.000000,0.997565,0.000000,,,,,"","",,,,7.630625,,0.000000,,0.000000,,,0.000000,0.000000,"",,,0.000000,,-1.000000,,0.000000,0.000000,-1.000000,-1.000000,,,,,,,,,,,"",,,,,,,,,,"Volumetric",,,,,,,,,,0.000000,,,,,,,,,,0.000000,0.000000,,,,,,,,,,,,
"2FB82F69","Nodes",1116301.870000,1669234.500000,1313.064347,"Default Known Flow Node",69.999969,0.579999,1000.000000,0.000000,"Known Flow",0.000000,0.000000,2.16999993085665e-07,40.000000,0.579999,1000.000000,0.000000,0.000000,13.000000,0.000000,0.515376,0.579999,,,,7.947255,7.947255,,16.800279,,,,,,903.822387,0.066146,0.000000,0.000000,0.000000,,-459.670013,1000.000000,,0.000000,0.000000,,,,0.047128,"SETFLOW",0.000000,0.997563,0.000000,,,,,"","",,,,7.947255,,0.000000,,0.000000,,,0.000000,0.000000,"",,,0.000000,,-1.000000,,0.000000,0.000000,-1.000000,-1.000000,,,,,,,,,,,"",,,,,,,,,,"Volumetric",,,,,,,,,,-0.008845,,,,,,,,,,-0.008845,-0.000212,,,,,,,,,,,,
"0BEC4694","Nodes",1116271.250000,1669248.370000,1313.064347,"Default Known Flow Node",69.999969,0.579999,1000.000000,0.000000,"Known Flow",0.000000,0.000000,2.16999993085665e-07,40.000000,0.579999,1000.000000,0.000000,0.000000,13.000000,0.000000,0.515375,0.579999,,,,7.630449,7.630449,,16.800279,,,,,,903.822387,0.066146,0.000000,0.000000,0.000000,,-459.670013,1000.000000,,0.000000,0.000000,,,,0.047092,"UNDEFINED",0.000000,0.997565,0.000000,,,,,"","",,,,7.630449,,0.000000,,0.000000,,,0.000000,0.000000,"",,,0.000000,,-1.000000,,0.000000,0.000000,-1.000000,-1.000000,,,,,,,,,,,"",,,,,,,,,,"Volumetric",,,,,,,,,,0.000000,,,,,,,,,,0.000000,0.000000,,,,,,,,,,,,
"2FB82F6A","Nodes",1116264.750000,1669252.120000,1313.064347,"Default Known Flow Node",69.999969,0.579999,1000.000000,0.000000,"Known Flow",0.000000,0.000000,2.16999993085665e-07,40.000000,0.579999,1000.000000,0.000000,0.000000,13.000000,0.000000,0.515375,0.579999,,,,7.630072,7.630072,,16.800279,,,,,,903.822387,0.066146,0.000000,0.000000,0.000000,,-459.670013,1000.000000,,0.000000,0.000000,,,,0.047092,"SETFLOW",0.000000,0.997565,0.000000,,,,,"","",,,,7.630072,,0.000000,,0.000000,,,0.000000,0.000000,"",,,0.000000,,-1.000000,,0.000000,0.000000,-1.000000,-1.000000,,,,,,,,,,,"",,,,,,,,,,"Volumetric",,,,,,,,,,-0.008845,,,,,,,,,,-0.008845,-0.000212,,,,,,,,,,,,
"0BEC4695","Nodes",1116419.750000,1669419.000000,1313.064347,"Default Known Flow Node",69.999969,0.579999,1000.000000,0.000000,"Known Flow",0.000000,0.000000,2.16999993085665e-07,40.000000,0.579999,1000.000000,0.000000,0.000000,13.000000,0.000000,0.515376,0.579999,,,,7.848566,7.848566,,16.800279,,,,,,903.822387,0.066146,0.000000,0.000000,0.000000,,-459.670013,1000.000000,,0.000000,0.000000,,,,0.047117,"SETFLOW",0.000000,0.997563,0.000000,,,,,"","",,,,7.848566,,0.000000,,0.000000,,,0.000000,0.000000,"",,,0.000000,,-1.000000,,0.000000,0.000000,-1.000000,-1.000000,,,,,,,,,,,"",,,,,,,,,,"Volumetric",,,,,,,,,,-0.007665,,,,,,,,,,-0.007665,-0.000183,,,,,,,,,,,,
"0BEC4696","Nodes",1116419.750000,1669420.000000,1313.064347,"Default Known Flow Node",69.999969,0.579999,1000.000000,0.000000,"Known Flow",0.000000,0.000000,2.16999993085665e-07,40.000000,0.579999,1000.000000,0.000000,0.000000,13.000000,0.000000,0.515376,0.579999,,,,7.848565,7.848565,,16.800279,,,,,,903.822387,0.066146,0.000000,0.000000,0.000000,,-459.670013,1000.000000,,0.000000,0.000000,,,,0.047117,"UNDEFINED",0.000000,0.997563,0.000000,,,,,"","",,,,7.848565,,0.000000,,0.000000,,,0.000000,0.000000,"",,,0.000000,,-1.000000,,0.000000,0.000000,-1.000000,-1.000000,,,,,,,,,,,"",,,,,,,,,,"Volumetric",,,,,,,,,,0.000000,,,,,,,,,,0.000000,0.000000,,,,,,,,,,,,
"2FB25D10","Nodes",1116431.000000,1669435.620000,1313.064347,"Default Known Flow Node",69.999969,0.579999,1000.000000,0.000000,"Known Flow",0.000000,0.000000,2.16999993085665e-07,40.000000,0.579999,1000.000000,0.000000,0.000000,13.000000,0.000000,0.515376,0.579999,,,,7.839521,7.839521,,16.800279,,,,,,903.822387,0.066146,0.000000,0.000000,0.000000,,-459.670013,1000.000000,,0.000000,0.000000,,,,0.047116,"UNDEFINED",0.000000,0.997563,0.000000,,,,,"","",,,,7.839521,,0.000000,,0.000000,,,0.000000,0.000000,"",,,0.000000,,-1.000000,,0.000000,0.000000,-1.000000,-1.000000,,,,,,,,,,,"",,,,,,,,,,"Volumetric",,,,,,,,,,0.000000,,,,,,,,,,0.000000,0.000000,,,,,,,,,,,,
"2FB82F67","Nodes",1116430.500000,1669444.500000,1313.064347,"Default Known Flow Node",69.999969,0.579999,1000.000000,0.000000,"Known Flow",0.000000,0.000000,2.16999993085665e-07,40.000000,0.579999,1000.000000,0.000000,0.000000,13.000000,0.000000,0.515376,0.579999,,,,7.834837,7.834837,,16.800279,,,,,,903.822387,0.066146,0.000000,0.000000,0.000000,,-459.670013,1000.000000,,0.000000,0.000000,,,,0.047116,"UNDEFINED",0.000000,0.997564,0.000000,,,,,"","",,,,7.834837,,0.000000,,0.000000,,,0.000000,0.000000,"",,,0.000000,,-1.000000,,0.000000,0.000000,-1.000000,-1.000000,,,,,,,,,,,"",,,,,,,,,,"Volumetric",,,,,,,,,,0.000000,,,,,,,,,,0.000000,0.000000,,,,,,,,,,,,
"2FB82F65","Nodes",1116434.250000,1669441.000000,1313.064347,"Default Known Flow Node",69.999969,0.579999,1000.000000,0.000000,"Known Flow",0.000000,0.000000,2.16999993085665e-07,40.000000,0.579999,1000.000000,0.000000,0.000000,13.000000,0.000000,0.515376,0.579999,,,,7.835313,7.835313,,16.800279,,,,,,903.822387,0.066146,0.000000,0.000000,0.000000,,-459.670013,1000.000000,,0.000000,0.000000,,,,0.047116,"UNDEFINED",0.000000,0.997563,0.000000,,,,,"","",,,,7.835313,,0.000000,,0.000000,,,0.000000,0.000000,"",,,0.000000,,-1.000000,,0.000000,0.000000,-1.000000,-1.000000,,,,,,,,,,,"",,,,,,,,,,"Volumetric",,,,,,,,,,0.000000,,,,,,,,,,0.000000,0.000000,,,,,,,,,,,,
"2FB25D14","Nodes",1116413.120000,1669455.120000,1313.064347,"Default Known Flow Node",69.999969,0.579999,1000.000000,0.000000,"Known Flow",0.000000,0.000000,2.16999993085665e-07,40.000000,0.579999,1000.000000,0.000000,0.000000,13.000000,0.000000,0.515376,0.579999,,,,7.832338,7.832338,,16.800279,,,,,,903.822387,0.066146,0.000000,0.000000,0.000000,,-459.670013,1000.000000,,0.000000,0.000000,,,,0.047115,"UNDEFINED",0.000000,0.997564,0.000000,,,,,"","",,,,7.832338,,0.000000,,0.000000,,,0.000000,0.000000,"",,,0.000000,,-1.000000,,0.000000,0.000000,-1.000000,-1.000000,,,,,,,,,,,"",,,,,,,,,,"Volumetric",,,,,,,,,,0.000000,,,,,,,,,,0.000000,0.000000,,,,,,,,,,,,
"2FB82F66","Nodes",1116430.500000,1669443.500000,1313.064347,"Default Known Flow Node",69.999969,0.579999,1000.000000,0.000000,"Known Flow",0.000000,0.000000,2.16999993085665e-07,40.000000,0.579999,1000.000000,0.000000,0.000000,13.000000,0.000000,0.515376,0.579999,,,,7.834837,7.834837,,16.800279,,,,,,903.822387,0.066146,0.000000,0.000000,0.000000,,-459.670013,1000.000000,,0.000000,0.000000,,,,0.047116,"UNDEFINED",0.000000,0.997564,0.000000,,,,,"","",,,,7.834837,,0.000000,,0.000000,,,0.000000,0.000000,"",,,0.000000,,-1.000000,,0.000000,0.000000,-1.000000,-1.000000,,,,,,,,,,,"",,,,,,,,,,"Volumetric",,,,,,,,,,0.000000,,,,,,,,,,0.000000,0.000000,,,,,,,,,,,,
"2FB25D15","Nodes",1116409.500000,1669457.500000,1313.064347,"Default Known Flow Node",69.999969,0.579999,1000.000000,0.000000,"Known Flow",0.000000,0.000000,2.16999993085665e-07,40.000000,0.579999,1000.000000,0.000000,0.000000,13.000000,0.000000,0.515376,0.579999,,,,7.829359,7.829359,,16.800279,,,,,,903.822387,0.066146,0.000000,0.000000,0.000000,,-459.670013,1000.000000,,0.000000,0.000000,,,,0.047115,"UNDEFINED",0.000000,0.997564,0.000000,,,,,"","",,,,7.829359,,0.000000,,0.000000,,,0.000000,0.000000,"",,,0.000000,,-1.000000,,0.000000,0.000000,-1.000000,-1.000000,,,,,,,,,,,"",,,,,,,,,,"Volumetric",,,,,,,,,,0.000000,,,,,,,,,,0.000000,0.000000,,,,,,,,,,,,
"0BEC4699","Nodes",1116396.870000,1669465.620000,1313.064347,"Default Known Flow Node",69.999969,0.579999,1000.000000,0.000000,"Known Flow",0.000000,0.000000,2.16999993085665e-07,40.000000,0.579999,1000.000000,0.000000,0.000000,13.000000,0.000000,0.515376,0.579999,,,,7.818185,7.818185,,16.800279,,,,,,903.822387,0.066146,0.000000,0.000000,0.000000,,-459.670013,1000.000000,,0.000000,0.000000,,,,0.047114,"SETFLOW",0.000000,0.997564,0.000000,,,,,"","",,,,7.818185,,0.000000,,0.000000,,,0.000000,0.000000,"",,,0.000000,,-1.000000,,0.000000,0.000000,-1.000000,-1.000000,,,,,,,,,,,"",,,,,,,,,,"Volumetric",,,,,,,,,,-0.009434,,,,,,,,,,-0.009434,-0.000226,,,,,,,,,,,,
"2FB25D11","Nodes",1116445.500000,1669459.750000,1313.064347,"Default Known Flow Node",69.999969,0.579999,1000.000000,0.000000,"Known Flow",0.000000,0.000000,2.16999993085665e-07,40.000000,0.579999,1000.000000,0.000000,0.000000,13.000000,0.000000,0.515376,0.579999,,,,7.824910,7.824910,,16.800279,,,,,,903.822387,0.066146,0.000000,0.000000,0.000000,,-459.670013,1000.000000,,0.000000,0.000000,,,,0.047115,"SETFLOW",0.000000,0.997564,0.000000,,,,,"","",,,,7.824910,,0.000000,,0.000000,,,0.000000,0.000000,"",,,0.000000,,-1.000000,,0.000000,0.000000,-1.000000,-1.000000,,,,,,,,,,,"",,,,,,,,,,"Volumetric",,,,,,,,,,-0.007665,,,,,,,,,,-0.007665,-0.000183,,,,,,,,,,,,
"2FB25D13","Nodes",1116417.370000,1669461.370000,1313.064347,"Default Known Flow Node",69.999969,0.579999,1000.000000,0.000000,"Known Flow",0.000000,0.000000,2.16999993085665e-07,40.000000,0.579999,1000.000000,0.000000,0.000000,13.000000,0.000000,0.515376,0.579999,,,,7.832338,7.832338,,16.800279,,,,,,903.822387,0.066146,0.000000,0.000000,0.000000,,-459.670013,1000.000000,,0.000000,0.000000,,,,0.047115,"UNDEFINED",0.000000,0.997564,0.000000,,,,,"","",,,,7.832338,,0.000000,,0.000000,,,0.000000,0.000000,"",,,0.000000,,-1.000000,,0.000000,0.000000,-1.000000,-1.000000,,,,,,,,,,,"",,,,,,,,,,"Volumetric",,,,,,,,,,0.000000,,,,,,,,,,0.000000,0.000000,,,,,,,,,,,,
"0BEC46A0","Nodes",1116930.120000,1669269.000000,1313.064347,"Default Known Flow Node",69.999969,0.579999,1000.000000,0.000000,"Known Flow",0.000000,0.000000,2.16999993085665e-07,40.000000,0.579999,1000.000000,0.000000,0.000000,13.000000,0.000000,0.515375,0.579999,,,,7.667423,7.667423,,16.800279,,,,,,903.822387,0.066146,0.000000,0.000000,0.000000,,-459.670013,1000.000000,,0.000000,0.000000,,,,0.047097,"SETFLOW",0.000000,0.997564,0.000000,,,,,"","",,,,7.667423,,0.000000,,0.000000,,,0.000000,0.000000,"",,,0.000000,,-1.000000,,0.000000,0.000000,-1.000000,-1.000000,,,,,,,,,,,"",,,,,,,,,,"Volumetric",,,,,,,,,,-0.023504,,,,,,,,,,-0.023504,-0.000564,,,,,,,,,,,,
"2FB82FA3","Nodes",1117084.870000,1669501.370000,1313.064347,"Default Known Flow Node",69.999969,0.579999,1000.000000,0.000000,"Known Flow",0.000000,0.000000,2.16999993085665e-07,40.000000,0.579999,1000.000000,0.000000,0.000000,13.000000,0.000000,0.515375,0.579999,,,,7.667804,7.667804,,16.800279,,,,,,903.822387,0.066146,0.000000,0.000000,0.000000,,-459.670013,1000.000000,,0.000000,0.000000,,,,0.047097,"SETFLOW",0.000000,0.997564,0.000000,,,,,"","",,,,7.667804,,0.000000,,0.000000,,,0.000000,0.000000,"",,,0.000000,,-1.000000,,0.000000,0.000000,-1.000000,-1.000000,,,,,,,,,,,"",,,,,,,,,,"Volumetric",,,,,,,,,,-0.029012,,,,,,,,,,-0.029012,-0.000696,,,,,,,,,,,,
"0BEC46C9","Nodes",1117220.000000,1669444.500000,1313.064347,"Default Known Flow Node",69.999969,0.579999,1000.000000,0.000000,"Known Flow",0.000000,0.000000,2.16999993085665e-07,40.000000,0.579999,1000.000000,0.000000,0.000000,13.000000,0.000000,0.515375,0.579999,,,,7.675845,7.675845,,16.800279,,,,,,903.822387,0.066146,0.000000,0.000000,0.000000,,-459.670013,1000.000000,,0.000000,0.000000,,,,0.047098,"SETFLOW",0.000000,0.997564,0.000000,,,,,"","",,,,7.675845,,0.000000,,0.000000,,,0.000000,0.000000,"",,,0.000000,,-1.000000,,0.000000,0.000000,-1.000000,-1.000000,,,,,,,,,,,"",,,,,,,,,,"Volumetric",,,,,,,,,,-0.007555,,,,,,,,,,-0.007555,-0.000181,,,,,,,,,,,,
"0BEC46A4","Nodes",1117122.500000,1669533.000000,1313.064347,"Default Known Flow Node",69.999969,0.579999,1000.000000,0.000000,"Known Flow",0.000000,0.000000,2.16999993085665e-07,40.000000,0.579999,1000.000000,0.000000,0.000000,13.000000,0.000000,0.515375,0.579999,,,,7.668689,7.668689,,16.800279,,,,,,903.822387,0.066146,0.000000,0.000000,0.000000,,-459.670013,1000.000000,,0.000000,0.000000,,,,0.047097,"SETFLOW",0.000000,0.997564,0.000000,,,,,"","",,,,7.668689,,0.000000,,0.000000,,,0.000000,0.000000,"",,,0.000000,,-1.000000,,0.000000,0.000000,-1.000000,-1.000000,,,,,,,,,,,"",,,,,,,,,,"Volumetric",,,,,,,,,,-0.002266,,,,,,,,,,-0.002266,-0.000054,,,,,,,,,,,,
"2FB82FA5","Nodes",1117110.250000,1669539.120000,1313.064347,"Default Known Flow Node",69.999969,0.579999,1000.000000,0.000000,"Known Flow",0.000000,0.000000,2.16999993085665e-07,40.000000,0.579999,1000.000000,0.000000,0.000000,13.000000,0.000000,0.515375,0.579999,,,,7.667833,7.667833,,16.800279,,,,,,903.822387,0.066146,0.000000,0.000000,0.000000,,-459.670013,1000.000000,,0.000000,0.000000,,,,0.047097,"UNDEFINED",0.000000,0.997564,0.000000,,,,,"","",,,,7.667833,,0.000000,,0.000000,,,0.000000,0.000000,"",,,0.000000,,-1.000000,,0.000000,0.000000,-1.000000,-1.000000,,,,,,,,,,,"",,,,,,,,,,"Volumetric",,,,,,,,,,0.000000,,,,,,,,,,0.000000,0.000000,,,,,,,,,,,,
"2FB82FA4","Nodes",1117113.750000,1669544.250000,1313.064347,"Default Known Flow Node",69.999969,0.579999,1000.000000,0.000000,"Known Flow",0.000000,0.000000,2.16999993085665e-07,40.000000,0.579999,1000.000000,0.000000,0.000000,13.000000,0.000000,0.515375,0.579999,,,,7.667837,7.667837,,16.800279,,,,,,903.822387,0.066146,0.000000,0.000000,0.000000,,-459.670013,1000.000000,,0.000000,0.000000,,,,0.047097,"UNDEFINED",0.000000,0.997564,0.000000,,,,,"","",,,,7.667837,,0.000000,,0.000000,,,0.000000,0.000000,"",,,0.000000,,-1.000000,,0.000000,0.000000,-1.000000,-1.000000,,,,,,,,,,,"",,,,,,,,,,"Volumetric",,,,,,,,,,0.000000,,,,,,,,,,0.000000,0.000000,,,,,,,,,,,,
"2FB82FA6","Nodes",1117110.250000,1669540.120000,1313.064347,"Default Known Flow Node",69.999969,0.579999,1000.000000,0.000000,"Known Flow",0.000000,0.000000,2.16999993085665e-07,40.000000,0.579999,1000.000000,0.000000,0.000000,13.000000,0.000000,0.515375,0.579999,,,,7.667833,7.667833,,16.800279,,,,,,903.822387,0.066146,0.000000,0.000000,0.000000,,-459.670013,1000.000000,,0.000000,0.000000,,,,0.047097,"UNDEFINED",0.000000,0.997564,0.000000,,,,,"","",,,,7.667833,,0.000000,,0.000000,,,0.000000,0.000000,"",,,0.000000,,-1.000000,,0.000000,0.000000,-1.000000,-1.000000,,,,,,,,,,,"",,,,,,,,,,"Volumetric",,,,,,,,,,0.000000,,,,,,,,,,0.000000,0.000000,,,,,,,,,,,,
"0BEC46A7","Nodes",1117103.750000,1669550.000000,1313.064347,"Default Known Flow Node",69.999969,0.579999,1000.000000,0.000000,"Known Flow",0.000000,0.000000,2.16999993085665e-07,40.000000,0.579999,1000.000000,0.000000,0.000000,13.000000,0.000000,0.515375,0.579999,,,,7.667173,7.667173,,16.800279,,,,,,903.822387,0.066146,0.000000,0.000000,0.000000,,-459.670013,1000.000000,,0.000000,0.000000,,,,0.047097,"UNDEFINED",0.000000,0.997564,0.000000,,,,,"","",,,,7.667173,,0.000000,,0.000000,,,0.000000,0.000000,"",,,0.000000,,-1.000000,,0.000000,0.000000,-1.000000,-1.000000,,,,,,,,,,,"",,,,,,,,,,"Volumetric",,,,,,,,,,0.000000,,,,,,,,,,0.000000,0.000000,,,,,,,,,,,,
"0BEC46A8","Nodes",1117061.250000,1669589.120000,1313.064347,"Default Known Flow Node",69.999969,0.579999,1000.000000,0.000000,"Known Flow",0.000000,0.000000,2.16999993085665e-07,40.000000,0.579999,1000.000000,0.000000,0.000000,13.000000,0.000000,0.515375,0.579999,,,,7.664169,7.664169,,16.800279,,,,,,903.822387,0.066146,0.000000,0.000000,0.000000,,-459.670013,1000.000000,,0.000000,0.000000,,,,0.047096,"SETFLOW",0.000000,0.997564,0.000000,,,,,"","",,,,7.664169,,0.000000,,0.000000,,,0.000000,0.000000,"",,,0.000000,,-1.000000,,0.000000,0.000000,-1.000000,-1.000000,,,,,,,,,,,"",,,,,,,,,,"Volumetric",,,,,,,,,,-0.056664,,,,,,,,,,-0.056664,-0.001359,,,,,,,,,,,,
"0BEC46AA","Nodes",1117063.870000,1669593.000000,1313.064347,"Default Known Flow Node",69.999969,0.579999,1000.000000,0.000000,"Known Flow",0.000000,0.000000,2.16999993085665e-07,40.000000,0.579999,1000.000000,0.000000,0.000000,13.000000,0.000000,0.515375,0.579999,,,,7.656219,7.656219,,16.800279,,,,,,903.822387,0.066146,0.000000,0.000000,0.000000,,-459.670013,1000.000000,,0.000000,0.000000,,,,0.047095,"SETFLOW",0.000000,0.997565,0.000000,,,,,"","",,,,7.656219,,0.000000,,0.000000,,,0.000000,0.000000,"",,,0.000000,,-1.000000,,0.000000,0.000000,-1.000000,-1.000000,,,,,,,,,,,"",,,,,,,,,,"Volumetric",,,,,,,,,,-0.006799,,,,,,,,,,-0.006799,-0.000163,,,,,,,,,,,,
"0BEC46BA","Nodes",1116937.750000,1669702.120000,1313.064347,"Default Known Flow Node",69.999969,0.579999,1000.000000,0.000000,"Known Flow",0.000000,0.000000,2.16999993085665e-07,40.000000,0.579999,1000.000000,0.000000,0.000000,13.000000,0.000000,0.515375,0.579999,,,,7.664272,7.664272,,16.800279,,,,,,903.822387,0.066146,0.000000,0.000000,0.000000,,-459.670013,1000.000000,,0.000000,0.000000,,,,0.047096,"SETFLOW",0.000000,0.997564,0.000000,,,,,"","",,,,7.664272,,0.000000,,0.000000,,,0.000000,0.000000,"",,,0.000000,,-1.000000,,0.000000,0.000000,-1.000000,-1.000000,,,,,,,,,,,"",,,,,,,,,,"Volumetric",,,,,,,,,,-0.061197,,,,,,,,,,-0.061197,-0.001468,,,,,,,,,,,,
"0BEC4697","Nodes",1116546.000000,1669617.620000,1313.064347,"Default Known Flow Node",69.999969,0.579999,1000.000000,0.000000,"Known Flow",0.000000,0.000000,2.16999993085665e-07,40.000000,0.579999,1000.000000,0.000000,0.000000,13.000000,0.000000,0.515375,0.579999,,,,7.766488,7.766488,,16.800279,,,,,,903.822387,0.066146,0.000000,0.000000,0.000000,,-459.670013,1000.000000,,0.000000,0.000000,,,,0.047108,"SETFLOW",0.000000,0.997564,0.000000,,,,,"","",,,,7.766488,,0.000000,,0.000000,,,0.000000,0.000000,"",,,0.000000,,-1.000000,,0.000000,0.000000,-1.000000,-1.000000,,,,,,,,,,,"",,,,,,,,,,"Volumetric",,,,,,,,,,-0.005893,,,,,,,,,,-0.005893,-0.000141,,,,,,,,,,,,
"0BEC469B","Nodes",1116567.000000,1669651.370000,1313.064347,"Default Known Flow Node",69.999969,0.579999,1000.000000,0.000000,"Known Flow",0.000000,0.000000,2.16999993085665e-07,40.000000,0.579999,1000.000000,0.000000,0.000000,13.000000,0.000000,0.515375,0.579999,,,,7.755122,7.755122,,16.800279,,,,,,903.822387,0.066146,0.000000,0.000000,0.000000,,-459.670013,1000.000000,,0.000000,0.000000,,,,0.047107,"SETFLOW",0.000000,0.997564,0.000000,,,,,"","",,,,7.755122,,0.000000,,0.000000,,,0.000000,0.000000,"",,,0.000000,,-1.000000,,0.000000,0.000000,-1.000000,-1.000000,,,,,,,,,,,"",,,,,,,,,,"Volumetric",,,,,,,,,,-0.022665,,,,,,,,,,-0.022665,-0.000543,,,,,,,,,,,,
"0BEC46B9","Nodes",1116901.250000,1669734.870000,1313.064347,"Default Known Flow Node",69.999969,0.579999,1000.000000,0.000000,"Known Flow",0.000000,0.000000,2.16999993085665e-07,40.000000,0.579999,1000.000000,0.000000,0.000000,13.000000,0.000000,0.515375,0.579999,,,,7.664332,7.664332,,16.800279,,,,,,903.822387,0.066146,0.000000,0.000000,0.000000,,-459.670013,1000.000000,,0.000000,0.000000,,,,0.047096,"SETFLOW",0.000000,0.997564,0.000000,,,,,"","",,,,7.664332,,0.000000,,0.000000,,,0.000000,0.000000,"",,,0.000000,,-1.000000,,0.000000,0.000000,-1.000000,-1.000000,,,,,,,,,,,"",,,,,,,,,,"Volumetric",,,,,,,,,,-0.005893,,,,,,,,,,-0.005893,-0.000141,,,,,,,,,,,,
"0BEC46B8","Nodes",1116833.620000,1669797.870000,1313.064347,"Default Known Flow Node",69.999969,0.579999,1000.000000,0.000000,"Known Flow",0.000000,0.000000,2.16999993085665e-07,40.000000,0.579999,1000.000000,0.000000,0.000000,13.000000,0.000000,0.515375,0.579999,,,,7.664405,7.664405,,16.800279,,,,,,903.822387,0.066146,0.000000,0.000000,0.000000,,-459.670013,1000.000000,,0.000000,0.000000,,,,0.047096,"SETFLOW",0.000000,0.997564,0.000000,,,,,"","",,,,7.664405,,0.000000,,0.000000,,,0.000000,0.000000,"",,,0.000000,,-1.000000,,0.000000,0.000000,-1.000000,-1.000000,,,,,,,,,,,"",,,,,,,,,,"Volumetric",,,,,,,,,,-0.006346,,,,,,,,,,-0.006346,-0.000152,,,,,,,,,,,,
"0BEC46B7","Nodes",1116830.120000,1669800.750000,1313.064347,"Default Known Flow Node",69.999969,0.579999,1000.000000,0.000000,"Known Flow",0.000000,0.000000,2.16999993085665e-07,40.000000,0.579999,1000.000000,0.000000,0.000000,13.000000,0.000000,0.515375,0.579999,,,,7.664410,7.664410,,16.800279,,,,,,903.822387,0.066146,0.000000,0.000000,0.000000,,-459.670013,1000.000000,,0.000000,0.000000,,,,0.047096,"UNDEFINED",0.000000,0.997564,0.000000,,,,,"","",,,,7.664410,,0.000000,,0.000000,,,0.000000,0.000000,"",,,0.000000,,-1.000000,,0.000000,0.000000,-1.000000,-1.000000,,,,,,,,,,,"",,,,,,,,,,"Volumetric",,,,,,,,,,0.000000,,,,,,,,,,0.000000,0.000000,,,,,,,,,,,,
"0BEC46B6","Nodes",1116821.870000,1669808.750000,1313.064347,"Default Known Flow Node",69.999969,0.579999,1000.000000,0.000000,"Known Flow",0.000000,0.000000,2.16999993085665e-07,40.000000,0.579999,1000.000000,0.000000,0.000000,13.000000,0.000000,0.515375,0.579999,,,,7.664419,7.664419,,16.800279,,,,,,903.822387,0.066146,0.000000,0.000000,0.000000,,-459.670013,1000.000000,,0.000000,0.000000,,,,0.047096,"UNDEFINED",0.000000,0.997564,0.000000,,,,,"","",,,,7.664419,,0.000000,,0.000000,,,0.000000,0.000000,"",,,0.000000,,-1.000000,,0.000000,0.000000,-1.000000,-1.000000,,,,,,,,,,,"",,,,,,,,,,"Volumetric",,,,,,,,,,0.000000,,,,,,,,,,0.000000,0.000000,,,,,,,,,,,,
"0BEC469C","Nodes",1116724.000000,1669897.250000,1313.064347,"Default Known Flow Node",69.999969,0.579999,1000.000000,0.000000,"Known Flow",0.000000,0.000000,2.16999993085665e-07,40.000000,0.579999,1000.000000,0.000000,0.000000,13.000000,0.000000,0.515375,0.579999,,,,7.664535,7.664535,,16.800279,,,,,,903.822387,0.066146,0.000000,0.000000,0.000000,,-459.670013,1000.000000,,0.000000,0.000000,,,,0.047096,"SETFLOW",0.000000,0.997564,0.000000,,,,,"","",,,,7.664535,,0.000000,,0.000000,,,0.000000,0.000000,"",,,0.000000,,-1.000000,,0.000000,0.000000,-1.000000,-1.000000,,,,,,,,,,,"",,,,,,,,,,"Volumetric",,,,,,,,,,-0.014959,,,,,,,,,,-0.014959,-0.000359,,,,,,,,,,,,
"0BEC46B5","Nodes",1116821.870000,1669807.750000,1313.064347,"Default Known Flow Node",69.999969,0.579999,1000.000000,0.000000,"Known Flow",0.000000,0.000000,2.16999993085665e-07,40.000000,0.579999,1000.000000,0.000000,0.000000,13.000000,0.000000,0.515375,0.579999,,,,7.664419,7.664419,,16.800279,,,,,,903.822387,0.066146,0.000000,0.000000,0.000000,,-459.670013,1000.000000,,0.000000,0.000000,,,,0.047096,"UNDEFINED",0.000000,0.997564,0.000000,,,,,"","",,,,7.664419,,0.000000,,0.000000,,,0.000000,0.000000,"",,,0.000000,,-1.000000,,0.000000,0.000000,-1.000000,-1.000000,,,,,,,,,,,"",,,,,,,,,,"Volumetric",,,,,,,,,,0.000000,,,,,,,,,,0.000000,0.000000,,,,,,,,,,,,
"0BEC46A9","Nodes",1117114.750000,1669896.250000,1313.064347,"Default Known Flow Node",69.999969,0.579999,1000.000000,0.000000,"Known Flow",0.000000,0.000000,2.16999993085665e-07,40.000000,0.579999,1000.000000,0.000000,0.000000,13.000000,0.000000,0.515371,0.579999,,,,7.063429,7.063429,,16.800279,,,,,,903.822387,0.066147,0.000000,0.000000,0.000000,,-459.670013,1000.000000,,0.000000,0.000000,,,,0.047028,"SETFLOW",0.000000,0.997568,0.000000,,,,,"","",,,,7.063429,,0.000000,,0.000000,,,0.000000,0.000000,"",,,0.000000,,-1.000000,,0.000000,0.000000,-1.000000,-1.000000,,,,,,,,,,,"",,,,,,,,,,"Volumetric",,,,,,,,,,-0.039438,,,,,,,,,,-0.039438,-0.000946,,,,,,,,,,,,
"0BEC46CA","Nodes",1117220.000000,1669877.370000,1313.064347,"Default Known Flow Node",69.999969,0.579999,1000.000000,0.000000,"Known Flow",0.000000,0.000000,2.16999993085665e-07,40.000000,0.579999,1000.000000,0.000000,0.000000,13.000000,0.000000,0.515371,0.579999,,,,6.995337,6.995337,,16.800279,,,,,,903.822387,0.066147,0.000000,0.000000,0.000000,,-459.670013,1000.000000,,0.000000,0.000000,,,,0.047020,"UNDEFINED",0.000000,0.997568,0.000000,,,,,"","",,,,6.995337,,0.000000,,0.000000,,,0.000000,0.000000,"",,,0.000000,,-1.000000,,0.000000,0.000000,-1.000000,-1.000000,,,,,,,,,,,"",,,,,,,,,,"Volumetric",,,,,,,,,,0.000000,,,,,,,,,,0.000000,0.000000,,,,,,,,,,,,
"0BEC469E","Nodes",1116714.120000,1669906.500000,1313.064347,"Default Known Flow Node",69.999969,0.579999,1000.000000,0.000000,"Known Flow",0.000000,0.000000,2.16999993085665e-07,40.000000,0.579999,1000.000000,0.000000,0.000000,13.000000,0.000000,0.515375,0.579999,,,,7.660425,7.660425,,16.800279,,,,,,903.822387,0.066146,0.000000,0.000000,0.000000,,-459.670013,1000.000000,,0.000000,0.000000,,,,0.047096,"SETFLOW",0.000000,0.997565,0.000000,,,,,"","",,,,7.660425,,0.000000,,0.000000,,,0.000000,0.000000,"",,,0.000000,,-1.000000,,0.000000,0.000000,-1.000000,-1.000000,,,,,,,,,,,"",,,,,,,,,,"Volumetric",,,,,,,,,,-0.003626,,,,,,,,,,-0.003626,-0.000087,,,,,,,,,,,,
"0BEC46AB","Nodes",1117118.620000,1669917.000000,1313.064347,"Default Known Flow Node",69.999969,0.579999,1000.000000,0.000000,"Known Flow",0.000000,0.000000,2.16999993085665e-07,40.000000,0.579999,1000.000000,0.000000,0.000000,13.000000,0.000000,0.515371,0.579999,,,,7.025455,7.025455,,16.800279,,,,,,903.822387,0.066147,0.000000,0.000000,0.000000,,-459.670013,1000.000000,,0.000000,0.000000,,,,0.047024,"UNDEFINED",0.000000,0.997568,0.000000,,,,,"","",,,,7.025455,,0.000000,,0.000000,,,0.000000,0.000000,"",,,0.000000,,-1.000000,,0.000000,0.000000,-1.000000,-1.000000,,,,,,,,,,,"",,,,,,,,,,"Volumetric",,,,,,,,,,0.000000,,,,,,,,,,0.000000,0.000000,,,,,,,,,,,,
"0BEC46AC","Nodes",1117122.750000,1669938.370000,1313.064347,"Default Known Flow Node",69.999969,0.579999,1000.000000,0.000000,"Known Flow",0.000000,0.000000,2.16999993085665e-07,40.000000,0.579999,1000.000000,0.000000,0.000000,13.000000,0.000000,0.515371,0.579999,,,,6.983601,6.983601,,16.800279,,,,,,903.822387,0.066147,0.000000,0.000000,0.000000,,-459.670013,1000.000000,,0.000000,0.000000,,,,0.047019,"UNDEFINED",0.000000,0.997568,0.000000,,,,,"","",,,,6.983601,,0.000000,,0.000000,,,0.000000,0.000000,"",,,0.000000,,-1.000000,,0.000000,0.000000,-1.000000,-1.000000,,,,,,,,,,,"",,,,,,,,,,"Volumetric",,,,,,,,,,0.000000,,,,,,,,,,0.000000,0.000000,,,,,,,,,,,,
"0BEC46AE","Nodes",1116854.500000,1669945.000000,1313.064347,"Default Known Flow Node",69.999969,0.579999,1000.000000,0.000000,"Known Flow",0.000000,0.000000,2.16999993085665e-07,40.000000,0.579999,1000.000000,0.000000,0.000000,13.000000,0.000000,0.515372,0.579999,,,,7.223457,7.223457,,16.800279,,,,,,903.822387,0.066146,0.000000,0.000000,0.000000,,-459.670013,1000.000000,,0.000000,0.000000,,,,0.047046,"SETFLOW",0.000000,0.997567,0.000000,,,,,"","",,,,7.223457,,0.000000,,0.000000,,,0.000000,0.000000,"",,,0.000000,,-1.000000,,0.000000,0.000000,-1.000000,-1.000000,,,,,,,,,,,"",,,,,,,,,,"Volumetric",,,,,,,,,,-0.038985,,,,,,,,,,-0.038985,-0.000935,,,,,,,,,,,,
"0BEC46AF","Nodes",1116854.000000,1669941.750000,1313.064347,"Default Known Flow Node",69.999969,0.579999,1000.000000,0.000000,"Known Flow",0.000000,0.000000,2.16999993085665e-07,40.000000,0.579999,1000.000000,0.000000,0.000000,13.000000,0.000000,0.515372,0.579999,,,,7.223457,7.223457,,16.800279,,,,,,903.822387,0.066146,0.000000,0.000000,0.000000,,-459.670013,1000.000000,,0.000000,0.000000,,,,0.047046,"UNDEFINED",0.000000,0.997567,0.000000,,,,,"","",,,,7.223457,,0.000000,,0.000000,,,0.000000,0.000000,"",,,0.000000,,-1.000000,,0.000000,0.000000,-1.000000,-1.000000,,,,,,,,,,,"",,,,,,,,,,"Volumetric",,,,,,,,,,0.000000,,,,,,,,,,0.000000,0.000000,,,,,,,,,,,,
"0BEC46AD","Nodes",1117122.120000,1669944.370000,1313.064347,"Default Known Flow Node",69.999969,0.579999,1000.000000,0.000000,"Known Flow",0.000000,0.000000,2.16999993085665e-07,40.000000,0.579999,1000.000000,0.000000,0.000000,13.000000,0.000000,0.515371,0.579999,,,,6.971642,6.971642,,16.800279,,,,,,903.822387,0.066147,0.000000,0.000000,0.000000,,-459.670013,1000.000000,,0.000000,0.000000,,,,0.047018,"UNDEFINED",0.000000,0.997569,0.000000,,,,,"","",,,,6.971642,,0.000000,,0.000000,,,0.000000,0.000000,"",,,0.000000,,-1.000000,,0.000000,0.000000,-1.000000,-1.000000,,,,,,,,,,,"",,,,,,,,,,"Volumetric",,,,,,,,,,0.000000,,,,,,,,,,0.000000,0.000000,,,,,,,,,,,,
"0BEC46B0","Nodes",1116858.120000,1669967.750000,1313.064347,"Default Known Flow Node",69.999969,0.579999,1000.000000,0.000000,"Known Flow",0.000000,0.000000,2.16999993085665e-07,40.000000,0.579999,1000.000000,0.000000,0.000000,13.000000,0.000000,0.515372,0.579999,,,,7.237859,7.237859,,16.800279,,,,,,903.822387,0.066146,0.000000,0.000000,0.000000,,-459.670013,1000.000000,,0.000000,0.000000,,,,0.047048,"SETFLOW",0.000000,0.997567,0.000000,,,,,"","",,,,7.237859,,0.000000,,0.000000,,,0.000000,0.000000,"",,,0.000000,,-1.000000,,0.000000,0.000000,-1.000000,-1.000000,,,,,,,,,,,"",,,,,,,,,,"Volumetric",,,,,,,,,,-0.012692,,,,,,,,,,-0.012692,-0.000304,,,,,,,,,,,,
"2FB22C7E","Nodes",1116727.250000,1669992.500000,1313.064347,"Default Known Flow Node",69.999969,0.579999,1000.000000,0.000000,"Known Flow",0.000000,0.000000,2.16999993085665e-07,40.000000,0.579999,1000.000000,0.000000,0.000000,13.000000,0.000000,0.515373,0.579999,,,,7.422500,7.422500,,16.800279,,,,,,903.822387,0.066146,0.000000,0.000000,0.000000,,-459.670013,1000.000000,,0.000000,0.000000,,,,0.047069,"SETFLOW",0.000000,0.997566,0.000000,,,,,"","",,,,7.422500,,0.000000,,0.000000,,,0.000000,0.000000,"",,,0.000000,,-1.000000,,0.000000,0.000000,-1.000000,-1.000000,,,,,,,,,,,"",,,,,,,,,,"Volumetric",,,,,,,,,,-0.017225,,,,,,,,,,-0.017225,-0.000413,,,,,,,,,,,,
"2FB22C7F","Nodes",1116723.370000,1669993.250000,1313.064347,"Default Known Flow Node",69.999969,0.579999,1000.000000,0.000000,"Known Flow",0.000000,0.000000,2.16999993085665e-07,40.000000,0.579999,1000.000000,0.000000,0.000000,13.000000,0.000000,0.515373,0.579999,,,,7.428103,7.428103,,16.800279,,,,,,903.822387,0.066146,0.000000,0.000000,0.000000,,-459.670013,1000.000000,,0.000000,0.000000,,,,0.047069,"SETFLOW",0.000000,0.997566,0.000000,,,,,"","",,,,7.428103,,0.000000,,0.000000,,,0.000000,0.000000,"",,,0.000000,,-1.000000,,0.000000,0.000000,-1.000000,-1.000000,,,,,,,,,,,"",,,,,,,,,,"Volumetric",,,,,,,,,,-0.009066,,,,,,,,,,-0.009066,-0.000217,,,,,,,,,,,,
"2FB82F78","Nodes",1116642.120000,1669934.250000,1313.064347,"Default Known Flow Node",69.999969,0.579999,1000.000000,0.000000,"Known Flow",0.000000,0.000000,2.16999993085665e-07,40.000000,0.579999,1000.000000,0.000000,0.000000,13.000000,0.000000,0.515375,0.579999,,,,7.617662,7.617662,,16.800279,,,,,,903.822387,0.066146,0.000000,0.000000,0.000000,,-459.670013,1000.000000,,0.000000,0.000000,,,,0.047091,"SETFLOW",0.000000,0.997565,0.000000,,,,,"","",,,,7.617662,,0.000000,,0.000000,,,0.000000,0.000000,"",,,0.000000,,-1.000000,,0.000000,0.000000,-1.000000,-1.000000,,,,,,,,,,,"",,,,,,,,,,"Volumetric",,,,,,,,,,-0.003626,,,,,,,,,,-0.003626,-0.000087,,,,,,,,,,,,
"2FB82F7A","Nodes",1116604.250000,1669994.750000,1313.064347,"Default Known Flow Node",69.999969,0.579999,1000.000000,0.000000,"Known Flow",0.000000,0.000000,2.16999993085665e-07,40.000000,0.579999,1000.000000,0.000000,0.000000,13.000000,0.000000,0.515375,0.579999,,,,7.617669,7.617669,,16.800279,,,,,,903.822387,0.066146,0.000000,0.000000,0.000000,,-459.670013,1000.000000,,0.000000,0.000000,,,,0.047091,"SETFLOW",0.000000,0.997565,0.000000,,,,,"","",,,,7.617669,,0.000000,,0.000000,,,0.000000,0.000000,"",,,0.000000,,-1.000000,,0.000000,0.000000,-1.000000,-1.000000,,,,,,,,,,,"",,,,,,,,,,"Volumetric",,,,,,,,,,-0.006799,,,,,,,,,,-0.006799,-0.000163,,,,,,,,,,,,
"0BEC46C6","Nodes",1116605.120000,1669999.370000,1313.064347,"Default Known Flow Node",69.999969,0.579999,1000.000000,0.000000,"Known Flow",0.000000,0.000000,2.16999993085665e-07,40.000000,0.579999,1000.000000,0.000000,0.000000,13.000000,0.000000,0.515375,0.579999,,,,7.617669,7.617669,,16.800279,,,,,,903.822387,0.066146,0.000000,0.000000,0.000000,,-459.670013,1000.000000,,0.000000,0.000000,,,,0.047091,"SETFLOW",0.000000,0.997565,0.000000,,,,,"","",,,,7.617669,,0.000000,,0.000000,,,0.000000,0.000000,"",,,0.000000,,-1.000000,,0.000000,0.000000,-1.000000,-1.000000,,,,,,,,,,,"",,,,,,,,,,"Volumetric",,,,,,,,,,-0.006799,,,,,,,,,,-0.006799,-0.000163,,,,,,,,,,,,
"0BEC46CD","Nodes",1116689.870000,1669999.370000,1313.064347,"Default Known Flow Node",69.999969,0.579999,1000.000000,0.000000,"Known Flow",0.000000,0.000000,2.16999993085665e-07,40.000000,0.579999,1000.000000,0.000000,0.000000,13.000000,0.000000,0.515374,0.579999,,,,7.475957,7.475957,,16.800279,,,,,,903.822387,0.066146,0.000000,0.000000,0.000000,,-459.670013,1000.000000,,0.000000,0.000000,,,,0.047075,"UNDEFINED",0.000000,0.997566,0.000000,,,,,"","",,,,7.475957,,0.000000,,0.000000,,,0.000000,0.000000,"",,,0.000000,,-1.000000,,0.000000,0.000000,-1.000000,-1.000000,,,,,,,,,,,"",,,,,,,,,,"Volumetric",,,,,,,,,,0.000000,,,,,,,,,,0.000000,0.000000,,,,,,,,,,,,
"2FB20A3A","Nodes",1116433.120000,1670000.000000,1313.064347,"Default Known Flow Node",69.999969,0.579999,1000.000000,0.000000,"Known Flow",0.000000,0.000000,2.16999993085665e-07,40.000000,0.579999,1000.000000,0.000000,0.000000,13.000000,0.000000,0.515374,0.579999,,,,7.608061,7.608061,,16.800279,,,,,,903.822387,0.066146,0.000000,0.000000,0.000000,,-459.670013,1000.000000,,0.000000,0.000000,,,,0.047090,"SETFLOW",0.000000,0.997565,0.000000,,,,,"","",,,,7.608061,,0.000000,,0.000000,,,0.000000,0.000000,"",,,0.000000,,-1.000000,,0.000000,0.000000,-1.000000,-1.000000,,,,,,,,,,,"",,,,,,,,,,"Volumetric",,,,,,,,,,-0.048648,,,,,,,,,,-0.048648,-0.001167,,,,,,,,,,,,
"0BEC46CC","Nodes",1116863.870000,1670000.000000,1313.064347,"Default Known Flow Node",69.999969,0.579999,1000.000000,0.000000,"Known Flow",0.000000,0.000000,2.16999993085665e-07,40.000000,0.579999,1000.000000,0.000000,0.000000,13.000000,0.000000,0.515372,0.579999,,,,7.227416,7.227416,,16.800279,,,,,,903.822387,0.066146,0.000000,0.000000,0.000000,,-459.670013,1000.000000,,0.000000,0.000000,,,,0.047047,"SETFLOW",0.000000,0.997567,0.000000,,,,,"","",,,,7.227416,,0.000000,,0.000000,,,0.000000,0.000000,"",,,0.000000,,-1.000000,,0.000000,0.000000,-1.000000,-1.000000,,,,,,,,,,,"",,,,,,,,,,"Volumetric",,,,,,,,,,-0.078423,,,,,,,,,,-0.078423,-0.001882,,,,,,,,,,,,
"2FB20A3B","Nodes",1117122.370000,1669945.870000,1313.064347,"Default Known Flow Node",69.999969,0.579999,1000.000000,0.000000,"Known Flow",0.000000,0.000000,2.16999993085665e-07,40.000000,0.579999,1000.000000,0.000000,0.000000,13.000000,0.000000,0.515371,0.579999,,,,6.971009,6.971009,,16.800279,,,,,,903.822387,0.066147,0.000000,0.000000,0.000000,,-459.670013,1000.000000,,0.000000,0.000000,,,,0.047018,"UNDEFINED",0.000000,0.997569,0.000000,,,,,"","",,,,6.971009,,0.000000,,0.000000,,,0.000000,0.000000,"",,,0.000000,,-1.000000,,0.000000,0.000000,-1.000000,-1.000000,,,,,,,,,,,"",,,,,,,,,,"Volumetric",,,,,,,,,,0.000000,,,,,,,,,,0.000000,0.000000,,,,,,,,,,,,
"0BECA689","Nodes",1116687.120000,1670000.750000,1313.064347,"Default Known Flow Node",69.999969,0.579999,1000.000000,0.000000,"Known Flow",0.000000,0.000000,2.16999993085665e-07,40.000000,0.579999,1000.000000,0.000000,0.000000,13.000000,0.000000,0.515374,0.579999,,,,7.481586,7.481586,,16.800279,,,,,,903.822387,0.066146,0.000000,0.000000,0.000000,,-459.670013,1000.000000,,0.000000,0.000000,,,,0.047076,"UNDEFINED",0.000000,0.997566,0.000000,,,,,"","",,,,7.481586,,0.000000,,0.000000,,,0.000000,0.000000,"",,,0.000000,,-1.000000,,0.000000,0.000000,-1.000000,-1.000000,,,,,,,,,,,"",,,,,,,,,,"Volumetric",,,,,,,,,,0.000000,,,,,,,,,,0.000000,0.000000,,,,,,,,,,,,
"0BECA67E","Nodes",1116605.750000,1670006.370000,1313.064347,"Default Known Flow Node",69.999969,0.579999,1000.000000,0.000000,"Known Flow",0.000000,0.000000,2.16999993085665e-07,40.000000,0.579999,1000.000000,0.000000,0.000000,13.000000,0.000000,0.515374,0.579999,,,,7.608568,7.608568,,16.800279,,,,,,903.822387,0.066146,0.000000,0.000000,0.000000,,-459.670013,1000.000000,,0.000000,0.000000,,,,0.047090,"SETFLOW",0.000000,0.997565,0.000000,,,,,"","",,,,7.608568,,0.000000,,0.000000,,,0.000000,0.000000,"",,,0.000000,,-1.000000,,0.000000,0.000000,-1.000000,-1.000000,,,,,,,,,,,"",,,,,,,,,,"Volumetric",,,,,,,,,,-0.031732,,,,,,,,,,-0.031732,-0.000761,,,,,,,,,,,,
"0BECA690","Nodes",1116608.870000,1670006.120000,1313.064347,"Default Known Flow Node",69.999969,0.579999,1000.000000,0.000000,"Known Flow",0.000000,0.000000,2.16999993085665e-07,40.000000,0.579999,1000.000000,0.000000,0.000000,13.000000,0.000000,0.515374,0.579999,,,,7.608568,7.608568,,16.800279,,,,,,903.822387,0.066146,0.000000,0.000000,0.000000,,-459.670013,1000.000000,,0.000000,0.000000,,,,0.047090,"UNDEFINED",0.000000,0.997565,0.000000,,,,,"","",,,,7.608568,,0.000000,,0.000000,,,0.000000,0.000000,"",,,0.000000,,-1.000000,,0.000000,0.000000,-1.000000,-1.000000,,,,,,,,,,,"",,,,,,,,,,"Volumetric",,,,,,,,,,0.000000,,,,,,,,,,0.000000,0.000000,,,,,,,,,,,,
"0BECA67D","Nodes",1116498.120000,1670101.870000,1313.064347,"Default Known Flow Node",69.999969,0.579999,1000.000000,0.000000,"Known Flow",0.000000,0.000000,2.16999993085665e-07,40.000000,0.579999,1000.000000,0.000000,0.000000,13.000000,0.000000,0.515374,0.579999,,,,7.605453,7.605453,,16.800279,,,,,,903.822387,0.066146,0.000000,0.000000,0.000000,,-459.670013,1000.000000,,0.000000,0.000000,,,,0.047090,"SETFLOW",0.000000,0.997565,0.000000,,,,,"","",,,,7.605453,,0.000000,,0.000000,,,0.000000,0.000000,"",,,0.000000,,-1.000000,,0.000000,0.000000,-1.000000,-1.000000,,,,,,,,,,,"",,,,,,,,,,"Volumetric",,,,,,,,,,-0.030958,,,,,,,,,,-0.030958,-0.000742,,,,,,,,,,,,
"0BECA67F","Nodes",1116606.750000,1670013.870000,1313.064347,"Default Known Flow Node",69.999969,0.579999,1000.000000,0.000000,"Known Flow",0.000000,0.000000,2.16999993085665e-07,40.000000,0.579999,1000.000000,0.000000,0.000000,13.000000,0.000000,0.515374,0.579999,,,,7.599081,7.599081,,16.800279,,,,,,903.822387,0.066146,0.000000,0.000000,0.000000,,-459.670013,1000.000000,,0.000000,0.000000,,,,0.047089,"UNDEFINED",0.000000,0.997565,0.000000,,,,,"","",,,,7.599081,,0.000000,,0.000000,,,0.000000,0.000000,"",,,0.000000,,-1.000000,,0.000000,0.000000,-1.000000,-1.000000,,,,,,,,,,,"",,,,,,,,,,"Volumetric",,,,,,,,,,0.000000,,,,,,,,,,0.000000,0.000000,,,,,,,,,,,,
"0BECA680","Nodes",1116607.000000,1670016.250000,1313.064347,"Default Known Flow Node",69.999969,0.579999,1000.000000,0.000000,"Known Flow",0.000000,0.000000,2.16999993085665e-07,40.000000,0.579999,1000.000000,0.000000,0.000000,13.000000,0.000000,0.515374,0.579999,,,,7.596972,7.596972,,16.800279,,,,,,903.822387,0.066146,0.000000,0.000000,0.000000,,-459.670013,1000.000000,,0.000000,0.000000,,,,0.047089,"UNDEFINED",0.000000,0.997565,0.000000,,,,,"","",,,,7.596972,,0.000000,,0.000000,,,0.000000,0.000000,"",,,0.000000,,-1.000000,,0.000000,0.000000,-1.000000,-1.000000,,,,,,,,,,,"",,,,,,,,,,"Volumetric",,,,,,,,,,0.000000,,,,,,,,,,0.000000,0.000000,,,,,,,,,,,,
"0BECA681","Nodes",1116608.120000,1670022.620000,1313.064347,"Default Known Flow Node",69.999969,0.579999,1000.000000,0.000000,"Known Flow",0.000000,0.000000,2.16999993085665e-07,40.000000,0.579999,1000.000000,0.000000,0.000000,13.000000,0.000000,0.515374,0.579999,,,,7.595836,7.595836,,16.800279,,,,,,903.822387,0.066146,0.000000,0.000000,0.000000,,-459.670013,1000.000000,,0.000000,0.000000,,,,0.047089,"UNDEFINED",0.000000,0.997565,0.000000,,,,,"","",,,,7.595836,,0.000000,,0.000000,,,0.000000,0.000000,"",,,0.000000,,-1.000000,,0.000000,0.000000,-1.000000,-1.000000,,,,,,,,,,,"",,,,,,,,,,"Volumetric",,,,,,,,,,0.000000,,,,,,,,,,0.000000,0.000000,,,,,,,,,,,,
"0BECA682","Nodes",1116608.750000,1670032.250000,1313.064347,"Default Known Flow Node",69.999969,0.579999,1000.000000,0.000000,"Known Flow",0.000000,0.000000,2.16999993085665e-07,40.000000,0.579999,1000.000000,0.000000,0.000000,13.000000,0.000000,0.515374,0.579999,,,,7.590531,7.590531,,16.800279,,,,,,903.822387,0.066146,0.000000,0.000000,0.000000,,-459.670013,1000.000000,,0.000000,0.000000,,,,0.047088,"UNDEFINED",0.000000,0.997565,0.000000,,,,,"","",,,,7.590531,,0.000000,,0.000000,,,0.000000,0.000000,"",,,0.000000,,-1.000000,,0.000000,0.000000,-1.000000,-1.000000,,,,,,,,,,,"",,,,,,,,,,"Volumetric",,,,,,,,,,0.000000,,,,,,,,,,0.000000,0.000000,,,,,,,,,,,,
"0BECA67C","Nodes",1116496.750000,1670100.000000,1313.064347,"Default Known Flow Node",69.999969,0.579999,1000.000000,0.000000,"Known Flow",0.000000,0.000000,2.16999993085665e-07,40.000000,0.579999,1000.000000,0.000000,0.000000,13.000000,0.000000,0.515374,0.579999,,,,7.605515,7.605515,,16.800279,,,,,,903.822387,0.066146,0.000000,0.000000,0.000000,,-459.670013,1000.000000,,0.000000,0.000000,,,,0.047090,"SETFLOW",0.000000,0.997565,0.000000,,,,,"","",,,,7.605515,,0.000000,,0.000000,,,0.000000,0.000000,"",,,0.000000,,-1.000000,,0.000000,0.000000,-1.000000,-1.000000,,,,,,,,,,,"",,,,,,,,,,"Volumetric",,,,,,,,,,-0.006633,,,,,,,,,,-0.006633,-0.000159,,,,,,,,,,,,
"0BECA678","Nodes",1116380.370000,1670209.620000,1313.064347,"Default Known Flow Node",69.999969,0.579999,1000.000000,0.000000,"Known Flow",0.000000,0.000000,2.16999993085665e-07,40.000000,0.579999,1000.000000,0.000000,0.000000,13.000000,0.000000,0.515374,0.579999,,,,7.599514,7.599514,,16.800279,,,,,,903.822387,0.066146,0.000000,0.000000,0.000000,,-459.670013,1000.000000,,0.000000,0.000000,,,,0.047089,"UNDEFINED",0.000000,0.997565,0.000000,,,,,"","",,,,7.599514,,0.000000,,0.000000,,,0.000000,0.000000,"",,,0.000000,,-1.000000,,0.000000,0.000000,-1.000000,-1.000000,,,,,,,,,,,"",,,,,,,,,,"Volumetric",,,,,,,,,,0.000000,,,,,,,,,,0.000000,0.000000,,,,,,,,,,,,
"0BECA679","Nodes",1116378.620000,1670207.620000,1313.064347,"Default Known Flow Node",69.999969,0.579999,1000.000000,0.000000,"Known Flow",0.000000,0.000000,2.16999993085665e-07,40.000000,0.579999,1000.000000,0.000000,0.000000,13.000000,0.000000,0.515374,0.579999,,,,7.599514,7.599514,,16.800279,,,,,,903.822387,0.066146,0.000000,0.000000,0.000000,,-459.670013,1000.000000,,0.000000,0.000000,,,,0.047089,"UNDEFINED",0.000000,0.997565,0.000000,,,,,"","",,,,7.599514,,0.000000,,0.000000,,,0.000000,0.000000,"",,,0.000000,,-1.000000,,0.000000,0.000000,-1.000000,-1.000000,,,,,,,,,,,"",,,,,,,,,,"Volumetric",,,,,,,,,,0.000000,,,,,,,,,,0.000000,0.000000,,,,,,,,,,,,
"0BECA677","Nodes",1116418.250000,1670431.750000,1313.064347,"Default Known Flow Node",69.999969,0.579999,1000.000000,0.000000,"Known Flow",0.000000,0.000000,2.16999993085665e-07,40.000000,0.579999,1000.000000,0.000000,0.000000,13.000000,0.000000,0.515374,0.579999,,,,7.522462,7.522462,,16.800279,,,,,,903.822387,0.066146,0.000000,0.000000,0.000000,,-459.670013,1000.000000,,0.000000,0.000000,,,,0.047080,"UNDEFINED",0.000000,0.997565,0.000000,,,,,"","",,,,7.522462,,0.000000,,0.000000,,,0.000000,0.000000,"",,,0.000000,,-1.000000,,0.000000,0.000000,-1.000000,-1.000000,,,,,,,,,,,"",,,,,,,,,,"Volumetric",,,,,,,,,,0.000000,,,,,,,,,,0.000000,0.000000,,,,,,,,,,,,
"0BECA67A","Nodes",1116318.370000,1670265.750000,1313.064347,"Default Known Flow Node",69.999969,0.579999,1000.000000,0.000000,"Known Flow",0.000000,0.000000,2.16999993085665e-07,40.000000,0.579999,1000.000000,0.000000,0.000000,13.000000,0.000000,0.515374,0.579999,,,,7.599691,7.599691,,16.800279,,,,,,903.822387,0.066146,0.000000,0.000000,0.000000,,-459.670013,1000.000000,,0.000000,0.000000,,,,0.047089,"SETFLOW",0.000000,0.997565,0.000000,,,,,"","",,,,7.599691,,0.000000,,0.000000,,,0.000000,0.000000,"",,,0.000000,,-1.000000,,0.000000,0.000000,-1.000000,-1.000000,,,,,,,,,,,"",,,,,,,,,,"Volumetric",,,,,,,,,,-0.039361,,,,,,,,,,-0.039361,-0.000944,,,,,,,,,,,,
"0BECA683","Nodes",1116608.750000,1670033.250000,1313.064347,"Default Known Flow Node",69.999969,0.579999,1000.000000,0.000000,"Known Flow",0.000000,0.000000,2.16999993085665e-07,40.000000,0.579999,1000.000000,0.000000,0.000000,13.000000,0.000000,0.515374,0.579999,,,,7.590531,7.590531,,16.800279,,,,,,903.822387,0.066146,0.000000,0.000000,0.000000,,-459.670013,1000.000000,,0.000000,0.000000,,,,0.047088,"SETFLOW",0.000000,0.997565,0.000000,,,,,"","",,,,7.590531,,0.000000,,0.000000,,,0.000000,0.000000,"",,,0.000000,,-1.000000,,0.000000,0.000000,-1.000000,-1.000000,,,,,,,,,,,"",,,,,,,,,,"Volumetric",,,,,,,,,,-0.043065,,,,,,,,,,-0.043065,-0.001033,,,,,,,,,,,,
"0BECA684","Nodes",1116637.620000,1670229.750000,1313.064347,"Default Known Flow Node",69.999969,0.579999,1000.000000,0.000000,"Known Flow",0.000000,0.000000,2.16999993085665e-07,40.000000,0.579999,1000.000000,0.000000,0.000000,13.000000,0.000000,0.515374,0.579999,,,,7.516041,7.516041,,16.800279,,,,,,903.822387,0.066146,0.000000,0.000000,0.000000,,-459.670013,1000.000000,,0.000000,0.000000,,,,0.047079,"SETFLOW",0.000000,0.997565,0.000000,,,,,"","",,,,7.516041,,0.000000,,0.000000,,,0.000000,0.000000,"",,,0.000000,,-1.000000,,0.000000,0.000000,-1.000000,-1.000000,,,,,,,,,,,"",,,,,,,,,,"Volumetric",,,,,,,,,,-0.061197,,,,,,,,,,-0.061197,-0.001468,,,,,,,,,,,,
"0BECA67B","Nodes",1116320.620000,1670269.000000,1313.064347,"Default Known Flow Node",69.999969,0.579999,1000.000000,0.000000,"Known Flow",0.000000,0.000000,2.16999993085665e-07,40.000000,0.579999,1000.000000,0.000000,0.000000,13.000000,0.000000,0.515374,0.579999,,,,7.599691,7.599691,,16.800279,,,,,,903.822387,0.066146,0.000000,0.000000,0.000000,,-459.670013,1000.000000,,0.000000,0.000000,,,,0.047089,"UNDEFINED",0.000000,0.997565,0.000000,,,,,"","",,,,7.599691,,0.000000,,0.000000,,,0.000000,0.000000,"",,,0.000000,,-1.000000,,0.000000,0.000000,-1.000000,-1.000000,,,,,,,,,,,"",,,,,,,,,,"Volumetric",,,,,,,,,,0.000000,,,,,,,,,,0.000000,0.000000,,,,,,,,,,,,
"0BECA676","Nodes",1116418.870000,1670436.000000,1313.064347,"Default Known Flow Node",69.999969,0.579999,1000.000000,0.000000,"Known Flow",0.000000,0.000000,2.16999993085665e-07,40.000000,0.579999,1000.000000,0.000000,0.000000,13.000000,0.000000,0.515374,0.579999,,,,7.521098,7.521098,,16.800279,,,,,,903.822387,0.066146,0.000000,0.000000,0.000000,,-459.670013,1000.000000,,0.000000,0.000000,,,,0.047080,"SETFLOW",0.000000,0.997565,0.000000,,,,,"","",,,,7.521098,,0.000000,,0.000000,,,0.000000,0.000000,"",,,0.000000,,-1.000000,,0.000000,0.000000,-1.000000,-1.000000,,,,,,,,,,,"",,,,,,,,,,"Volumetric",,,,,,,,,,-0.055282,,,,,,,,,,-0.055282,-0.001326,,,,,,,,,,,,
"0BECA675","Nodes",1116463.250000,1670696.870000,1313.064347,"Default Known Flow Node",69.999969,0.579999,1000.000000,0.000000,"Known Flow",0.000000,0.000000,2.16999993085665e-07,40.000000,0.579999,1000.000000,0.000000,0.000000,13.000000,0.000000,0.515374,0.579999,,,,7.436446,7.436446,,16.800279,,,,,,903.822387,0.066146,0.000000,0.000000,0.000000,,-459.670013,1000.000000,,0.000000,0.000000,,,,0.047070,"SETFLOW",0.000000,0.997566,0.000000,,,,,"","",,,,7.436446,,0.000000,,0.000000,,,0.000000,0.000000,"",,,0.000000,,-1.000000,,0.000000,0.000000,-1.000000,-1.000000,,,,,,,,,,,"",,,,,,,,,,"Volumetric",,,,,,,,,,-0.130220,,,,,,,,,,-0.130220,-0.003125,,,,,,,,,,,,
"0BECA68B","Nodes",1116967.250000,1670600.370000,1313.064347,"Default Known Flow Node",69.999969,0.579999,1000.000000,0.000000,"Known Flow",0.000000,0.000000,2.16999993085665e-07,40.000000,0.579999,1000.000000,0.000000,0.000000,13.000000,0.000000,0.515371,0.579999,,,,7.053978,7.053978,,16.800279,,,,,,903.822387,0.066147,0.000000,0.000000,0.000000,,-459.670013,1000.000000,,0.000000,0.000000,,,,0.047027,"SETFLOW",0.000000,0.997568,0.000000,,,,,"","",,,,7.053978,,0.000000,,0.000000,,,0.000000,0.000000,"",,,0.000000,,-1.000000,,0.000000,0.000000,-1.000000,-1.000000,,,,,,,,,,,"",,,,,,,,,,"Volumetric",,,,,,,,,,-0.248316,,,,,,,,,,-0.248316,-0.005959,,,,,,,,,,,,
"2FB24F98","Nodes",1117196.850553,1670555.704735,1313.064347,"Default Known Flow Node",69.999969,0.579999,1000.000000,0.000000,"Known Flow",0.000000,0.000000,2.16999993085665e-07,40.000000,0.579999,1000.000000,0.000000,0.000000,13.000000,0.000000,0.515370,0.579999,,,,6.874291,6.874291,,16.800279,,,,,,903.822387,0.066147,0.000000,0.000000,0.000000,,-459.670013,1000.000000,,0.000000,0.000000,,,,0.047007,"SETFLOW",0.000000,0.997569,0.000000,,,,,"","",,,,6.874291,,0.000000,,0.000000,,,0.000000,0.000000,"",,,0.000000,,-1.000000,,0.000000,0.000000,-1.000000,-1.000000,,,,,,,,,,,"",,,,,,,,,,"Volumetric",,,,,,,,,,-0.040294,,,,,,,,,,-0.040294,-0.000967,,,,,,,,,,,,
"0BECA68A","Nodes",1116967.620000,1670603.120000,1313.064347,"Default Known Flow Node",69.999969,0.579999,1000.000000,0.000000,"Known Flow",0.000000,0.000000,2.16999993085665e-07,40.000000,0.579999,1000.000000,0.000000,0.000000,13.000000,0.000000,0.515371,0.579999,,,,7.054717,7.054717,,16.800279,,,,,,903.822387,0.066147,0.000000,0.000000,0.000000,,-459.670013,1000.000000,,0.000000,0.000000,,,,0.047027,"SETFLOW",0.000000,0.997568,0.000000,,,,,"","",,,,7.054717,,0.000000,,0.000000,,,0.000000,0.000000,"",,,0.000000,,-1.000000,,0.000000,0.000000,-1.000000,-1.000000,,,,,,,,,,,"",,,,,,,,,,"Volumetric",,,,,,,,,,-0.370207,,,,,,,,,,-0.370207,-0.008884,,,,,,,,,,,,
"0BECA685","Nodes",1116704.120000,1670656.120000,1313.064347,"Default Known Flow Node",69.999969,0.579999,1000.000000,0.000000,"Known Flow",0.000000,0.000000,2.16999993085665e-07,40.000000,0.579999,1000.000000,0.000000,0.000000,13.000000,0.000000,0.515373,0.579999,,,,7.358708,7.358708,,16.800279,,,,,,903.822387,0.066146,0.000000,0.000000,0.000000,,-459.670013,1000.000000,,0.000000,0.000000,,,,0.047062,"SETFLOW",0.000000,0.997566,0.000000,,,,,"","",,,,7.358708,,0.000000,,0.000000,,,0.000000,0.000000,"",,,0.000000,,-1.000000,,0.000000,0.000000,-1.000000,-1.000000,,,,,,,,,,,"",,,,,,,,,,"Volumetric",,,,,,,,,,-0.298181,,,,,,,,,,-0.298181,-0.007156,,,,,,,,,,,,
"0BECA66F","Nodes",1116469.750000,1670734.500000,1313.064347,"Default Known Flow Node",69.999969,0.579999,1000.000000,0.000000,"Known Flow",0.000000,0.000000,2.16999993085665e-07,40.000000,0.579999,1000.000000,0.000000,0.000000,13.000000,0.000000,0.515374,0.579999,,,,7.436673,7.436673,,16.800279,,,,,,903.822387,0.066146,0.000000,0.000000,0.000000,,-459.670013,1000.000000,,0.000000,0.000000,,,,0.047070,"SETFLOW",0.000000,0.997566,0.000000,,,,,"","",,,,7.436673,,0.000000,,0.000000,,,0.000000,0.000000,"",,,0.000000,,-1.000000,,0.000000,0.000000,-1.000000,-1.000000,,,,,,,,,,,"",,,,,,,,,,"Volumetric",,,,,,,,,,-0.164127,,,,,,,,,,-0.164127,-0.003939,,,,,,,,,,,,
"0BECA686","Nodes",1116459.750000,1670697.370000,1313.064347,"Default Known Flow Node",69.999969,0.579999,1000.000000,0.000000,"Known Flow",0.000000,0.000000,2.16999993085665e-07,40.000000,0.579999,1000.000000,0.000000,0.000000,13.000000,0.000000,0.515374,0.579999,,,,7.436446,7.436446,,16.800279,,,,,,903.822387,0.066146,0.000000,0.000000,0.000000,,-459.670013,1000.000000,,0.000000,0.000000,,,,0.047070,"UNDEFINED",0.000000,0.997566,0.000000,,,,,"","",,,,7.436446,,0.000000,,0.000000,,,0.000000,0.000000,"",,,0.000000,,-1.000000,,0.000000,0.000000,-1.000000,-1.000000,,,,,,,,,,,"",,,,,,,,,,"Volumetric",,,,,,,,,,0.000000,,,,,,,,,,0.000000,0.000000,,,,,,,,,,,,
"0BECA66E","Nodes",1116535.750000,1671137.750000,1313.064347,"Default Known Flow Node",69.999969,0.579999,1000.000000,0.000000,"Known Flow",0.000000,0.000000,2.16999993085665e-07,40.000000,0.579999,1000.000000,0.000000,0.000000,13.000000,0.000000,0.515373,0.579999,,,,7.359973,7.359973,,16.800279,,,,,,903.822387,0.066146,0.000000,0.000000,0.000000,,-459.670013,1000.000000,,0.000000,0.000000,,,,0.047062,"SETFLOW",0.000000,0.997566,0.000000,,,,,"","",,,,7.359973,,0.000000,,0.000000,,,0.000000,0.000000,"",,,0.000000,,-1.000000,,0.000000,0.000000,-1.000000,-1.000000,,,,,,,,,,,"",,,,,,,,,,"Volumetric",,,,,,,,,,-0.127432,,,,,,,,,,-0.127432,-0.003058,,,,,,,,,,,,
"0BECA670","Nodes",1116289.870000,1670769.120000,1313.064347,"Default Known Flow Node",69.999969,0.579999,1000.000000,0.000000,"Known Flow",0.000000,0.000000,2.16999993085665e-07,40.000000,0.579999,1000.000000,0.000000,0.000000,13.000000,0.000000,0.515374,0.579999,,,,7.489281,7.489281,,16.800279,,,,,,903.822387,0.066146,0.000000,0.000000,0.000000,,-459.670013,1000.000000,,0.000000,0.000000,,,,0.047076,"SETFLOW",0.000000,0.997566,0.000000,,,,,"","",,,,7.489281,,0.000000,,0.000000,,,0.000000,0.000000,"",,,0.000000,,-1.000000,,0.000000,0.000000,-1.000000,-1.000000,,,,,,,,,,,"",,,,,,,,,,"Volumetric",,,,,,,,,,-0.018673,,,,,,,,,,-0.018673,-0.000448,,,,,,,,,,,,
"0BECA671","Nodes",1116222.870000,1670782.250000,1313.064347,"Default Known Flow Node",69.999969,0.579999,1000.000000,0.000000,"Known Flow",0.000000,0.000000,2.16999993085665e-07,40.000000,0.579999,1000.000000,0.000000,0.000000,13.000000,0.000000,0.515374,0.579999,,,,7.509189,7.509189,,16.800279,,,,,,903.822387,0.066146,0.000000,0.000000,0.000000,,-459.670013,1000.000000,,0.000000,0.000000,,,,0.047079,"SETFLOW",0.000000,0.997565,0.000000,,,,,"","",,,,7.509189,,0.000000,,0.000000,,,0.000000,0.000000,"",,,0.000000,,-1.000000,,0.000000,0.000000,-1.000000,-1.000000,,,,,,,,,,,"",,,,,,,,,,"Volumetric",,,,,,,,,,-0.055528,,,,,,,,,,-0.055528,-0.001332,,,,,,,,,,,,
"0BECA672","Nodes",1116216.370000,1670783.370000,1313.064347,"Default Known Flow Node",69.999969,0.579999,1000.000000,0.000000,"Known Flow",0.000000,0.000000,2.16999993085665e-07,40.000000,0.579999,1000.000000,0.000000,0.000000,13.000000,0.000000,0.515374,0.579999,,,,7.511908,7.511908,,16.800279,,,,,,903.822387,0.066146,0.000000,0.000000,0.000000,,-459.670013,1000.000000,,0.000000,0.000000,,,,0.047079,"UNDEFINED",0.000000,0.997565,0.000000,,,,,"","",,,,7.511908,,0.000000,,0.000000,,,0.000000,0.000000,"",,,0.000000,,-1.000000,,0.000000,0.000000,-1.000000,-1.000000,,,,,,,,,,,"",,,,,,,,,,"Volumetric",,,,,,,,,,0.000000,,,,,,,,,,0.000000,0.000000,,,,,,,,,,,,
"0BECA687","Nodes",1116729.870000,1670849.000000,1313.064347,"Default Known Flow Node",69.999969,0.579999,1000.000000,0.000000,"Known Flow",0.000000,0.000000,2.16999993085665e-07,40.000000,0.579999,1000.000000,0.000000,0.000000,13.000000,0.000000,0.515373,0.579999,,,,7.332158,7.332158,,16.800279,,,,,,903.822387,0.066146,0.000000,0.000000,0.000000,,-459.670013,1000.000000,,0.000000,0.000000,,,,0.047059,"SETFLOW",0.000000,0.997566,0.000000,,,,,"","",,,,7.332158,,0.000000,,0.000000,,,0.000000,0.000000,"",,,0.000000,,-1.000000,,0.000000,0.000000,-1.000000,-1.000000,,,,,,,,,,,"",,,,,,,,,,"Volumetric",,,,,,,,,,-0.120884,,,,,,,,,,-0.120884,-0.002901,,,,,,,,,,,,
"0BECA673","Nodes",1116287.620000,1671121.620000,1313.064347,"Default Known Flow Node",69.999969,0.579999,1000.000000,0.000000,"Known Flow",0.000000,0.000000,2.16999993085665e-07,40.000000,0.579999,1000.000000,0.000000,0.000000,13.000000,0.000000,0.515374,0.579999,,,,7.506257,7.506257,,16.800279,,,,,,903.822387,0.066146,0.000000,0.000000,0.000000,,-459.670013,1000.000000,,0.000000,0.000000,,,,0.047078,"SETFLOW",0.000000,0.997565,0.000000,,,,,"","",,,,7.506257,,0.000000,,0.000000,,,0.000000,0.000000,"",,,0.000000,,-1.000000,,0.000000,0.000000,-1.000000,-1.000000,,,,,,,,,,,"",,,,,,,,,,"Volumetric",,,,,,,,,,-0.111547,,,,,,,,,,-0.111547,-0.002677,,,,,,,,,,,,
"0BECA66D","Nodes",1116545.750000,1671193.370000,1313.064347,"Default Known Flow Node",69.999969,0.579999,1000.000000,0.000000,"Known Flow",0.000000,0.000000,2.16999993085665e-07,40.000000,0.579999,1000.000000,0.000000,0.000000,13.000000,0.000000,0.515373,0.579999,,,,7.351519,7.351519,,16.800279,,,,,,903.822387,0.066146,0.000000,0.000000,0.000000,,-459.670013,1000.000000,,0.000000,0.000000,,,,0.047061,"UNDEFINED",0.000000,0.997566,0.000000,,,,,"","",,,,7.351519,,0.000000,,0.000000,,,0.000000,0.000000,"",,,0.000000,,-1.000000,,0.000000,0.000000,-1.000000,-1.000000,,,,,,,,,,,"",,,,,,,,,,"Volumetric",,,,,,,,,,0.000000,,,,,,,,,,0.000000,0.000000,,,,,,,,,,,,
"0BECA688","Nodes",1116778.000000,1671173.000000,1313.064347,"Default Known Flow Node",69.999969,0.579999,1000.000000,0.000000,"Known Flow",0.000000,0.000000,2.16999993085665e-07,40.000000,0.579999,1000.000000,0.000000,0.000000,13.000000,0.000000,0.515373,0.579999,,,,7.290943,7.290943,,16.800279,,,,,,903.822387,0.066146,0.000000,0.000000,0.000000,,-459.670013,1000.000000,,0.000000,0.000000,,,,0.047054,"UNDEFINED",0.000000,0.997567,0.000000,,,,,"","",,,,7.290943,,0.000000,,0.000000,,,0.000000,0.000000,"",,,0.000000,,-1.000000,,0.000000,0.000000,-1.000000,-1.000000,,,,,,,,,,,"",,,,,,,,,,"Volumetric",,,,,,,,,,0.000000,,,,,,,,,,0.000000,0.000000,,,,,,,,,,,,
"0BECA66C","Nodes",1116573.870000,1671357.370000,1313.064347,"Default Known Flow Node",69.999969,0.579999,1000.000000,0.000000,"Known Flow",0.000000,0.000000,2.16999993085665e-07,40.000000,0.579999,1000.000000,0.000000,0.000000,13.000000,0.000000,0.515373,0.579999,,,,7.326456,7.326456,,16.800279,,,,,,903.822387,0.066146,0.000000,0.000000,0.000000,,-459.670013,1000.000000,,0.000000,0.000000,,,,0.047058,"SETFLOW",0.000000,0.997566,0.000000,,,,,"","",,,,7.326456,,0.000000,,0.000000,,,0.000000,0.000000,"",,,0.000000,,-1.000000,,0.000000,0.000000,-1.000000,-1.000000,,,,,,,,,,,"",,,,,,,,,,"Volumetric",,,,,,,,,,-0.010073,,,,,,,,,,-0.010073,-0.000241,,,,,,,,,,,,
"0BECA674","Nodes",1116324.000000,1671306.500000,1313.064347,"Default Known Flow Node",69.999969,0.579999,1000.000000,0.000000,"Known Flow",0.000000,0.000000,2.16999993085665e-07,40.000000,0.579999,1000.000000,0.000000,0.000000,13.000000,0.000000,0.515374,0.579999,,,,7.505612,7.505612,,16.800279,,,,,,903.822387,0.066146,0.000000,0.000000,0.000000,,-459.670013,1000.000000,,0.000000,0.000000,,,,0.047078,"SETFLOW",0.000000,0.997565,0.000000,,,,,"","",,,,7.505612,,0.000000,,0.000000,,,0.000000,0.000000,"",,,0.000000,,-1.000000,,0.000000,0.000000,-1.000000,-1.000000,,,,,,,,,,,"",,,,,,,,,,"Volumetric",,,,,,,,,,-0.075552,,,,,,,,,,-0.075552,-0.001813,,,,,,,,,,,,
"2FB200A1","Nodes",1116577.250000,1671380.000000,1313.064347,"Default Known Flow Node",69.999969,0.579999,1000.000000,0.000000,"Known Flow",0.000000,0.000000,2.16999993085665e-07,40.000000,0.579999,1000.000000,0.000000,0.000000,13.000000,0.000000,0.515373,0.579999,,,,7.323048,7.323048,,16.800279,,,,,,903.822387,0.066146,0.000000,0.000000,0.000000,,-459.670013,1000.000000,,0.000000,0.000000,,,,0.047058,"SETFLOW",0.000000,0.997566,0.000000,,,,,"","",,,,7.323048,,0.000000,,0.000000,,,0.000000,0.000000,"",,,0.000000,,-1.000000,,0.000000,0.000000,-1.000000,-1.000000,,,,,,,,,,,"",,,,,,,,,,"Volumetric",,,,,,,,,,-0.010073,,,,,,,,,,-0.010073,-0.000241,,,,,,,,,,,,
"2FB200A2","Nodes",1116255.250000,1671380.000000,1313.064347,"Default Known Flow Node",69.999969,0.579999,1000.000000,0.000000,"Known Flow",0.000000,0.000000,2.16999993085665e-07,40.000000,0.579999,1000.000000,0.000000,0.000000,13.000000,0.000000,0.515374,0.579999,,,,7.447897,7.447897,,16.800279,,,,,,903.822387,0.066146,0.000000,0.000000,0.000000,,-459.670013,1000.000000,,0.000000,0.000000,,,,0.047072,"UNDEFINED",0.000000,0.997566,0.000000,,,,,"","",,,,7.447897,,0.000000,,0.000000,,,0.000000,0.000000,"",,,0.000000,,-1.000000,,0.000000,0.000000,-1.000000,-1.000000,,,,,,,,,,,"",,,,,,,,,,"Volumetric",,,,,,,,,,0.000000,,,,,,,,,,0.000000,0.000000,,,,,,,,,,,,
"2FB1A111","Nodes",1116290.000000,1671389.120000,1313.064347,"Default Known Flow Node",69.999969,0.579999,1000.000000,0.000000,"Known Flow",0.000000,0.000000,2.16999993085665e-07,40.000000,0.579999,1000.000000,0.000000,0.000000,13.000000,0.000000,0.515374,0.579999,,,,7.434202,7.434202,,16.800279,,,,,,903.822387,0.066146,0.000000,0.000000,0.000000,,-459.670013,1000.000000,,0.000000,0.000000,,,,0.047070,"SETFLOW",0.000000,0.997566,0.000000,,,,,"","",,,,7.434202,,0.000000,,0.000000,,,0.000000,0.000000,"",,,0.000000,,-1.000000,,0.000000,0.000000,-1.000000,-1.000000,,,,,,,,,,,"",,,,,,,,,,"Volumetric",,,,,,,,,,-0.012284,,,,,,,,,,-0.012284,-0.000294,,,,,,,,,,,,
"2FB1A110","Nodes",1116590.750000,1671458.870000,1313.064347,"Default Known Flow Node",69.999969,0.579999,1000.000000,0.000000,"Known Flow",0.000000,0.000000,2.16999993085665e-07,40.000000,0.579999,1000.000000,0.000000,0.000000,13.000000,0.000000,0.515373,0.579999,,,,7.311701,7.311701,,16.800279,,,,,,903.822387,0.066146,0.000000,0.000000,0.000000,,-459.670013,1000.000000,,0.000000,0.000000,,,,0.047056,"UNDEFINED",0.000000,0.997567,0.000000,,,,,"","",,,,7.311701,,0.000000,,0.000000,,,0.000000,0.000000,"",,,0.000000,,-1.000000,,0.000000,0.000000,-1.000000,-1.000000,,,,,,,,,,,"",,,,,,,,,,"Volumetric",,,,,,,,,,0.000000,,,,,,,,,,0.000000,0.000000,,,,,,,,,,,,
"2FB1B615","Nodes",1116590.500000,1671466.870000,1313.064347,"Default Known Flow Node",69.999969,0.579999,1000.000000,0.000000,"Known Flow",0.000000,0.000000,2.16999993085665e-07,40.000000,0.579999,1000.000000,0.000000,0.000000,13.000000,0.000000,0.515373,0.579999,,,,7.310538,7.310538,,16.800279,,,,,,903.822387,0.066146,0.000000,0.000000,0.000000,,-459.670013,1000.000000,,0.000000,0.000000,,,,0.047056,"SETFLOW",0.000000,0.997567,0.000000,,,,,"","",,,,7.310538,,0.000000,,0.000000,,,0.000000,0.000000,"",,,0.000000,,-1.000000,,0.000000,0.000000,-1.000000,-1.000000,,,,,,,,,,,"",,,,,,,,,,"Volumetric",,,,,,,,,,-0.038405,,,,,,,,,,-0.038405,-0.000921,,,,,,,,,,,,
"2FB1A10F","Nodes",1116591.120000,1671463.870000,1313.064347,"Default Known Flow Node",69.999969,0.579999,1000.000000,0.000000,"Known Flow",0.000000,0.000000,2.16999993085665e-07,40.000000,0.579999,1000.000000,0.000000,0.000000,13.000000,0.000000,0.515373,0.579999,,,,7.310974,7.310974,,16.800279,,,,,,903.822387,0.066146,0.000000,0.000000,0.000000,,-459.670013,1000.000000,,0.000000,0.000000,,,,0.047056,"UNDEFINED",0.000000,0.997567,0.000000,,,,,"","",,,,7.310974,,0.000000,,0.000000,,,0.000000,0.000000,"",,,0.000000,,-1.000000,,0.000000,0.000000,-1.000000,-1.000000,,,,,,,,,,,"",,,,,,,,,,"Volumetric",,,,,,,,,,0.000000,,,,,,,,,,0.000000,0.000000,,,,,,,,,,,,
"2FB22C83","Nodes",1116589.870000,1671469.250000,1313.064347,"Default Known Flow Node",69.999969,0.579999,1000.000000,0.000000,"Known Flow",0.000000,0.000000,2.16999993085665e-07,40.000000,0.579999,1000.000000,0.000000,0.000000,13.000000,0.000000,0.515373,0.579999,,,,7.310538,7.310538,,16.800279,,,,,,903.822387,0.066146,0.000000,0.000000,0.000000,,-459.670013,1000.000000,,0.000000,0.000000,,,,0.047056,"UNDEFINED",0.000000,0.997567,0.000000,,,,,"","",,,,7.310538,,0.000000,,0.000000,,,0.000000,0.000000,"",,,0.000000,,-1.000000,,0.000000,0.000000,-1.000000,-1.000000,,,,,,,,,,,"",,,,,,,,,,"Volumetric",,,,,,,,,,0.000000,,,,,,,,,,0.000000,0.000000,,,,,,,,,,,,
"2FB1B61E","Nodes",1117042.870000,1671438.120000,1313.064347,"Default Known Flow Node",69.999969,0.579999,1000.000000,0.000000,"Known Flow",0.000000,0.000000,2.16999993085665e-07,40.000000,0.579999,1000.000000,0.000000,0.000000,13.000000,0.000000,0.515370,0.579999,,,,6.882082,6.882082,,16.800279,,,,,,903.822387,0.066147,0.000000,0.000000,0.000000,,-459.670013,1000.000000,,0.000000,0.000000,,,,0.047007,"SETFLOW",0.000000,0.997569,0.000000,,,,,"","",,,,6.882082,,0.000000,,0.000000,,,0.000000,0.000000,"",,,0.000000,,-1.000000,,0.000000,0.000000,-1.000000,-1.000000,,,,,,,,,,,"",,,,,,,,,,"Volumetric",,,,,,,,,,-0.019140,,,,,,,,,,-0.019140,-0.000459,,,,,,,,,,,,
"2FB1B612","Nodes",1116825.250000,1671481.870000,1313.064347,"Default Known Flow Node",69.999969,0.579999,1000.000000,0.000000,"Known Flow",0.000000,0.000000,2.16999993085665e-07,40.000000,0.579999,1000.000000,0.000000,0.000000,13.000000,0.000000,0.515372,0.579999,,,,7.244636,7.244636,,16.800279,,,,,,903.822387,0.066146,0.000000,0.000000,0.000000,,-459.670013,1000.000000,,0.000000,0.000000,,,,0.047049,"SETFLOW",0.000000,0.997567,0.000000,,,,,"","",,,,7.244636,,0.000000,,0.000000,,,0.000000,0.000000,"",,,0.000000,,-1.000000,,0.000000,0.000000,-1.000000,-1.000000,,,,,,,,,,,"",,,,,,,,,,"Volumetric",,,,,,,,,,-0.016117,,,,,,,,,,-0.016117,-0.000386,,,,,,,,,,,,
"2FB1B613","Nodes",1116858.385797,1671536.447342,1313.064347,"Default Known Flow Node",69.999969,0.579999,1000.000000,0.000000,"Known Flow",0.000000,0.000000,2.16999993085665e-07,40.000000,0.579999,1000.000000,0.000000,0.000000,13.000000,0.000000,0.515372,0.579999,,,,7.245913,7.245913,,16.800279,,,,,,903.822387,0.066146,0.000000,0.000000,0.000000,,-459.670013,1000.000000,,0.000000,0.000000,,,,0.047049,"SETFLOW",0.000000,0.997567,0.000000,,,,,"","",,,,7.245913,,0.000000,,0.000000,,,0.000000,0.000000,"",,,0.000000,,-1.000000,,0.000000,0.000000,-1.000000,-1.000000,,,,,,,,,,,"",,,,,,,,,,"Volumetric",,,,,,,,,,-0.123402,,,,,,,,,,-0.123402,-0.002961,,,,,,,,,,,,
"2FBA2A37","Nodes",1116857.431738,1671536.179617,1313.064347,"Default Known Flow Node",69.999969,0.579999,1000.000000,0.000000,"Known Flow",0.000000,0.000000,2.16999993085665e-07,40.000000,0.579999,1000.000000,0.000000,0.000000,13.000000,0.000000,0.515372,0.579999,,,,7.247081,7.247081,,16.800279,,,,,,903.822387,0.066146,0.000000,0.000000,0.000000,,-459.670013,1000.000000,,0.000000,0.000000,,,,0.047049,"UNDEFINED",0.000000,0.997567,0.000000,,,,,"","",,,,7.247081,,0.000000,,0.000000,,,0.000000,0.000000,"",,,0.000000,,-1.000000,,0.000000,0.000000,0.000000,-1.000000,,,,,,,,,,,"",,,,,,,,,,"Volumetric",,,,,,,,,,0.000000,,,,,,,,,,0.000000,0.000000,,,,,,,,,,,,
"2FB1B621","Nodes",1116859.820134,1671531.485429,1313.064347,"Default Known Flow Node",69.999969,0.579999,1000.000000,0.000000,"Known Flow",0.000000,0.000000,2.16999993085665e-07,40.000000,0.579999,1000.000000,0.000000,0.000000,13.000000,0.000000,0.515372,0.579999,,,,7.245822,7.245822,,16.800279,,,,,,903.822387,0.066146,0.000000,0.000000,0.000000,,-459.670013,1000.000000,,0.000000,0.000000,,,,0.047049,"UNDEFINED",0.000000,0.997567,0.000000,,,,,"","",,,,7.245822,,0.000000,,0.000000,,,0.000000,0.000000,"",,,0.000000,,-1.000000,,0.000000,0.000000,-1.000000,-1.000000,,,,,,,,,,,"",,,,,,,,,,"Volumetric",,,,,,,,,,0.000000,,,,,,,,,,0.000000,0.000000,,,,,,,,,,,,
"2FB1A10C","Nodes",1116880.500000,1671542.370000,1313.064347,"Default Known Flow Node",69.999969,0.579999,1000.000000,0.000000,"Known Flow",0.000000,0.000000,2.16999993085665e-07,40.000000,0.579999,1000.000000,0.000000,0.000000,13.000000,0.000000,0.515372,0.579999,,,,7.221327,7.221327,,16.800279,,,,,,903.822387,0.066146,0.000000,0.000000,0.000000,,-459.670013,1000.000000,,0.000000,0.000000,,,,0.047046,"UNDEFINED",0.000000,0.997567,0.000000,,,,,"","",,,,7.221327,,0.000000,,0.000000,,,0.000000,0.000000,"",,,0.000000,,-1.000000,,0.000000,0.000000,-1.000000,-1.000000,,,,,,,,,,,"",,,,,,,,,,"Volumetric",,,,,,,,,,0.000000,,,,,,,,,,0.000000,0.000000,,,,,,,,,,,,
"2FB1A10B","Nodes",1116884.620000,1671543.370000,1313.064347,"Default Known Flow Node",69.999969,0.579999,1000.000000,0.000000,"Known Flow",0.000000,0.000000,2.16999993085665e-07,40.000000,0.579999,1000.000000,0.000000,0.000000,13.000000,0.000000,0.515372,0.579999,,,,7.216482,7.216482,,16.800279,,,,,,903.822387,0.066146,0.000000,0.000000,0.000000,,-459.670013,1000.000000,,0.000000,0.000000,,,,0.047045,"UNDEFINED",0.000000,0.997567,0.000000,,,,,"","",,,,7.216482,,0.000000,,0.000000,,,0.000000,0.000000,"",,,0.000000,,-1.000000,,0.000000,0.000000,-1.000000,-1.000000,,,,,,,,,,,"",,,,,,,,,,"Volumetric",,,,,,,,,,0.000000,,,,,,,,,,0.000000,0.000000,,,,,,,,,,,,
"2FB1A10A","Nodes",1116894.000000,1671545.870000,1313.064347,"Default Known Flow Node",69.999969,0.579999,1000.000000,0.000000,"Known Flow",0.000000,0.000000,2.16999993085665e-07,40.000000,0.579999,1000.000000,0.000000,0.000000,13.000000,0.000000,0.515372,0.579999,,,,7.204366,7.204366,,16.800279,,,,,,903.822387,0.066146,0.000000,0.000000,0.000000,,-459.670013,1000.000000,,0.000000,0.000000,,,,0.047044,"UNDEFINED",0.000000,0.997567,0.000000,,,,,"","",,,,7.204366,,0.000000,,0.000000,,,0.000000,0.000000,"",,,0.000000,,-1.000000,,0.000000,0.000000,-1.000000,-1.000000,,,,,,,,,,,"",,,,,,,,,,"Volumetric",,,,,,,,,,0.000000,,,,,,,,,,0.000000,0.000000,,,,,,,,,,,,
"2FB1B626","Nodes",1116898.000000,1671547.000000,1313.064347,"Default Known Flow Node",69.999969,0.579999,1000.000000,0.000000,"Known Flow",0.000000,0.000000,2.16999993085665e-07,40.000000,0.579999,1000.000000,0.000000,0.000000,13.000000,0.000000,0.515372,0.579999,,,,7.199520,7.199520,,16.800279,,,,,,903.822387,0.066146,0.000000,0.000000,0.000000,,-459.670013,1000.000000,,0.000000,0.000000,,,,0.047044,"UNDEFINED",0.000000,0.997567,0.000000,,,,,"","",,,,7.199520,,0.000000,,0.000000,,,0.000000,0.000000,"",,,0.000000,,-1.000000,,0.000000,0.000000,-1.000000,-1.000000,,,,,,,,,,,"",,,,,,,,,,"Volumetric",,,,,,,,,,0.000000,,,,,,,,,,0.000000,0.000000,,,,,,,,,,,,
"2FB81256","Nodes",1116915.370000,1671551.620000,1313.064347,"Default Known Flow Node",69.999969,0.579999,1000.000000,0.000000,"Known Flow",0.000000,0.000000,2.16999993085665e-07,40.000000,0.579999,1000.000000,0.000000,0.000000,13.000000,0.000000,0.515372,0.579999,,,,7.180277,7.180277,,16.800279,,,,,,903.822387,0.066146,0.000000,0.000000,0.000000,,-459.670013,1000.000000,,0.000000,0.000000,,,,0.047041,"UNDEFINED",0.000000,0.997567,0.000000,,,,,"","",,,,7.180277,,0.000000,,0.000000,,,0.000000,0.000000,"",,,0.000000,,-1.000000,,0.000000,0.000000,-1.000000,-1.000000,,,,,,,,,,,"",,,,,,,,,,"Volumetric",,,,,,,,,,0.000000,,,,,,,,,,0.000000,0.000000,,,,,,,,,,,,
"2FB81257","Nodes",1116919.250000,1671552.620000,1313.064347,"Default Known Flow Node",69.999969,0.579999,1000.000000,0.000000,"Known Flow",0.000000,0.000000,2.16999993085665e-07,40.000000,0.579999,1000.000000,0.000000,0.000000,13.000000,0.000000,0.515372,0.579999,,,,7.175431,7.175431,,16.800279,,,,,,903.822387,0.066146,0.000000,0.000000,0.000000,,-459.670013,1000.000000,,0.000000,0.000000,,,,0.047041,"SETFLOW",0.000000,0.997567,0.000000,,,,,"","",,,,7.175431,,0.000000,,0.000000,,,0.000000,0.000000,"",,,0.000000,,-1.000000,,0.000000,0.000000,-1.000000,-1.000000,,,,,,,,,,,"",,,,,,,,,,"Volumetric",,,,,,,,,,-0.138513,,,,,,,,,,-0.138513,-0.003324,,,,,,,,,,,,
"2FB81255","Nodes",1116922.750000,1671553.620000,1313.064347,"Default Known Flow Node",69.999969,0.579999,1000.000000,0.000000,"Known Flow",0.000000,0.000000,2.16999993085665e-07,40.000000,0.579999,1000.000000,0.000000,0.000000,13.000000,0.000000,0.515372,0.579999,,,,7.171021,7.171021,,16.800279,,,,,,903.822387,0.066146,0.000000,0.000000,0.000000,,-459.670013,1000.000000,,0.000000,0.000000,,,,0.047040,"SETFLOW",0.000000,0.997567,0.000000,,,,,"","",,,,7.171021,,0.000000,,0.000000,,,0.000000,0.000000,"",,,0.000000,,-1.000000,,0.000000,0.000000,-1.000000,-1.000000,,,,,,,,,,,"",,,,,,,,,,"Volumetric",,,,,,,,,,-0.229176,,,,,,,,,,-0.229176,-0.005500,,,,,,,,,,,,
"2FB1B61B","Nodes",1117145.250000,1671614.000000,1313.064347,"Default Known Flow Node",69.999969,0.579999,1000.000000,0.000000,"Known Flow",0.000000,0.000000,2.16999993085665e-07,40.000000,0.579999,1000.000000,0.000000,0.000000,13.000000,0.000000,0.515371,0.579999,,,,6.984480,6.984480,,16.800279,,,,,,903.822387,0.066147,0.000000,0.000000,0.000000,,-459.670013,1000.000000,,0.000000,0.000000,,,,0.047019,"SETFLOW",0.000000,0.997568,0.000000,,,,,"","",,,,6.984480,,0.000000,,0.000000,,,0.000000,0.000000,"",,,0.000000,,-1.000000,,0.000000,0.000000,-1.000000,-1.000000,,,,,,,,,,,"",,,,,,,,,,"Volumetric",,,,,,,,,,-0.073034,,,,,,,,,,-0.073034,-0.001752,,,,,,,,,,,,
"2FB200A4","Nodes",1117219.620000,1671634.750000,1313.064347,"Default Known Flow Node",69.999969,0.579999,1000.000000,0.000000,"Known Flow",0.000000,0.000000,2.16999993085665e-07,40.000000,0.579999,1000.000000,0.000000,0.000000,13.000000,0.000000,0.515371,0.579999,,,,6.933566,6.933566,,16.800279,,,,,,903.822387,0.066147,0.000000,0.000000,0.000000,,-459.670013,1000.000000,,0.000000,0.000000,,,,0.047013,"SETFLOW",0.000000,0.997569,0.000000,,,,,"","",,,,6.933566,,0.000000,,0.000000,,,0.000000,0.000000,"",,,0.000000,,-1.000000,,0.000000,0.000000,-1.000000,-1.000000,,,,,,,,,,,"",,,,,,,,,,"Volumetric",,,,,,,,,,-0.065478,,,,,,,,,,-0.065478,-0.001571,,,,,,,,,,,,
"2FB1A116","Nodes",1116340.242964,1671669.680618,1313.064347,"Default Known Flow Node",69.999969,0.579999,1000.000000,0.000000,"Known Flow",0.000000,0.000000,2.16999993085665e-07,40.000000,0.579999,1000.000000,0.000000,0.000000,13.000000,0.000000,0.515373,0.579999,,,,7.403002,7.403002,,16.800279,,,,,,903.822387,0.066146,0.000000,0.000000,0.000000,,-459.670013,1000.000000,,0.000000,0.000000,,,,0.047067,"SETFLOW",0.000000,0.997566,0.000000,,,,,"","",,,,7.403002,,0.000000,,0.000000,,,0.000000,0.000000,"",,,0.000000,,-1.000000,,0.000000,0.000000,-1.000000,-1.000000,,,,,,,,,,,"",,,,,,,,,,"Volumetric",,,,,,,,,,-0.041768,,,,,,,,,,-0.041768,-0.001002,,,,,,,,,,,,
"2FB1A114","Nodes",1116489.870000,1671710.250000,1313.064347,"Default Known Flow Node",69.999969,0.579999,1000.000000,0.000000,"Known Flow",0.000000,0.000000,2.16999993085665e-07,40.000000,0.579999,1000.000000,0.000000,0.000000,13.000000,0.000000,0.515373,0.579999,,,,7.351831,7.351831,,16.800279,,,,,,903.822387,0.066146,0.000000,0.000000,0.000000,,-459.670013,1000.000000,,0.000000,0.000000,,,,0.047061,"SETFLOW",0.000000,0.997566,0.000000,,,,,"","",,,,7.351831,,0.000000,,0.000000,,,0.000000,0.000000,"",,,0.000000,,-1.000000,,0.000000,0.000000,-1.000000,-1.000000,,,,,,,,,,,"",,,,,,,,,,"Volumetric",,,,,,,,,,-0.064496,,,,,,,,,,-0.064496,-0.001547,,,,,,,,,,,,
"2FB1A113","Nodes",1116680.250000,1671761.870000,1313.064347,"Default Known Flow Node",69.999969,0.579999,1000.000000,0.000000,"Known Flow",0.000000,0.000000,2.16999993085665e-07,40.000000,0.579999,1000.000000,0.000000,0.000000,13.000000,0.000000,0.515373,0.579999,,,,7.291252,7.291252,,16.800279,,,,,,903.822387,0.066146,0.000000,0.000000,0.000000,,-459.670013,1000.000000,,0.000000,0.000000,,,,0.047054,"SETFLOW",0.000000,0.997567,0.000000,,,,,"","",,,,7.291252,,0.000000,,0.000000,,,0.000000,0.000000,"",,,0.000000,,-1.000000,,0.000000,0.000000,-1.000000,-1.000000,,,,,,,,,,,"",,,,,,,,,,"Volumetric",,,,,,,,,,-0.053516,,,,,,,,,,-0.053516,-0.001284,,,,,,,,,,,,
"2FB1B616","Nodes",1116804.370000,1671795.000000,1313.064347,"Default Known Flow Node",69.999969,0.579999,1000.000000,0.000000,"Known Flow",0.000000,0.000000,2.16999993085665e-07,40.000000,0.579999,1000.000000,0.000000,0.000000,13.000000,0.000000,0.515372,0.579999,,,,7.254438,7.254438,,16.800279,,,,,,903.822387,0.066146,0.000000,0.000000,0.000000,,-459.670013,1000.000000,,0.000000,0.000000,,,,0.047050,"SETFLOW",0.000000,0.997567,0.000000,,,,,"","",,,,7.254438,,0.000000,,0.000000,,,0.000000,0.000000,"",,,0.000000,,-1.000000,,0.000000,0.000000,-1.000000,-1.000000,,,,,,,,,,,"",,,,,,,,,,"Volumetric",,,,,,,,,,-0.173771,,,,,,,,,,-0.173771,-0.004170,,,,,,,,,,,,
"2FB1A112","Nodes",1116874.120000,1671814.370000,1313.064347,"Default Known Flow Node",69.999969,0.579999,1000.000000,0.000000,"Known Flow",0.000000,0.000000,2.16999993085665e-07,40.000000,0.579999,1000.000000,0.000000,0.000000,13.000000,0.000000,0.515372,0.579999,,,,7.176926,7.176926,,16.800279,,,,,,903.822387,0.066146,0.000000,0.000000,0.000000,,-459.670013,1000.000000,,0.000000,0.000000,,,,0.047041,"SETFLOW",0.000000,0.997567,0.000000,,,,,"","",,,,7.176926,,0.000000,,0.000000,,,0.000000,0.000000,"",,,0.000000,,-1.000000,,0.000000,0.000000,-1.000000,-1.000000,,,,,,,,,,,"",,,,,,,,,,"Volumetric",,,,,,,,,,-0.059434,,,,,,,,,,-0.059434,-0.001426,,,,,,,,,,,,
"2FB200A5","Nodes",1117220.000000,1671909.620000,1313.064347,"Default Known Flow Node",69.999969,0.579999,1000.000000,0.000000,"Known Flow",0.000000,0.000000,2.16999993085665e-07,40.000000,0.579999,1000.000000,0.000000,0.000000,13.000000,0.000000,0.515370,0.579999,,,,6.804248,6.804248,,16.800279,,,,,,903.822387,0.066147,0.000000,0.000000,0.000000,,-459.670013,1000.000000,,0.000000,0.000000,,,,0.046999,"SETFLOW",0.000000,0.997570,0.000000,,,,,"","",,,,6.804248,,0.000000,,0.000000,,,0.000000,0.000000,"",,,0.000000,,-1.000000,,0.000000,0.000000,-1.000000,-1.000000,,,,,,,,,,,"",,,,,,,,,,"Volumetric",,,,,,,,,,-0.080589,,,,,,,,,,-0.080589,-0.001934,,,,,,,,,,,,
"2FB1A11A","Nodes",1116377.120000,1671952.370000,1313.064347,"Default Known Flow Node",69.999969,0.579999,1000.000000,0.000000,"Known Flow",0.000000,0.000000,2.16999993085665e-07,40.000000,0.579999,1000.000000,0.000000,0.000000,13.000000,0.000000,0.515373,0.579999,,,,7.384154,7.384154,,16.800279,,,,,,903.822387,0.066146,0.000000,0.000000,0.000000,,-459.670013,1000.000000,,0.000000,0.000000,,,,0.047064,"SETFLOW",0.000000,0.997566,0.000000,,,,,"","",,,,7.384154,,0.000000,,0.000000,,,0.000000,0.000000,"",,,0.000000,,-1.000000,,0.000000,0.000000,-1.000000,-1.000000,,,,,,,,,,,"",,,,,,,,,,"Volumetric",,,,,,,,,,-0.015970,,,,,,,,,,-0.015970,-0.000383,,,,,,,,,,,,
"2FB1A119","Nodes",1116391.750000,1671956.870000,1313.064347,"Default Known Flow Node",69.999969,0.579999,1000.000000,0.000000,"Known Flow",0.000000,0.000000,2.16999993085665e-07,40.000000,0.579999,1000.000000,0.000000,0.000000,13.000000,0.000000,0.515373,0.579999,,,,7.380130,7.380130,,16.800279,,,,,,903.822387,0.066146,0.000000,0.000000,0.000000,,-459.670013,1000.000000,,0.000000,0.000000,,,,0.047064,"SETFLOW",0.000000,0.997566,0.000000,,,,,"","",,,,7.380130,,0.000000,,0.000000,,,0.000000,0.000000,"",,,0.000000,,-1.000000,,0.000000,0.000000,-1.000000,-1.000000,,,,,,,,,,,"",,,,,,,,,,"Volumetric",,,,,,,,,,-0.035626,,,,,,,,,,-0.035626,-0.000855,,,,,,,,,,,,
"2FB1A118","Nodes",1116593.370000,1672011.000000,1313.064347,"Default Known Flow Node",69.999969,0.579999,1000.000000,0.000000,"Known Flow",0.000000,0.000000,2.16999993085665e-07,40.000000,0.579999,1000.000000,0.000000,0.000000,13.000000,0.000000,0.515373,0.579999,,,,7.335822,7.335822,,16.800279,,,,,,903.822387,0.066146,0.000000,0.000000,0.000000,,-459.670013,1000.000000,,0.000000,0.000000,,,,0.047059,"SETFLOW",0.000000,0.997566,0.000000,,,,,"","",,,,7.335822,,0.000000,,0.000000,,,0.000000,0.000000,"",,,0.000000,,-1.000000,,0.000000,0.000000,-1.000000,-1.000000,,,,,,,,,,,"",,,,,,,,,,"Volumetric",,,,,,,,,,-0.058353,,,,,,,,,,-0.058353,-0.001400,,,,,,,,,,,,
"2FB1B618","Nodes",1116745.250000,1672052.120000,1313.064347,"Default Known Flow Node",69.999969,0.579999,1000.000000,0.000000,"Known Flow",0.000000,0.000000,2.16999993085665e-07,40.000000,0.579999,1000.000000,0.000000,0.000000,13.000000,0.000000,0.515373,0.579999,,,,7.305419,7.305419,,16.800279,,,,,,903.822387,0.066146,0.000000,0.000000,0.000000,,-459.670013,1000.000000,,0.000000,0.000000,,,,0.047056,"SETFLOW",0.000000,0.997567,0.000000,,,,,"","",,,,7.305419,,0.000000,,0.000000,,,0.000000,0.000000,"",,,0.000000,,-1.000000,,0.000000,0.000000,-1.000000,-1.000000,,,,,,,,,,,"",,,,,,,,,,"Volumetric",,,,,,,,,,-0.009213,,,,,,,,,,-0.009213,-0.000221,,,,,,,,,,,,
"2FB22C82","Nodes",1116748.250000,1672052.750000,1313.064347,"Default Known Flow Node",69.999969,0.579999,1000.000000,0.000000,"Known Flow",0.000000,0.000000,2.16999993085665e-07,40.000000,0.579999,1000.000000,0.000000,0.000000,13.000000,0.000000,0.515373,0.579999,,,,7.305419,7.305419,,16.800279,,,,,,903.822387,0.066146,0.000000,0.000000,0.000000,,-459.670013,1000.000000,,0.000000,0.000000,,,,0.047056,"UNDEFINED",0.000000,0.997567,0.000000,,,,,"","",,,,7.305419,,0.000000,,0.000000,,,0.000000,0.000000,"",,,0.000000,,-1.000000,,0.000000,0.000000,-1.000000,-1.000000,,,,,,,,,,,"",,,,,,,,,,"Volumetric",,,,,,,,,,0.000000,,,,,,,,,,0.000000,0.000000,,,,,,,,,,,,
"2FB1B617","Nodes",1116749.750000,1672033.250000,1313.064347,"Default Known Flow Node",69.999969,0.579999,1000.000000,0.000000,"Known Flow",0.000000,0.000000,2.16999993085665e-07,40.000000,0.579999,1000.000000,0.000000,0.000000,13.000000,0.000000,0.515373,0.579999,,,,7.300129,7.300129,,16.800279,,,,,,903.822387,0.066146,0.000000,0.000000,0.000000,,-459.670013,1000.000000,,0.000000,0.000000,,,,0.047055,"SETFLOW",0.000000,0.997567,0.000000,,,,,"","",,,,7.300129,,0.000000,,0.000000,,,0.000000,0.000000,"",,,0.000000,,-1.000000,,0.000000,0.000000,-1.000000,-1.000000,,,,,,,,,,,"",,,,,,,,,,"Volumetric",,,,,,,,,,-0.092137,,,,,,,,,,-0.092137,-0.002211,,,,,,,,,,,,
"2FB1B623","Nodes",1116732.870000,1672105.000000,1313.064347,"Default Known Flow Node",69.999969,0.579999,1000.000000,0.000000,"Known Flow",0.000000,0.000000,2.16999993085665e-07,40.000000,0.579999,1000.000000,0.000000,0.000000,13.000000,0.000000,0.515373,0.579999,,,,7.312969,7.312969,,16.800279,,,,,,903.822387,0.066146,0.000000,0.000000,0.000000,,-459.670013,1000.000000,,0.000000,0.000000,,,,0.047056,"SETFLOW",0.000000,0.997567,0.000000,,,,,"","",,,,7.312969,,0.000000,,0.000000,,,0.000000,0.000000,"",,,0.000000,,-1.000000,,0.000000,0.000000,-1.000000,-1.000000,,,,,,,,,,,"",,,,,,,,,,"Volumetric",,,,,,,,,,-0.077395,,,,,,,,,,-0.077395,-0.001857,,,,,,,,,,,,
"2FB28071","Nodes",1116344.870000,1672197.000000,1313.064347,"Default Known Flow Node",69.999969,0.579999,1000.000000,0.000000,"Known Flow",0.000000,0.000000,2.16999993085665e-07,40.000000,0.579999,1000.000000,0.000000,0.000000,13.000000,0.000000,0.515373,0.579999,,,,7.363591,7.363591,,16.800279,,,,,,903.822387,0.066146,0.000000,0.000000,0.000000,,-459.670013,1000.000000,,0.000000,0.000000,,,,0.047062,"SETFLOW",0.000000,0.997566,0.000000,,,,,"","",,,,7.363591,,0.000000,,0.000000,,,0.000000,0.000000,"",,,0.000000,,-1.000000,,0.000000,0.000000,-1.000000,-1.000000,,,,,,,,,,,"",,,,,,,,,,"Volumetric",,,,,,,,,,-0.067567,,,,,,,,,,-0.067567,-0.001621,,,,,,,,,,,,
"2FB1A11D","Nodes",1116422.500000,1672218.120000,1313.064347,"Default Known Flow Node",69.999969,0.579999,1000.000000,0.000000,"Known Flow",0.000000,0.000000,2.16999993085665e-07,40.000000,0.579999,1000.000000,0.000000,0.000000,13.000000,0.000000,0.515373,0.579999,,,,7.358729,7.358729,,16.800279,,,,,,903.822387,0.066146,0.000000,0.000000,0.000000,,-459.670013,1000.000000,,0.000000,0.000000,,,,0.047062,"SETFLOW",0.000000,0.997566,0.000000,,,,,"","",,,,7.358729,,0.000000,,0.000000,,,0.000000,0.000000,"",,,0.000000,,-1.000000,,0.000000,0.000000,-1.000000,-1.000000,,,,,,,,,,,"",,,,,,,,,,"Volumetric",,,,,,,,,,-0.121621,,,,,,,,,,-0.121621,-0.002918,,,,,,,,,,,,
"2FB28073","Nodes",1116683.500000,1672288.620000,1313.064347,"Default Known Flow Node",69.999969,0.579999,1000.000000,0.000000,"Known Flow",0.000000,0.000000,2.16999993085665e-07,40.000000,0.579999,1000.000000,0.000000,0.000000,13.000000,0.000000,0.515373,0.579999,,,,7.344770,7.344770,,16.800279,,,,,,903.822387,0.066146,0.000000,0.000000,0.000000,,-459.670013,1000.000000,,0.000000,0.000000,,,,0.047060,"SETFLOW",0.000000,0.997566,0.000000,,,,,"","",,,,7.344770,,0.000000,,0.000000,,,0.000000,0.000000,"",,,0.000000,,-1.000000,,0.000000,0.000000,-1.000000,-1.000000,,,,,,,,,,,"",,,,,,,,,,"Volumetric",,,,,,,,,,-0.114864,,,,,,,,,,-0.114864,-0.002756,,,,,,,,,,,,
"2FB1B619","Nodes",1116689.250000,1672290.120000,1313.064347,"Default Known Flow Node",69.999969,0.579999,1000.000000,0.000000,"Known Flow",0.000000,0.000000,2.16999993085665e-07,40.000000,0.579999,1000.000000,0.000000,0.000000,13.000000,0.000000,0.515373,0.579999,,,,7.343556,7.343556,,16.800279,,,,,,903.822387,0.066146,0.000000,0.000000,0.000000,,-459.670013,1000.000000,,0.000000,0.000000,,,,0.047060,"SETFLOW",0.000000,0.997566,0.000000,,,,,"","",,,,7.343556,,0.000000,,0.000000,,,0.000000,0.000000,"",,,0.000000,,-1.000000,,0.000000,0.000000,-1.000000,-1.000000,,,,,,,,,,,"",,,,,,,,,,"Volumetric",,,,,,,,,,-0.135134,,,,,,,,,,-0.135134,-0.003243,,,,,,,,,,,,
"2FB1A11C","Nodes",1116703.120000,1672293.750000,1313.064347,"Default Known Flow Node",69.999969,0.579999,1000.000000,0.000000,"Known Flow",0.000000,0.000000,2.16999993085665e-07,40.000000,0.579999,1000.000000,0.000000,0.000000,13.000000,0.000000,0.515373,0.579999,,,,7.343832,7.343832,,16.800279,,,,,,903.822387,0.066146,0.000000,0.000000,0.000000,,-459.670013,1000.000000,,0.000000,0.000000,,,,0.047060,"UNDEFINED",0.000000,0.997566,0.000000,,,,,"","",,,,7.343832,,0.000000,,0.000000,,,0.000000,0.000000,"",,,0.000000,,-1.000000,,0.000000,0.000000,-1.000000,-1.000000,,,,,,,,,,,"",,,,,,,,,,"Volumetric",,,,,,,,,,0.000000,,,,,,,,,,0.000000,0.000000,,,,,,,,,,,,
"2FB1A11B","Nodes",1116707.750000,1672295.000000,1313.064347,"Default Known Flow Node",69.999969,0.579999,1000.000000,0.000000,"Known Flow",0.000000,0.000000,2.16999993085665e-07,40.000000,0.579999,1000.000000,0.000000,0.000000,13.000000,0.000000,0.515373,0.579999,,,,7.343931,7.343931,,16.800279,,,,,,903.822387,0.066146,0.000000,0.000000,0.000000,,-459.670013,1000.000000,,0.000000,0.000000,,,,0.047060,"SETFLOW",0.000000,0.997566,0.000000,,,,,"","",,,,7.343931,,0.000000,,0.000000,,,0.000000,0.000000,"",,,0.000000,,-1.000000,,0.000000,0.000000,-1.000000,-1.000000,,,,,,,,,,,"",,,,,,,,,,"Volumetric",,,,,,,,,,-0.135134,,,,,,,,,,-0.135134,-0.003243,,,,,,,,,,,,
"2FB200A7","Nodes",1117220.000000,1672433.000000,1313.064347,"Default Known Flow Node",69.999969,0.579999,1000.000000,0.000000,"Known Flow",0.000000,0.000000,2.16999993085665e-07,40.000000,0.579999,1000.000000,0.000000,0.000000,13.000000,0.000000,0.515373,0.579999,,,,7.371191,7.371191,,16.800279,,,,,,903.822387,0.066146,0.000000,0.000000,0.000000,,-459.670013,1000.000000,,0.000000,0.000000,,,,0.047063,"SETFLOW",0.000000,0.997566,0.000000,,,,,"","",,,,7.371191,,0.000000,,0.000000,,,0.000000,0.000000,"",,,0.000000,,-1.000000,,0.000000,0.000000,-1.000000,-1.000000,,,,,,,,,,,"",,,,,,,,,,"Volumetric",,,,,,,,,,-0.129238,,,,,,,,,,-0.129238,-0.003101,,,,,,,,,,,,
"2FB813D0","Nodes",1116613.120000,1672540.250000,1313.064347,"Default Known Flow Node",69.999969,0.579999,1000.000000,0.000000,"Known Flow",0.000000,0.000000,2.16999993085665e-07,40.000000,0.579999,1000.000000,0.000000,0.000000,13.000000,0.000000,0.515373,0.579999,,,,7.356798,7.356798,,16.800279,,,,,,903.822387,0.066146,0.000000,0.000000,0.000000,,-459.670013,1000.000000,,0.000000,0.000000,,,,0.047061,"SETFLOW",0.000000,0.997566,0.000000,,,,,"","",,,,7.356798,,0.000000,,0.000000,,,0.000000,0.000000,"",,,0.000000,,-1.000000,,0.000000,0.000000,-1.000000,-1.000000,,,,,,,,,,,"",,,,,,,,,,"Volumetric",,,,,,,,,,-0.297296,,,,,,,,,,-0.297296,-0.007135,,,,,,,,,,,,
"2FB1B61A","Nodes",1116631.120000,1672545.120000,1313.064347,"Default Known Flow Node",69.999969,0.579999,1000.000000,0.000000,"Known Flow",0.000000,0.000000,2.16999993085665e-07,40.000000,0.579999,1000.000000,0.000000,0.000000,13.000000,0.000000,0.515373,0.579999,,,,7.356905,7.356905,,16.800279,,,,,,903.822387,0.066146,0.000000,0.000000,0.000000,,-459.670013,1000.000000,,0.000000,0.000000,,,,0.047061,"SETFLOW",0.000000,0.997566,0.000000,,,,,"","",,,,7.356905,,0.000000,,0.000000,,,0.000000,0.000000,"",,,0.000000,,-1.000000,,0.000000,0.000000,-1.000000,-1.000000,,,,,,,,,,,"",,,,,,,,,,"Volumetric",,,,,,,,,,-0.207001,,,,,,,,,,-0.207001,-0.004968,,,,,,,,,,,,
"2FB8269C","Nodes",1116981.620000,1672636.620000,1313.064347,"Default Known Flow Node",69.999969,0.579999,1000.000000,0.000000,"Known Flow",0.000000,0.000000,2.16999993085665e-07,40.000000,0.579999,1000.000000,0.000000,0.000000,13.000000,0.000000,0.515373,0.579999,,,,7.363428,7.363428,,16.800279,,,,,,903.822387,0.066146,0.000000,0.000000,0.000000,,-459.670013,1000.000000,,0.000000,0.000000,,,,0.047062,"SETFLOW",0.000000,0.997566,0.000000,,,,,"","",,,,7.363428,,0.000000,,0.000000,,,0.000000,0.000000,"",,,0.000000,,-1.000000,,0.000000,0.000000,-1.000000,-1.000000,,,,,,,,,,,"",,,,,,,,,,"Volumetric",,,,,,,,,,-0.196068,,,,,,,,,,-0.196068,-0.004705,,,,,,,,,,,,
"2FB1B624","Nodes",1116618.750000,1672581.250000,1313.064347,"Default Known Flow Node",69.999969,0.579999,1000.000000,0.000000,"Known Flow",0.000000,0.000000,2.16999993085665e-07,40.000000,0.579999,1000.000000,0.000000,0.000000,13.000000,0.000000,0.515373,0.579999,,,,7.358857,7.358857,,16.800279,,,,,,903.822387,0.066146,0.000000,0.000000,0.000000,,-459.670013,1000.000000,,0.000000,0.000000,,,,0.047062,"UNDEFINED",0.000000,0.997566,0.000000,,,,,"","",,,,7.358857,,0.000000,,0.000000,,,0.000000,0.000000,"",,,0.000000,,-1.000000,,0.000000,0.000000,-1.000000,-1.000000,,,,,,,,,,,"",,,,,,,,,,"Volumetric",,,,,,,,,,0.000000,,,,,,,,,,0.000000,0.000000,,,,,,,,,,,,
"2FB200A8","Nodes",1117220.000000,1672698.620000,1313.064347,"Default Known Flow Node",69.999969,0.579999,1000.000000,0.000000,"Known Flow",0.000000,0.000000,2.16999993085665e-07,40.000000,0.579999,1000.000000,0.000000,0.000000,13.000000,0.000000,0.515373,0.579999,,,,7.383279,7.383279,,16.800279,,,,,,903.822387,0.066146,0.000000,0.000000,0.000000,,-459.670013,1000.000000,,0.000000,0.000000,,,,0.047064,"SETFLOW",0.000000,0.997566,0.000000,,,,,"","",,,,7.383279,,0.000000,,0.000000,,,0.000000,0.000000,"",,,0.000000,,-1.000000,,0.000000,0.000000,-1.000000,-1.000000,,,,,,,,,,,"",,,,,,,,,,"Volumetric",,,,,,,,,,-0.099590,,,,,,,,,,-0.099590,-0.002390,,,,,,,,,,,,
"2FB20080","Nodes",1116422.500000,1672759.870000,1313.064347,"Default Known Flow Node",69.999969,0.579999,1000.000000,0.000000,"Known Flow",0.000000,0.000000,2.16999993085665e-07,40.000000,0.579999,1000.000000,0.000000,0.000000,13.000000,0.000000,0.515373,0.579999,,,,7.368846,7.368846,,16.800279,,,,,,903.822387,0.066146,0.000000,0.000000,0.000000,,-459.670013,1000.000000,,0.000000,0.000000,,,,0.047063,"SETFLOW",0.000000,0.997566,0.000000,,,,,"","",,,,7.368846,,0.000000,,0.000000,,,0.000000,0.000000,"",,,0.000000,,-1.000000,,0.000000,0.000000,-1.000000,-1.000000,,,,,,,,,,,"",,,,,,,,,,"Volumetric",,,,,,,,,,-0.150644,,,,,,,,,,-0.150644,-0.003615,,,,,,,,,,,,
"2FB1B625","Nodes",1116618.750000,1672582.250000,1313.064347,"Default Known Flow Node",69.999969,0.579999,1000.000000,0.000000,"Known Flow",0.000000,0.000000,2.16999993085665e-07,40.000000,0.579999,1000.000000,0.000000,0.000000,13.000000,0.000000,0.515373,0.579999,,,,7.358857,7.358857,,16.800279,,,,,,903.822387,0.066146,0.000000,0.000000,0.000000,,-459.670013,1000.000000,,0.000000,0.000000,,,,0.047062,"SETFLOW",0.000000,0.997566,0.000000,,,,,"","",,,,7.358857,,0.000000,,0.000000,,,0.000000,0.000000,"",,,0.000000,,-1.000000,,0.000000,0.000000,-1.000000,-1.000000,,,,,,,,,,,"",,,,,,,,,,"Volumetric",,,,,,,,,,-0.065647,,,,,,,,,,-0.065647,-0.001575,,,,,,,,,,,,
"2FB20081","Nodes",1116580.250000,1672760.250000,1313.064347,"Default Known Flow Node",69.999969,0.579999,1000.000000,0.000000,"Known Flow",0.000000,0.000000,2.16999993085665e-07,40.000000,0.579999,1000.000000,0.000000,0.000000,13.000000,0.000000,0.515373,0.579999,,,,7.368743,7.368743,,16.800279,,,,,,903.822387,0.066146,0.000000,0.000000,0.000000,,-459.670013,1000.000000,,0.000000,0.000000,,,,0.047063,"SETFLOW",0.000000,0.997566,0.000000,,,,,"","",,,,7.368743,,0.000000,,0.000000,,,0.000000,0.000000,"",,,0.000000,,-1.000000,,0.000000,0.000000,-1.000000,-1.000000,,,,,,,,,,,"",,,,,,,,,,"Volumetric",,,,,,,,,,-0.058046,,,,,,,,,,-0.058046,-0.001393,,,,,,,,,,,,
"2FB82F4A","Nodes",1116573.370000,1672794.620000,1313.064347,"Default Known Flow Node",69.999969,0.579999,1000.000000,0.000000,"Known Flow",0.000000,0.000000,2.16999993085665e-07,40.000000,0.579999,1000.000000,0.000000,0.000000,13.000000,0.000000,0.515373,0.579999,,,,7.370761,7.370761,,16.800279,,,,,,903.822387,0.066146,0.000000,0.000000,0.000000,,-459.670013,1000.000000,,0.000000,0.000000,,,,0.047063,"SETFLOW",0.000000,0.997566,0.000000,,,,,"","",,,,7.370761,,0.000000,,0.000000,,,0.000000,0.000000,"",,,0.000000,,-1.000000,,0.000000,0.000000,-1.000000,-1.000000,,,,,,,,,,,"",,,,,,,,,,"Volumetric",,,,,,,,,,-0.025568,,,,,,,,,,-0.025568,-0.000613,,,,,,,,,,,,
"2FB82F4D","Nodes",1116571.274196,1672803.625268,1313.064347,"Default Known Flow Node",69.999969,0.579999,1000.000000,0.000000,"Known Flow",0.000000,0.000000,2.16999993085665e-07,40.000000,0.579999,1000.000000,0.000000,0.000000,13.000000,0.000000,0.515373,0.579999,,,,7.371511,7.371511,,16.800279,,,,,,903.822387,0.066146,0.000000,0.000000,0.000000,,-459.670013,1000.000000,,0.000000,0.000000,,,,0.047063,"SETFLOW",0.000000,0.997566,0.000000,,,,,"","",,,,7.371511,,0.000000,,0.000000,,,0.000000,0.000000,"",,,0.000000,,-1.000000,,0.000000,0.000000,-1.000000,-1.000000,,,,,,,,,,,"",,,,,,,,,,"Volumetric",,,,,,,,,,-0.123694,,,,,,,,,,-0.123694,-0.002968,,,,,,,,,,,,
"2FB82F4B","Nodes",1116565.750000,1672802.000000,1313.064347,"Default Known Flow Node",69.999969,0.579999,1000.000000,0.000000,"Known Flow",0.000000,0.000000,2.16999993085665e-07,40.000000,0.579999,1000.000000,0.000000,0.000000,13.000000,0.000000,0.515373,0.579999,,,,7.371382,7.371382,,16.800279,,,,,,903.822387,0.066146,0.000000,0.000000,0.000000,,-459.670013,1000.000000,,0.000000,0.000000,,,,0.047063,"SETFLOW",0.000000,0.997566,0.000000,,,,,"","",,,,7.371382,,0.000000,,0.000000,,,0.000000,0.000000,"",,,0.000000,,-1.000000,,0.000000,0.000000,-1.000000,-1.000000,,,,,,,,,,,"",,,,,,,,,,"Volumetric",,,,,,,,,,-0.025568,,,,,,,,,,-0.025568,-0.000613,,,,,,,,,,,,
"2FB9C5D3","Nodes",1116577.067433,1672805.186608,1313.064347,"Default Known Flow Node",69.999969,0.579999,1000.000000,0.000000,"Known Flow",0.000000,0.000000,2.16999993085665e-07,40.000000,0.579999,1000.000000,0.000000,0.000000,13.000000,0.000000,0.515373,0.579999,,,,7.373356,7.373356,,16.800279,,,,,,903.822387,0.066146,0.000000,0.000000,0.000000,,-459.670013,1000.000000,,0.000000,0.000000,,,,0.047063,"UNDEFINED",0.000000,0.997566,0.000000,,,,,"","",,,,7.373356,,0.000000,,0.000000,,,0.000000,0.000000,"",,,0.000000,"V19088",-1.000000,,0.000000,0.000000,0.000000,-1.000000,,,,,,,,,,,"",,,,,,,,,,"Volumetric",,,,,,,,,,0.000000,,,,,,,,,,0.000000,0.000000,,,,,,,,,,,,
"2FB9C5CB","Nodes",1116735.521550,1672847.485303,1313.064347,"Default Known Flow Node",69.999969,0.579999,1000.000000,0.000000,"Known Flow",0.000000,0.000000,2.16999993085665e-07,40.000000,0.579999,1000.000000,0.000000,0.000000,13.000000,0.000000,0.515373,0.579999,,,,7.384190,7.384190,,16.800279,,,,,,903.822387,0.066146,0.000000,0.000000,0.000000,,-459.670013,1000.000000,,0.000000,0.000000,,,,0.047064,"UNDEFINED",0.000000,0.997566,0.000000,,,,,"","",,,,7.384190,,0.000000,,0.000000,,,0.000000,0.000000,"",,,0.000000,,-1.000000,,0.000000,0.000000,0.000000,-1.000000,,,,,,,,,,,"",,,,,,,,,,"Volumetric",,,,,,,,,,0.000000,,,,,,,,,,0.000000,0.000000,,,,,,,,,,,,
"0BECA6CA","Nodes",1116561.285757,1672834.462629,1313.064347,"Default Known Flow Node",69.999969,0.579999,1000.000000,0.000000,"Known Flow",0.000000,0.000000,2.16999993085665e-07,40.000000,0.579999,1000.000000,0.000000,0.000000,13.000000,0.000000,0.515373,0.579999,,,,7.372132,7.372132,,16.800279,,,,,,903.822387,0.066146,0.000000,0.000000,0.000000,,-459.670013,1000.000000,,0.000000,0.000000,,,,0.047063,"UNDEFINED",0.000000,0.997566,0.000000,,,,,"","",,,,7.372132,,0.000000,,0.000000,,,0.000000,0.000000,"",,,0.000000,,-1.000000,,0.000000,0.000000,-1.000000,-1.000000,,,,,,,,,,,"",,,,,,,,,,"Volumetric",,,,,,,,,,0.000000,,,,,,,,,,0.000000,0.000000,,,,,,,,,,,,
"0BECA6CB","Nodes",1116566.402997,1672825.147153,1313.064347,"Default Known Flow Node",69.999969,0.579999,1000.000000,0.000000,"Known Flow",0.000000,0.000000,2.16999993085665e-07,40.000000,0.579999,1000.000000,0.000000,0.000000,13.000000,0.000000,0.515373,0.579999,,,,7.371918,7.371918,,16.800279,,,,,,903.822387,0.066146,0.000000,0.000000,0.000000,,-459.670013,1000.000000,,0.000000,0.000000,,,,0.047063,"UNDEFINED",0.000000,0.997566,0.000000,,,,,"","",,,,7.371918,,0.000000,,0.000000,,,0.000000,0.000000,"",,,0.000000,,-1.000000,,0.000000,0.000000,-1.000000,-1.000000,,,,,,,,,,,"",,,,,,,,,,"Volumetric",,,,,,,,,,0.000000,,,,,,,,,,0.000000,0.000000,,,,,,,,,,,,
"2FB82F49","Nodes",1116987.750000,1672915.870000,1313.064347,"Default Known Flow Node",69.999969,0.579999,1000.000000,0.000000,"Known Flow",0.000000,0.000000,2.16999993085665e-07,40.000000,0.579999,1000.000000,0.000000,0.000000,13.000000,0.000000,0.515373,0.579999,,,,7.401367,7.401367,,16.800279,,,,,,903.822387,0.066146,0.000000,0.000000,0.000000,,-459.670013,1000.000000,,0.000000,0.000000,,,,0.047066,"SETFLOW",0.000000,0.997566,0.000000,,,,,"","",,,,7.401367,,0.000000,,0.000000,,,0.000000,0.000000,"",,,0.000000,,-1.000000,,0.000000,0.000000,-1.000000,-1.000000,,,,,,,,,,,"",,,,,,,,,,"Volumetric",,,,,,,,,,-0.110073,,,,,,,,,,-0.110073,-0.002641,,,,,,,,,,,,
"0BEC502F","Nodes",1117219.500000,1672978.250000,1313.064347,"Default Known Flow Node",69.999969,0.579999,1000.000000,0.000000,"Known Flow",0.000000,0.000000,2.16999993085665e-07,40.000000,0.579999,1000.000000,0.000000,0.000000,13.000000,0.000000,0.515373,0.579999,,,,7.419397,7.419397,,16.800279,,,,,,903.822387,0.066146,0.000000,0.000000,0.000000,,-459.670013,1000.000000,,0.000000,0.000000,,,,0.047068,"SETFLOW",0.000000,0.997566,0.000000,,,,,"","",,,,7.419397,,0.000000,,0.000000,,,0.000000,0.000000,"",,,0.000000,,-1.000000,,0.000000,0.000000,-1.000000,-1.000000,,,,,,,,,,,"",,,,,,,,,,"Volumetric",,,,,,,,,,-0.103521,,,,,,,,,,-0.103521,-0.002484,,,,,,,,,,,,
"2FBC4E59","Nodes",1116501.620000,1673103.250000,1313.064347,"Default Known Flow Node",69.999969,0.579999,1000.000000,0.000000,"Known Flow",0.000000,0.000000,2.16999993085665e-07,40.000000,0.579999,1000.000000,0.000000,0.000000,13.000000,0.000000,0.515373,0.579999,,,,7.381863,7.381863,,16.800279,,,,,,903.822387,0.066146,0.000000,0.000000,0.000000,,-459.670013,1000.000000,,0.000000,0.000000,,,,0.047064,"SETFLOW",0.000000,0.997566,0.000000,,,,,"","",,,,7.381863,,0.000000,,0.000000,,,0.000000,0.000000,"",,,0.000000,,-1.000000,,0.000000,0.000000,-1.000000,-1.000000,,,,,,,,,,,"",,,,,,,,,,"Volumetric",,,,,,,,,,-0.048832,,,,,,,,,,-0.048832,-0.001171,,,,,,,,,,,,
"0BECA6C9","Nodes",1116507.870000,1673076.620000,1313.064347,"Default Known Flow Node",69.999969,0.579999,1000.000000,0.000000,"Known Flow",0.000000,0.000000,2.16999993085665e-07,40.000000,0.579999,1000.000000,0.000000,0.000000,13.000000,0.000000,0.515373,0.579999,,,,7.373293,7.373293,,16.800279,,,,,,903.822387,0.066146,0.000000,0.000000,0.000000,,-459.670013,1000.000000,,0.000000,0.000000,,,,0.047063,"SETFLOW",0.000000,0.997566,0.000000,,,,,"","",,,,7.373293,,0.000000,,0.000000,,,0.000000,0.000000,"",,,0.000000,,-1.000000,,0.000000,0.000000,-1.000000,-1.000000,,,,,,,,,,,"",,,,,,,,,,"Volumetric",,,,,,,,,,-0.540846,,,,,,,,,,-0.540846,-0.012980,,,,,,,,,,,,
"0BECA6D4","Nodes",1116928.000000,1673191.000000,1313.064347,"Default Known Flow Node",69.999969,0.579999,1000.000000,0.000000,"Known Flow",0.000000,0.000000,2.16999993085665e-07,40.000000,0.579999,1000.000000,0.000000,0.000000,13.000000,0.000000,0.515373,0.579999,,,,7.397331,7.397331,,16.800279,,,,,,903.822387,0.066146,0.000000,0.000000,0.000000,,-459.670013,1000.000000,,0.000000,0.000000,,,,0.047066,"SETFLOW",0.000000,0.997566,0.000000,,,,,"","",,,,7.397331,,0.000000,,0.000000,,,0.000000,0.000000,"",,,0.000000,,-1.000000,,0.000000,0.000000,-1.000000,-1.000000,,,,,,,,,,,"",,,,,,,,,,"Volumetric",,,,,,,,,,-0.011793,,,,,,,,,,-0.011793,-0.000283,,,,,,,,,,,,
"2FBAA92D","Nodes",1116902.120000,1673183.500000,1313.064347,"Default Known Flow Node",69.999969,0.579999,1000.000000,0.000000,"Known Flow",0.000000,0.000000,2.16999993085665e-07,40.000000,0.579999,1000.000000,0.000000,0.000000,13.000000,0.000000,0.515373,0.579999,,,,7.396405,7.396405,,16.800279,,,,,,903.822387,0.066146,0.000000,0.000000,0.000000,,-459.670013,1000.000000,,0.000000,0.000000,,,,0.047066,"SETFLOW",0.000000,0.997566,0.000000,,,,,"","",,,,7.396405,,0.000000,,0.000000,,,0.000000,0.000000,"",,,0.000000,,-1.000000,,0.000000,0.000000,-1.000000,-1.000000,,,,,,,,,,,"",,,,,,,,,,"Volumetric",,,,,,,,,,-0.223341,,,,,,,,,,-0.223341,-0.005360,,,,,,,,,,,,
"0BECA6D3","Nodes",1117124.000000,1673245.250000,1313.064347,"Default Known Flow Node",69.999969,0.579999,1000.000000,0.000000,"Known Flow",0.000000,0.000000,2.16999993085665e-07,40.000000,0.579999,1000.000000,0.000000,0.000000,13.000000,0.000000,0.515373,0.579999,,,,7.422999,7.422999,,16.800279,,,,,,903.822387,0.066146,0.000000,0.000000,0.000000,,-459.670013,1000.000000,,0.000000,0.000000,,,,0.047069,"SETFLOW",0.000000,0.997566,0.000000,,,,,"","",,,,7.422999,,0.000000,,0.000000,,,0.000000,0.000000,"",,,0.000000,,-1.000000,,0.000000,0.000000,-1.000000,-1.000000,,,,,,,,,,,"",,,,,,,,,,"Volumetric",,,,,,,,,,-0.126043,,,,,,,,,,-0.126043,-0.003025,,,,,,,,,,,,
"2FB9084B","Nodes",1117113.750000,1673242.370000,1313.064347,"Default Known Flow Node",69.999969,0.579999,1000.000000,0.000000,"Known Flow",0.000000,0.000000,2.16999993085665e-07,40.000000,0.579999,1000.000000,0.000000,0.000000,13.000000,0.000000,0.515373,0.579999,,,,7.421334,7.421334,,16.800279,,,,,,903.822387,0.066146,0.000000,0.000000,0.000000,,-459.670013,1000.000000,,0.000000,0.000000,,,,0.047069,"UNDEFINED",0.000000,0.997566,0.000000,,,,,"","",,,,7.421334,,0.000000,,0.000000,,,0.000000,0.000000,"",,,0.000000,"43-16 162 St, Q= 1.077 mcfh, Firm",-1.000000,,0.000000,0.000000,-1.000000,-1.000000,,,,,,,,,,,"",,,,,,,,,,"Volumetric",,,,,,,,,,0.000000,,,,,,,,,,0.000000,0.000000,,,,,,,,,,,,
"0BECA6D2","Nodes",1117179.620000,1673260.370000,1313.064347,"Default Known Flow Node",69.999969,0.579999,1000.000000,0.000000,"Known Flow",0.000000,0.000000,2.16999993085665e-07,40.000000,0.579999,1000.000000,0.000000,0.000000,13.000000,0.000000,0.515373,0.579999,,,,7.430268,7.430268,,16.800279,,,,,,903.822387,0.066146,0.000000,0.000000,0.000000,,-459.670013,1000.000000,,0.000000,0.000000,,,,0.047070,"SETFLOW",0.000000,0.997566,0.000000,,,,,"","",,,,7.430268,,0.000000,,0.000000,,,0.000000,0.000000,"",,,0.000000,,-1.000000,,0.000000,0.000000,-1.000000,-1.000000,,,,,,,,,,,"",,,,,,,,,,"Volumetric",,,,,,,,,,-0.003685,,,,,,,,,,-0.003685,-0.000088,,,,,,,,,,,,
"0BEC502E","Nodes",1117186.500000,1673262.250000,1313.064347,"Default Known Flow Node",69.999969,0.579999,1000.000000,0.000000,"Known Flow",0.000000,0.000000,2.16999993085665e-07,40.000000,0.579999,1000.000000,0.000000,0.000000,13.000000,0.000000,0.515373,0.579999,,,,7.430798,7.430798,,16.800279,,,,,,903.822387,0.066146,0.000000,0.000000,0.000000,,-459.670013,1000.000000,,0.000000,0.000000,,,,0.047070,"SETFLOW",0.000000,0.997566,0.000000,,,,,"","",,,,7.430798,,0.000000,,0.000000,,,0.000000,0.000000,"",,,0.000000,,-1.000000,,0.000000,0.000000,-1.000000,-1.000000,,,,,,,,,,,"",,,,,,,,,,"Volumetric",,,,,,,,,,-0.023587,,,,,,,,,,-0.023587,-0.000566,,,,,,,,,,,,
"0BECA6C6","Nodes",1116269.620000,1673291.620000,1313.064347,"Default Known Flow Node",69.999969,0.579999,1000.000000,0.000000,"Known Flow",0.000000,0.000000,2.16999993085665e-07,40.000000,0.579999,1000.000000,0.000000,0.000000,13.000000,0.000000,0.515373,0.579999,,,,7.425480,7.425480,,16.800279,,,,,,903.822387,0.066146,0.000000,0.000000,0.000000,,-459.670013,1000.000000,,0.000000,0.000000,,,,0.047069,"SETFLOW",0.000000,0.997566,0.000000,,,,,"","",,,,7.425480,,0.000000,,0.000000,,,0.000000,0.000000,"",,,0.000000,,-1.000000,,0.000000,0.000000,-1.000000,-1.000000,,,,,,,,,,,"",,,,,,,,,,"Volumetric",,,,,,,,,,-0.004606,,,,,,,,,,-0.004606,-0.000110,,,,,,,,,,,,
"2FB1F810","Nodes",1116439.120000,1673338.000000,1313.064347,"Default Known Flow Node",69.999969,0.579999,1000.000000,0.000000,"Known Flow",0.000000,0.000000,2.16999993085665e-07,40.000000,0.579999,1000.000000,0.000000,0.000000,13.000000,0.000000,0.515374,0.579999,,,,7.441814,7.441814,,16.800279,,,,,,903.822387,0.066146,0.000000,0.000000,0.000000,,-459.670013,1000.000000,,0.000000,0.000000,,,,0.047071,"UNDEFINED",0.000000,0.997566,0.000000,,,,,"","",,,,7.441814,,0.000000,,0.000000,,,0.000000,0.000000,"",,,0.000000,,-1.000000,,0.000000,0.000000,-1.000000,-1.000000,,,,,,,,,,,"",,,,,,,,,,"Volumetric",,,,,,,,,,0.000000,,,,,,,,,,0.000000,0.000000,,,,,,,,,,,,
"2FB1F811","Nodes",1116445.500000,1673339.870000,1313.064347,"Default Known Flow Node",69.999969,0.579999,1000.000000,0.000000,"Known Flow",0.000000,0.000000,2.16999993085665e-07,40.000000,0.579999,1000.000000,0.000000,0.000000,13.000000,0.000000,0.515374,0.579999,,,,7.439707,7.439707,,16.800279,,,,,,903.822387,0.066146,0.000000,0.000000,0.000000,,-459.670013,1000.000000,,0.000000,0.000000,,,,0.047071,"UNDEFINED",0.000000,0.997566,0.000000,,,,,"","",,,,7.439707,,0.000000,,0.000000,,,0.000000,0.000000,"",,,0.000000,,-1.000000,,0.000000,0.000000,-1.000000,-1.000000,,,,,,,,,,,"",,,,,,,,,,"Volumetric",,,,,,,,,,0.000000,,,,,,,,,,0.000000,0.000000,,,,,,,,,,,,
"0BECA6C7","Nodes",1116446.870000,1673334.250000,1313.064347,"Default Known Flow Node",69.999969,0.579999,1000.000000,0.000000,"Known Flow",0.000000,0.000000,2.16999993085665e-07,40.000000,0.579999,1000.000000,0.000000,0.000000,13.000000,0.000000,0.515374,0.579999,,,,7.434378,7.434378,,16.800279,,,,,,903.822387,0.066146,0.000000,0.000000,0.000000,,-459.670013,1000.000000,,0.000000,0.000000,,,,0.047070,"SETFLOW",0.000000,0.997566,0.000000,,,,,"","",,,,7.434378,,0.000000,,0.000000,,,0.000000,0.000000,"",,,0.000000,,-1.000000,,0.000000,0.000000,-1.000000,-1.000000,,,,,,,,,,,"",,,,,,,,,,"Volumetric",,,,,,,,,,-0.012899,,,,,,,,,,-0.012899,-0.000309,,,,,,,,,,,,
"0BECA6C5","Nodes",1116441.500000,1673338.620000,1313.064347,"Default Known Flow Node",69.999969,0.579999,1000.000000,0.000000,"Known Flow",0.000000,0.000000,2.16999993085665e-07,40.000000,0.579999,1000.000000,0.000000,0.000000,13.000000,0.000000,0.515374,0.579999,,,,7.442000,7.442000,,16.800279,,,,,,903.822387,0.066146,0.000000,0.000000,0.000000,,-459.670013,1000.000000,,0.000000,0.000000,,,,0.047071,"UNDEFINED",0.000000,0.997566,0.000000,,,,,"","",,,,7.442000,,0.000000,,0.000000,,,0.000000,0.000000,"",,,0.000000,,-1.000000,,0.000000,0.000000,-1.000000,-1.000000,,,,,,,,,,,"",,,,,,,,,,"Volumetric",,,,,,,,,,0.000000,,,,,,,,,,0.000000,0.000000,,,,,,,,,,,,
"0BECA6BB","Nodes",1116444.750000,1673342.500000,1313.064347,"Default Known Flow Node",69.999969,0.579999,1000.000000,0.000000,"Known Flow",0.000000,0.000000,2.16999993085665e-07,40.000000,0.579999,1000.000000,0.000000,0.000000,13.000000,0.000000,0.515374,0.579999,,,,7.442370,7.442370,,16.800279,,,,,,903.822387,0.066146,0.000000,0.000000,0.000000,,-459.670013,1000.000000,,0.000000,0.000000,,,,0.047071,"SETFLOW",0.000000,0.997566,0.000000,,,,,"","",,,,7.442370,,0.000000,,0.000000,,,0.000000,0.000000,"",,,0.000000,,-1.000000,,0.000000,0.000000,-1.000000,-1.000000,,,,,,,,,,,"",,,,,,,,,,"Volumetric",,,,,,,,,,-0.002764,,,,,,,,,,-0.002764,-0.000066,,,,,,,,,,,,
"0BECA6BA","Nodes",1116426.370000,1673421.370000,1313.064347,"Default Known Flow Node",69.999969,0.579999,1000.000000,0.000000,"Known Flow",0.000000,0.000000,2.16999993085665e-07,40.000000,0.579999,1000.000000,0.000000,0.000000,13.000000,0.000000,0.515374,0.579999,,,,7.518109,7.518109,,16.800279,,,,,,903.822387,0.066146,0.000000,0.000000,0.000000,,-459.670013,1000.000000,,0.000000,0.000000,,,,0.047080,"SETFLOW",0.000000,0.997565,0.000000,,,,,"","",,,,7.518109,,0.000000,,0.000000,,,0.000000,0.000000,"",,,0.000000,,-1.000000,,0.000000,0.000000,-1.000000,-1.000000,,,,,,,,,,,"",,,,,,,,,,"Volumetric",,,,,,,,,,-0.004606,,,,,,,,,,-0.004606,-0.000110,,,,,,,,,,,,
"0BECA6C4","Nodes",1116448.500000,1673343.500000,1313.064347,"Default Known Flow Node",69.999969,0.579999,1000.000000,0.000000,"Known Flow",0.000000,0.000000,2.16999993085665e-07,40.000000,0.579999,1000.000000,0.000000,0.000000,13.000000,0.000000,0.515374,0.579999,,,,7.442612,7.442612,,16.800279,,,,,,903.822387,0.066146,0.000000,0.000000,0.000000,,-459.670013,1000.000000,,0.000000,0.000000,,,,0.047071,"SETFLOW",0.000000,0.997566,0.000000,,,,,"","",,,,7.442612,,0.000000,,0.000000,,,0.000000,0.000000,"",,,0.000000,,-1.000000,,0.000000,0.000000,-1.000000,-1.000000,,,,,,,,,,,"",,,,,,,,,,"Volumetric",,,,,,,,,,-0.015663,,,,,,,,,,-0.015663,-0.000375,,,,,,,,,,,,
"0BECA6B7","Nodes",1116933.870000,1673470.750000,1313.064347,"Default Known Flow Node",69.999969,0.579999,1000.000000,0.000000,"Known Flow",0.000000,0.000000,2.16999993085665e-07,40.000000,0.579999,1000.000000,0.000000,0.000000,13.000000,0.000000,0.515374,0.579999,,,,7.489433,7.489433,,16.800279,,,,,,903.822387,0.066146,0.000000,0.000000,0.000000,,-459.670013,1000.000000,,0.000000,0.000000,,,,0.047076,"SETFLOW",0.000000,0.997565,0.000000,,,,,"","",,,,7.489433,,0.000000,,0.000000,,,0.000000,0.000000,"",,,0.000000,,-1.000000,,0.000000,0.000000,-1.000000,-1.000000,,,,,,,,,,,"",,,,,,,,,,"Volumetric",,,,,,,,,,-0.047174,,,,,,,,,,-0.047174,-0.001132,,,,,,,,,,,,
"0BECA6B8","Nodes",1116580.750000,1673376.000000,1313.064347,"Default Known Flow Node",69.999969,0.579999,1000.000000,0.000000,"Known Flow",0.000000,0.000000,2.16999993085665e-07,40.000000,0.579999,1000.000000,0.000000,0.000000,13.000000,0.000000,0.515374,0.579999,,,,7.454091,7.454091,,16.800279,,,,,,903.822387,0.066146,0.000000,0.000000,0.000000,,-459.670013,1000.000000,,0.000000,0.000000,,,,0.047072,"SETFLOW",0.000000,0.997566,0.000000,,,,,"","",,,,7.454091,,0.000000,,0.000000,,,0.000000,0.000000,"",,,0.000000,,-1.000000,,0.000000,0.000000,-1.000000,-1.000000,,,,,,,,,,,"",,,,,,,,,,"Volumetric",,,,,,,,,,-0.058967,,,,,,,,,,-0.058967,-0.001415,,,,,,,,,,,,
"0BECA6B6","Nodes",1116993.500000,1673486.500000,1313.064347,"Default Known Flow Node",69.999969,0.579999,1000.000000,0.000000,"Known Flow",0.000000,0.000000,2.16999993085665e-07,40.000000,0.579999,1000.000000,0.000000,0.000000,13.000000,0.000000,0.515374,0.579999,,,,7.496118,7.496118,,16.800279,,,,,,903.822387,0.066146,0.000000,0.000000,0.000000,,-459.670013,1000.000000,,0.000000,0.000000,,,,0.047077,"SETFLOW",0.000000,0.997565,0.000000,,,,,"","",,,,7.496118,,0.000000,,0.000000,,,0.000000,0.000000,"",,,0.000000,,-1.000000,,0.000000,0.000000,-1.000000,-1.000000,,,,,,,,,,,"",,,,,,,,,,"Volumetric",,,,,,,,,,-0.029483,,,,,,,,,,-0.029483,-0.000707,,,,,,,,,,,,
"0BEC502D","Nodes",1117220.000000,1673546.500000,1313.064347,"Default Known Flow Node",69.999969,0.579999,1000.000000,0.000000,"Known Flow",0.000000,0.000000,2.16999993085665e-07,40.000000,0.579999,1000.000000,0.000000,0.000000,13.000000,0.000000,0.515374,0.579999,,,,7.525596,7.525596,,16.800279,,,,,,903.822387,0.066146,0.000000,0.000000,0.000000,,-459.670013,1000.000000,,0.000000,0.000000,,,,0.047081,"SETFLOW",0.000000,0.997565,0.000000,,,,,"","",,,,7.525596,,0.000000,,0.000000,,,0.000000,0.000000,"",,,0.000000,,-1.000000,,0.000000,0.000000,-1.000000,-1.000000,,,,,,,,,,,"",,,,,,,,,,"Volumetric",,,,,,,,,,-0.044963,,,,,,,,,,-0.044963,-0.001079,,,,,,,,,,,,
"0BECA6B3","Nodes",1116382.370000,1673597.000000,1313.064347,"Default Known Flow Node",69.999969,0.579999,1000.000000,0.000000,"Known Flow",0.000000,0.000000,2.16999993085665e-07,40.000000,0.579999,1000.000000,0.000000,0.000000,13.000000,0.000000,0.515375,0.579999,,,,7.718593,7.718593,,16.800279,,,,,,903.822387,0.066146,0.000000,0.000000,0.000000,,-459.670013,1000.000000,,0.000000,0.000000,,,,0.047102,"SETFLOW",0.000000,0.997564,0.000000,,,,,"","",,,,7.718593,,0.000000,,0.000000,,,0.000000,0.000000,"",,,0.000000,,-1.000000,,0.000000,0.000000,-1.000000,-1.000000,,,,,,,,,,,"",,,,,,,,,,"Volumetric",,,,,,,,,,-0.015479,,,,,,,,,,-0.015479,-0.000371,,,,,,,,,,,,
"2FB2007E","Nodes",1116199.370000,1673548.250000,1313.064347,"Default Known Flow Node",69.999969,0.579999,1000.000000,0.000000,"Known Flow",0.000000,0.000000,2.16999993085665e-07,40.000000,0.579999,1000.000000,0.000000,0.000000,13.000000,0.000000,0.515375,0.579999,,,,7.718427,7.718427,,16.800279,,,,,,903.822387,0.066146,0.000000,0.000000,0.000000,,-459.670013,1000.000000,,0.000000,0.000000,,,,0.047102,"SETFLOW",0.000000,0.997564,0.000000,,,,,"","",,,,7.718427,,0.000000,,0.000000,,,0.000000,0.000000,"",,,0.000000,,-1.000000,,0.000000,0.000000,-1.000000,-1.000000,,,,,,,,,,,"",,,,,,,,,,"Volumetric",,,,,,,,,,-0.012899,,,,,,,,,,-0.012899,-0.000309,,,,,,,,,,,,
"0BECA6B4","Nodes",1116385.370000,1673597.870000,1313.064347,"Default Known Flow Node",69.999969,0.579999,1000.000000,0.000000,"Known Flow",0.000000,0.000000,2.16999993085665e-07,40.000000,0.579999,1000.000000,0.000000,0.000000,13.000000,0.000000,0.515375,0.579999,,,,7.697387,7.697387,,16.800279,,,,,,903.822387,0.066146,0.000000,0.000000,0.000000,,-459.670013,1000.000000,,0.000000,0.000000,,,,0.047100,"SETFLOW",0.000000,0.997564,0.000000,,,,,"","",,,,7.697387,,0.000000,,0.000000,,,0.000000,0.000000,"",,,0.000000,,-1.000000,,0.000000,0.000000,-1.000000,-1.000000,,,,,,,,,,,"",,,,,,,,,,"Volumetric",,,,,,,,,,-0.033906,,,,,,,,,,-0.033906,-0.000813,,,,,,,,,,,,
"0BECA6B9","Nodes",1116386.250000,1673594.120000,1313.064347,"Default Known Flow Node",69.999969,0.579999,1000.000000,0.000000,"Known Flow",0.000000,0.000000,2.16999993085665e-07,40.000000,0.579999,1000.000000,0.000000,0.000000,13.000000,0.000000,0.515375,0.579999,,,,7.694277,7.694277,,16.800279,,,,,,903.822387,0.066146,0.000000,0.000000,0.000000,,-459.670013,1000.000000,,0.000000,0.000000,,,,0.047100,"UNDEFINED",0.000000,0.997564,0.000000,,,,,"","",,,,7.694277,,0.000000,,0.000000,,,0.000000,0.000000,"",,,0.000000,,-1.000000,,0.000000,0.000000,-1.000000,-1.000000,,,,,,,,,,,"",,,,,,,,,,"Volumetric",,,,,,,,,,0.000000,,,,,,,,,,0.000000,0.000000,,,,,,,,,,,,
"0BECA6B2","Nodes",1116322.500000,1673853.750000,1313.064347,"Default Known Flow Node",69.999969,0.579999,1000.000000,0.000000,"Known Flow",0.000000,0.000000,2.16999993085665e-07,40.000000,0.579999,1000.000000,0.000000,0.000000,13.000000,0.000000,0.515376,0.579999,,,,7.973907,7.973907,,16.800279,,,,,,903.822387,0.066146,0.000000,0.000000,0.000000,,-459.670013,1000.000000,,0.000000,0.000000,,,,0.047131,"SETFLOW",0.000000,0.997563,0.000000,,,,,"","",,,,7.973907,,0.000000,,0.000000,,,0.000000,0.000000,"",,,0.000000,,-1.000000,,0.000000,0.000000,-1.000000,-1.000000,,,,,,,,,,,"",,,,,,,,,,"Volumetric",,,,,,,,,,-0.003455,,,,,,,,,,-0.003455,-0.000082,,,,,,,,,,,,
"2FBB2E5B","Nodes",1116347.995969,1673744.411596,1313.064347,"Default Known Flow Node",69.999969,0.579999,1000.000000,0.000000,"Known Flow",0.000000,0.000000,2.16999993085665e-07,40.000000,0.579999,1000.000000,0.000000,0.000000,13.000000,0.000000,0.515376,0.579999,,,,7.865199,7.865199,,16.800279,,,,,,903.822387,0.066146,0.000000,0.000000,0.000000,,-459.670013,1000.000000,,0.000000,0.000000,,,,0.047119,"UNDEFINED",0.000000,0.997563,0.000000,,,,,"","",,,,7.865199,,0.000000,,0.000000,,,0.000000,0.000000,"",,,0.000000,,-1.000000,,0.000000,0.000000,0.000000,-1.000000,,,,,,,,,,,"",,,,,,,,,,"Volumetric",,,,,,,,,,0.000000,,,,,,,,,,0.000000,0.000000,,,,,,,,,,,,
"0BECA6B5","Nodes",1116816.000000,1673712.250000,1313.064347,"Default Known Flow Node",69.999969,0.579999,1000.000000,0.000000,"Known Flow",0.000000,0.000000,2.16999993085665e-07,40.000000,0.579999,1000.000000,0.000000,0.000000,13.000000,0.000000,0.515375,0.579999,,,,7.636466,7.636466,,16.800279,,,,,,903.822387,0.066146,0.000000,0.000000,0.000000,,-459.670013,1000.000000,,0.000000,0.000000,,,,0.047093,"SETFLOW",0.000000,0.997565,0.000000,,,,,"","",,,,7.636466,,0.000000,,0.000000,,,0.000000,0.000000,"",,,0.000000,,-1.000000,,0.000000,0.000000,-1.000000,-1.000000,,,,,,,,,,,"",,,,,,,,,,"Volumetric",,,,,,,,,,-0.012899,,,,,,,,,,-0.012899,-0.000309,,,,,,,,,,,,
"0BECA6AD","Nodes",1117218.250000,1673819.000000,1313.064347,"Default Known Flow Node",69.999969,0.579999,1000.000000,0.000000,"Known Flow",0.000000,0.000000,2.16999993085665e-07,40.000000,0.579999,1000.000000,0.000000,0.000000,13.000000,0.000000,0.515374,0.579999,,,,7.580913,7.580913,,16.800279,,,,,,903.822387,0.066146,0.000000,0.000000,0.000000,,-459.670013,1000.000000,,0.000000,0.000000,,,,0.047087,"SETFLOW",0.000000,0.997565,0.000000,,,,,"","",,,,7.580913,,0.000000,,0.000000,,,0.000000,0.000000,"",,,0.000000,,-1.000000,,0.000000,0.000000,-1.000000,-1.000000,,,,,,,,,,,"",,,,,,,,,,"Volumetric",,,,,,,,,,-0.009213,,,,,,,,,,-0.009213,-0.000221,,,,,,,,,,,,
"0BEC502C","Nodes",1117219.620000,1673813.250000,1313.064347,"Default Known Flow Node",69.999969,0.579999,1000.000000,0.000000,"Known Flow",0.000000,0.000000,2.16999993085665e-07,40.000000,0.579999,1000.000000,0.000000,0.000000,13.000000,0.000000,0.515374,0.579999,,,,7.579125,7.579125,,16.800279,,,,,,903.822387,0.066146,0.000000,0.000000,0.000000,,-459.670013,1000.000000,,0.000000,0.000000,,,,0.047087,"UNDEFINED",0.000000,0.997565,0.000000,,,,,"","",,,,7.579125,,0.000000,,0.000000,,,0.000000,0.000000,"",,,0.000000,,-1.000000,,0.000000,0.000000,-1.000000,-1.000000,,,,,,,,,,,"",,,,,,,,,,"Volumetric",,,,,,,,,,0.000000,,,,,,,,,,0.000000,0.000000,,,,,,,,,,,,
"0BECA6AC","Nodes",1117205.250000,1673876.750000,1313.064347,"Default Known Flow Node",69.999969,0.579999,1000.000000,0.000000,"Known Flow",0.000000,0.000000,2.16999993085665e-07,40.000000,0.579999,1000.000000,0.000000,0.000000,13.000000,0.000000,0.515374,0.579999,,,,7.576854,7.576854,,16.800279,,,,,,903.822387,0.066146,0.000000,0.000000,0.000000,,-459.670013,1000.000000,,0.000000,0.000000,,,,0.047086,"UNDEFINED",0.000000,0.997565,0.000000,,,,,"","",,,,7.576854,,0.000000,,0.000000,,,0.000000,0.000000,"",,,0.000000,,-1.000000,,0.000000,0.000000,-1.000000,-1.000000,,,,,,,,,,,"",,,,,,,,,,"Volumetric",,,,,,,,,,0.000000,,,,,,,,,,0.000000,0.000000,,,,,,,,,,,,
"0BEC502B","Nodes",1117220.000000,1673819.500000,1313.064347,"Default Known Flow Node",69.999969,0.579999,1000.000000,0.000000,"Known Flow",0.000000,0.000000,2.16999993085665e-07,40.000000,0.579999,1000.000000,0.000000,0.000000,13.000000,0.000000,0.515374,0.579999,,,,7.581126,7.581126,,16.800279,,,,,,903.822387,0.066146,0.000000,0.000000,0.000000,,-459.670013,1000.000000,,0.000000,0.000000,,,,0.047087,"UNDEFINED",0.000000,0.997565,0.000000,,,,,"","",,,,7.581126,,0.000000,,0.000000,,,0.000000,0.000000,"",,,0.000000,,-1.000000,,0.000000,0.000000,-1.000000,-1.000000,,,,,,,,,,,"",,,,,,,,,,"Volumetric",,,,,,,,,,0.000000,,,,,,,,,,0.000000,0.000000,,,,,,,,,,,,
"0BECA6B1","Nodes",1116321.250000,1673858.250000,1313.064347,"Default Known Flow Node",69.999969,0.579999,1000.000000,0.000000,"Known Flow",0.000000,0.000000,2.16999993085665e-07,40.000000,0.579999,1000.000000,0.000000,0.000000,13.000000,0.000000,0.515376,0.579999,,,,7.978456,7.978456,,16.800279,,,,,,903.822387,0.066146,0.000000,0.000000,0.000000,,-459.670013,1000.000000,,0.000000,0.000000,,,,0.047132,"SETFLOW",0.000000,0.997563,0.000000,,,,,"","",,,,7.978456,,0.000000,,0.000000,,,0.000000,0.000000,"",,,0.000000,,-1.000000,,0.000000,0.000000,-1.000000,-1.000000,,,,,,,,,,,"",,,,,,,,,,"Volumetric",,,,,,,,,,-0.016124,,,,,,,,,,-0.016124,-0.000386,,,,,,,,,,,,
"0BECA6B0","Nodes",1116458.250000,1673893.250000,1313.064347,"Default Known Flow Node",69.999969,0.579999,1000.000000,0.000000,"Known Flow",0.000000,0.000000,2.16999993085665e-07,40.000000,0.579999,1000.000000,0.000000,0.000000,13.000000,0.000000,0.515374,0.579999,,,,7.606806,7.606806,,16.800279,,,,,,903.822387,0.066146,0.000000,0.000000,0.000000,,-459.670013,1000.000000,,0.000000,0.000000,,,,0.047090,"SETFLOW",0.000000,0.997565,0.000000,,,,,"","",,,,7.606806,,0.000000,,0.000000,,,0.000000,0.000000,"",,,0.000000,,-1.000000,,0.000000,0.000000,-1.000000,-1.000000,,,,,,,,,,,"",,,,,,,,,,"Volumetric",,,,,,,,,,-2.671984,,,,,,,,,,-2.671984,-0.064127,,,,,,,,,,,,
"0BECA6BC","Nodes",1116320.120000,1673862.750000,1313.064347,"Default Known Flow Node",69.999969,0.579999,1000.000000,0.000000,"Known Flow",0.000000,0.000000,2.16999993085665e-07,40.000000,0.579999,1000.000000,0.000000,0.000000,13.000000,0.000000,0.515377,0.579999,,,,7.993645,7.993645,,16.800279,,,,,,903.822387,0.066146,0.000000,0.000000,0.000000,,-459.670013,1000.000000,,0.000000,0.000000,,,,0.047134,"UNDEFINED",0.000000,0.997563,0.000000,,,,,"","",,,,7.993645,,0.000000,,0.000000,,,0.000000,0.000000,"",,,0.000000,,-1.000000,,0.000000,0.000000,-1.000000,-1.000000,,,,,,,,,,,"",,,,,,,,,,"Volumetric",,,,,,,,,,0.000000,,,,,,,,,,0.000000,0.000000,,,,,,,,,,,,
"0BECA6AF","Nodes",1116590.870000,1673927.000000,1313.064347,"Default Known Flow Node",69.999969,0.579999,1000.000000,0.000000,"Known Flow",0.000000,0.000000,2.16999993085665e-07,40.000000,0.579999,1000.000000,0.000000,0.000000,13.000000,0.000000,0.515374,0.579999,,,,7.524447,7.524447,,16.800279,,,,,,903.822387,0.066146,0.000000,0.000000,0.000000,,-459.670013,1000.000000,,0.000000,0.000000,,,,0.047080,"SETFLOW",0.000000,0.997565,0.000000,,,,,"","",,,,7.524447,,0.000000,,0.000000,,,0.000000,0.000000,"",,,0.000000,,-1.000000,,0.000000,0.000000,-1.000000,-1.000000,,,,,,,,,,,"",,,,,,,,,,"Volumetric",,,,,,,,,,-2.712293,,,,,,,,,,-2.712293,-0.065095,,,,,,,,,,,,
"0BECA6BD","Nodes",1116262.249007,1674109.180521,1313.064347,"Default Known Flow Node",69.999969,0.579999,1000.000000,0.000000,"Known Flow",0.000000,0.000000,2.16999993085665e-07,40.000000,0.579999,1000.000000,0.000000,0.000000,13.000000,0.000000,0.515383,0.579999,,,,9.119146,9.119146,,16.800279,,,,,,903.822387,0.066145,0.000000,0.000000,0.000000,,-459.670013,1000.000000,,0.000000,0.000000,,,,0.047262,"UNDEFINED",0.000000,0.997556,0.000000,,,,,"","",,,,9.119146,,0.000000,,0.000000,,,0.000000,0.000000,"",,,0.000000,,-1.000000,,0.000000,0.000000,-1.000000,-1.000000,,,,,,,,,,,"",,,,,,,,,,"Volumetric",,,,,,,,,,0.000000,,,,,,,,,,0.000000,0.000000,,,,,,,,,,,,
"0BECA6BF","Nodes",1116260.120000,1674117.250000,1313.064347,"Default Known Flow Node",69.999969,0.579999,1000.000000,0.000000,"Known Flow",0.000000,0.000000,2.16999993085665e-07,40.000000,0.579999,1000.000000,0.000000,0.000000,13.000000,0.000000,0.515383,0.579999,,,,9.154686,9.154686,,16.800279,,,,,,903.822387,0.066145,0.000000,0.000000,0.000000,,-459.670013,1000.000000,,0.000000,0.000000,,,,0.047266,"SETFLOW",0.000000,0.997556,0.000000,,,,,"","",,,,9.154686,,0.000000,,0.000000,,,0.000000,0.000000,"",,,0.000000,,-1.000000,,0.000000,0.000000,-1.000000,-1.000000,,,,,,,,,,,"",,,,,,,,,,"Volumetric",,,,,,,,,,-0.003455,,,,,,,,,,-0.003455,-0.000082,,,,,,,,,,,,
"0BECA6C3","Nodes",1116259.250000,1674120.370000,1313.064347,"Default Known Flow Node",69.999969,0.579999,1000.000000,0.000000,"Known Flow",0.000000,0.000000,2.16999993085665e-07,40.000000,0.579999,1000.000000,0.000000,0.000000,13.000000,0.000000,0.515383,0.579999,,,,9.173939,9.173939,,16.800279,,,,,,903.822387,0.066145,0.000000,0.000000,0.000000,,-459.670013,1000.000000,,0.000000,0.000000,,,,0.047268,"UNDEFINED",0.000000,0.997556,0.000000,,,,,"","",,,,9.173939,,0.000000,,0.000000,,,0.000000,0.000000,"",,,0.000000,,-1.000000,,0.000000,0.000000,-1.000000,-1.000000,,,,,,,,,,,"",,,,,,,,,,"Volumetric",,,,,,,,,,0.000000,,,,,,,,,,0.000000,0.000000,,,,,,,,,,,,
"0BECA705","Nodes",1116258.888080,1674121.834737,1313.064347,"Default Known Flow Node",69.999969,0.579999,1000.000000,0.000000,"Known Flow",0.000000,0.000000,2.16999993085665e-07,40.000000,0.579999,1000.000000,0.000000,0.000000,13.000000,0.000000,0.515383,0.579999,,,,9.178501,9.178501,,16.800279,,,,,,903.822387,0.066145,0.000000,0.000000,0.000000,,-459.670013,1000.000000,,0.000000,0.000000,,,,0.047268,"UNDEFINED",0.000000,0.997556,0.000000,,,,,"","",,,,9.178501,,0.000000,,0.000000,,,0.000000,0.000000,"",,,0.000000,,-1.000000,,0.000000,0.000000,-1.000000,-1.000000,,,,,,,,,,,"",,,,,,,,,,"Volumetric",,,,,,,,,,0.000000,,,,,,,,,,0.000000,0.000000,,,,,,,,,,,,
"2FB1B62F","Nodes",1116743.250000,1674244.250000,1313.064347,"Default Known Flow Node",69.999969,0.579999,1000.000000,0.000000,"Known Flow",0.000000,0.000000,2.16999993085665e-07,40.000000,0.579999,1000.000000,0.000000,0.000000,13.000000,0.000000,0.515378,0.579999,,,,8.237447,8.237447,,16.800279,,,,,,903.822387,0.066146,0.000000,0.000000,0.000000,,-459.670013,1000.000000,,0.000000,0.000000,,,,0.047161,"SETFLOW",0.000000,0.997561,0.000000,,,,,"","",,,,8.237447,,0.000000,,0.000000,,,0.000000,0.000000,"",,,0.000000,,-1.000000,,0.000000,0.000000,-1.000000,-1.000000,,,,,,,,,,,"",,,,,,,,,,"Volumetric",,,,,,,,,,-0.003455,,,,,,,,,,-0.003455,-0.000082,,,,,,,,,,,,
"2FB25D7E","Nodes",1116632.120000,1674213.370000,1313.064347,"Default Known Flow Node",69.999969,0.579999,1000.000000,0.000000,"Known Flow",0.000000,0.000000,2.16999993085665e-07,40.000000,0.579999,1000.000000,0.000000,0.000000,13.000000,0.000000,0.515378,0.579999,,,,8.237445,8.237445,,16.800279,,,,,,903.822387,0.066146,0.000000,0.000000,0.000000,,-459.670013,1000.000000,,0.000000,0.000000,,,,0.047161,"SETFLOW",0.000000,0.997561,0.000000,,,,,"","",,,,8.237445,,0.000000,,0.000000,,,0.000000,0.000000,"",,,0.000000,,-1.000000,,0.000000,0.000000,-1.000000,-1.000000,,,,,,,,,,,"",,,,,,,,,,"Volumetric",,,,,,,,,,-0.003455,,,,,,,,,,-0.003455,-0.000082,,,,,,,,,,,,
"2FB25D76","Nodes",1117095.370000,1674336.500000,1313.064347,"Default Known Flow Node",69.999969,0.579999,1000.000000,0.000000,"Known Flow",0.000000,0.000000,2.16999993085665e-07,40.000000,0.579999,1000.000000,0.000000,0.000000,13.000000,0.000000,0.515378,0.579999,,,,8.237463,8.237463,,16.800279,,,,,,903.822387,0.066146,0.000000,0.000000,0.000000,,-459.670013,1000.000000,,0.000000,0.000000,,,,0.047161,"SETFLOW",0.000000,0.997561,0.000000,,,,,"","",,,,8.237463,,0.000000,,0.000000,,,0.000000,0.000000,"",,,0.000000,,-1.000000,,0.000000,0.000000,-1.000000,-1.000000,,,,,,,,,,,"",,,,,,,,,,"Volumetric",,,,,,,,,,-0.002764,,,,,,,,,,-0.002764,-0.000066,,,,,,,,,,,,
"2FB22C84","Nodes",1117106.000000,1674289.620000,1313.064347,"Default Known Flow Node",69.999969,0.579999,1000.000000,0.000000,"Known Flow",0.000000,0.000000,2.16999993085665e-07,40.000000,0.579999,1000.000000,0.000000,0.000000,13.000000,0.000000,0.515378,0.579999,,,,8.237463,8.237463,,16.800279,,,,,,903.822387,0.066146,0.000000,0.000000,0.000000,,-459.670013,1000.000000,,0.000000,0.000000,,,,0.047161,"UNDEFINED",0.000000,0.997561,0.000000,,,,,"","",,,,8.237463,,0.000000,,0.000000,,,0.000000,0.000000,"",,,0.000000,,-1.000000,,0.000000,0.000000,-1.000000,-1.000000,,,,,,,,,,,"",,,,,,,,,,"Volumetric",,,,,,,,,,0.000000,,,,,,,,,,0.000000,0.000000,,,,,,,,,,,,
"2FB25D7B","Nodes",1117097.000000,1674328.750000,1313.064347,"Default Known Flow Node",69.999969,0.579999,1000.000000,0.000000,"Known Flow",0.000000,0.000000,2.16999993085665e-07,40.000000,0.579999,1000.000000,0.000000,0.000000,13.000000,0.000000,0.515378,0.579999,,,,8.237463,8.237463,,16.800279,,,,,,903.822387,0.066146,0.000000,0.000000,0.000000,,-459.670013,1000.000000,,0.000000,0.000000,,,,0.047161,"UNDEFINED",0.000000,0.997561,0.000000,,,,,"","",,,,8.237463,,0.000000,,0.000000,,,0.000000,0.000000,"",,,0.000000,,-1.000000,,0.000000,0.000000,-1.000000,-1.000000,,,,,,,,,,,"",,,,,,,,,,"Volumetric",,,,,,,,,,0.000000,,,,,,,,,,0.000000,0.000000,,,,,,,,,,,,
"2FB25D78","Nodes",1117096.120000,1674332.250000,1313.064347,"Default Known Flow Node",69.999969,0.579999,1000.000000,0.000000,"Known Flow",0.000000,0.000000,2.16999993085665e-07,40.000000,0.579999,1000.000000,0.000000,0.000000,13.000000,0.000000,0.515378,0.579999,,,,8.237463,8.237463,,16.800279,,,,,,903.822387,0.066146,0.000000,0.000000,0.000000,,-459.670013,1000.000000,,0.000000,0.000000,,,,0.047161,"UNDEFINED",0.000000,0.997561,0.000000,,,,,"","",,,,8.237463,,0.000000,,0.000000,,,0.000000,0.000000,"",,,0.000000,,-1.000000,,0.000000,0.000000,-1.000000,-1.000000,,,,,,,,,,,"",,,,,,,,,,"Volumetric",,,,,,,,,,0.000000,,,,,,,,,,0.000000,0.000000,,,,,,,,,,,,
"2FB1B62C","Nodes",1117095.120000,1674336.370000,1313.064347,"Default Known Flow Node",69.999969,0.579999,1000.000000,0.000000,"Known Flow",0.000000,0.000000,2.16999993085665e-07,40.000000,0.579999,1000.000000,0.000000,0.000000,13.000000,0.000000,0.515378,0.579999,,,,8.237463,8.237463,,16.800279,,,,,,903.822387,0.066146,0.000000,0.000000,0.000000,,-459.670013,1000.000000,,0.000000,0.000000,,,,0.047161,"UNDEFINED",0.000000,0.997561,0.000000,,,,,"","",,,,8.237463,,0.000000,,0.000000,,,0.000000,0.000000,"",,,0.000000,,-1.000000,,0.000000,0.000000,-1.000000,-1.000000,,,,,,,,,,,"",,,,,,,,,,"Volumetric",,,,,,,,,,0.000000,,,,,,,,,,0.000000,0.000000,,,,,,,,,,,,
"2FB25D77","Nodes",1117097.250000,1674337.000000,1290.994423,"Default Known Flow Node",69.999969,0.579999,1000.000000,0.000000,"Known Flow",0.000000,0.000000,2.16999993085665e-07,40.000000,0.579999,1000.000000,0.000000,0.000000,13.000000,0.000000,0.508427,0.600000,,,,8.237464,8.237464,,17.379600,,,,,,905.729919,0.068774,0.000000,0.000000,0.000000,,-459.670013,1000.000000,,0.000000,0.000000,,,,0.048796,"UNDEFINED",0.000000,0.997401,0.000000,,,,,"","",,,,8.237464,,0.000000,,0.000000,,,0.000000,0.000000,"",,,0.000000,,-1.000000,,0.000000,0.000000,-1.000000,-1.000000,,,,,,,,,,,"",,,,,,,,,,"Volumetric",,,,,,,,,,0.000000,,,,,,,,,,0.000000,0.000000,,,,,,,,,,,,
"2FB82E9C","Nodes",1117131.370000,1674343.750000,1313.064347,"Default Known Flow Node",69.999969,0.579999,1000.000000,0.000000,"Known Flow",0.000000,0.000000,2.16999993085665e-07,40.000000,0.579999,1000.000000,0.000000,0.000000,13.000000,0.000000,0.515378,0.579999,,,,8.237464,8.237464,,16.800279,,,,,,903.822387,0.066146,0.000000,0.000000,0.000000,,-459.670013,1000.000000,,0.000000,0.000000,,,,0.047161,"UNDEFINED",0.000000,0.997561,0.000000,,,,,"","",,,,8.237464,,0.000000,,0.000000,,,0.000000,0.000000,"",,,0.000000,,-1.000000,,0.000000,0.000000,-1.000000,-1.000000,,,,,,,,,,,"",,,,,,,,,,"Volumetric",,,,,,,,,,0.000000,,,,,,,,,,0.000000,0.000000,,,,,,,,,,,,
"2FB25D79","Nodes",1117095.000000,1674346.120000,1313.064347,"Default Known Flow Node",69.999969,0.579999,1000.000000,0.000000,"Known Flow",0.000000,0.000000,2.16999993085665e-07,40.000000,0.579999,1000.000000,0.000000,0.000000,13.000000,0.000000,0.515378,0.579999,,,,8.237465,8.237465,,16.800279,,,,,,903.822387,0.066146,0.000000,0.000000,0.000000,,-459.670013,1000.000000,,0.000000,0.000000,,,,0.047161,"UNDEFINED",0.000000,0.997561,0.000000,,,,,"","",,,,8.237465,,0.000000,,0.000000,,,0.000000,0.000000,"",,,0.000000,,-1.000000,,0.000000,0.000000,-1.000000,-1.000000,,,,,,,,,,,"",,,,,,,,,,"Volumetric",,,,,,,,,,0.000000,,,,,,,,,,0.000000,0.000000,,,,,,,,,,,,
"2FB25D7A","Nodes",1117090.500000,1674355.870000,1313.064347,"Default Known Flow Node",69.999969,0.579999,1000.000000,0.000000,"Known Flow",0.000000,0.000000,2.16999993085665e-07,40.000000,0.579999,1000.000000,0.000000,0.000000,13.000000,0.000000,0.515378,0.579999,,,,8.237472,8.237472,,16.800279,,,,,,903.822387,0.066146,0.000000,0.000000,0.000000,,-459.670013,1000.000000,,0.000000,0.000000,,,,0.047161,"UNDEFINED",0.000000,0.997561,0.000000,,,,,"","",,,,8.237472,,0.000000,,0.000000,,,0.000000,0.000000,"",,,0.000000,,-1.000000,,0.000000,0.000000,-1.000000,-1.000000,,,,,,,,,,,"",,,,,,,,,,"Volumetric",,,,,,,,,,0.000000,,,,,,,,,,0.000000,0.000000,,,,,,,,,,,,
"2FB1B62B","Nodes",1117071.620000,1674441.000000,1290.994423,"Default Known Flow Node",69.999969,0.579999,1000.000000,0.000000,"Known Flow",0.000000,0.000000,2.16999993085665e-07,40.000000,0.579999,1000.000000,0.000000,0.000000,13.000000,0.000000,0.508427,0.600000,,,,8.237509,8.237509,,17.379600,,,,,,905.729919,0.068774,0.000000,0.000000,0.000000,,-459.670013,1000.000000,,0.000000,0.000000,,,,0.048796,"SETFLOW",0.000000,0.997401,0.000000,,,,,"","",,,,8.237509,,0.000000,,0.000000,,,0.000000,0.000000,"",,,0.000000,,-1.000000,,0.000000,0.000000,-1.000000,-1.000000,,,,,,,,,,,"",,,,,,,,,,"Volumetric",,,,,,,,,,-0.000921,,,,,,,,,,-0.000921,-0.000022,,,,,,,,,,,,
"2FB21462","Nodes",1116593.620000,1674485.620000,1313.064347,"Default Known Flow Node",69.999969,0.579999,1000.000000,0.000000,"Known Flow",0.000000,0.000000,2.16999993085665e-07,40.000000,0.579999,1000.000000,0.000000,0.000000,13.000000,0.000000,0.515379,0.579999,,,,8.476881,8.476881,,16.800279,,,,,,903.822387,0.066146,0.000000,0.000000,0.000000,,-459.670013,1000.000000,,0.000000,0.000000,,,,0.047189,"SETFLOW",0.000000,0.997560,0.000000,,,,,"","",,,,8.476881,,0.000000,,0.000000,,,0.000000,0.000000,"",,,0.000000,,-1.000000,,0.000000,0.000000,-1.000000,-1.000000,,,,,,,,,,,"",,,,,,,,,,"Volumetric",,,,,,,,,,-0.003455,,,,,,,,,,-0.003455,-0.000082,,,,,,,,,,,,
"2FB21460","Nodes",1116591.370000,1674485.120000,1313.064347,"Default Known Flow Node",69.999969,0.579999,1000.000000,0.000000,"Known Flow",0.000000,0.000000,2.16999993085665e-07,40.000000,0.579999,1000.000000,0.000000,0.000000,13.000000,0.000000,0.515379,0.579999,,,,8.477895,8.477895,,16.800279,,,,,,903.822387,0.066146,0.000000,0.000000,0.000000,,-459.670013,1000.000000,,0.000000,0.000000,,,,0.047189,"UNDEFINED",0.000000,0.997560,0.000000,,,,,"","",,,,8.477895,,0.000000,,0.000000,,,0.000000,0.000000,"",,,0.000000,,-1.000000,,0.000000,0.000000,-1.000000,-1.000000,,,,,,,,,,,"",,,,,,,,,,"Volumetric",,,,,,,,,,0.000000,,,,,,,,,,0.000000,0.000000,,,,,,,,,,,,
"2FB21463","Nodes",1116559.000000,1674476.500000,1313.064347,"Default Known Flow Node",69.999969,0.579999,1000.000000,0.000000,"Known Flow",0.000000,0.000000,2.16999993085665e-07,40.000000,0.579999,1000.000000,0.000000,0.000000,13.000000,0.000000,0.515379,0.579999,,,,8.494632,8.494632,,16.800279,,,,,,903.822387,0.066146,0.000000,0.000000,0.000000,,-459.670013,1000.000000,,0.000000,0.000000,,,,0.047191,"SETFLOW",0.000000,0.997560,0.000000,,,,,"","",,,,8.494632,,0.000000,,0.000000,,,0.000000,0.000000,"",,,0.000000,,-1.000000,,0.000000,0.000000,-1.000000,-1.000000,,,,,,,,,,,"",,,,,,,,,,"Volumetric",,,,,,,,,,-0.001151,,,,,,,,,,-0.001151,-0.000027,,,,,,,,,,,,
"2FB21461","Nodes",1117030.250000,1674599.500000,1313.064347,"Default Known Flow Node",69.999969,0.579999,1000.000000,0.000000,"Known Flow",0.000000,0.000000,2.16999993085665e-07,40.000000,0.579999,1000.000000,0.000000,0.000000,13.000000,0.000000,0.515378,0.579999,,,,8.248377,8.248377,,16.800279,,,,,,903.822387,0.066146,0.000000,0.000000,0.000000,,-459.670013,1000.000000,,0.000000,0.000000,,,,0.047163,"SETFLOW",0.000000,0.997561,0.000000,,,,,"","",,,,8.248377,,0.000000,,0.000000,,,0.000000,0.000000,"",,,0.000000,,-1.000000,,0.000000,0.000000,-1.000000,-1.000000,,,,,,,,,,,"",,,,,,,,,,"Volumetric",,,,,,,,,,-0.004606,,,,,,,,,,-0.004606,-0.000110,,,,,,,,,,,,
"2FB2145F","Nodes",1117032.120000,1674600.000000,1313.064347,"Default Known Flow Node",69.999969,0.579999,1000.000000,0.000000,"Known Flow",0.000000,0.000000,2.16999993085665e-07,40.000000,0.579999,1000.000000,0.000000,0.000000,13.000000,0.000000,0.515378,0.579999,,,,8.247366,8.247366,,16.800279,,,,,,903.822387,0.066146,0.000000,0.000000,0.000000,,-459.670013,1000.000000,,0.000000,0.000000,,,,0.047163,"UNDEFINED",0.000000,0.997561,0.000000,,,,,"","",,,,8.247366,,0.000000,,0.000000,,,0.000000,0.000000,"",,,0.000000,,-1.000000,,0.000000,0.000000,-1.000000,-1.000000,,,,,,,,,,,"",,,,,,,,,,"Volumetric",,,,,,,,,,0.000000,,,,,,,,,,0.000000,0.000000,,,,,,,,,,,,
"2FB1B629","Nodes",1117035.620000,1674600.870000,1313.064347,"Default Known Flow Node",69.999969,0.579999,1000.000000,0.000000,"Known Flow",0.000000,0.000000,2.16999993085665e-07,40.000000,0.579999,1000.000000,0.000000,0.000000,13.000000,0.000000,0.515378,0.579999,,,,8.237588,8.237588,,16.800279,,,,,,903.822387,0.066146,0.000000,0.000000,0.000000,,-459.670013,1000.000000,,0.000000,0.000000,,,,0.047161,"UNDEFINED",0.000000,0.997561,0.000000,,,,,"","",,,,8.237588,,0.000000,,0.000000,,,0.000000,0.000000,"",,,0.000000,,-1.000000,,0.000000,0.000000,-1.000000,-1.000000,,,,,,,,,,,"",,,,,,,,,,"Volumetric",,,,,,,,,,0.000000,,,,,,,,,,0.000000,0.000000,,,,,,,,,,,,
"2FB1B633","Nodes",1117167.000000,1674637.120000,1313.064347,"Default Known Flow Node",69.999969,0.579999,1000.000000,0.000000,"Known Flow",0.000000,0.000000,2.16999993085665e-07,40.000000,0.579999,1000.000000,0.000000,0.000000,13.000000,0.000000,0.515376,0.579999,,,,7.906387,7.906387,,16.800279,,,,,,903.822387,0.066146,0.000000,0.000000,0.000000,,-459.670013,1000.000000,,0.000000,0.000000,,,,0.047124,"UNDEFINED",0.000000,0.997563,0.000000,,,,,"","",,,,7.906387,,0.000000,,0.000000,,,0.000000,0.000000,"",,,0.000000,,-1.000000,,0.000000,0.000000,-1.000000,-1.000000,,,,,,,,,,,"",,,,,,,,,,"Volumetric",,,,,,,,,,0.000000,,,,,,,,,,0.000000,0.000000,,,,,,,,,,,,
"2FB200B8","Nodes",1117220.000000,1674651.370000,1313.064347,"Default Known Flow Node",69.999969,0.579999,1000.000000,0.000000,"Known Flow",0.000000,0.000000,2.16999993085665e-07,40.000000,0.579999,1000.000000,0.000000,0.000000,13.000000,0.000000,0.515375,0.579999,,,,7.772371,7.772371,,16.800279,,,,,,903.822387,0.066146,0.000000,0.000000,0.000000,,-459.670013,1000.000000,,0.000000,0.000000,,,,0.047109,"UNDEFINED",0.000000,0.997564,0.000000,,,,,"","",,,,7.772371,,0.000000,,0.000000,,,0.000000,0.000000,"",,,0.000000,,-1.000000,,0.000000,0.000000,-1.000000,-1.000000,,,,,,,,,,,"",,,,,,,,,,"Volumetric",,,,,,,,,,0.000000,,,,,,,,,,0.000000,0.000000,,,,,,,,,,,,
"2FB1FA2F","Nodes",1116199.500000,1674665.870000,1313.064347,"Default Known Flow Node",69.999969,0.579999,1000.000000,0.000000,"Known Flow",0.000000,0.000000,2.16999993085665e-07,40.000000,0.579999,1000.000000,0.000000,0.000000,13.000000,0.000000,0.515385,0.579999,,,,9.460596,9.460596,,16.800279,,,,,,903.822387,0.066145,0.000000,0.000000,0.000000,,-459.670013,1000.000000,,0.000000,0.000000,,,,0.047300,"SETFLOW",0.000000,0.997554,0.000000,,,,,"","",,,,9.460596,,0.000000,,0.000000,,,0.000000,0.000000,"",,,0.000000,,-1.000000,,0.000000,0.000000,-1.000000,-1.000000,,,,,,,,,,,"",,,,,,,,,,"Volumetric",,,,,,,,,,-0.003455,,,,,,,,,,-0.003455,-0.000082,,,,,,,,,,,,
"2FB20044","Nodes",1116208.370000,1674668.120000,1313.064347,"Default Known Flow Node",69.999969,0.579999,1000.000000,0.000000,"Known Flow",0.000000,0.000000,2.16999993085665e-07,40.000000,0.579999,1000.000000,0.000000,0.000000,13.000000,0.000000,0.515385,0.579999,,,,9.454974,9.454974,,16.800279,,,,,,903.822387,0.066145,0.000000,0.000000,0.000000,,-459.670013,1000.000000,,0.000000,0.000000,,,,0.047300,"SETFLOW",0.000000,0.997554,0.000000,,,,,"","",,,,9.454974,,0.000000,,0.000000,,,0.000000,0.000000,"",,,0.000000,,-1.000000,,0.000000,0.000000,-1.000000,-1.000000,,,,,,,,,,,"",,,,,,,,,,"Volumetric",,,,,,,,,,-0.048372,,,,,,,,,,-0.048372,-0.001160,,,,,,,,,,,,
"2FB1A0F1","Nodes",1116993.631806,1674874.562394,1313.064347,"Default Known Flow Node",69.999969,0.579999,1000.000000,0.000000,"Known Flow",0.000000,0.000000,2.16999993085665e-07,40.000000,0.579999,1000.000000,0.000000,0.000000,13.000000,0.000000,0.515376,0.579999,,,,7.923423,7.923423,,16.800279,,,,,,903.822387,0.066146,0.000000,0.000000,0.000000,,-459.670013,1000.000000,,0.000000,0.000000,,,,0.047126,"UNDEFINED",0.000000,0.997563,0.000000,,,,,"","",,,,7.923423,,0.000000,,0.000000,,,0.000000,0.000000,"",,,0.000000,,-1.000000,,0.000000,0.000000,-1.000000,-1.000000,,,,,,,,,,,"",,,,,,,,,,"Volumetric",,,,,,,,,,0.000000,,,,,,,,,,0.000000,0.000000,,,,,,,,,,,,
"2FB1A0F8","Nodes",1116995.120000,1674868.120000,1313.064347,"Default Known Flow Node",69.999969,0.579999,1000.000000,0.000000,"Known Flow",0.000000,0.000000,2.16999993085665e-07,40.000000,0.579999,1000.000000,0.000000,0.000000,13.000000,0.000000,0.515376,0.579999,,,,7.923423,7.923423,,16.800279,,,,,,903.822387,0.066146,0.000000,0.000000,0.000000,,-459.670013,1000.000000,,0.000000,0.000000,,,,0.047126,"UNDEFINED",0.000000,0.997563,0.000000,,,,,"","",,,,7.923423,,0.000000,,0.000000,,,0.000000,0.000000,"",,,0.000000,,-1.000000,,0.000000,0.000000,-1.000000,-1.000000,,,,,,,,,,,"",,,,,,,,,,"Volumetric",,,,,,,,,,0.000000,,,,,,,,,,0.000000,0.000000,,,,,,,,,,,,
"2FB1A0F2","Nodes",1116995.120000,1674868.250000,1313.064347,"Default Known Flow Node",69.999969,0.579999,1000.000000,0.000000,"Known Flow",0.000000,0.000000,2.16999993085665e-07,40.000000,0.579999,1000.000000,0.000000,0.000000,13.000000,0.000000,0.515376,0.579999,,,,7.923423,7.923423,,16.800279,,,,,,903.822387,0.066146,0.000000,0.000000,0.000000,,-459.670013,1000.000000,,0.000000,0.000000,,,,0.047126,"UNDEFINED",0.000000,0.997563,0.000000,,,,,"","",,,,7.923423,,0.000000,,0.000000,,,0.000000,0.000000,"",,,0.000000,,-1.000000,,0.000000,0.000000,-1.000000,-1.000000,,,,,,,,,,,"",,,,,,,,,,"Volumetric",,,,,,,,,,0.000000,,,,,,,,,,0.000000,0.000000,,,,,,,,,,,,
"2FB1A0F7","Nodes",1116993.000000,1674870.500000,1313.064347,"Default Known Flow Node",69.999969,0.579999,1000.000000,0.000000,"Known Flow",0.000000,0.000000,2.16999993085665e-07,40.000000,0.579999,1000.000000,0.000000,0.000000,13.000000,0.000000,0.515376,0.579999,,,,7.926199,7.926199,,16.800279,,,,,,903.822387,0.066146,0.000000,0.000000,0.000000,,-459.670013,1000.000000,,0.000000,0.000000,,,,0.047126,"SETFLOW",0.000000,0.997563,0.000000,,,,,"","",,,,7.926199,,0.000000,,0.000000,,,0.000000,0.000000,"",,,0.000000,,-1.000000,,0.000000,0.000000,-1.000000,-1.000000,,,,,,,,,,,"",,,,,,,,,,"Volumetric",,,,,,,,,,-0.002764,,,,,,,,,,-0.002764,-0.000066,,,,,,,,,,,,
"2FB28802","Nodes",1117147.620000,1674910.250000,1313.064347,"Default Known Flow Node",69.999969,0.579999,1000.000000,0.000000,"Known Flow",0.000000,0.000000,2.16999993085665e-07,40.000000,0.579999,1000.000000,0.000000,0.000000,13.000000,0.000000,0.515375,0.579999,,,,7.704004,7.704004,,16.800279,,,,,,903.822387,0.066146,0.000000,0.000000,0.000000,,-459.670013,1000.000000,,0.000000,0.000000,,,,0.047101,"SETFLOW",0.000000,0.997564,0.000000,,,,,"","",,,,7.704004,,0.000000,,0.000000,,,0.000000,0.000000,"",,,0.000000,,-1.000000,,0.000000,0.000000,-1.000000,-1.000000,,,,,,,,,,,"",,,,,,,,,,"Volumetric",,,,,,,,,,-0.000921,,,,,,,,,,-0.000921,-0.000022,,,,,,,,,,,,
"2FB28803","Nodes",1117153.750000,1674911.750000,1313.064347,"Default Known Flow Node",69.999969,0.579999,1000.000000,0.000000,"Known Flow",0.000000,0.000000,2.16999993085665e-07,40.000000,0.579999,1000.000000,0.000000,0.000000,13.000000,0.000000,0.515375,0.579999,,,,7.693014,7.693014,,16.800279,,,,,,903.822387,0.066146,0.000000,0.000000,0.000000,,-459.670013,1000.000000,,0.000000,0.000000,,,,0.047100,"UNDEFINED",0.000000,0.997564,0.000000,,,,,"","",,,,7.693014,,0.000000,,0.000000,,,0.000000,0.000000,"",,,0.000000,,-1.000000,,0.000000,0.000000,-1.000000,-1.000000,,,,,,,,,,,"",,,,,,,,,,"Volumetric",,,,,,,,,,0.000000,,,,,,,,,,0.000000,0.000000,,,,,,,,,,,,
"2FB200B9","Nodes",1117219.370000,1674927.500000,1313.064347,"Default Known Flow Node",69.999969,0.579999,1000.000000,0.000000,"Known Flow",0.000000,0.000000,2.16999993085665e-07,40.000000,0.579999,1000.000000,0.000000,0.000000,13.000000,0.000000,0.515374,0.579999,,,,7.598589,7.598589,,16.800279,,,,,,903.822387,0.066146,0.000000,0.000000,0.000000,,-459.670013,1000.000000,,0.000000,0.000000,,,,0.047089,"UNDEFINED",0.000000,0.997565,0.000000,,,,,"","",,,,7.598589,,0.000000,,0.000000,,,0.000000,0.000000,"",,,0.000000,,-1.000000,,0.000000,0.000000,-1.000000,-1.000000,,,,,,,,,,,"",,,,,,,,,,"Volumetric",,,,,,,,,,0.000000,,,,,,,,,,0.000000,0.000000,,,,,,,,,,,,
"2FB1FC38","Nodes",1117099.000000,1675163.870000,1313.064347,"Default Known Flow Node",69.999969,0.579999,1000.000000,0.000000,"Known Flow",0.000000,0.000000,2.16999993085665e-07,40.000000,0.579999,1000.000000,0.000000,0.000000,13.000000,0.000000,0.515374,0.579999,,,,7.529096,7.529096,,16.800279,,,,,,903.822387,0.066146,0.000000,0.000000,0.000000,,-459.670013,1000.000000,,0.000000,0.000000,,,,0.047081,"UNDEFINED",0.000000,0.997565,0.000000,,,,,"","",,,,7.529096,,0.000000,,0.000000,,,0.000000,0.000000,"",,,0.000000,,-1.000000,,0.000000,0.000000,-1.000000,-1.000000,,,,,,,,,,,"",,,,,,,,,,"Volumetric",,,,,,,,,,0.000000,,,,,,,,,,0.000000,0.000000,,,,,,,,,,,,
"2FB200BA","Nodes",1117219.870000,1674973.620000,1313.064347,"Default Known Flow Node",69.999969,0.579999,1000.000000,0.000000,"Known Flow",0.000000,0.000000,2.16999993085665e-07,40.000000,0.579999,1000.000000,0.000000,0.000000,13.000000,0.000000,0.515374,0.579999,,,,7.557967,7.557967,,16.800279,,,,,,903.822387,0.066146,0.000000,0.000000,0.000000,,-459.670013,1000.000000,,0.000000,0.000000,,,,0.047084,"UNDEFINED",0.000000,0.997565,0.000000,,,,,"","",,,,7.557967,,0.000000,,0.000000,,,0.000000,0.000000,"",,,0.000000,,-1.000000,,0.000000,0.000000,-1.000000,-1.000000,,,,,,,,,,,"",,,,,,,,,,"Volumetric",,,,,,,,,,0.000000,,,,,,,,,,0.000000,0.000000,,,,,,,,,,,,
"2FB1A0F0","Nodes",1117086.250000,1675184.120000,1313.064347,"Default Known Flow Node",69.999969,0.579999,1000.000000,0.000000,"Known Flow",0.000000,0.000000,2.16999993085665e-07,40.000000,0.579999,1000.000000,0.000000,0.000000,13.000000,0.000000,0.515374,0.579999,,,,7.526016,7.526016,,16.800279,,,,,,903.822387,0.066146,0.000000,0.000000,0.000000,,-459.670013,1000.000000,,0.000000,0.000000,,,,0.047081,"SETFLOW",0.000000,0.997565,0.000000,,,,,"","",,,,7.526016,,0.000000,,0.000000,,,0.000000,0.000000,"",,,0.000000,,-1.000000,,0.000000,0.000000,-1.000000,-1.000000,,,,,,,,,,,"",,,,,,,,,,"Volumetric",,,,,,,,,,-0.000921,,,,,,,,,,-0.000921,-0.000022,,,,,,,,,,,,
"2FB19DB1","Nodes",1117095.806390,1675163.018370,1313.064347,"Default Known Flow Node",69.999969,0.579999,1000.000000,0.000000,"Known Flow",0.000000,0.000000,2.16999993085665e-07,40.000000,0.579999,1000.000000,0.000000,0.000000,13.000000,0.000000,0.515374,0.579999,,,,7.529096,7.529096,,16.800279,,,,,,903.822387,0.066146,0.000000,0.000000,0.000000,,-459.670013,1000.000000,,0.000000,0.000000,,,,0.047081,"UNDEFINED",0.000000,0.997565,0.000000,,,,,"","",,,,7.529096,,0.000000,,0.000000,,,0.000000,0.000000,"",,,0.000000,,-1.000000,,0.000000,0.000000,-1.000000,-1.000000,,,,,,,,,,,"",,,,,,,,,,"Volumetric",,,,,,,,,,0.000000,,,,,,,,,,0.000000,0.000000,,,,,,,,,,,,
"2FB1A0F9","Nodes",1117101.370000,1675165.370000,1313.064347,"Default Known Flow Node",69.999969,0.579999,1000.000000,0.000000,"Known Flow",0.000000,0.000000,2.16999993085665e-07,40.000000,0.579999,1000.000000,0.000000,0.000000,13.000000,0.000000,0.515374,0.579999,,,,7.529096,7.529096,,16.800279,,,,,,903.822387,0.066146,0.000000,0.000000,0.000000,,-459.670013,1000.000000,,0.000000,0.000000,,,,0.047081,"UNDEFINED",0.000000,0.997565,0.000000,,,,,"","",,,,7.529096,,0.000000,,0.000000,,,0.000000,0.000000,"",,,0.000000,,-1.000000,,0.000000,0.000000,-1.000000,-1.000000,,,,,,,,,,,"",,,,,,,,,,"Volumetric",,,,,,,,,,0.000000,,,,,,,,,,0.000000,0.000000,,,,,,,,,,,,
"2FB1A0F6","Nodes",1116945.250000,1675407.000000,1313.064347,"Default Known Flow Node",69.999969,0.579999,1000.000000,0.000000,"Known Flow",0.000000,0.000000,2.16999993085665e-07,40.000000,0.579999,1000.000000,0.000000,0.000000,13.000000,0.000000,0.515374,0.579999,,,,7.492246,7.492246,,16.800279,,,,,,903.822387,0.066146,0.000000,0.000000,0.000000,,-459.670013,1000.000000,,0.000000,0.000000,,,,0.047077,"UNDEFINED",0.000000,0.997565,0.000000,,,,,"","",,,,7.492246,,0.000000,,0.000000,,,0.000000,0.000000,"",,,0.000000,,-1.000000,,0.000000,0.000000,-1.000000,-1.000000,,,,,,,,,,,"",,,,,,,,,,"Volumetric",,,,,,,,,,0.000000,,,,,,,,,,0.000000,0.000000,,,,,,,,,,,,
"2FB200BB","Nodes",1117219.370000,1675218.370000,1313.064347,"Default Known Flow Node",69.999969,0.579999,1000.000000,0.000000,"Known Flow",0.000000,0.000000,2.16999993085665e-07,40.000000,0.579999,1000.000000,0.000000,0.000000,13.000000,0.000000,0.515374,0.579999,,,,7.525963,7.525963,,16.800279,,,,,,903.822387,0.066146,0.000000,0.000000,0.000000,,-459.670013,1000.000000,,0.000000,0.000000,,,,0.047081,"SETFLOW",0.000000,0.997565,0.000000,,,,,"","",,,,7.525963,,0.000000,,0.000000,,,0.000000,0.000000,"",,,0.000000,,-1.000000,,0.000000,0.000000,-1.000000,-1.000000,,,,,,,,,,,"",,,,,,,,,,"Volumetric",,,,,,,,,,-0.002456,,,,,,,,,,-0.002457,-0.000058,,,,,,,,,,,,
"2FB19DB0","Nodes",1116907.323850,1675399.389788,1313.064347,"Default Known Flow Node",69.999969,0.579999,1000.000000,0.000000,"Known Flow",0.000000,0.000000,2.16999993085665e-07,40.000000,0.579999,1000.000000,0.000000,0.000000,13.000000,0.000000,0.515374,0.579999,,,,7.492246,7.492246,,16.800279,,,,,,903.822387,0.066146,0.000000,0.000000,0.000000,,-459.670013,1000.000000,,0.000000,0.000000,,,,0.047077,"SETFLOW",0.000000,0.997565,0.000000,,,,,"","",,,,7.492246,,0.000000,,0.000000,,,0.000000,0.000000,"",,,0.000000,,-1.000000,,0.000000,0.000000,-1.000000,-1.000000,,,,,,,,,,,"",,,,,,,,,,"Volumetric",,,,,,,,,,-0.000818,,,,,,,,,,-0.000819,-0.000019,,,,,,,,,,,,
"2FB200BD","Nodes",1116874.250000,1675518.870000,1313.064347,"Default Known Flow Node",69.999969,0.579999,1000.000000,0.000000,"Known Flow",0.000000,0.000000,2.16999993085665e-07,40.000000,0.579999,1000.000000,0.000000,0.000000,13.000000,0.000000,0.515374,0.579999,,,,7.475474,7.475474,,16.800279,,,,,,903.822387,0.066146,0.000000,0.000000,0.000000,,-459.670013,1000.000000,,0.000000,0.000000,,,,0.047075,"UNDEFINED",0.000000,0.997566,0.000000,,,,,"","",,,,7.475474,,0.000000,,0.000000,,,0.000000,0.000000,"",,,0.000000,,-1.000000,,0.000000,0.000000,-1.000000,-1.000000,,,,,,,,,,,"",,,,,,,,,,"Volumetric",,,,,,,,,,0.000000,,,,,,,,,,0.000000,0.000000,,,,,,,,,,,,
"2FB1A0F5","Nodes",1116949.620000,1675410.000000,1313.064347,"Default Known Flow Node",69.999969,0.579999,1000.000000,0.000000,"Known Flow",0.000000,0.000000,2.16999993085665e-07,40.000000,0.579999,1000.000000,0.000000,0.000000,13.000000,0.000000,0.515374,0.579999,,,,7.492242,7.492242,,16.800279,,,,,,903.822387,0.066146,0.000000,0.000000,0.000000,,-459.670013,1000.000000,,0.000000,0.000000,,,,0.047077,"UNDEFINED",0.000000,0.997565,0.000000,,,,,"","",,,,7.492242,,0.000000,,0.000000,,,0.000000,0.000000,"",,,0.000000,,-1.000000,,0.000000,0.000000,-1.000000,-1.000000,,,,,,,,,,,"",,,,,,,,,,"Volumetric",,,,,,,,,,0.000000,,,,,,,,,,0.000000,0.000000,,,,,,,,,,,,
"2FB25D18","Nodes",1116951.870000,1675410.500000,1313.064347,"Default Known Flow Node",69.999969,0.579999,1000.000000,0.000000,"Known Flow",0.000000,0.000000,2.16999993085665e-07,40.000000,0.579999,1000.000000,0.000000,0.000000,13.000000,0.000000,0.515374,0.579999,,,,7.492241,7.492241,,16.800279,,,,,,903.822387,0.066146,0.000000,0.000000,0.000000,,-459.670013,1000.000000,,0.000000,0.000000,,,,0.047077,"SETFLOW",0.000000,0.997565,0.000000,,,,,"","",,,,7.492241,,0.000000,,0.000000,,,0.000000,0.000000,"",,,0.000000,,-1.000000,,0.000000,0.000000,-1.000000,-1.000000,,,,,,,,,,,"",,,,,,,,,,"Volumetric",,,,,,,,,,-0.004094,,,,,,,,,,-0.004094,-0.000098,,,,,,,,,,,,
"2FB200BC","Nodes",1117219.620000,1675478.500000,1313.064347,"Default Known Flow Node",69.999969,0.579999,1000.000000,0.000000,"Known Flow",0.000000,0.000000,2.16999993085665e-07,40.000000,0.579999,1000.000000,0.000000,0.000000,13.000000,0.000000,0.515374,0.579999,,,,7.492187,7.492187,,16.800279,,,,,,903.822387,0.066146,0.000000,0.000000,0.000000,,-459.670013,1000.000000,,0.000000,0.000000,,,,0.047077,"SETFLOW",0.000000,0.997565,0.000000,,,,,"","",,,,7.492187,,0.000000,,0.000000,,,0.000000,0.000000,"",,,0.000000,,-1.000000,,0.000000,0.000000,-1.000000,-1.000000,,,,,,,,,,,"",,,,,,,,,,"Volumetric",,,,,,,,,,-0.006551,,,,,,,,,,-0.006551,-0.000157,,,,,,,,,,,,
"2FB200BE","Nodes",1116257.250000,1675519.000000,1313.064347,"Default Known Flow Node",69.999969,0.579999,1000.000000,0.000000,"Known Flow",0.000000,0.000000,2.16999993085665e-07,40.000000,0.579999,1000.000000,0.000000,0.000000,13.000000,0.000000,0.515374,0.579999,,,,7.578472,7.578472,,16.800279,,,,,,903.822387,0.066146,0.000000,0.000000,0.000000,,-459.670013,1000.000000,,0.000000,0.000000,,,,0.047087,"SETFLOW",0.000000,0.997565,0.000000,,,,,"","",,,,7.578472,,0.000000,,0.000000,,,0.000000,0.000000,"",,,0.000000,,-1.000000,,0.000000,0.000000,-1.000000,-1.000000,,,,,,,,,,,"",,,,,,,,,,"Volumetric",,,,,,,,,,-0.014332,,,,,,,,,,-0.014332,-0.000343,,,,,,,,,,,,
"0BECA70D","Nodes",1116788.370000,1675654.000000,1313.064347,"Default Known Flow Node",69.999969,0.579999,1000.000000,0.000000,"Known Flow",0.000000,0.000000,2.16999993085665e-07,40.000000,0.579999,1000.000000,0.000000,0.000000,13.000000,0.000000,0.515374,0.579999,,,,7.455268,7.455268,,16.800279,,,,,,903.822387,0.066146,0.000000,0.000000,0.000000,,-459.670013,1000.000000,,0.000000,0.000000,,,,0.047073,"SETFLOW",0.000000,0.997566,0.000000,,,,,"","",,,,7.455268,,0.000000,,0.000000,,,0.000000,0.000000,"",,,0.000000,,-1.000000,,0.000000,0.000000,-1.000000,-1.000000,,,,,,,,,,,"",,,,,,,,,,"Volumetric",,,,,,,,,,-0.001965,,,,,,,,,,-0.001965,-0.000047,,,,,,,,,,,,
"0BECA711","Nodes",1116644.250000,1675619.120000,1313.064347,"Default Known Flow Node",69.999969,0.579999,1000.000000,0.000000,"Known Flow",0.000000,0.000000,2.16999993085665e-07,40.000000,0.579999,1000.000000,0.000000,0.000000,13.000000,0.000000,0.515374,0.579999,,,,7.463786,7.463786,,16.800279,,,,,,903.822387,0.066146,0.000000,0.000000,0.000000,,-459.670013,1000.000000,,0.000000,0.000000,,,,0.047074,"SETFLOW",0.000000,0.997566,0.000000,,,,,"","",,,,7.463786,,0.000000,,0.000000,,,0.000000,0.000000,"",,,0.000000,,-1.000000,,0.000000,0.000000,-1.000000,-1.000000,,,,,,,,,,,"",,,,,,,,,,"Volumetric",,,,,,,,,,-0.004094,,,,,,,,,,-0.004094,-0.000098,,,,,,,,,,,,
"0BECA710","Nodes",1116647.750000,1675620.000000,1313.064347,"Default Known Flow Node",69.999969,0.579999,1000.000000,0.000000,"Known Flow",0.000000,0.000000,2.16999993085665e-07,40.000000,0.579999,1000.000000,0.000000,0.000000,13.000000,0.000000,0.515374,0.579999,,,,7.463611,7.463611,,16.800279,,,,,,903.822387,0.066146,0.000000,0.000000,0.000000,,-459.670013,1000.000000,,0.000000,0.000000,,,,0.047074,"UNDEFINED",0.000000,0.997566,0.000000,,,,,"","",,,,7.463611,,0.000000,,0.000000,,,0.000000,0.000000,"",,,0.000000,,-1.000000,,0.000000,0.000000,-1.000000,-1.000000,,,,,,,,,,,"",,,,,,,,,,"Volumetric",,,,,,,,,,0.000000,,,,,,,,,,0.000000,0.000000,,,,,,,,,,,,
"0BECA70F","Nodes",1116702.500000,1675633.000000,1313.064347,"Default Known Flow Node",69.999969,0.579999,1000.000000,0.000000,"Known Flow",0.000000,0.000000,2.16999993085665e-07,40.000000,0.579999,1000.000000,0.000000,0.000000,13.000000,0.000000,0.515374,0.579999,,,,7.460338,7.460338,,16.800279,,,,,,903.822387,0.066146,0.000000,0.000000,0.000000,,-459.670013,1000.000000,,0.000000,0.000000,,,,0.047073,"SETFLOW",0.000000,0.997566,0.000000,,,,,"","",,,,7.460338,,0.000000,,0.000000,,,0.000000,0.000000,"",,,0.000000,,-1.000000,,0.000000,0.000000,-1.000000,-1.000000,,,,,,,,,,,"",,,,,,,,,,"Volumetric",,,,,,,,,,-0.010483,,,,,,,,,,-0.010483,-0.000251,,,,,,,,,,,,
"0BECA70E","Nodes",1116712.000000,1675635.370000,1313.064347,"Default Known Flow Node",69.999969,0.579999,1000.000000,0.000000,"Known Flow",0.000000,0.000000,2.16999993085665e-07,40.000000,0.579999,1000.000000,0.000000,0.000000,13.000000,0.000000,0.515374,0.579999,,,,7.459761,7.459761,,16.800279,,,,,,903.822387,0.066146,0.000000,0.000000,0.000000,,-459.670013,1000.000000,,0.000000,0.000000,,,,0.047073,"SETFLOW",0.000000,0.997566,0.000000,,,,,"","",,,,7.459761,,0.000000,,0.000000,,,0.000000,0.000000,"",,,0.000000,,-1.000000,,0.000000,0.000000,-1.000000,-1.000000,,,,,,,,,,,"",,,,,,,,,,"Volumetric",,,,,,,,,,-0.010483,,,,,,,,,,-0.010483,-0.000251,,,,,,,,,,,,
"0BECA70C","Nodes",1116793.620000,1675655.370000,1313.064347,"Default Known Flow Node",69.999969,0.579999,1000.000000,0.000000,"Known Flow",0.000000,0.000000,2.16999993085665e-07,40.000000,0.579999,1000.000000,0.000000,0.000000,13.000000,0.000000,0.515374,0.579999,,,,7.445985,7.445985,,16.800279,,,,,,903.822387,0.066146,0.000000,0.000000,0.000000,,-459.670013,1000.000000,,0.000000,0.000000,,,,0.047072,"UNDEFINED",0.000000,0.997566,0.000000,,,,,"","",,,,7.445985,,0.000000,,0.000000,,,0.000000,0.000000,"",,,0.000000,,-1.000000,,0.000000,0.000000,-1.000000,-1.000000,,,,,,,,,,,"",,,,,,,,,,"Volumetric",,,,,,,,,,0.000000,,,,,,,,,,0.000000,0.000000,,,,,,,,,,,,
"0BECA70B","Nodes",1116804.120000,1675657.870000,1313.064347,"Default Known Flow Node",69.999969,0.579999,1000.000000,0.000000,"Known Flow",0.000000,0.000000,2.16999993085665e-07,40.000000,0.579999,1000.000000,0.000000,0.000000,13.000000,0.000000,0.515373,0.579999,,,,7.430513,7.430513,,16.800279,,,,,,903.822387,0.066146,0.000000,0.000000,0.000000,,-459.670013,1000.000000,,0.000000,0.000000,,,,0.047070,"UNDEFINED",0.000000,0.997566,0.000000,,,,,"","",,,,7.430513,,0.000000,,0.000000,,,0.000000,0.000000,"",,,0.000000,,-1.000000,,0.000000,0.000000,-1.000000,-1.000000,,,,,,,,,,,"",,,,,,,,,,"Volumetric",,,,,,,,,,0.000000,,,,,,,,,,0.000000,0.000000,,,,,,,,,,,,
"0BECA73C","Nodes",1116940.870000,1675691.000000,1313.064347,"Default Known Flow Node",69.999969,0.579999,1000.000000,0.000000,"Known Flow",0.000000,0.000000,2.16999993085665e-07,40.000000,0.579999,1000.000000,0.000000,0.000000,13.000000,0.000000,0.515372,0.579999,,,,7.212291,7.212291,,16.800279,,,,,,903.822387,0.066146,0.000000,0.000000,0.000000,,-459.670013,1000.000000,,0.000000,0.000000,,,,0.047045,"SETFLOW",0.000000,0.997567,0.000000,,,,,"","",,,,7.212291,,0.000000,,0.000000,,,0.000000,0.000000,"",,,0.000000,"171-07 Northern Blvd, Q= 3.515 mcfh, Firm DONE",-1.000000,,0.000000,0.000000,-1.000000,-1.000000,,,,,,,,,,,,,,,,"",,,,,,,,,,"Volumetric",,,,,,,,,,-3.515000,,,,,-3.515000,-0.084360,,,,,,,,,,,,
"0BECA70A","Nodes",1116948.250000,1675692.620000,1313.064347,"Default Known Flow Node",69.999969,0.579999,1000.000000,0.000000,"Known Flow",0.000000,0.000000,2.16999993085665e-07,40.000000,0.579999,1000.000000,0.000000,0.000000,13.000000,0.000000,0.515372,0.579999,,,,7.212279,7.212279,,16.800279,,,,,,903.822387,0.066146,0.000000,0.000000,0.000000,,-459.670013,1000.000000,,0.000000,0.000000,,,,0.047045,"SETFLOW",0.000000,0.997567,0.000000,,,,,"","",,,,7.212279,,0.000000,,0.000000,,,0.000000,0.000000,"",,,0.000000,,-1.000000,,0.000000,0.000000,-1.000000,-1.000000,,,,,,,,,,,"",,,,,,,,,,"Volumetric",,,,,,,,,,-0.011138,,,,,,,,,,-0.011138,-0.000267,,,,,,,,,,,,
"0BEC5D7A","Nodes",1117219.620000,1675757.120000,1313.064347,"Default Known Flow Node",69.999969,0.579999,1000.000000,0.000000,"Known Flow",0.000000,0.000000,2.16999993085665e-07,40.000000,0.579999,1000.000000,0.000000,0.000000,13.000000,0.000000,0.515372,0.579999,,,,7.211937,7.211937,,16.800279,,,,,,903.822387,0.066146,0.000000,0.000000,0.000000,,-459.670013,1000.000000,,0.000000,0.000000,,,,0.047045,"SETFLOW",0.000000,0.997567,0.000000,,,,,"","",,,,7.211937,,0.000000,,0.000000,,,0.000000,0.000000,"",,,0.000000,,-1.000000,,0.000000,0.000000,-1.000000,-1.000000,,,,,,,,,,,"",,,,,,,,,,"Volumetric",,,,,,,,,,-0.005241,,,,,,,,,,-0.005241,-0.000125,,,,,,,,,,,,
"17107NOB","Nodes",1116770.360291,1675684.072815,1313.064347,"Default Known Flow Node",69.999969,0.579999,1000.000000,0.000000,"Known Flow",0.000000,0.000000,2.16999993085665e-07,40.000000,0.579999,1000.000000,0.000000,0.000000,13.000000,0.000000,0.515374,0.579999,,,,7.453490,7.453490,,16.800279,,,,,,903.822387,0.066146,0.000000,0.000000,0.000000,,-459.670013,1000.000000,,0.000000,0.000000,,,,0.047072,"UNDEFINED",0.000000,0.997566,0.000000,,,,,"","",,,,7.453490,,0.000000,,0.000000,,,0.000000,0.000000,"",,,0.000000,,-1.000000,,0.000000,0.000000,0.000000,-1.000000,,,,,,,,,,,"",,,,,,,,,,"Volumetric",,,,,,,,,,0.000000,,,,,,,,,,0.000000,0.000000,,,,,,,,,,,,
"0BECA718","Nodes",1116614.716415,1675882.390701,1313.064347,"Default Known Flow Node",69.999969,0.579999,1000.000000,0.000000,"Known Flow",0.000000,0.000000,2.16999993085665e-07,40.000000,0.579999,1000.000000,0.000000,0.000000,13.000000,0.000000,0.515374,0.579999,,,,7.482948,7.482948,,16.800279,,,,,,903.822387,0.066146,0.000000,0.000000,0.000000,,-459.670013,1000.000000,,0.000000,0.000000,,,,0.047076,"SETFLOW",0.000000,0.997566,0.000000,,,,,"","",,,,7.482948,,0.000000,,0.000000,,,0.000000,0.000000,"",,,0.000000,,-1.000000,,0.000000,0.000000,-1.000000,-1.000000,,,,,,,,,,,"",,,,,,,,,,"Volumetric",,,,,,,,,,-0.000655,,,,,,,,,,-0.000655,-0.000015,,,,,,,,,,,,
"0BECA719","Nodes",1116607.392810,1675882.581398,1313.064347,"Default Known Flow Node",69.999969,0.579999,1000.000000,0.000000,"Known Flow",0.000000,0.000000,2.16999993085665e-07,40.000000,0.579999,1000.000000,0.000000,0.000000,13.000000,0.000000,0.515374,0.579999,,,,7.484046,7.484046,,16.800279,,,,,,903.822387,0.066146,0.000000,0.000000,0.000000,,-459.670013,1000.000000,,0.000000,0.000000,,,,0.047076,"SETFLOW",0.000000,0.997566,0.000000,,,,,"","",,,,7.484046,,0.000000,,0.000000,,,0.000000,0.000000,"",,,0.000000,,-1.000000,,0.000000,0.000000,-1.000000,-1.000000,,,,,,,,,,,"",,,,,,,,,,"Volumetric",,,,,,,,,,-0.001965,,,,,,,,,,-0.001965,-0.000047,,,,,,,,,,,,
"0BECA717","Nodes",1116653.870000,1675885.120000,1313.064347,"Default Known Flow Node",69.999969,0.579999,1000.000000,0.000000,"Known Flow",0.000000,0.000000,2.16999993085665e-07,40.000000,0.579999,1000.000000,0.000000,0.000000,13.000000,0.000000,0.515374,0.579999,,,,7.444611,7.444611,,16.800279,,,,,,903.822387,0.066146,0.000000,0.000000,0.000000,,-459.670013,1000.000000,,0.000000,0.000000,,,,0.047071,"SETFLOW",0.000000,0.997566,0.000000,,,,,"","",,,,7.444611,,0.000000,,0.000000,,,0.000000,0.000000,"",,,0.000000,,-1.000000,,0.000000,0.000000,-1.000000,-1.000000,,,,,,,,,,,"",,,,,,,,,,"Volumetric",,,,,,,,,,-0.000655,,,,,,,,,,-0.000655,-0.000015,,,,,,,,,,,,
"0BECA714","Nodes",1116657.870000,1675885.500000,1313.064347,"Default Known Flow Node",69.999969,0.579999,1000.000000,0.000000,"Known Flow",0.000000,0.000000,2.16999993085665e-07,40.000000,0.579999,1000.000000,0.000000,0.000000,13.000000,0.000000,0.515374,0.579999,,,,7.441654,7.441654,,16.800279,,,,,,903.822387,0.066146,0.000000,0.000000,0.000000,,-459.670013,1000.000000,,0.000000,0.000000,,,,0.047071,"SETFLOW",0.000000,0.997566,0.000000,,,,,"","",,,,7.441654,,0.000000,,0.000000,,,0.000000,0.000000,"",,,0.000000,,-1.000000,,0.000000,0.000000,-1.000000,-1.000000,,,,,,,,,,,"",,,,,,,,,,"Volumetric",,,,,,,,,,-0.003275,,,,,,,,,,-0.003276,-0.000078,,,,,,,,,,,,
"0BECA713","Nodes",1116682.370000,1675832.000000,1313.064347,"Default Known Flow Node",69.999969,0.579999,1000.000000,0.000000,"Known Flow",0.000000,0.000000,2.16999993085665e-07,40.000000,0.579999,1000.000000,0.000000,0.000000,13.000000,0.000000,0.515374,0.579999,,,,7.444803,7.444803,,16.800279,,,,,,903.822387,0.066146,0.000000,0.000000,0.000000,,-459.670013,1000.000000,,0.000000,0.000000,,,,0.047071,"UNDEFINED",0.000000,0.997566,0.000000,,,,,"","",,,,7.444803,,0.000000,,0.000000,,,0.000000,0.000000,"",,,0.000000,,-1.000000,,0.000000,0.000000,-1.000000,-1.000000,,,,,,,,,,,"",,,,,,,,,,"Volumetric",,,,,,,,,,0.000000,,,,,,,,,,0.000000,0.000000,,,,,,,,,,,,
"0BECA715","Nodes",1116727.370000,1675892.120000,1313.064347,"Default Known Flow Node",69.999969,0.579999,1000.000000,0.000000,"Known Flow",0.000000,0.000000,2.16999993085665e-07,40.000000,0.579999,1000.000000,0.000000,0.000000,13.000000,0.000000,0.515374,0.579999,,,,7.441637,7.441637,,16.800279,,,,,,903.822387,0.066146,0.000000,0.000000,0.000000,,-459.670013,1000.000000,,0.000000,0.000000,,,,0.047071,"UNDEFINED",0.000000,0.997566,0.000000,,,,,"","",,,,7.441637,,0.000000,,0.000000,,,0.000000,0.000000,"",,,0.000000,,-1.000000,,0.000000,0.000000,-1.000000,-1.000000,,,,,,,,,,,"",,,,,,,,,,"Volumetric",,,,,,,,,,0.000000,,,,,,,,,,0.000000,0.000000,,,,,,,,,,,,
"2FB81442","Nodes",1116784.370000,1675895.620000,1313.064347,"Default Known Flow Node",69.999969,0.579999,1000.000000,0.000000,"Known Flow",0.000000,0.000000,2.16999993085665e-07,40.000000,0.579999,1000.000000,0.000000,0.000000,13.000000,0.000000,0.515374,0.579999,,,,7.441623,7.441623,,16.800279,,,,,,903.822387,0.066146,0.000000,0.000000,0.000000,,-459.670013,1000.000000,,0.000000,0.000000,,,,0.047071,"SETFLOW",0.000000,0.997566,0.000000,,,,,"","",,,,7.441623,,0.000000,,0.000000,,,0.000000,0.000000,"",,,0.000000,,-1.000000,,0.000000,0.000000,-1.000000,-1.000000,,,,,,,,,,,"",,,,,,,,,,"Volumetric",,,,,,,,,,-0.003275,,,,,,,,,,-0.003276,-0.000078,,,,,,,,,,,,
"2FB81443","Nodes",1116893.500000,1675902.250000,1313.064347,"Default Known Flow Node",69.999969,0.579999,1000.000000,0.000000,"Known Flow",0.000000,0.000000,2.16999993085665e-07,40.000000,0.579999,1000.000000,0.000000,0.000000,13.000000,0.000000,0.515374,0.579999,,,,7.441612,7.441612,,16.800279,,,,,,903.822387,0.066146,0.000000,0.000000,0.000000,,-459.670013,1000.000000,,0.000000,0.000000,,,,0.047071,"SETFLOW",0.000000,0.997566,0.000000,,,,,"","",,,,7.441612,,0.000000,,0.000000,,,0.000000,0.000000,"",,,0.000000,,-1.000000,,0.000000,0.000000,-1.000000,-1.000000,,,,,,,,,,,"",,,,,,,,,,"Volumetric",,,,,,,,,,-0.003275,,,,,,,,,,-0.003276,-0.000078,,,,,,,,,,,,
"0BECA716","Nodes",1117098.750000,1675914.750000,1313.064347,"Default Known Flow Node",69.999969,0.579999,1000.000000,0.000000,"Known Flow",0.000000,0.000000,2.16999993085665e-07,40.000000,0.579999,1000.000000,0.000000,0.000000,13.000000,0.000000,0.515374,0.579999,,,,7.441612,7.441612,,16.800279,,,,,,903.822387,0.066146,0.000000,0.000000,0.000000,,-459.670013,1000.000000,,0.000000,0.000000,,,,0.047071,"SETFLOW",0.000000,0.997566,0.000000,,,,,"","",,,,7.441612,,0.000000,,0.000000,,,0.000000,0.000000,"",,,0.000000,,-1.000000,,0.000000,0.000000,-1.000000,-1.000000,,,,,,,,,,,"",,,,,,,,,,"Volumetric",,,,,,,,,,-0.000655,,,,,,,,,,-0.000655,-0.000015,,,,,,,,,,,,
"0BECA71C","Nodes",1116621.750000,1676128.370000,1313.064347,"Default Known Flow Node",69.999969,0.579999,1000.000000,0.000000,"Known Flow",0.000000,0.000000,2.16999993085665e-07,40.000000,0.579999,1000.000000,0.000000,0.000000,13.000000,0.000000,0.515373,0.579999,,,,7.409650,7.409650,,16.800279,,,,,,903.822387,0.066146,0.000000,0.000000,0.000000,,-459.670013,1000.000000,,0.000000,0.000000,,,,0.047067,"SETFLOW",0.000000,0.997566,0.000000,,,,,"","",,,,7.409650,,0.000000,,0.000000,,,0.000000,0.000000,"",,,0.000000,,-1.000000,,0.000000,0.000000,-1.000000,-1.000000,,,,,,,,,,,"",,,,,,,,,,"Volumetric",,,,,,,,,,-0.009172,,,,,,,,,,-0.009172,-0.000220,,,,,,,,,,,,
"R5877","Nodes",1116516.870000,1676139.120000,1313.064347,"Default Known Flow Node",69.999969,0.579999,1000.000000,0.000000,"Known Flow",0.000000,0.000000,2.16999993085665e-07,40.000000,0.579999,1000.000000,0.000000,0.000000,13.000000,0.000000,0.515372,0.579999,,,,7.144188,7.144188,,16.800279,,,,,,903.822387,0.066146,0.000000,0.000000,0.000000,,-459.670013,1000.000000,,0.000000,0.000000,,,,0.047037,"UNDEFINED",0.000000,0.997568,0.000000,,,,,"","",,,,7.144188,,0.000000,,0.000000,,,0.000000,0.000000,"",,,0.000000,"172-12 Northern Blvd",-1.000000,,0.000000,0.000000,-1.000000,-1.000000,,,,,,,,,,,"",,,,,,,,,,"Volumetric",,,,,,,,,,0.000000,,,,,,,,,,0.000000,0.000000,,,,,,,,,,,,
"0BECA71D","Nodes",1116618.120000,1676153.870000,1313.064347,"Default Known Flow Node",69.999969,0.579999,1000.000000,0.000000,"Known Flow",0.000000,0.000000,2.16999993085665e-07,40.000000,0.579999,1000.000000,0.000000,0.000000,13.000000,0.000000,0.515373,0.579999,,,,7.404358,7.404358,,16.800279,,,,,,903.822387,0.066146,0.000000,0.000000,0.000000,,-459.670013,1000.000000,,0.000000,0.000000,,,,0.047067,"UNDEFINED",0.000000,0.997566,0.000000,,,,,"","",,,,7.404358,,0.000000,,0.000000,,,0.000000,0.000000,"",,,0.000000,,-1.000000,,0.000000,0.000000,-1.000000,-1.000000,,,,,,,,,,,"",,,,,,,,,,"Volumetric",,,,,,,,,,0.000000,,,,,,,,,,0.000000,0.000000,,,,,,,,,,,,
"0BECA71F","Nodes",1116678.120000,1676143.500000,1313.064347,"Default Known Flow Node",69.999969,0.579999,1000.000000,0.000000,"Known Flow",0.000000,0.000000,2.16999993085665e-07,40.000000,0.579999,1000.000000,0.000000,0.000000,13.000000,0.000000,0.515373,0.579999,,,,7.313338,7.313338,,16.800279,,,,,,903.822387,0.066146,0.000000,0.000000,0.000000,,-459.670013,1000.000000,,0.000000,0.000000,,,,0.047056,"UNDEFINED",0.000000,0.997567,0.000000,,,,,"","",,,,7.313338,,0.000000,,0.000000,,,0.000000,0.000000,"",,,0.000000,,-1.000000,,0.000000,0.000000,-1.000000,-1.000000,,,,,,,,,,,"",,,,,,,,,,"Volumetric",,,,,,,,,,0.000000,,,,,,,,,,0.000000,0.000000,,,,,,,,,,,,
"0BECA71E","Nodes",1116617.870000,1676155.620000,1313.064347,"Default Known Flow Node",69.999969,0.579999,1000.000000,0.000000,"Known Flow",0.000000,0.000000,2.16999993085665e-07,40.000000,0.579999,1000.000000,0.000000,0.000000,13.000000,0.000000,0.515373,0.579999,,,,7.403977,7.403977,,16.800279,,,,,,903.822387,0.066146,0.000000,0.000000,0.000000,,-459.670013,1000.000000,,0.000000,0.000000,,,,0.047067,"UNDEFINED",0.000000,0.997566,0.000000,,,,,"","",,,,7.403977,,0.000000,,0.000000,,,0.000000,0.000000,"",,,0.000000,,-1.000000,,0.000000,0.000000,-1.000000,-1.000000,,,,,,,,,,,"",,,,,,,,,,"Volumetric",,,,,,,,,,0.000000,,,,,,,,,,0.000000,0.000000,,,,,,,,,,,,
"0BECA725","Nodes",1116595.750000,1676379.370000,1313.064347,"Default Known Flow Node",69.999969,0.579999,1000.000000,0.000000,"Known Flow",0.000000,0.000000,2.16999993085665e-07,40.000000,0.579999,1000.000000,0.000000,0.000000,13.000000,0.000000,0.515373,0.579999,,,,7.386632,7.386632,,16.800279,,,,,,903.822387,0.066146,0.000000,0.000000,0.000000,,-459.670013,1000.000000,,0.000000,0.000000,,,,0.047065,"UNDEFINED",0.000000,0.997566,0.000000,,,,,"","",,,,7.386632,,0.000000,,0.000000,,,0.000000,0.000000,"",,,0.000000,,-1.000000,,0.000000,0.000000,-1.000000,-1.000000,,,,,,,,,,,"",,,,,,,,,,"Volumetric",,,,,,,,,,0.000000,,,,,,,,,,0.000000,0.000000,,,,,,,,,,,,
"0BECA726","Nodes",1116594.620000,1676391.370000,1313.064347,"Default Known Flow Node",69.999969,0.579999,1000.000000,0.000000,"Known Flow",0.000000,0.000000,2.16999993085665e-07,40.000000,0.579999,1000.000000,0.000000,0.000000,13.000000,0.000000,0.515373,0.579999,,,,7.385106,7.385106,,16.800279,,,,,,903.822387,0.066146,0.000000,0.000000,0.000000,,-459.670013,1000.000000,,0.000000,0.000000,,,,0.047065,"UNDEFINED",0.000000,0.997566,0.000000,,,,,"","",,,,7.385106,,0.000000,,0.000000,,,0.000000,0.000000,"",,,0.000000,,-1.000000,,0.000000,0.000000,-1.000000,-1.000000,,,,,,,,,,,"",,,,,,,,,,"Volumetric",,,,,,,,,,0.000000,,,,,,,,,,0.000000,0.000000,,,,,,,,,,,,
"0BECA72C","Nodes",1116550.370000,1676449.500000,1313.064347,"Default Known Flow Node",69.999969,0.579999,1000.000000,0.000000,"Known Flow",0.000000,0.000000,2.16999993085665e-07,40.000000,0.579999,1000.000000,0.000000,0.000000,13.000000,0.000000,0.515373,0.579999,,,,7.393212,7.393212,,16.800279,,,,,,903.822387,0.066146,0.000000,0.000000,0.000000,,-459.670013,1000.000000,,0.000000,0.000000,,,,0.047066,"SETFLOW",0.000000,0.997566,0.000000,,,,,"","",,,,7.393212,,0.000000,,0.000000,,,0.000000,0.000000,"",,,0.000000,,-1.000000,,0.000000,0.000000,-1.000000,-1.000000,,,,,,,,,,,"",,,,,,,,,,"Volumetric",,,,,,,,,,-0.046486,,,,,,,,,,-0.046486,-0.001115,,,,,,,,,,,,
"0BECA727","Nodes",1116591.250000,1676436.750000,1313.064347,"Default Known Flow Node",69.999969,0.579999,1000.000000,0.000000,"Known Flow",0.000000,0.000000,2.16999993085665e-07,40.000000,0.579999,1000.000000,0.000000,0.000000,13.000000,0.000000,0.515373,0.579999,,,,7.381637,7.381637,,16.800279,,,,,,903.822387,0.066146,0.000000,0.000000,0.000000,,-459.670013,1000.000000,,0.000000,0.000000,,,,0.047064,"UNDEFINED",0.000000,0.997566,0.000000,,,,,"","",,,,7.381637,,0.000000,,0.000000,,,0.000000,0.000000,"",,,0.000000,,-1.000000,,0.000000,0.000000,-1.000000,-1.000000,,,,,,,,,,,"",,,,,,,,,,"Volumetric",,,,,,,,,,0.000000,,,,,,,,,,0.000000,0.000000,,,,,,,,,,,,
"0BECA72A","Nodes",1116639.500000,1676437.120000,1313.064347,"Default Known Flow Node",69.999969,0.579999,1000.000000,0.000000,"Known Flow",0.000000,0.000000,2.16999993085665e-07,40.000000,0.579999,1000.000000,0.000000,0.000000,13.000000,0.000000,0.515373,0.579999,,,,7.367279,7.367279,,16.800279,,,,,,903.822387,0.066146,0.000000,0.000000,0.000000,,-459.670013,1000.000000,,0.000000,0.000000,,,,0.047063,"SETFLOW",0.000000,0.997566,0.000000,,,,,"","",,,,7.367279,,0.000000,,0.000000,,,0.000000,0.000000,"",,,0.000000,,-1.000000,,0.000000,0.000000,-1.000000,-1.000000,,,,,,,,,,,"",,,,,,,,,,"Volumetric",,,,,,,,,,-0.014594,,,,,,,,,,-0.014594,-0.000350,,,,,,,,,,,,
"0BECA724","Nodes",1117087.000000,1676434.500000,1313.064347,"Default Known Flow Node",69.999969,0.579999,1000.000000,0.000000,"Known Flow",0.000000,0.000000,2.16999993085665e-07,40.000000,0.579999,1000.000000,0.000000,0.000000,13.000000,0.000000,0.515373,0.579999,,,,7.284336,7.284336,,16.800279,,,,,,903.822387,0.066146,0.000000,0.000000,0.000000,,-459.670013,1000.000000,,0.000000,0.000000,,,,0.047053,"UNDEFINED",0.000000,0.997567,0.000000,,,,,"","",,,,7.284336,,0.000000,,0.000000,,,0.000000,0.000000,"",,,0.000000,,-1.000000,,0.000000,0.000000,-1.000000,-1.000000,,,,,,,,,,,"",,,,,,,,,,"Volumetric",,,,,,,,,,0.000000,,,,,,,,,,0.000000,0.000000,,,,,,,,,,,,
"0BECA72B","Nodes",1117087.250000,1676438.750000,1313.064347,"Default Known Flow Node",69.999969,0.579999,1000.000000,0.000000,"Known Flow",0.000000,0.000000,2.16999993085665e-07,40.000000,0.579999,1000.000000,0.000000,0.000000,13.000000,0.000000,0.515373,0.579999,,,,7.284325,7.284325,,16.800279,,,,,,903.822387,0.066146,0.000000,0.000000,0.000000,,-459.670013,1000.000000,,0.000000,0.000000,,,,0.047053,"SETFLOW",0.000000,0.997567,0.000000,,,,,"","",,,,7.284325,,0.000000,,0.000000,,,0.000000,0.000000,"",,,0.000000,,-1.000000,,0.000000,0.000000,-1.000000,-1.000000,,,,,,,,,,,"",,,,,,,,,,"Volumetric",,,,,,,,,,-0.033251,,,,,,,,,,-0.033251,-0.000798,,,,,,,,,,,,
"0BEC5D78","Nodes",1117219.750000,1676439.870000,1313.064347,"Default Known Flow Node",69.999969,0.579999,1000.000000,0.000000,"Known Flow",0.000000,0.000000,2.16999993085665e-07,40.000000,0.579999,1000.000000,0.000000,0.000000,13.000000,0.000000,0.515372,0.579999,,,,7.258811,7.258811,,16.800279,,,,,,903.822387,0.066146,0.000000,0.000000,0.000000,,-459.670013,1000.000000,,0.000000,0.000000,,,,0.047050,"SETFLOW",0.000000,0.997567,0.000000,,,,,"","",,,,7.258811,,0.000000,,0.000000,,,0.000000,0.000000,"",,,0.000000,,-1.000000,,0.000000,0.000000,-1.000000,-1.000000,,,,,,,,,,,"",,,,,,,,,,"Volumetric",,,,,,,,,,-0.038984,,,,,,,,,,-0.038984,-0.000935,,,,,,,,,,,,
"0BECA728","Nodes",1116589.870000,1676450.500000,1313.064347,"Default Known Flow Node",69.999969,0.579999,1000.000000,0.000000,"Known Flow",0.000000,0.000000,2.16999993085665e-07,40.000000,0.579999,1000.000000,0.000000,0.000000,13.000000,0.000000,0.515373,0.579999,,,,7.382083,7.382083,,16.800279,,,,,,903.822387,0.066146,0.000000,0.000000,0.000000,,-459.670013,1000.000000,,0.000000,0.000000,,,,0.047064,"SETFLOW",0.000000,0.997566,0.000000,,,,,"","",,,,7.382083,,0.000000,,0.000000,,,0.000000,0.000000,"",,,0.000000,,-1.000000,,0.000000,0.000000,-1.000000,-1.000000,,,,,,,,,,,"",,,,,,,,,,"Volumetric",,,,,,,,,,-0.032972,,,,,,,,,,-0.032972,-0.000791,,,,,,,,,,,,
"0BECA72D","Nodes",1117081.870000,1676467.750000,1313.064347,"Default Known Flow Node",69.999969,0.579999,1000.000000,0.000000,"Known Flow",0.000000,0.000000,2.16999993085665e-07,40.000000,0.579999,1000.000000,0.000000,0.000000,13.000000,0.000000,0.515373,0.579999,,,,7.284147,7.284147,,16.800279,,,,,,903.822387,0.066146,0.000000,0.000000,0.000000,,-459.670013,1000.000000,,0.000000,0.000000,,,,0.047053,"SETFLOW",0.000000,0.997567,0.000000,,,,,"","",,,,7.284147,,0.000000,,0.000000,,,0.000000,0.000000,"",,,0.000000,,-1.000000,,0.000000,0.000000,-1.000000,-1.000000,,,,,,,,,,,"",,,,,,,,,,"Volumetric",,,,,,,,,,-0.014332,,,,,,,,,,-0.014332,-0.000343,,,,,,,,,,,,
"0BECA72E","Nodes",1117079.370000,1676567.370000,1313.064347,"Default Known Flow Node",69.999969,0.579999,1000.000000,0.000000,"Known Flow",0.000000,0.000000,2.16999993085665e-07,40.000000,0.579999,1000.000000,0.000000,0.000000,13.000000,0.000000,0.515373,0.579999,,,,7.283636,7.283636,,16.800279,,,,,,903.822387,0.066146,0.000000,0.000000,0.000000,,-459.670013,1000.000000,,0.000000,0.000000,,,,0.047053,"SETFLOW",0.000000,0.997567,0.000000,,,,,"","",,,,7.283636,,0.000000,,0.000000,,,0.000000,0.000000,"",,,0.000000,,-1.000000,,0.000000,0.000000,-1.000000,-1.000000,,,,,,,,,,,"",,,,,,,,,,"Volumetric",,,,,,,,,,-0.059594,,,,,,,,,,-0.059594,-0.001430,,,,,,,,,,,,
"0BECA729","Nodes",1116573.500000,1676668.870000,1313.064347,"Default Known Flow Node",69.999969,0.579999,1000.000000,0.000000,"Known Flow",0.000000,0.000000,2.16999993085665e-07,40.000000,0.579999,1000.000000,0.000000,0.000000,13.000000,0.000000,0.515373,0.579999,,,,7.366223,7.366223,,16.800279,,,,,,903.822387,0.066146,0.000000,0.000000,0.000000,,-459.670013,1000.000000,,0.000000,0.000000,,,,0.047062,"SETFLOW",0.000000,0.997566,0.000000,,,,,"","",,,,7.366223,,0.000000,,0.000000,,,0.000000,0.000000,"",,,0.000000,,-1.000000,,0.000000,0.000000,-1.000000,-1.000000,,,,,,,,,,,"",,,,,,,,,,"Volumetric",,,,,,,,,,-0.081824,,,,,,,,,,-0.081824,-0.001963,,,,,,,,,,,,
"0BECA735","Nodes",1116572.750000,1676675.120000,1313.064347,"Default Known Flow Node",69.999969,0.579999,1000.000000,0.000000,"Known Flow",0.000000,0.000000,2.16999993085665e-07,40.000000,0.579999,1000.000000,0.000000,0.000000,13.000000,0.000000,0.515373,0.579999,,,,7.365527,7.365527,,16.800279,,,,,,903.822387,0.066146,0.000000,0.000000,0.000000,,-459.670013,1000.000000,,0.000000,0.000000,,,,0.047062,"UNDEFINED",0.000000,0.997566,0.000000,,,,,"","",,,,7.365527,,0.000000,,0.000000,,,0.000000,0.000000,"",,,0.000000,,-1.000000,,0.000000,0.000000,-1.000000,-1.000000,,,,,,,,,,,"",,,,,,,,,,"Volumetric",,,,,,,,,,0.000000,,,,,,,,,,0.000000,0.000000,,,,,,,,,,,,
"0BECA736","Nodes",1116576.370000,1676675.250000,1313.064347,"Default Known Flow Node",69.999969,0.579999,1000.000000,0.000000,"Known Flow",0.000000,0.000000,2.16999993085665e-07,40.000000,0.579999,1000.000000,0.000000,0.000000,13.000000,0.000000,0.515373,0.579999,,,,7.365183,7.365183,,16.800279,,,,,,903.822387,0.066146,0.000000,0.000000,0.000000,,-459.670013,1000.000000,,0.000000,0.000000,,,,0.047062,"UNDEFINED",0.000000,0.997566,0.000000,,,,,"","",,,,7.365183,,0.000000,,0.000000,,,0.000000,0.000000,"",,,0.000000,,-1.000000,,0.000000,0.000000,-1.000000,-1.000000,,,,,,,,,,,"",,,,,,,,,,"Volumetric",,,,,,,,,,0.000000,,,,,,,,,,0.000000,0.000000,,,,,,,,,,,,
"0BECA72F","Nodes",1117077.000000,1676685.000000,1313.064347,"Default Known Flow Node",69.999969,0.579999,1000.000000,0.000000,"Known Flow",0.000000,0.000000,2.16999993085665e-07,40.000000,0.579999,1000.000000,0.000000,0.000000,13.000000,0.000000,0.515373,0.579999,,,,7.283353,7.283353,,16.800279,,,,,,903.822387,0.066146,0.000000,0.000000,0.000000,,-459.670013,1000.000000,,0.000000,0.000000,,,,0.047053,"SETFLOW",0.000000,0.997567,0.000000,,,,,"","",,,,7.283353,,0.000000,,0.000000,,,0.000000,0.000000,"",,,0.000000,,-1.000000,,0.000000,0.000000,-1.000000,-1.000000,,,,,,,,,,,"",,,,,,,,,,"Volumetric",,,,,,,,,,-0.334864,,,,,,,,,,-0.334864,-0.008036,,,,,,,,,,,,
"0BECA730","Nodes",1117065.250000,1676684.870000,1313.064347,"Default Known Flow Node",69.999969,0.579999,1000.000000,0.000000,"Known Flow",0.000000,0.000000,2.16999993085665e-07,40.000000,0.579999,1000.000000,0.000000,0.000000,13.000000,0.000000,0.515373,0.579999,,,,7.286692,7.286692,,16.800279,,,,,,903.822387,0.066146,0.000000,0.000000,0.000000,,-459.670013,1000.000000,,0.000000,0.000000,,,,0.047053,"SETFLOW",0.000000,0.997567,0.000000,,,,,"","",,,,7.286692,,0.000000,,0.000000,,,0.000000,0.000000,"",,,0.000000,,-1.000000,,0.000000,0.000000,-1.000000,-1.000000,,,,,,,,,,,"",,,,,,,,,,"Volumetric",,,,,,,,,,-0.123445,,,,,,,,,,-0.123445,-0.002962,,,,,,,,,,,,
"0BEC5D77","Nodes",1117220.000000,1676685.500000,1313.064347,"Default Known Flow Node",69.999969,0.579999,1000.000000,0.000000,"Known Flow",0.000000,0.000000,2.16999993085665e-07,40.000000,0.579999,1000.000000,0.000000,0.000000,13.000000,0.000000,0.515372,0.579999,,,,7.249768,7.249768,,16.800279,,,,,,903.822387,0.066146,0.000000,0.000000,0.000000,,-459.670013,1000.000000,,0.000000,0.000000,,,,0.047049,"SETFLOW",0.000000,0.997567,0.000000,,,,,"","",,,,7.249768,,0.000000,,0.000000,,,0.000000,0.000000,"",,,0.000000,,-1.000000,,0.000000,0.000000,-1.000000,-1.000000,,,,,,,,,,,"",,,,,,,,,,"Volumetric",,,,,,,,,,-0.007094,,,,,,,,,,-0.007094,-0.000170,,,,,,,,,,,,
"0BECA739","Nodes",1116570.500000,1676697.000000,1313.064347,"Default Known Flow Node",69.999969,0.579999,1000.000000,0.000000,"Known Flow",0.000000,0.000000,2.16999993085665e-07,40.000000,0.579999,1000.000000,0.000000,0.000000,13.000000,0.000000,0.515373,0.579999,,,,7.365452,7.365452,,16.800279,,,,,,903.822387,0.066146,0.000000,0.000000,0.000000,,-459.670013,1000.000000,,0.000000,0.000000,,,,0.047062,"SETFLOW",0.000000,0.997566,0.000000,,,,,"","",,,,7.365452,,0.000000,,0.000000,,,0.000000,0.000000,"",,,0.000000,,-1.000000,,0.000000,0.000000,-1.000000,-1.000000,,,,,,,,,,,"",,,,,,,,,,"Volumetric",,,,,,,,,,-0.021283,,,,,,,,,,-0.021283,-0.000510,,,,,,,,,,,,
"0BECA731","Nodes",1116241.870000,1676698.500000,1313.064347,"Default Known Flow Node",69.999969,0.579999,1000.000000,0.000000,"Known Flow",0.000000,0.000000,2.16999993085665e-07,40.000000,0.579999,1000.000000,0.000000,0.000000,13.000000,0.000000,0.515373,0.579999,,,,7.386318,7.386318,,16.800279,,,,,,903.822387,0.066146,0.000000,0.000000,0.000000,,-459.670013,1000.000000,,0.000000,0.000000,,,,0.047065,"SETFLOW",0.000000,0.997566,0.000000,,,,,"","",,,,7.386318,,0.000000,,0.000000,,,0.000000,0.000000,"",,,0.000000,,-1.000000,,0.000000,0.000000,-1.000000,-1.000000,,,,,,,,,,,"",,,,,,,,,,"Volumetric",,,,,,,,,,-0.074432,,,,,,,,,,-0.074432,-0.001786,,,,,,,,,,,,
"0BECA73A","Nodes",1116570.120000,1676701.250000,1313.064347,"Default Known Flow Node",69.999969,0.579999,1000.000000,0.000000,"Known Flow",0.000000,0.000000,2.16999993085665e-07,40.000000,0.579999,1000.000000,0.000000,0.000000,13.000000,0.000000,0.515373,0.579999,,,,7.365445,7.365445,,16.800279,,,,,,903.822387,0.066146,0.000000,0.000000,0.000000,,-459.670013,1000.000000,,0.000000,0.000000,,,,0.047062,"UNDEFINED",0.000000,0.997566,0.000000,,,,,"","",,,,7.365445,,0.000000,,0.000000,,,0.000000,0.000000,"",,,0.000000,,-1.000000,,0.000000,0.000000,-1.000000,-1.000000,,,,,,,,,,,"",,,,,,,,,,"Volumetric",,,,,,,,,,0.000000,,,,,,,,,,0.000000,0.000000,,,,,,,,,,,,
"0BECA733","Nodes",1116497.000000,1676710.000000,1313.064347,"Default Known Flow Node",69.999969,0.579999,1000.000000,0.000000,"Known Flow",0.000000,0.000000,2.16999993085665e-07,40.000000,0.579999,1000.000000,0.000000,0.000000,13.000000,0.000000,0.515373,0.579999,,,,7.369867,7.369867,,16.800279,,,,,,903.822387,0.066146,0.000000,0.000000,0.000000,,-459.670013,1000.000000,,0.000000,0.000000,,,,0.047063,"SETFLOW",0.000000,0.997566,0.000000,,,,,"","",,,,7.369867,,0.000000,,0.000000,,,0.000000,0.000000,"",,,0.000000,,-1.000000,,0.000000,0.000000,-1.000000,-1.000000,,,,,,,,,,,"",,,,,,,,,,"Volumetric",,,,,,,,,,-0.033108,,,,,,,,,,-0.033108,-0.000794,,,,,,,,,,,,
"0BECA734","Nodes",1116569.250000,1676713.370000,1313.064347,"Default Known Flow Node",69.999969,0.579999,1000.000000,0.000000,"Known Flow",0.000000,0.000000,2.16999993085665e-07,40.000000,0.579999,1000.000000,0.000000,0.000000,13.000000,0.000000,0.515373,0.579999,,,,7.365410,7.365410,,16.800279,,,,,,903.822387,0.066146,0.000000,0.000000,0.000000,,-459.670013,1000.000000,,0.000000,0.000000,,,,0.047062,"UNDEFINED",0.000000,0.997566,0.000000,,,,,"","",,,,7.365410,,0.000000,,0.000000,,,0.000000,0.000000,"",,,0.000000,,-1.000000,,0.000000,0.000000,-1.000000,-1.000000,,,,,,,,,,,"",,,,,,,,,,"Volumetric",,,,,,,,,,0.000000,,,,,,,,,,0.000000,0.000000,,,,,,,,,,,,
"0BECA73B","Nodes",1116569.000000,1676716.250000,1313.064347,"Default Known Flow Node",69.999969,0.579999,1000.000000,0.000000,"Known Flow",0.000000,0.000000,2.16999993085665e-07,40.000000,0.579999,1000.000000,0.000000,0.000000,13.000000,0.000000,0.515373,0.579999,,,,7.365308,7.365308,,16.800279,,,,,,903.822387,0.066146,0.000000,0.000000,0.000000,,-459.670013,1000.000000,,0.000000,0.000000,,,,0.047062,"SETFLOW",0.000000,0.997566,0.000000,,,,,"","",,,,7.365308,,0.000000,,0.000000,,,0.000000,0.000000,"",,,0.000000,,-1.000000,,0.000000,0.000000,-1.000000,-1.000000,,,,,,,,,,,"",,,,,,,,,,"Volumetric",,,,,,,,,,-0.177364,,,,,,,,,,-0.177364,-0.004256,,,,,,,,,,,,
"0BECA748","Nodes",1116241.620000,1676703.870000,1313.064347,"Default Known Flow Node",69.999969,0.579999,1000.000000,0.000000,"Known Flow",0.000000,0.000000,2.16999993085665e-07,40.000000,0.579999,1000.000000,0.000000,0.000000,13.000000,0.000000,0.515373,0.579999,,,,7.386379,7.386379,,16.800279,,,,,,903.822387,0.066146,0.000000,0.000000,0.000000,,-459.670013,1000.000000,,0.000000,0.000000,,,,0.047065,"SETFLOW",0.000000,0.997566,0.000000,,,,,"","",,,,7.386379,,0.000000,,0.000000,,,0.000000,0.000000,"",,,0.000000,,-1.000000,,0.000000,0.000000,-1.000000,-1.000000,,,,,,,,,,,"",,,,,,,,,,"Volumetric",,,,,,,,,,-0.172702,,,,,,,,,,-0.172702,-0.004144,,,,,,,,,,,,
"0BECA749","Nodes",1116551.120000,1676900.000000,1313.064347,"Default Known Flow Node",69.999969,0.579999,1000.000000,0.000000,"Known Flow",0.000000,0.000000,2.16999993085665e-07,40.000000,0.579999,1000.000000,0.000000,0.000000,13.000000,0.000000,0.515373,0.579999,,,,7.362199,7.362199,,16.800279,,,,,,903.822387,0.066146,0.000000,0.000000,0.000000,,-459.670013,1000.000000,,0.000000,0.000000,,,,0.047062,"SETFLOW",0.000000,0.997566,0.000000,,,,,"","",,,,7.362199,,0.000000,,0.000000,,,0.000000,0.000000,"",,,0.000000,,-1.000000,,0.000000,0.000000,-1.000000,-1.000000,,,,,,,,,,,"",,,,,,,,,,"Volumetric",,,,,,,,,,-0.360877,,,,,,,,,,-0.360877,-0.008661,,,,,,,,,,,,
"0BECA74B","Nodes",1116549.750000,1676922.870000,1313.064347,"Default Known Flow Node",69.999969,0.579999,1000.000000,0.000000,"Known Flow",0.000000,0.000000,2.16999993085665e-07,40.000000,0.579999,1000.000000,0.000000,0.000000,13.000000,0.000000,0.515373,0.579999,,,,7.361934,7.361934,,16.800279,,,,,,903.822387,0.066146,0.000000,0.000000,0.000000,,-459.670013,1000.000000,,0.000000,0.000000,,,,0.047062,"UNDEFINED",0.000000,0.997566,0.000000,,,,,"","",,,,7.361934,,0.000000,,0.000000,,,0.000000,0.000000,"",,,0.000000,,-1.000000,,0.000000,0.000000,-1.000000,-1.000000,,,,,,,,,,,"",,,,,,,,,,"Volumetric",,,,,,,,,,0.000000,,,,,,,,,,0.000000,0.000000,,,,,,,,,,,,
"0BECA74C","Nodes",1116555.870000,1676923.500000,1313.064347,"Default Known Flow Node",69.999969,0.579999,1000.000000,0.000000,"Known Flow",0.000000,0.000000,2.16999993085665e-07,40.000000,0.579999,1000.000000,0.000000,0.000000,13.000000,0.000000,0.515373,0.579999,,,,7.361934,7.361934,,16.800279,,,,,,903.822387,0.066146,0.000000,0.000000,0.000000,,-459.670013,1000.000000,,0.000000,0.000000,,,,0.047062,"UNDEFINED",0.000000,0.997566,0.000000,,,,,"","",,,,7.361934,,0.000000,,0.000000,,,0.000000,0.000000,"",,,0.000000,,-1.000000,,0.000000,0.000000,-1.000000,-1.000000,,,,,,,,,,,"",,,,,,,,,,"Volumetric",,,,,,,,,,0.000000,,,,,,,,,,0.000000,0.000000,,,,,,,,,,,,
"0BECA77B","Nodes",1116551.250000,1676934.000000,1313.064347,"Default Known Flow Node",69.999969,0.579999,1000.000000,0.000000,"Known Flow",0.000000,0.000000,2.16999993085665e-07,40.000000,0.579999,1000.000000,0.000000,0.000000,13.000000,0.000000,0.515373,0.579999,,,,7.361501,7.361501,,16.800279,,,,,,903.822387,0.066146,0.000000,0.000000,0.000000,,-459.670013,1000.000000,,0.000000,0.000000,,,,0.047062,"UNDEFINED",0.000000,0.997566,0.000000,,,,,"","",,,,7.361501,,0.000000,,0.000000,,,0.000000,0.000000,"",,,0.000000,,-1.000000,,0.000000,0.000000,-1.000000,-1.000000,,,,,,,,,,,"",,,,,,,,,,"Volumetric",,,,,,,,,,0.000000,,,,,,,,,,0.000000,0.000000,,,,,,,,,,,,
"0BECA77C","Nodes",1116620.370000,1676923.870000,1313.064347,"Default Known Flow Node",69.999969,0.579999,1000.000000,0.000000,"Known Flow",0.000000,0.000000,2.16999993085665e-07,40.000000,0.579999,1000.000000,0.000000,0.000000,13.000000,0.000000,0.515373,0.579999,,,,7.355620,7.355620,,16.800279,,,,,,903.822387,0.066146,0.000000,0.000000,0.000000,,-459.670013,1000.000000,,0.000000,0.000000,,,,0.047061,"UNDEFINED",0.000000,0.997566,0.000000,,,,,"","",,,,7.355620,,0.000000,,0.000000,,,0.000000,0.000000,"",,,0.000000,,-1.000000,,0.000000,0.000000,-1.000000,-1.000000,,,,,,,,,,,"",,,,,,,,,,"Volumetric",,,,,,,,,,0.000000,,,,,,,,,,0.000000,0.000000,,,,,,,,,,,,
"0BECA77D","Nodes",1116622.750000,1676924.000000,1313.064347,"Default Known Flow Node",69.999969,0.579999,1000.000000,0.000000,"Known Flow",0.000000,0.000000,2.16999993085665e-07,40.000000,0.579999,1000.000000,0.000000,0.000000,13.000000,0.000000,0.515373,0.579999,,,,7.353521,7.353521,,16.800279,,,,,,903.822387,0.066146,0.000000,0.000000,0.000000,,-459.670013,1000.000000,,0.000000,0.000000,,,,0.047061,"SETFLOW",0.000000,0.997566,0.000000,,,,,"","",,,,7.353521,,0.000000,,0.000000,,,0.000000,0.000000,"",,,0.000000,,-1.000000,,0.000000,0.000000,-1.000000,-1.000000,,,,,,,,,,,"",,,,,,,,,,"Volumetric",,,,,,,,,,-0.087972,,,,,,,,,,-0.087972,-0.002111,,,,,,,,,,,,
"0BECA746","Nodes",1117071.000000,1676899.870000,1313.064347,"Default Known Flow Node",69.999969,0.579999,1000.000000,0.000000,"Known Flow",0.000000,0.000000,2.16999993085665e-07,40.000000,0.579999,1000.000000,0.000000,0.000000,13.000000,0.000000,0.515372,0.579999,,,,7.192648,7.192648,,16.800279,,,,,,903.822387,0.066146,0.000000,0.000000,0.000000,,-459.670013,1000.000000,,0.000000,0.000000,,,,0.047043,"SETFLOW",0.000000,0.997567,0.000000,,,,,"","",,,,7.192648,,0.000000,,0.000000,,,0.000000,0.000000,"",,,0.000000,"V52721",-1.000000,,0.000000,0.000000,-1.000000,-1.000000,,,,,,,,,,,"",,,,,,,,,,"Volumetric",,,,,,,,,,-0.113040,,,,,,,,,,-0.113040,-0.002712,,,,,,,,,,,,
"0BECA74E","Nodes",1117071.584083,1676930.425564,1313.064347,"Default Known Flow Node",69.999969,0.579999,1000.000000,0.000000,"Known Flow",0.000000,0.000000,2.16999993085665e-07,40.000000,0.579999,1000.000000,0.000000,0.000000,13.000000,0.000000,0.515372,0.579999,,,,7.189946,7.189946,,16.800279,,,,,,903.822387,0.066146,0.000000,0.000000,0.000000,,-459.670013,1000.000000,,0.000000,0.000000,,,,0.047042,"SETFLOW",0.000000,0.997567,0.000000,,,,,"","",,,,7.189946,,0.000000,,0.000000,,,0.000000,0.000000,"",,,0.000000,,-1.000000,,0.000000,0.000000,-1.000000,-1.000000,,,,,,,,,,,"",,,,,,,,,,"Volumetric",,,,,,,,,,-0.871214,,,,,,,,,,-0.871214,-0.020909,,,,,,,,,,,,
"0BECA74D","Nodes",1116548.500000,1676933.870000,1313.064347,"Default Known Flow Node",69.999969,0.579999,1000.000000,0.000000,"Known Flow",0.000000,0.000000,2.16999993085665e-07,40.000000,0.579999,1000.000000,0.000000,0.000000,13.000000,0.000000,0.515373,0.579999,,,,7.361819,7.361819,,16.800279,,,,,,903.822387,0.066146,0.000000,0.000000,0.000000,,-459.670013,1000.000000,,0.000000,0.000000,,,,0.047062,"SETFLOW",0.000000,0.997566,0.000000,,,,,"","",,,,7.361819,,0.000000,,0.000000,,,0.000000,0.000000,"",,,0.000000,,-1.000000,,0.000000,0.000000,-1.000000,-1.000000,,,,,,,,,,,"",,,,,,,,,,"Volumetric",,,,,,,,,,-0.042094,,,,,,,,,,-0.042094,-0.001010,,,,,,,,,,,,
"0BECA77E","Nodes",1117069.870000,1676961.370000,1313.064347,"Default Known Flow Node",69.999969,0.579999,1000.000000,0.000000,"Known Flow",0.000000,0.000000,2.16999993085665e-07,40.000000,0.579999,1000.000000,0.000000,0.000000,13.000000,0.000000,0.515372,0.579999,,,,7.189037,7.189037,,16.800279,,,,,,903.822387,0.066146,0.000000,0.000000,0.000000,,-459.670013,1000.000000,,0.000000,0.000000,,,,0.047042,"SETFLOW",0.000000,0.997567,0.000000,,,,,"","",,,,7.189037,,0.000000,,0.000000,,,0.000000,0.000000,"",,,0.000000,,-1.000000,,0.000000,0.000000,-1.000000,-1.000000,,,,,,,,,,,"",,,,,,,,,,"Volumetric",,,,,,,,,,-0.222769,,,,,,,,,,-0.222769,-0.005346,,,,,,,,,,,,
"0BECA77F","Nodes",1117070.750000,1677040.120000,1313.064347,"Default Known Flow Node",69.999969,0.579999,1000.000000,0.000000,"Known Flow",0.000000,0.000000,2.16999993085665e-07,40.000000,0.579999,1000.000000,0.000000,0.000000,13.000000,0.000000,0.515372,0.579999,,,,7.182259,7.182259,,16.800279,,,,,,903.822387,0.066146,0.000000,0.000000,0.000000,,-459.670013,1000.000000,,0.000000,0.000000,,,,0.047042,"SETFLOW",0.000000,0.997567,0.000000,,,,,"","",,,,7.182259,,0.000000,,0.000000,,,0.000000,0.000000,"",,,0.000000,,-1.000000,,0.000000,0.000000,-1.000000,-1.000000,,,,,,,,,,,"",,,,,,,,,,"Volumetric",,,,,,,,,,-0.222769,,,,,,,,,,-0.222769,-0.005346,,,,,,,,,,,,
"0BECA780","Nodes",1117067.120000,1677155.870000,1313.064347,"Default Known Flow Node",69.999969,0.579999,1000.000000,0.000000,"Known Flow",0.000000,0.000000,2.16999993085665e-07,40.000000,0.579999,1000.000000,0.000000,0.000000,13.000000,0.000000,0.515372,0.579999,,,,7.178312,7.178312,,16.800279,,,,,,903.822387,0.066146,0.000000,0.000000,0.000000,,-459.670013,1000.000000,,0.000000,0.000000,,,,0.047041,"SETFLOW",0.000000,0.997567,0.000000,,,,,"","",,,,7.178312,,0.000000,,0.000000,,,0.000000,0.000000,"",,,0.000000,,-1.000000,,0.000000,0.000000,-1.000000,-1.000000,,,,,,,,,,,"",,,,,,,,,,"Volumetric",,,,,,,,,,-0.274323,,,,,,,,,,-0.274323,-0.006583,,,,,,,,,,,,
"0BECA795","Nodes",1116523.370000,1677175.120000,1313.064347,"Default Known Flow Node",69.999969,0.579999,1000.000000,0.000000,"Known Flow",0.000000,0.000000,2.16999993085665e-07,40.000000,0.579999,1000.000000,0.000000,0.000000,13.000000,0.000000,0.515373,0.579999,,,,7.361918,7.361918,,16.800279,,,,,,903.822387,0.066146,0.000000,0.000000,0.000000,,-459.670013,1000.000000,,0.000000,0.000000,,,,0.047062,"SETFLOW",0.000000,0.997566,0.000000,,,,,"","",,,,7.361918,,0.000000,,0.000000,,,0.000000,0.000000,"",,,0.000000,,-1.000000,,0.000000,0.000000,-1.000000,-1.000000,,,,,,,,,,,"",,,,,,,,,,"Volumetric",,,,,,,,,,-3.783779,,,,,,,,,,-3.783779,-0.090810,,,,,,,,,,,,
"0BECA794","Nodes",1116502.500000,1677387.500000,1313.064347,"Default Known Flow Node",69.999969,0.579999,1000.000000,0.000000,"Known Flow",0.000000,0.000000,2.16999993085665e-07,40.000000,0.579999,1000.000000,0.000000,0.000000,13.000000,0.000000,0.515373,0.579999,,,,7.388073,7.388073,,16.800279,,,,,,903.822387,0.066146,0.000000,0.000000,0.000000,,-459.670013,1000.000000,,0.000000,0.000000,,,,0.047065,"SETFLOW",0.000000,0.997566,0.000000,,,,,"","",,,,7.388073,,0.000000,,0.000000,,,0.000000,0.000000,"",,,0.000000,,-1.000000,,0.000000,0.000000,-1.000000,-1.000000,,,,,,,,,,,"",,,,,,,,,,"Volumetric",,,,,,,,,,-0.721069,,,,,,,,,,-0.721069,-0.017305,,,,,,,,,,,,
"0BECA796","Nodes",1116845.120000,1677179.120000,1313.064347,"Default Known Flow Node",69.999969,0.579999,1000.000000,0.000000,"Known Flow",0.000000,0.000000,2.16999993085665e-07,40.000000,0.579999,1000.000000,0.000000,0.000000,13.000000,0.000000,0.515372,0.579999,,,,7.248560,7.248560,,16.800279,,,,,,903.822387,0.066146,0.000000,0.000000,0.000000,,-459.670013,1000.000000,,0.000000,0.000000,,,,0.047049,"UNDEFINED",0.000000,0.997567,0.000000,,,,,"","",,,,7.248560,,0.000000,,0.000000,,,0.000000,0.000000,"",,,0.000000,,-1.000000,,0.000000,0.000000,-1.000000,-1.000000,,,,,,,,,,,"",,,,,,,,,,"Volumetric",,,,,,,,,,0.000000,,,,,,,,,,0.000000,0.000000,,,,,,,,,,,,
"0BECA797","Nodes",1116996.250000,1677181.620000,1313.064347,"Default Known Flow Node",69.999969,0.579999,1000.000000,0.000000,"Known Flow",0.000000,0.000000,2.16999993085665e-07,40.000000,0.579999,1000.000000,0.000000,0.000000,13.000000,0.000000,0.515372,0.579999,,,,7.195390,7.195390,,16.800279,,,,,,903.822387,0.066146,0.000000,0.000000,0.000000,,-459.670013,1000.000000,,0.000000,0.000000,,,,0.047043,"SETFLOW",0.000000,0.997567,0.000000,,,,,"","",,,,7.195390,,0.000000,,0.000000,,,0.000000,0.000000,"",,,0.000000,,-1.000000,,0.000000,0.000000,-1.000000,-1.000000,,,,,,,,,,,"",,,,,,,,,,"Volumetric",,,,,,,,,,-0.281418,,,,,,,,,,-0.281418,-0.006754,,,,,,,,,,,,
"0BECA74F","Nodes",1117066.250000,1677182.870000,1313.064347,"Default Known Flow Node",69.999969,0.579999,1000.000000,0.000000,"Known Flow",0.000000,0.000000,2.16999993085665e-07,40.000000,0.579999,1000.000000,0.000000,0.000000,13.000000,0.000000,0.515372,0.579999,,,,7.178081,7.178081,,16.800279,,,,,,903.822387,0.066146,0.000000,0.000000,0.000000,,-459.670013,1000.000000,,0.000000,0.000000,,,,0.047041,"SETFLOW",0.000000,0.997567,0.000000,,,,,"","",,,,7.178081,,0.000000,,0.000000,,,0.000000,0.000000,"",,,0.000000,,-1.000000,,0.000000,0.000000,-1.000000,-1.000000,,,,,,,,,,,"",,,,,,,,,,"Volumetric",,,,,,,,,,-0.278107,,,,,,,,,,-0.278107,-0.006674,,,,,,,,,,,,
"0BEC5DEB","Nodes",1117220.000000,1677185.000000,1313.064347,"Default Known Flow Node",69.999969,0.579999,1000.000000,0.000000,"Known Flow",0.000000,0.000000,2.16999993085665e-07,40.000000,0.579999,1000.000000,0.000000,0.000000,13.000000,0.000000,0.515372,0.579999,,,,7.140079,7.140079,,16.800279,,,,,,903.822387,0.066146,0.000000,0.000000,0.000000,,-459.670013,1000.000000,,0.000000,0.000000,,,,0.047037,"SETFLOW",0.000000,0.997568,0.000000,,,,,"","",,,,7.140079,,0.000000,,0.000000,,,0.000000,0.000000,"",,,0.000000,,-1.000000,,0.000000,0.000000,-1.000000,-1.000000,,,,,,,,,,,"",,,,,,,,,,"Volumetric",,,,,,,,,,-0.097905,,,,,,,,,,-0.097905,-0.002349,,,,,,,,,,,,
"0BECA781","Nodes",1117064.370000,1677239.250000,1313.064347,"Default Known Flow Node",69.999969,0.579999,1000.000000,0.000000,"Known Flow",0.000000,0.000000,2.16999993085665e-07,40.000000,0.579999,1000.000000,0.000000,0.000000,13.000000,0.000000,0.515372,0.579999,,,,7.206234,7.206234,,16.800279,,,,,,903.822387,0.066146,0.000000,0.000000,0.000000,,-459.670013,1000.000000,,0.000000,0.000000,,,,0.047044,"UNDEFINED",0.000000,0.997567,0.000000,,,,,"","",,,,7.206234,,0.000000,,0.000000,,,0.000000,0.000000,"",,,0.000000,,-1.000000,,0.000000,0.000000,-1.000000,-1.000000,,,,,,,,,,,"",,,,,,,,,,"Volumetric",,,,,,,,,,0.000000,,,,,,,,,,0.000000,0.000000,,,,,,,,,,,,
"0BECA782","Nodes",1117063.000000,1677267.500000,1313.064347,"Default Known Flow Node",69.999969,0.579999,1000.000000,0.000000,"Known Flow",0.000000,0.000000,2.16999993085665e-07,40.000000,0.579999,1000.000000,0.000000,0.000000,13.000000,0.000000,0.515372,0.579999,,,,7.219807,7.219807,,16.800279,,,,,,903.822387,0.066146,0.000000,0.000000,0.000000,,-459.670013,1000.000000,,0.000000,0.000000,,,,0.047046,"SETFLOW",0.000000,0.997567,0.000000,,,,,"","",,,,7.219807,,0.000000,,0.000000,,,0.000000,0.000000,"",,,0.000000,,-1.000000,,0.000000,0.000000,-1.000000,-1.000000,,,,,,,,,,,"",,,,,,,,,,"Volumetric",,,,,,,,,,-0.161330,,,,,,,,,,-0.161330,-0.003871,,,,,,,,,,,,
"0BECA793","Nodes",1116500.870000,1677401.500000,1313.064347,"Default Known Flow Node",69.999969,0.579999,1000.000000,0.000000,"Known Flow",0.000000,0.000000,2.16999993085665e-07,40.000000,0.579999,1000.000000,0.000000,0.000000,13.000000,0.000000,0.515373,0.579999,,,,7.392026,7.392026,,16.800279,,,,,,903.822387,0.066146,0.000000,0.000000,0.000000,,-459.670013,1000.000000,,0.000000,0.000000,,,,0.047065,"UNDEFINED",0.000000,0.997566,0.000000,,,,,"","",,,,7.392026,,0.000000,,0.000000,,,0.000000,0.000000,"",,,0.000000,,-1.000000,,0.000000,0.000000,-1.000000,-1.000000,,,,,,,,,,,"",,,,,,,,,,"Volumetric",,,,,,,,,,0.000000,,,,,,,,,,0.000000,0.000000,,,,,,,,,,,,
"0BECA792","Nodes",1116499.120000,1677421.000000,1313.064347,"Default Known Flow Node",69.999969,0.579999,1000.000000,0.000000,"Known Flow",0.000000,0.000000,2.16999993085665e-07,40.000000,0.579999,1000.000000,0.000000,0.000000,13.000000,0.000000,0.515373,0.579999,,,,7.396474,7.396474,,16.800279,,,,,,903.822387,0.066146,0.000000,0.000000,0.000000,,-459.670013,1000.000000,,0.000000,0.000000,,,,0.047066,"UNDEFINED",0.000000,0.997566,0.000000,,,,,"","",,,,7.396474,,0.000000,,0.000000,,,0.000000,0.000000,"",,,0.000000,,-1.000000,,0.000000,0.000000,-1.000000,-1.000000,,,,,,,,,,,"",,,,,,,,,,"Volumetric",,,,,,,,,,0.000000,,,,,,,,,,0.000000,0.000000,,,,,,,,,,,,
"0BECA779","Nodes",1116207.120000,1677405.500000,1313.064347,"Default Known Flow Node",69.999969,0.579999,1000.000000,0.000000,"Known Flow",0.000000,0.000000,2.16999993085665e-07,40.000000,0.579999,1000.000000,0.000000,0.000000,13.000000,0.000000,0.515373,0.579999,,,,7.400412,7.400412,,16.800279,,,,,,903.822387,0.066146,0.000000,0.000000,0.000000,,-459.670013,1000.000000,,0.000000,0.000000,,,,0.047066,"SETFLOW",0.000000,0.997566,0.000000,,,,,"","",,,,7.400412,,0.000000,,0.000000,,,0.000000,0.000000,"",,,0.000000,,-1.000000,,0.000000,0.000000,-1.000000,-1.000000,,,,,,,,,,,"",,,,,,,,,,"Volumetric",,,,,,,,,,-0.070156,,,,,,,,,,-0.070156,-0.001683,,,,,,,,,,,,
"0BECA778","Nodes",1116441.120000,1677420.750000,1313.064347,"Default Known Flow Node",69.999969,0.579999,1000.000000,0.000000,"Known Flow",0.000000,0.000000,2.16999993085665e-07,40.000000,0.579999,1000.000000,0.000000,0.000000,13.000000,0.000000,0.515373,0.579999,,,,7.399533,7.399533,,16.800279,,,,,,903.822387,0.066146,0.000000,0.000000,0.000000,,-459.670013,1000.000000,,0.000000,0.000000,,,,0.047066,"SETFLOW",0.000000,0.997566,0.000000,,,,,"","",,,,7.399533,,0.000000,,0.000000,,,0.000000,0.000000,"",,,0.000000,,-1.000000,,0.000000,0.000000,-1.000000,-1.000000,,,,,,,,,,,"",,,,,,,,,,"Volumetric",,,,,,,,,,-0.174818,,,,,,,,,,-0.174818,-0.004195,,,,,,,,,,,,
"0BECA777","Nodes",1116498.500000,1677426.370000,1313.064347,"Default Known Flow Node",69.999969,0.579999,1000.000000,0.000000,"Known Flow",0.000000,0.000000,2.16999993085665e-07,40.000000,0.579999,1000.000000,0.000000,0.000000,13.000000,0.000000,0.515373,0.579999,,,,7.399604,7.399604,,16.800279,,,,,,903.822387,0.066146,0.000000,0.000000,0.000000,,-459.670013,1000.000000,,0.000000,0.000000,,,,0.047066,"SETFLOW",0.000000,0.997566,0.000000,,,,,"","",,,,7.399604,,0.000000,,0.000000,,,0.000000,0.000000,"",,,0.000000,,-1.000000,,0.000000,0.000000,-1.000000,-1.000000,,,,,,,,,,,"",,,,,,,,,,"Volumetric",,,,,,,,,,-0.398567,,,,,,,,,,-0.398567,-0.009565,,,,,,,,,,,,
"0BECA791","Nodes",1116526.000000,1677422.500000,1313.064347,"Default Known Flow Node",69.999969,0.579999,1000.000000,0.000000,"Known Flow",0.000000,0.000000,2.16999993085665e-07,40.000000,0.579999,1000.000000,0.000000,0.000000,13.000000,0.000000,0.515373,0.579999,,,,7.391608,7.391608,,16.800279,,,,,,903.822387,0.066146,0.000000,0.000000,0.000000,,-459.670013,1000.000000,,0.000000,0.000000,,,,0.047065,"UNDEFINED",0.000000,0.997566,0.000000,,,,,"","",,,,7.391608,,0.000000,,0.000000,,,0.000000,0.000000,"",,,0.000000,,-1.000000,,0.000000,0.000000,-1.000000,-1.000000,,,,,,,,,,,"",,,,,,,,,,"Volumetric",,,,,,,,,,0.000000,,,,,,,,,,0.000000,0.000000,,,,,,,,,,,,
"0BECA772","Nodes",1116474.120000,1677679.250000,1313.064347,"Default Known Flow Node",69.999969,0.579999,1000.000000,0.000000,"Known Flow",0.000000,0.000000,2.16999993085665e-07,40.000000,0.579999,1000.000000,0.000000,0.000000,13.000000,0.000000,0.515374,0.579999,,,,7.524805,7.524805,,16.800279,,,,,,903.822387,0.066146,0.000000,0.000000,0.000000,,-459.670013,1000.000000,,0.000000,0.000000,,,,0.047080,"UNDEFINED",0.000000,0.997565,0.000000,,,,,"","",,,,7.524805,,0.000000,,0.000000,,,0.000000,0.000000,"",,,0.000000,"192-12 Northern Blvd, Q= 1.005 mcfh, Firm",-1.000000,,0.000000,0.000000,-1.000000,-1.000000,,,,,,,,,,,"",,,,,,,,,,"Volumetric",,,,,,,,,,0.000000,,,,,,,,,,0.000000,0.000000,,,,,,,,,,,,
"2FB2803E","Nodes",1116662.120000,1677430.370000,1313.064347,"Default Known Flow Node",69.999969,0.579999,1000.000000,0.000000,"Known Flow",0.000000,0.000000,2.16999993085665e-07,40.000000,0.579999,1000.000000,0.000000,0.000000,13.000000,0.000000,0.515373,0.579999,,,,7.280610,7.280610,,16.800279,,,,,,903.822387,0.066146,0.000000,0.000000,0.000000,,-459.670013,1000.000000,,0.000000,0.000000,,,,0.047053,"SETFLOW",0.000000,0.997567,0.000000,,,,,"","",,,,7.280610,,0.000000,,0.000000,,,0.000000,0.000000,"",,,0.000000,,-1.000000,,0.000000,0.000000,-1.000000,-1.000000,,,,,,,,,,,"",,,,,,,,,,"Volumetric",,,,,,,,,,-0.080514,,,,,,,,,,-0.080514,-0.001932,,,,,,,,,,,,
"0BECA790","Nodes",1116630.000000,1677429.500000,1313.064347,"Default Known Flow Node",69.999969,0.579999,1000.000000,0.000000,"Known Flow",0.000000,0.000000,2.16999993085665e-07,40.000000,0.579999,1000.000000,0.000000,0.000000,13.000000,0.000000,0.515373,0.579999,,,,7.305410,7.305410,,16.800279,,,,,,903.822387,0.066146,0.000000,0.000000,0.000000,,-459.670013,1000.000000,,0.000000,0.000000,,,,0.047056,"SETFLOW",0.000000,0.997567,0.000000,,,,,"","",,,,7.305410,,0.000000,,0.000000,,,0.000000,0.000000,"",,,0.000000,,-1.000000,,0.000000,0.000000,-1.000000,-1.000000,,,,,,,,,,,"",,,,,,,,,,"Volumetric",,,,,,,,,,-0.080514,,,,,,,,,,-0.080514,-0.001932,,,,,,,,,,,,
"2FB2803F","Nodes",1116664.500000,1677430.500000,1313.064347,"Default Known Flow Node",69.999969,0.579999,1000.000000,0.000000,"Known Flow",0.000000,0.000000,2.16999993085665e-07,40.000000,0.579999,1000.000000,0.000000,0.000000,13.000000,0.000000,0.515373,0.579999,,,,7.280301,7.280301,,16.800279,,,,,,903.822387,0.066146,0.000000,0.000000,0.000000,,-459.670013,1000.000000,,0.000000,0.000000,,,,0.047053,"SETFLOW",0.000000,0.997567,0.000000,,,,,"","",,,,7.280301,,0.000000,,0.000000,,,0.000000,0.000000,"",,,0.000000,,-1.000000,,0.000000,0.000000,-1.000000,-1.000000,,,,,,,,,,,"",,,,,,,,,,"Volumetric",,,,,,,,,,-0.478192,,,,,,,,,,-0.478192,-0.011476,,,,,,,,,,,,
"0BECA783","Nodes",1117057.500000,1677442.620000,1313.064347,"Default Known Flow Node",69.999969,0.579999,1000.000000,0.000000,"Known Flow",0.000000,0.000000,2.16999993085665e-07,40.000000,0.579999,1000.000000,0.000000,0.000000,13.000000,0.000000,0.515372,0.579999,,,,7.241570,7.241570,,16.800279,,,,,,903.822387,0.066146,0.000000,0.000000,0.000000,,-459.670013,1000.000000,,0.000000,0.000000,,,,0.047048,"SETFLOW",0.000000,0.997567,0.000000,,,,,"","",,,,7.241570,,0.000000,,0.000000,,,0.000000,0.000000,"",,,0.000000,,-1.000000,,0.000000,0.000000,-1.000000,-1.000000,,,,,,,,,,,"",,,,,,,,,,"Volumetric",,,,,,,,,,-0.125967,,,,,,,,,,-0.125967,-0.003023,,,,,,,,,,,,
"0BECA78E","Nodes",1116823.750000,1677435.250000,1313.064347,"Default Known Flow Node",69.999969,0.579999,1000.000000,0.000000,"Known Flow",0.000000,0.000000,2.16999993085665e-07,40.000000,0.579999,1000.000000,0.000000,0.000000,13.000000,0.000000,0.515373,0.579999,,,,7.263812,7.263812,,16.800279,,,,,,903.822387,0.066146,0.000000,0.000000,0.000000,,-459.670013,1000.000000,,0.000000,0.000000,,,,0.047051,"SETFLOW",0.000000,0.997567,0.000000,,,,,"","",,,,7.263812,,0.000000,,0.000000,,,0.000000,0.000000,"",,,0.000000,,-1.000000,,0.000000,0.000000,-1.000000,-1.000000,,,,,,,,,,,"",,,,,,,,,,"Volumetric",,,,,,,,,,-0.090583,,,,,,,,,,-0.090583,-0.002174,,,,,,,,,,,,
"0BECA751","Nodes",1117217.870000,1677448.750000,1313.064347,"Default Known Flow Node",69.999969,0.579999,1000.000000,0.000000,"Known Flow",0.000000,0.000000,2.16999993085665e-07,40.000000,0.579999,1000.000000,0.000000,0.000000,13.000000,0.000000,0.515371,0.579999,,,,7.079248,7.079248,,16.800279,,,,,,903.822387,0.066147,0.000000,0.000000,0.000000,,-459.670013,1000.000000,,0.000000,0.000000,,,,0.047030,"SETFLOW",0.000000,0.997568,0.000000,,,,,"","",,,,7.079248,,0.000000,,0.000000,,,0.000000,0.000000,"",,,0.000000,,-1.000000,,0.000000,0.000000,-1.000000,-1.000000,,,,,,,,,,,"",,,,,,,,,,"Volumetric",,,,,,,,,,-1.726041,,,,,,,,,,-1.726041,-0.041424,,,,,,,,,,,,
"0BECA752","Nodes",1117107.500000,1677444.750000,1313.064347,"Default Known Flow Node",69.999969,0.579999,1000.000000,0.000000,"Known Flow",0.000000,0.000000,2.16999993085665e-07,40.000000,0.579999,1000.000000,0.000000,0.000000,13.000000,0.000000,0.515372,0.579999,,,,7.231472,7.231472,,16.800279,,,,,,903.822387,0.066146,0.000000,0.000000,0.000000,,-459.670013,1000.000000,,0.000000,0.000000,,,,0.047047,"UNDEFINED",0.000000,0.997567,0.000000,,,,,"","",,,,7.231472,,0.000000,,0.000000,,,0.000000,0.000000,"",,,0.000000,,-1.000000,,0.000000,0.000000,-1.000000,-1.000000,,,,,,,,,,,"",,,,,,,,,,"Volumetric",,,,,,,,,,0.000000,,,,,,,,,,0.000000,0.000000,,,,,,,,,,,,
"0BECA750","Nodes",1117220.000000,1677448.870000,1313.064347,"Default Known Flow Node",69.999969,0.579999,1000.000000,0.000000,"Known Flow",0.000000,0.000000,2.16999993085665e-07,40.000000,0.579999,1000.000000,0.000000,0.000000,13.000000,0.000000,0.515371,0.579999,,,,7.079229,7.079229,,16.800279,,,,,,903.822387,0.066147,0.000000,0.000000,0.000000,,-459.670013,1000.000000,,0.000000,0.000000,,,,0.047030,"SETFLOW",0.000000,0.997568,0.000000,,,,,"","",,,,7.079229,,0.000000,,0.000000,,,0.000000,0.000000,"",,,0.000000,,-1.000000,,0.000000,0.000000,-1.000000,-1.000000,,,,,,,,,,,"",,,,,,,,,,"Volumetric",,,,,,,,,,-1.015880,,,,,,,,,,-1.015880,-0.024381,,,,,,,,,,,,
"0BECA784","Nodes",1117056.750000,1677462.370000,1313.064347,"Default Known Flow Node",69.999969,0.579999,1000.000000,0.000000,"Known Flow",0.000000,0.000000,2.16999993085665e-07,40.000000,0.579999,1000.000000,0.000000,0.000000,13.000000,0.000000,0.515372,0.579999,,,,7.246488,7.246488,,16.800279,,,,,,903.822387,0.066146,0.000000,0.000000,0.000000,,-459.670013,1000.000000,,0.000000,0.000000,,,,0.047049,"SETFLOW",0.000000,0.997567,0.000000,,,,,"","",,,,7.246488,,0.000000,,0.000000,,,0.000000,0.000000,"",,,0.000000,,-1.000000,,0.000000,0.000000,-1.000000,-1.000000,,,,,,,,,,,"",,,,,,,,,,"Volumetric",,,,,,,,,,-0.152505,,,,,,,,,,-0.152505,-0.003660,,,,,,,,,,,,
"0BECA785","Nodes",1117049.500000,1677669.250000,1313.064347,"Default Known Flow Node",69.999969,0.579999,1000.000000,0.000000,"Known Flow",0.000000,0.000000,2.16999993085665e-07,40.000000,0.579999,1000.000000,0.000000,0.000000,13.000000,0.000000,0.515373,0.579999,,,,7.289432,7.289432,,16.800279,,,,,,903.822387,0.066146,0.000000,0.000000,0.000000,,-459.670013,1000.000000,,0.000000,0.000000,,,,0.047054,"SETFLOW",0.000000,0.997567,0.000000,,,,,"","",,,,7.289432,,0.000000,,0.000000,,,0.000000,0.000000,"",,,0.000000,,-1.000000,,0.000000,0.000000,-1.000000,-1.000000,,,,,,,,,,,"",,,,,,,,,,"Volumetric",,,,,,,,,,-0.122783,,,,,,,,,,-0.122783,-0.002946,,,,,,,,,,,,
"0BECA786","Nodes",1117047.250000,1677674.120000,1313.064347,"Default Known Flow Node",69.999969,0.579999,1000.000000,0.000000,"Known Flow",0.000000,0.000000,2.16999993085665e-07,40.000000,0.579999,1000.000000,0.000000,0.000000,13.000000,0.000000,0.515373,0.579999,,,,7.290835,7.290835,,16.800279,,,,,,903.822387,0.066146,0.000000,0.000000,0.000000,,-459.670013,1000.000000,,0.000000,0.000000,,,,0.047054,"UNDEFINED",0.000000,0.997567,0.000000,,,,,"","",,,,7.290835,,0.000000,,0.000000,,,0.000000,0.000000,"",,,0.000000,,-1.000000,,0.000000,0.000000,-1.000000,-1.000000,,,,,,,,,,,"",,,,,,,,,,"Volumetric",,,,,,,,,,0.000000,,,,,,,,,,0.000000,0.000000,,,,,,,,,,,,
"0BECA771","Nodes",1116473.370000,1677685.000000,1313.064347,"Default Known Flow Node",69.999969,0.579999,1000.000000,0.000000,"Known Flow",0.000000,0.000000,2.16999993085665e-07,40.000000,0.579999,1000.000000,0.000000,0.000000,13.000000,0.000000,0.515374,0.579999,,,,7.531322,7.531322,,16.800279,,,,,,903.822387,0.066146,0.000000,0.000000,0.000000,,-459.670013,1000.000000,,0.000000,0.000000,,,,0.047081,"UNDEFINED",0.000000,0.997565,0.000000,,,,,"","",,,,7.531322,,0.000000,,0.000000,,,0.000000,0.000000,"",,,0.000000,,-1.000000,,0.000000,0.000000,-1.000000,-1.000000,,,,,,,,,,,"",,,,,,,,,,"Volumetric",,,,,,,,,,0.000000,,,,,,,,,,0.000000,0.000000,,,,,,,,,,,,
"0BECA775","Nodes",1116478.750000,1677679.500000,1313.064347,"Default Known Flow Node",69.999969,0.579999,1000.000000,0.000000,"Known Flow",0.000000,0.000000,2.16999993085665e-07,40.000000,0.579999,1000.000000,0.000000,0.000000,13.000000,0.000000,0.515374,0.579999,,,,7.521684,7.521684,,16.800279,,,,,,903.822387,0.066146,0.000000,0.000000,0.000000,,-459.670013,1000.000000,,0.000000,0.000000,,,,0.047080,"SETFLOW",0.000000,0.997565,0.000000,,,,,"","",,,,7.521684,,0.000000,,0.000000,,,0.000000,0.000000,"",,,0.000000,,-1.000000,,0.000000,0.000000,-1.000000,-1.000000,,,,,,,,,,,"",,,,,,,,,,"Volumetric",,,,,,,,,,-1.240887,,,,,,,,,,-1.240887,-0.029781,,,,,,,,,,,,
"0BECA773","Nodes",1116413.870000,1677681.500000,1313.064347,"Default Known Flow Node",69.999969,0.579999,1000.000000,0.000000,"Known Flow",0.000000,0.000000,2.16999993085665e-07,40.000000,0.579999,1000.000000,0.000000,0.000000,13.000000,0.000000,0.515374,0.579999,,,,7.567263,7.567263,,16.800279,,,,,,903.822387,0.066146,0.000000,0.000000,0.000000,,-459.670013,1000.000000,,0.000000,0.000000,,,,0.047085,"UNDEFINED",0.000000,0.997565,0.000000,,,,,"","",,,,7.567263,,0.000000,,0.000000,,,0.000000,0.000000,"",,,0.000000,,-1.000000,,0.000000,0.000000,-1.000000,-1.000000,,,,,,,,,,,"",,,,,,,,,,"Volumetric",,,,,,,,,,0.000000,,,,,,,,,,0.000000,0.000000,,,,,,,,,,,,
"2FBCEEBC","Nodes",1116394.035104,1677675.260977,1313.064347,"Default Known Flow Node",69.999969,0.579999,1000.000000,0.000000,"Known Flow",0.000000,0.000000,2.16999993085665e-07,40.000000,0.579999,1000.000000,0.000000,0.000000,13.000000,0.000000,0.515374,0.579999,,,,7.576100,7.576100,,16.800279,,,,,,903.822387,0.066146,0.000000,0.000000,0.000000,,-459.670013,1000.000000,,0.000000,0.000000,,,,0.047086,"UNDEFINED",0.000000,0.997565,0.000000,,,,,"","",,,,7.576100,,0.000000,,0.000000,,,0.000000,0.000000,"",,,0.000000,,-1.000000,,0.000000,0.000000,-1.000000,-1.000000,,,,,,,,,,,"",,,,,,,,,,"Volumetric",,,,,,,,,,0.000000,,,,,,,,,,0.000000,0.000000,,,,,,,,,,,,
"0BECA770","Nodes",1116471.250000,1677706.500000,1313.064347,"Default Known Flow Node",69.999969,0.579999,1000.000000,0.000000,"Known Flow",0.000000,0.000000,2.16999993085665e-07,40.000000,0.579999,1000.000000,0.000000,0.000000,13.000000,0.000000,0.515374,0.579999,,,,7.538435,7.538435,,16.800279,,,,,,903.822387,0.066146,0.000000,0.000000,0.000000,,-459.670013,1000.000000,,0.000000,0.000000,,,,0.047082,"UNDEFINED",0.000000,0.997565,0.000000,,,,,"","",,,,7.538435,,0.000000,,0.000000,,,0.000000,0.000000,"",,,0.000000,,-1.000000,,0.000000,0.000000,-1.000000,-1.000000,,,,,,,,,,,"",,,,,,,,,,"Volumetric",,,,,,,,,,0.000000,,,,,,,,,,0.000000,0.000000,,,,,,,,,,,,
"0BECA78B","Nodes",1117029.120000,1677698.120000,1313.064347,"Default Known Flow Node",69.999969,0.579999,1000.000000,0.000000,"Known Flow",0.000000,0.000000,2.16999993085665e-07,40.000000,0.579999,1000.000000,0.000000,0.000000,13.000000,0.000000,0.515373,0.579999,,,,7.301640,7.301640,,16.800279,,,,,,903.822387,0.066146,0.000000,0.000000,0.000000,,-459.670013,1000.000000,,0.000000,0.000000,,,,0.047055,"SETFLOW",0.000000,0.997567,0.000000,,,,,"","",,,,7.301640,,0.000000,,0.000000,,,0.000000,0.000000,"",,,0.000000,,-1.000000,,0.000000,0.000000,-1.000000,-1.000000,,,,,,,,,,,"",,,,,,,,,,"Volumetric",,,,,,,,,,-0.559070,,,,,,,,,,-0.559070,-0.013417,,,,,,,,,,,,
"0BECA776","Nodes",1116796.620000,1677691.250000,1313.064347,"Default Known Flow Node",69.999969,0.579999,1000.000000,0.000000,"Known Flow",0.000000,0.000000,2.16999993085665e-07,40.000000,0.579999,1000.000000,0.000000,0.000000,13.000000,0.000000,0.515373,0.579999,,,,7.392057,7.392057,,16.800279,,,,,,903.822387,0.066146,0.000000,0.000000,0.000000,,-459.670013,1000.000000,,0.000000,0.000000,,,,0.047065,"UNDEFINED",0.000000,0.997566,0.000000,,,,,"","",,,,7.392057,,0.000000,,0.000000,,,0.000000,0.000000,"",,,0.000000,,-1.000000,,0.000000,0.000000,-1.000000,-1.000000,,,,,,,,,,,"",,,,,,,,,,"Volumetric",,,,,,,,,,0.000000,,,,,,,,,,0.000000,0.000000,,,,,,,,,,,,
"0BECA789","Nodes",1117117.870000,1677697.870000,1313.064347,"Default Known Flow Node",69.999969,0.579999,1000.000000,0.000000,"Known Flow",0.000000,0.000000,2.16999993085665e-07,40.000000,0.579999,1000.000000,0.000000,0.000000,13.000000,0.000000,0.515373,0.579999,,,,7.279112,7.279112,,16.800279,,,,,,903.822387,0.066146,0.000000,0.000000,0.000000,,-459.670013,1000.000000,,0.000000,0.000000,,,,0.047053,"SETFLOW",0.000000,0.997567,0.000000,,,,,"","",,,,7.279112,,0.000000,,0.000000,,,0.000000,0.000000,"",,,0.000000,,-1.000000,,0.000000,0.000000,-1.000000,-1.000000,,,,,,,,,,,"",,,,,,,,,,"Volumetric",,,,,,,,,,-0.064045,,,,,,,,,,-0.064045,-0.001537,,,,,,,,,,,,
"2FB99686","Nodes",1117079.000000,1677697.000000,1313.064347,"Default Known Flow Node",69.999969,0.579999,1000.000000,0.000000,"Known Flow",0.000000,0.000000,2.16999993085665e-07,40.000000,0.579999,1000.000000,0.000000,0.000000,13.000000,0.000000,0.515373,0.579999,,,,7.295655,7.295655,,16.800279,,,,,,903.822387,0.066146,0.000000,0.000000,0.000000,,-459.670013,1000.000000,,0.000000,0.000000,,,,0.047054,"UNDEFINED",0.000000,0.997567,0.000000,,,,,"","",,,,7.295655,,0.000000,,0.000000,,,0.000000,0.000000,"",,,0.000000,,-1.000000,,0.000000,0.000000,-1.000000,-1.000000,,,,,,,,,,,"",,,,,,,,,,"Volumetric",,,,,,,,,,0.000000,,,,,,,,,,0.000000,0.000000,,,,,,,,,,,,
"0BECA753","Nodes",1117212.250000,1677701.000000,1313.064347,"Default Known Flow Node",69.999969,0.579999,1000.000000,0.000000,"Known Flow",0.000000,0.000000,2.16999993085665e-07,40.000000,0.579999,1000.000000,0.000000,0.000000,13.000000,0.000000,0.515372,0.579999,,,,7.239724,7.239724,,16.800279,,,,,,903.822387,0.066146,0.000000,0.000000,0.000000,,-459.670013,1000.000000,,0.000000,0.000000,,,,0.047048,"SETFLOW",0.000000,0.997567,0.000000,,,,,"","",,,,7.239724,,0.000000,,0.000000,,,0.000000,0.000000,"",,,0.000000,,-1.000000,,0.000000,0.000000,-1.000000,-1.000000,,,,,,,,,,,"",,,,,,,,,,"Volumetric",,,,,,,,,,-0.078906,,,,,,,,,,-0.078906,-0.001893,,,,,,,,,,,,
"0BECA788","Nodes",1117136.500000,1677698.370000,1313.064347,"Default Known Flow Node",69.999969,0.579999,1000.000000,0.000000,"Known Flow",0.000000,0.000000,2.16999993085665e-07,40.000000,0.579999,1000.000000,0.000000,0.000000,13.000000,0.000000,0.515373,0.579999,,,,7.271061,7.271061,,16.800279,,,,,,903.822387,0.066146,0.000000,0.000000,0.000000,,-459.670013,1000.000000,,0.000000,0.000000,,,,0.047052,"SETFLOW",0.000000,0.997567,0.000000,,,,,"","",,,,7.271061,,0.000000,,0.000000,,,0.000000,0.000000,"",,,0.000000,,-1.000000,,0.000000,0.000000,-1.000000,-1.000000,,,,,,,,,,,"",,,,,,,,,,"Volumetric",,,,,,,,,,-0.064045,,,,,,,,,,-0.064045,-0.001537,,,,,,,,,,,,
"0BECA787","Nodes",1117046.120000,1677700.250000,1313.064347,"Default Known Flow Node",69.999969,0.579999,1000.000000,0.000000,"Known Flow",0.000000,0.000000,2.16999993085665e-07,40.000000,0.579999,1000.000000,0.000000,0.000000,13.000000,0.000000,0.515373,0.579999,,,,7.296940,7.296940,,16.800279,,,,,,903.822387,0.066146,0.000000,0.000000,0.000000,,-459.670013,1000.000000,,0.000000,0.000000,,,,0.047055,"UNDEFINED",0.000000,0.997567,0.000000,,,,,"","",,,,7.296940,,0.000000,,0.000000,,,0.000000,0.000000,"",,,0.000000,,-1.000000,,0.000000,0.000000,-1.000000,-1.000000,,,,,,,,,,,"",,,,,,,,,,"Volumetric",,,,,,,,,,0.000000,,,,,,,,,,0.000000,0.000000,,,,,,,,,,,,
"0BECA78A","Nodes",1117052.750000,1677701.120000,1313.064347,"Default Known Flow Node",69.999969,0.579999,1000.000000,0.000000,"Known Flow",0.000000,0.000000,2.16999993085665e-07,40.000000,0.579999,1000.000000,0.000000,0.000000,13.000000,0.000000,0.515373,0.579999,,,,7.296951,7.296951,,16.800279,,,,,,903.822387,0.066146,0.000000,0.000000,0.000000,,-459.670013,1000.000000,,0.000000,0.000000,,,,0.047055,"UNDEFINED",0.000000,0.997567,0.000000,,,,,"","",,,,7.296951,,0.000000,,0.000000,,,0.000000,0.000000,"",,,0.000000,,-1.000000,,0.000000,0.000000,-1.000000,-1.000000,,,,,,,,,,,"",,,,,,,,,,"Volumetric",,,,,,,,,,0.000000,,,,,,,,,,0.000000,0.000000,,,,,,,,,,,,
"2FB9968E","Nodes",1117075.000000,1677701.120000,1313.064347,"Default Known Flow Node",69.999969,0.579999,1000.000000,0.000000,"Known Flow",0.000000,0.000000,2.16999993085665e-07,40.000000,0.579999,1000.000000,0.000000,0.000000,13.000000,0.000000,0.515373,0.579999,,,,7.296961,7.296961,,16.800279,,,,,,903.822387,0.066146,0.000000,0.000000,0.000000,,-459.670013,1000.000000,,0.000000,0.000000,,,,0.047055,"UNDEFINED",0.000000,0.997567,0.000000,,,,,"","",,,,7.296961,,0.000000,,0.000000,,,0.000000,0.000000,"",,,0.000000,,-1.000000,,0.000000,0.000000,-1.000000,-1.000000,,,,,,,,,,,"",,,,,,,,,,"Volumetric",,,,,,,,,,0.000000,,,,,,,,,,0.000000,0.000000,,,,,,,,,,,,
"2FB99687","Nodes",1117071.870000,1677701.120000,1313.064347,"Default Known Flow Node",69.999969,0.579999,1000.000000,0.000000,"Known Flow",0.000000,0.000000,2.16999993085665e-07,40.000000,0.579999,1000.000000,0.000000,0.000000,13.000000,0.000000,0.515373,0.579999,,,,7.296960,7.296960,,16.800279,,,,,,903.822387,0.066146,0.000000,0.000000,0.000000,,-459.670013,1000.000000,,0.000000,0.000000,,,,0.047055,"UNDEFINED",0.000000,0.997567,0.000000,,,,,"","",,,,7.296960,,0.000000,,0.000000,,,0.000000,0.000000,"",,,0.000000,,-1.000000,,0.000000,0.000000,-1.000000,-1.000000,,,,,,,,,,,"",,,,,,,,,,"Volumetric",,,,,,,,,,0.000000,,,,,,,,,,0.000000,0.000000,,,,,,,,,,,,
"2FB9968A","Nodes",1117046.120000,1677703.500000,1313.064347,"Default Known Flow Node",69.999969,0.579999,1000.000000,0.000000,"Known Flow",0.000000,0.000000,2.16999993085665e-07,40.000000,0.579999,1000.000000,0.000000,0.000000,13.000000,0.000000,0.515373,0.579999,,,,7.296940,7.296940,,16.800279,,,,,,903.822387,0.066146,0.000000,0.000000,0.000000,,-459.670013,1000.000000,,0.000000,0.000000,,,,0.047055,"UNDEFINED",0.000000,0.997567,0.000000,,,,,"","",,,,7.296940,,0.000000,,0.000000,,,0.000000,0.000000,"",,,0.000000,,-1.000000,,0.000000,0.000000,-1.000000,-1.000000,,,,,,,,,,,"",,,,,,,,,,"Volumetric",,,,,,,,,,0.000000,,,,,,,,,,0.000000,0.000000,,,,,,,,,,,,
"0BECA76F","Nodes",1116470.870000,1677711.370000,1313.064347,"Default Known Flow Node",69.999969,0.579999,1000.000000,0.000000,"Known Flow",0.000000,0.000000,2.16999993085665e-07,40.000000,0.579999,1000.000000,0.000000,0.000000,13.000000,0.000000,0.515374,0.579999,,,,7.540054,7.540054,,16.800279,,,,,,903.822387,0.066146,0.000000,0.000000,0.000000,,-459.670013,1000.000000,,0.000000,0.000000,,,,0.047082,"UNDEFINED",0.000000,0.997565,0.000000,,,,,"","",,,,7.540054,,0.000000,,0.000000,,,0.000000,0.000000,"",,,0.000000,,-1.000000,,0.000000,0.000000,-1.000000,-1.000000,,,,,,,,,,,"",,,,,,,,,,"Volumetric",,,,,,,,,,0.000000,,,,,,,,,,0.000000,0.000000,,,,,,,,,,,,
"0BEC5DEC","Nodes",1117219.620000,1677707.500000,1313.064347,"Default Known Flow Node",69.999969,0.579999,1000.000000,0.000000,"Known Flow",0.000000,0.000000,2.16999993085665e-07,40.000000,0.579999,1000.000000,0.000000,0.000000,13.000000,0.000000,0.515372,0.579999,,,,7.236936,7.236936,,16.800279,,,,,,903.822387,0.066146,0.000000,0.000000,0.000000,,-459.670013,1000.000000,,0.000000,0.000000,,,,0.047048,"SETFLOW",0.000000,0.997567,0.000000,,,,,"","",,,,7.236936,,0.000000,,0.000000,,,0.000000,0.000000,"",,,0.000000,,-1.000000,,0.000000,0.000000,-1.000000,-1.000000,,,,,,,,,,,"",,,,,,,,,,"Volumetric",,,,,,,,,,-0.062983,,,,,,,,,,-0.062983,-0.001511,,,,,,,,,,,,
"2FB9969C","Nodes",1117074.870000,1677710.120000,1313.064347,"Default Known Flow Node",69.999969,0.579999,1000.000000,0.000000,"Known Flow",0.000000,0.000000,2.16999993085665e-07,40.000000,0.579999,1000.000000,0.000000,0.000000,13.000000,0.000000,0.515373,0.579999,,,,7.300947,7.300947,,16.800279,,,,,,903.822387,0.066146,0.000000,0.000000,0.000000,,-459.670013,1000.000000,,0.000000,0.000000,,,,0.047055,"UNDEFINED",0.000000,0.997567,0.000000,,,,,"","",,,,7.300947,,0.000000,,0.000000,,,0.000000,0.000000,"",,,0.000000,,-1.000000,,0.000000,0.000000,-1.000000,-1.000000,,,,,,,,,,,"",,,,,,,,,,"Volumetric",,,,,,,,,,0.000000,,,,,,,,,,0.000000,0.000000,,,,,,,,,,,,
"0BECA764","Nodes",1116452.370000,1677926.250000,1313.064347,"Default Known Flow Node",69.999969,0.579999,1000.000000,0.000000,"Known Flow",0.000000,0.000000,2.16999993085665e-07,40.000000,0.579999,1000.000000,0.000000,0.000000,13.000000,0.000000,0.515374,0.579999,,,,7.609879,7.609879,,16.800279,,,,,,903.822387,0.066146,0.000000,0.000000,0.000000,,-459.670013,1000.000000,,0.000000,0.000000,,,,0.047090,"UNDEFINED",0.000000,0.997565,0.000000,,,,,"","",,,,7.609879,,0.000000,,0.000000,,,0.000000,0.000000,"",,,0.000000,,-1.000000,,0.000000,0.000000,-1.000000,-1.000000,,,,,,,,,,,"",,,,,,,,,,"Volumetric",,,,,,,,,,0.000000,,,,,,,,,,0.000000,0.000000,,,,,,,,,,,,
"0BECA7A7","Nodes",1116448.870000,1677926.000000,1313.064347,"Default Known Flow Node",69.999969,0.579999,1000.000000,0.000000,"Known Flow",0.000000,0.000000,2.16999993085665e-07,40.000000,0.579999,1000.000000,0.000000,0.000000,13.000000,0.000000,0.515374,0.579999,,,,7.609862,7.609862,,16.800279,,,,,,903.822387,0.066146,0.000000,0.000000,0.000000,,-459.670013,1000.000000,,0.000000,0.000000,,,,0.047090,"SETFLOW",0.000000,0.997565,0.000000,,,,,"","",,,,7.609862,,0.000000,,0.000000,,,0.000000,0.000000,"",,,0.000000,,-1.000000,,0.000000,0.000000,-1.000000,-1.000000,,,,,,,,,,,"",,,,,,,,,,"Volumetric",,,,,,,,,,-0.060758,,,,,,,,,,-0.060758,-0.001458,,,,,,,,,,,,
"0BECA763","Nodes",1116449.708102,1677950.336155,1313.064347,"Default Known Flow Node",69.999969,0.579999,1000.000000,0.000000,"Known Flow",0.000000,0.000000,2.16999993085665e-07,40.000000,0.579999,1000.000000,0.000000,0.000000,13.000000,0.000000,0.515375,0.579999,,,,7.626062,7.626062,,16.800279,,,,,,903.822387,0.066146,0.000000,0.000000,0.000000,,-459.670013,1000.000000,,0.000000,0.000000,,,,0.047092,"UNDEFINED",0.000000,0.997565,0.000000,,,,,"","",,,,7.626062,,0.000000,,0.000000,,,0.000000,0.000000,"",,,0.000000,,-1.000000,,0.000000,0.000000,-1.000000,-1.000000,,,,,,,,,,,"",,,,,,,,,,"Volumetric",,,,,,,,,,0.000000,,,,,,,,,,0.000000,0.000000,,,,,,,,,,,,
"Q3No919","Nodes",1116450.062948,1677947.125330,1313.064347,"Default Known Flow Node",69.999969,0.579999,1000.000000,0.000000,"Known Flow",0.000000,0.000000,2.16999993085665e-07,40.000000,0.579999,1000.000000,0.000000,0.000000,13.000000,0.000000,0.515375,0.579999,,,,7.623164,7.623164,,16.800279,,,,,,903.822387,0.066146,0.000000,0.000000,0.000000,,-459.670013,1000.000000,,0.000000,0.000000,,,,0.047092,"UNDEFINED",0.000000,0.997565,0.000000,,,,,"","",,,,7.623164,,0.000000,,0.000000,,,0.000000,0.000000,"",,,0.000000,,-1.000000,,0.000000,0.000000,0.000000,-1.000000,,,,,,,,,,,"",,,,,,,,,,"Volumetric",,,,,,,,,,0.000000,,,,,,,,,,0.000000,0.000000,,,,,,,,,,,,
"0BECA765","Nodes",1116461.620000,1677926.750000,1313.064347,"Default Known Flow Node",69.999969,0.579999,1000.000000,0.000000,"Known Flow",0.000000,0.000000,2.16999993085665e-07,40.000000,0.579999,1000.000000,0.000000,0.000000,13.000000,0.000000,0.515374,0.579999,,,,7.592471,7.592471,,16.800279,,,,,,903.822387,0.066146,0.000000,0.000000,0.000000,,-459.670013,1000.000000,,0.000000,0.000000,,,,0.047088,"UNDEFINED",0.000000,0.997565,0.000000,,,,,"","",,,,7.592471,,0.000000,,0.000000,,,0.000000,0.000000,"",,,0.000000,,-1.000000,,0.000000,0.000000,-1.000000,-1.000000,,,,,,,,,,,"",,,,,,,,,,"Volumetric",,,,,,,,,,0.000000,,,,,,,,,,0.000000,0.000000,,,,,,,,,,,,
"0BECA766","Nodes",1116480.000000,1677927.370000,1313.064347,"Default Known Flow Node",69.999969,0.579999,1000.000000,0.000000,"Known Flow",0.000000,0.000000,2.16999993085665e-07,40.000000,0.579999,1000.000000,0.000000,0.000000,13.000000,0.000000,0.515374,0.579999,,,,7.557655,7.557655,,16.800279,,,,,,903.822387,0.066146,0.000000,0.000000,0.000000,,-459.670013,1000.000000,,0.000000,0.000000,,,,0.047084,"SETFLOW",0.000000,0.997565,0.000000,,,,,"","",,,,7.557655,,0.000000,,0.000000,,,0.000000,0.000000,"",,,0.000000,,-1.000000,,0.000000,0.000000,-1.000000,-1.000000,,,,,,,,,,,"",,,,,,,,,,"Volumetric",,,,,,,,,,-0.145492,,,,,,,,,,-0.145492,-0.003491,,,,,,,,,,,,
"0BECA767","Nodes",1116492.120000,1677927.750000,1313.064347,"Default Known Flow Node",69.999969,0.579999,1000.000000,0.000000,"Known Flow",0.000000,0.000000,2.16999993085665e-07,40.000000,0.579999,1000.000000,0.000000,0.000000,13.000000,0.000000,0.515374,0.579999,,,,7.552373,7.552373,,16.800279,,,,,,903.822387,0.066146,0.000000,0.000000,0.000000,,-459.670013,1000.000000,,0.000000,0.000000,,,,0.047084,"SETFLOW",0.000000,0.997565,0.000000,,,,,"","",,,,7.552373,,0.000000,,0.000000,,,0.000000,0.000000,"",,,0.000000,,-1.000000,,0.000000,0.000000,-1.000000,-1.000000,,,,,,,,,,,"",,,,,,,,,,"Volumetric",,,,,,,,,,-0.511131,,,,,,,,,,-0.511131,-0.012267,,,,,,,,,,,,
"2FB9969A","Nodes",1117029.000000,1677943.870000,1313.064347,"Default Known Flow Node",69.999969,0.579999,1000.000000,0.000000,"Known Flow",0.000000,0.000000,2.16999993085665e-07,40.000000,0.579999,1000.000000,0.000000,0.000000,13.000000,0.000000,0.515373,0.579999,,,,7.423201,7.423201,,16.800279,,,,,,903.822387,0.066146,0.000000,0.000000,0.000000,,-459.670013,1000.000000,,0.000000,0.000000,,,,0.047069,"SETFLOW",0.000000,0.997566,0.000000,,,,,"","",,,,7.423201,,0.000000,,0.000000,,,0.000000,0.000000,"",,,0.000000,,-1.000000,,0.000000,0.000000,-1.000000,-1.000000,,,,,,,,,,,"",,,,,,,,,,"Volumetric",,,,,,,,,,-0.735637,,,,,,,,,,-0.735637,-0.017655,,,,,,,,,,,,
"2FB99688","Nodes",1116541.120000,1677931.750000,1313.064347,"Default Known Flow Node",69.999969,0.579999,1000.000000,0.000000,"Known Flow",0.000000,0.000000,2.16999993085665e-07,40.000000,0.579999,1000.000000,0.000000,0.000000,13.000000,0.000000,0.515374,0.579999,,,,7.531766,7.531766,,16.800279,,,,,,903.822387,0.066146,0.000000,0.000000,0.000000,,-459.670013,1000.000000,,0.000000,0.000000,,,,0.047081,"SETFLOW",0.000000,0.997565,0.000000,,,,,"","",,,,7.531766,,0.000000,,0.000000,,,0.000000,0.000000,"",,,0.000000,,-1.000000,,0.000000,0.000000,-1.000000,-1.000000,,,,,,,,,,,"",,,,,,,,,,"Volumetric",,,,,,,,,,-0.498053,,,,,,,,,,-0.498053,-0.011953,,,,,,,,,,,,
"2FB9968F","Nodes",1117069.120000,1677943.750000,1313.064347,"Default Known Flow Node",69.999969,0.579999,1000.000000,0.000000,"Known Flow",0.000000,0.000000,2.16999993085665e-07,40.000000,0.579999,1000.000000,0.000000,0.000000,13.000000,0.000000,0.515373,0.579999,,,,7.417894,7.417894,,16.800279,,,,,,903.822387,0.066146,0.000000,0.000000,0.000000,,-459.670013,1000.000000,,0.000000,0.000000,,,,0.047068,"SETFLOW",0.000000,0.997566,0.000000,,,,,"","",,,,7.417894,,0.000000,,0.000000,,,0.000000,0.000000,"",,,0.000000,,-1.000000,,0.000000,0.000000,-1.000000,-1.000000,,,,,,,,,,,"",,,,,,,,,,"Volumetric",,,,,,,,,,-0.219700,,,,,,,,,,-0.219700,-0.005272,,,,,,,,,,,,
"2FB99699","Nodes",1117029.000000,1677942.870000,1313.064347,"Default Known Flow Node",69.999969,0.579999,1000.000000,0.000000,"Known Flow",0.000000,0.000000,2.16999993085665e-07,40.000000,0.579999,1000.000000,0.000000,0.000000,13.000000,0.000000,0.515373,0.579999,,,,7.423201,7.423201,,16.800279,,,,,,903.822387,0.066146,0.000000,0.000000,0.000000,,-459.670013,1000.000000,,0.000000,0.000000,,,,0.047069,"UNDEFINED",0.000000,0.997566,0.000000,,,,,"","",,,,7.423201,,0.000000,,0.000000,,,0.000000,0.000000,"",,,0.000000,,-1.000000,,0.000000,0.000000,-1.000000,-1.000000,,,,,,,,,,,"",,,,,,,,,,"Volumetric",,,,,,,,,,0.000000,,,,,,,,,,0.000000,0.000000,,,,,,,,,,,,
"2FB9969D","Nodes",1117074.870000,1677711.120000,1313.064347,"Default Known Flow Node",69.999969,0.579999,1000.000000,0.000000,"Known Flow",0.000000,0.000000,2.16999993085665e-07,40.000000,0.579999,1000.000000,0.000000,0.000000,13.000000,0.000000,0.515373,0.579999,,,,7.300947,7.300947,,16.800279,,,,,,903.822387,0.066146,0.000000,0.000000,0.000000,,-459.670013,1000.000000,,0.000000,0.000000,,,,0.047055,"SETFLOW",0.000000,0.997567,0.000000,,,,,"","",,,,7.300947,,0.000000,,0.000000,,,0.000000,0.000000,"",,,0.000000,,-1.000000,,0.000000,0.000000,-1.000000,-1.000000,,,,,,,,,,,"",,,,,,,,,,"Volumetric",,,,,,,,,,-0.313857,,,,,,,,,,-0.313857,-0.007532,,,,,,,,,,,,
"2FB99698","Nodes",1117076.000000,1677944.750000,1313.064347,"Default Known Flow Node",69.999969,0.579999,1000.000000,0.000000,"Known Flow",0.000000,0.000000,2.16999993085665e-07,40.000000,0.579999,1000.000000,0.000000,0.000000,13.000000,0.000000,0.515373,0.579999,,,,7.415765,7.415765,,16.800279,,,,,,903.822387,0.066146,0.000000,0.000000,0.000000,,-459.670013,1000.000000,,0.000000,0.000000,,,,0.047068,"UNDEFINED",0.000000,0.997566,0.000000,,,,,"","",,,,7.415765,,0.000000,,0.000000,,,0.000000,0.000000,"",,,0.000000,,-1.000000,,0.000000,0.000000,-1.000000,-1.000000,,,,,,,,,,,"",,,,,,,,,,"Volumetric",,,,,,,,,,0.000000,,,,,,,,,,0.000000,0.000000,,,,,,,,,,,,
"2FB9969B","Nodes",1117090.750000,1677947.120000,1313.064347,"Default Known Flow Node",69.999969,0.579999,1000.000000,0.000000,"Known Flow",0.000000,0.000000,2.16999993085665e-07,40.000000,0.579999,1000.000000,0.000000,0.000000,13.000000,0.000000,0.515373,0.579999,,,,7.410899,7.410899,,16.800279,,,,,,903.822387,0.066146,0.000000,0.000000,0.000000,,-459.670013,1000.000000,,0.000000,0.000000,,,,0.047068,"UNDEFINED",0.000000,0.997566,0.000000,,,,,"","",,,,7.410899,,0.000000,,0.000000,,,0.000000,0.000000,"",,,0.000000,,-1.000000,,0.000000,0.000000,-1.000000,-1.000000,,,,,,,,,,,"",,,,,,,,,,"Volumetric",,,,,,,,,,0.000000,,,,,,,,,,0.000000,0.000000,,,,,,,,,,,,
"2FB99697","Nodes",1117076.000000,1677943.750000,1313.064347,"Default Known Flow Node",69.999969,0.579999,1000.000000,0.000000,"Known Flow",0.000000,0.000000,2.16999993085665e-07,40.000000,0.579999,1000.000000,0.000000,0.000000,13.000000,0.000000,0.515373,0.579999,,,,7.415765,7.415765,,16.800279,,,,,,903.822387,0.066146,0.000000,0.000000,0.000000,,-459.670013,1000.000000,,0.000000,0.000000,,,,0.047068,"UNDEFINED",0.000000,0.997566,0.000000,,,,,"","",,,,7.415765,,0.000000,,0.000000,,,0.000000,0.000000,"",,,0.000000,,-1.000000,,0.000000,0.000000,-1.000000,-1.000000,,,,,,,,,,,"",,,,,,,,,,"Volumetric",,,,,,,,,,0.000000,,,,,,,,,,0.000000,0.000000,,,,,,,,,,,,
"Q3No923","Nodes",1116307.911632,1677940.604460,1313.064347,"Default Known Flow Node",69.999969,0.579999,1000.000000,0.000000,"Known Flow",0.000000,0.000000,2.16999993085665e-07,40.000000,0.579999,1000.000000,0.000000,0.000000,13.000000,0.000000,0.515375,0.579999,,,,7.635913,7.635913,,16.800279,,,,,,903.822387,0.066146,0.000000,0.000000,0.000000,,-459.670013,1000.000000,,0.000000,0.000000,,,,0.047093,"UNDEFINED",0.000000,0.997565,0.000000,,,,,"","",,,,7.635913,,0.000000,,0.000000,,,0.000000,0.000000,"",,,0.000000,,-1.000000,,0.000000,0.000000,0.000000,-1.000000,,,,,,,,,,,"",,,,,,,,,,"Volumetric",,,,,,,,,,0.000000,,,,,,,,,,0.000000,0.000000,,,,,,,,,,,,
"0BECA760","Nodes",1116389.833801,1677944.928227,1313.064347,"Default Known Flow Node",69.999969,0.579999,1000.000000,0.000000,"Known Flow",0.000000,0.000000,2.16999993085665e-07,40.000000,0.579999,1000.000000,0.000000,0.000000,13.000000,0.000000,0.515375,0.579999,,,,7.628895,7.628895,,16.800279,,,,,,903.822387,0.066146,0.000000,0.000000,0.000000,,-459.670013,1000.000000,,0.000000,0.000000,,,,0.047092,"SETFLOW",0.000000,0.997565,0.000000,,,,,"","",,,,7.628895,,0.000000,,0.000000,,,0.000000,0.000000,"",,,0.000000,"V75420",-1.000000,,0.000000,0.000000,-1.000000,-1.000000,,,,,,,,,,,"",,,,,,,,,,"Volumetric",,,,,,,,,,-0.207613,,,,,,,,,,-0.207613,-0.004982,,,,,,,,,,,,
"2FB99689","Nodes",1117095.870000,1677947.120000,1313.064347,"Default Known Flow Node",69.999969,0.579999,1000.000000,0.000000,"Known Flow",0.000000,0.000000,2.16999993085665e-07,40.000000,0.579999,1000.000000,0.000000,0.000000,13.000000,0.000000,0.515373,0.579999,,,,7.401320,7.401320,,16.800279,,,,,,903.822387,0.066146,0.000000,0.000000,0.000000,,-459.670013,1000.000000,,0.000000,0.000000,,,,0.047066,"SETFLOW",0.000000,0.997566,0.000000,,,,,"","",,,,7.401320,,0.000000,,0.000000,,,0.000000,0.000000,"",,,0.000000,,-1.000000,,0.000000,0.000000,-1.000000,-1.000000,,,,,,,,,,,"",,,,,,,,,,"Volumetric",,,,,,,,,,-0.055234,,,,,,,,,,-0.055234,-0.001325,,,,,,,,,,,,
"0BEC5DED","Nodes",1117220.000000,1677945.500000,1313.064347,"Default Known Flow Node",69.999969,0.579999,1000.000000,0.000000,"Known Flow",0.000000,0.000000,2.16999993085665e-07,40.000000,0.579999,1000.000000,0.000000,0.000000,13.000000,0.000000,0.515372,0.579999,,,,7.222035,7.222035,,16.800279,,,,,,903.822387,0.066146,0.000000,0.000000,0.000000,,-459.670013,1000.000000,,0.000000,0.000000,,,,0.047046,"SETFLOW",0.000000,0.997567,0.000000,,,,,"","",,,,7.222035,,0.000000,,0.000000,,,0.000000,0.000000,"",,,0.000000,"40-38 194 St, Firm (S09-37045-Q)",-1.000000,,0.000000,0.000000,-1.000000,-1.000000,,,,,,,,,,,,,,,,"",,,,,,,,,,"Volumetric",,,,,,,,,,-2.211121,,,,,-2.211121,-0.053066,,,,,,,,,,,,
"0BECA75B","Nodes",1116429.370000,1678176.620000,1313.064347,"Default Known Flow Node",69.999969,0.579999,1000.000000,0.000000,"Known Flow",0.000000,0.000000,2.16999993085665e-07,40.000000,0.579999,1000.000000,0.000000,0.000000,13.000000,0.000000,0.515375,0.579999,,,,7.726404,7.726404,,16.800279,,,,,,903.822387,0.066146,0.000000,0.000000,0.000000,,-459.670013,1000.000000,,0.000000,0.000000,,,,0.047103,"UNDEFINED",0.000000,0.997564,0.000000,,,,,"","",,,,7.726404,,0.000000,,0.000000,,,0.000000,0.000000,"",,,0.000000,,-1.000000,,0.000000,0.000000,-1.000000,-1.000000,,,,,,,,,,,"",,,,,,,,,,"Volumetric",,,,,,,,,,0.000000,,,,,,,,,,0.000000,0.000000,,,,,,,,,,,,
"Q3No920","Nodes",1116449.350037,1677954.320026,1313.064347,"Default Known Flow Node",69.999969,0.579999,1000.000000,0.000000,"Known Flow",0.000000,0.000000,2.16999993085665e-07,40.000000,0.579999,1000.000000,0.000000,0.000000,13.000000,0.000000,0.515375,0.579999,,,,7.628783,7.628783,,16.800279,,,,,,903.822387,0.066146,0.000000,0.000000,0.000000,,-459.670013,1000.000000,,0.000000,0.000000,,,,0.047092,"UNDEFINED",0.000000,0.997565,0.000000,,,,,"","",,,,7.628783,,0.000000,,0.000000,,,0.000000,0.000000,"",,,0.000000,,-1.000000,,0.000000,0.000000,0.000000,-1.000000,,,,,,,,,,,"",,,,,,,,,,"Volumetric",,,,,,,,,,0.000000,,,,,,,,,,0.000000,0.000000,,,,,,,,,,,,
"2FB99695","Nodes",1117068.620000,1677958.620000,1313.064347,"Default Known Flow Node",69.999969,0.579999,1000.000000,0.000000,"Known Flow",0.000000,0.000000,2.16999993085665e-07,40.000000,0.579999,1000.000000,0.000000,0.000000,13.000000,0.000000,0.515373,0.579999,,,,7.429550,7.429550,,16.800279,,,,,,903.822387,0.066146,0.000000,0.000000,0.000000,,-459.670013,1000.000000,,0.000000,0.000000,,,,0.047070,"UNDEFINED",0.000000,0.997566,0.000000,,,,,"","",,,,7.429550,,0.000000,,0.000000,,,0.000000,0.000000,"",,,0.000000,,-1.000000,,0.000000,0.000000,-1.000000,-1.000000,,,,,,,,,,,"",,,,,,,,,,"Volumetric",,,,,,,,,,0.000000,,,,,,,,,,0.000000,0.000000,,,,,,,,,,,,
"2FB99696","Nodes",1117068.620000,1677959.620000,1313.064347,"Default Known Flow Node",69.999969,0.579999,1000.000000,0.000000,"Known Flow",0.000000,0.000000,2.16999993085665e-07,40.000000,0.579999,1000.000000,0.000000,0.000000,13.000000,0.000000,0.515373,0.579999,,,,7.429550,7.429550,,16.800279,,,,,,903.822387,0.066146,0.000000,0.000000,0.000000,,-459.670013,1000.000000,,0.000000,0.000000,,,,0.047070,"SETFLOW",0.000000,0.997566,0.000000,,,,,"","",,,,7.429550,,0.000000,,0.000000,,,0.000000,0.000000,"",,,0.000000,,-1.000000,,0.000000,0.000000,-1.000000,-1.000000,,,,,,,,,,,"",,,,,,,,,,"Volumetric",,,,,,,,,,-0.258092,,,,,,,,,,-0.258092,-0.006194,,,,,,,,,,,,
"2FB99693","Nodes",1117064.620000,1678157.250000,1313.064347,"Default Known Flow Node",69.999969,0.579999,1000.000000,0.000000,"Known Flow",0.000000,0.000000,2.16999993085665e-07,40.000000,0.579999,1000.000000,0.000000,0.000000,13.000000,0.000000,0.515374,0.579999,,,,7.606942,7.606942,,16.800279,,,,,,903.822387,0.066146,0.000000,0.000000,0.000000,,-459.670013,1000.000000,,0.000000,0.000000,,,,0.047090,"SETFLOW",0.000000,0.997565,0.000000,,,,,"","",,,,7.606942,,0.000000,,0.000000,,,0.000000,0.000000,"",,,0.000000,"V20237",-1.000000,,0.000000,0.000000,-1.000000,-1.000000,,,,,,,,,,,"",,,,,,,,,,"Volumetric",,,,,,,,,,-0.022044,,,,,,,,,,-0.022044,-0.000529,,,,,,,,,,,,
"0BECA75A","Nodes",1116438.250000,1678175.750000,1313.064347,"Default Known Flow Node",69.999969,0.579999,1000.000000,0.000000,"Known Flow",0.000000,0.000000,2.16999993085665e-07,40.000000,0.579999,1000.000000,0.000000,0.000000,13.000000,0.000000,0.515375,0.579999,,,,7.703380,7.703380,,16.800279,,,,,,903.822387,0.066146,0.000000,0.000000,0.000000,,-459.670013,1000.000000,,0.000000,0.000000,,,,0.047101,"SETFLOW",0.000000,0.997564,0.000000,,,,,"","",,,,7.703380,,0.000000,,0.000000,,,0.000000,0.000000,"",,,0.000000,,-1.000000,,0.000000,0.000000,-1.000000,-1.000000,,,,,,,,,,,"",,,,,,,,,,"Volumetric",,,,,,,,,,-0.008991,,,,,,,,,,-0.008991,-0.000215,,,,,,,,,,,,
"0BECA75C","Nodes",1116428.500000,1678184.870000,1313.064347,"Default Known Flow Node",69.999969,0.579999,1000.000000,0.000000,"Known Flow",0.000000,0.000000,2.16999993085665e-07,40.000000,0.579999,1000.000000,0.000000,0.000000,13.000000,0.000000,0.515375,0.579999,,,,7.733773,7.733773,,16.800279,,,,,,903.822387,0.066146,0.000000,0.000000,0.000000,,-459.670013,1000.000000,,0.000000,0.000000,,,,0.047104,"UNDEFINED",0.000000,0.997564,0.000000,,,,,"","",,,,7.733773,,0.000000,,0.000000,,,0.000000,0.000000,"",,,0.000000,,-1.000000,,0.000000,0.000000,-1.000000,-1.000000,,,,,,,,,,,"",,,,,,,,,,"Volumetric",,,,,,,,,,0.000000,,,,,,,,,,0.000000,0.000000,,,,,,,,,,,,
"2FB9969F","Nodes",1117064.042673,1678189.106079,1313.064347,"Default Known Flow Node",69.999969,0.579999,1000.000000,0.000000,"Known Flow",0.000000,0.000000,2.16999993085665e-07,40.000000,0.579999,1000.000000,0.000000,0.000000,13.000000,0.000000,0.515375,0.579999,,,,7.638145,7.638145,,16.800279,,,,,,903.822387,0.066146,0.000000,0.000000,0.000000,,-459.670013,1000.000000,,0.000000,0.000000,,,,0.047093,"UNDEFINED",0.000000,0.997565,0.000000,,,,,"","",,,,7.638145,,0.000000,,0.000000,,,0.000000,0.000000,"",,,0.000000,,-1.000000,,0.000000,0.000000,-1.000000,-1.000000,,,,,,,,,,,"",,,,,,,,,,"Volumetric",,,,,,,,,,0.000000,,,,,,,,,,0.000000,0.000000,,,,,,,,,,,,
"2FB99691","Nodes",1117067.500000,1678195.250000,1313.064347,"Default Known Flow Node",69.999969,0.579999,1000.000000,0.000000,"Known Flow",0.000000,0.000000,2.16999993085665e-07,40.000000,0.579999,1000.000000,0.000000,0.000000,13.000000,0.000000,0.515375,0.579999,,,,7.637354,7.637354,,16.800279,,,,,,903.822387,0.066146,0.000000,0.000000,0.000000,,-459.670013,1000.000000,,0.000000,0.000000,,,,0.047093,"UNDEFINED",0.000000,0.997565,0.000000,,,,,"","",,,,7.637354,,0.000000,,0.000000,,,0.000000,0.000000,"",,,0.000000,"V20324",-1.000000,,0.000000,0.000000,-1.000000,-1.000000,,,,,,,,,,,"",,,,,,,,,,"Volumetric",,,,,,,,,,0.000000,,,,,,,,,,0.000000,0.000000,,,,,,,,,,,,
"2FBEC628","Nodes",1117066.502928,1678195.189272,1313.064347,"Default Known Flow Node",69.999969,0.579999,1000.000000,0.000000,"Known Flow",0.000000,0.000000,2.16999993085665e-07,40.000000,0.579999,1000.000000,0.000000,0.000000,13.000000,0.000000,0.515375,0.579999,,,,7.638266,7.638266,,16.800279,,,,,,903.822387,0.066146,0.000000,0.000000,0.000000,,-459.670013,1000.000000,,0.000000,0.000000,,,,0.047093,"UNDEFINED",0.000000,0.997565,0.000000,,,,,"","",,,,7.638266,,0.000000,,0.000000,,,0.000000,0.000000,"",,,0.000000,,-1.000000,,0.000000,0.000000,0.000000,-1.000000,,,,,,,,,,,"",,,,,,,,,,"Volumetric",,,,,,,,,,0.000000,,,,,,,,,,0.000000,0.000000,,,,,,,,,,,,
"2FB9968C","Nodes",1117069.500000,1678195.250000,1313.064347,"Default Known Flow Node",69.999969,0.579999,1000.000000,0.000000,"Known Flow",0.000000,0.000000,2.16999993085665e-07,40.000000,0.579999,1000.000000,0.000000,0.000000,13.000000,0.000000,0.515375,0.579999,,,,7.635528,7.635528,,16.800279,,,,,,903.822387,0.066146,0.000000,0.000000,0.000000,,-459.670013,1000.000000,,0.000000,0.000000,,,,0.047093,"SETFLOW",0.000000,0.997565,0.000000,,,,,"","",,,,7.635528,,0.000000,,0.000000,,,0.000000,0.000000,"",,,0.000000,,-1.000000,,0.000000,0.000000,-1.000000,-1.000000,,,,,,,,,,,"",,,,,,,,,,"Volumetric",,,,,,,,,,-0.004210,,,,,,,,,,-0.004210,-0.000101,,,,,,,,,,,,
"0BEC5DEE","Nodes",1117219.870000,1678199.370000,1313.064347,"Default Known Flow Node",69.999969,0.579999,1000.000000,0.000000,"Known Flow",0.000000,0.000000,2.16999993085665e-07,40.000000,0.579999,1000.000000,0.000000,0.000000,13.000000,0.000000,0.515374,0.579999,,,,7.533603,7.533603,,16.800279,,,,,,903.822387,0.066146,0.000000,0.000000,0.000000,,-459.670013,1000.000000,,0.000000,0.000000,,,,0.047081,"SETFLOW",0.000000,0.997565,0.000000,,,,,"","",,,,7.533603,,0.000000,,0.000000,,,0.000000,0.000000,"",,,0.000000,,-1.000000,,0.000000,0.000000,-1.000000,-1.000000,,,,,,,,,,,"",,,,,,,,,,"Volumetric",,,,,,,,,,-0.013724,,,,,,,,,,-0.013724,-0.000329,,,,,,,,,,,,
"0BECA75D","Nodes",1116426.250000,1678207.750000,1313.064347,"Default Known Flow Node",69.999969,0.579999,1000.000000,0.000000,"Known Flow",0.000000,0.000000,2.16999993085665e-07,40.000000,0.579999,1000.000000,0.000000,0.000000,13.000000,0.000000,0.515375,0.579999,,,,7.772434,7.772434,,16.800279,,,,,,903.822387,0.066146,0.000000,0.000000,0.000000,,-459.670013,1000.000000,,0.000000,0.000000,,,,0.047109,"UNDEFINED",0.000000,0.997564,0.000000,,,,,"","",,,,7.772434,,0.000000,,0.000000,,,0.000000,0.000000,"",,,0.000000,,-1.000000,,0.000000,0.000000,-1.000000,-1.000000,,,,,,,,,,,"",,,,,,,,,,"Volumetric",,,,,,,,,,0.000000,,,,,,,,,,0.000000,0.000000,,,,,,,,,,,,
"0BECA75F","Nodes",1116420.750000,1678207.370000,1313.064347,"Default Known Flow Node",69.999969,0.579999,1000.000000,0.000000,"Known Flow",0.000000,0.000000,2.16999993085665e-07,40.000000,0.579999,1000.000000,0.000000,0.000000,13.000000,0.000000,0.515375,0.579999,,,,7.773950,7.773950,,16.800279,,,,,,903.822387,0.066146,0.000000,0.000000,0.000000,,-459.670013,1000.000000,,0.000000,0.000000,,,,0.047109,"SETFLOW",0.000000,0.997564,0.000000,,,,,"","",,,,7.773950,,0.000000,,0.000000,,,0.000000,0.000000,"",,,0.000000,,-1.000000,,0.000000,0.000000,-1.000000,-1.000000,,,,,,,,,,,"",,,,,,,,,,"Volumetric",,,,,,,,,,-0.017709,,,,,,,,,,-0.017709,-0.000425,,,,,,,,,,,,
"0BECA75E","Nodes",1116425.870000,1678212.870000,1313.064347,"Default Known Flow Node",69.999969,0.579999,1000.000000,0.000000,"Known Flow",0.000000,0.000000,2.16999993085665e-07,40.000000,0.579999,1000.000000,0.000000,0.000000,13.000000,0.000000,0.515375,0.579999,,,,7.777900,7.777900,,16.800279,,,,,,903.822387,0.066146,0.000000,0.000000,0.000000,,-459.670013,1000.000000,,0.000000,0.000000,,,,0.047109,"UNDEFINED",0.000000,0.997564,0.000000,,,,,"","",,,,7.777900,,0.000000,,0.000000,,,0.000000,0.000000,"",,,0.000000,,-1.000000,,0.000000,0.000000,-1.000000,-1.000000,,,,,,,,,,,"",,,,,,,,,,"Volumetric",,,,,,,,,,0.000000,,,,,,,,,,0.000000,0.000000,,,,,,,,,,,,
"0BECA7B8","Nodes",1116419.370000,1678280.000000,1313.064347,"Default Known Flow Node",69.999969,0.579999,1000.000000,0.000000,"Known Flow",0.000000,0.000000,2.16999993085665e-07,40.000000,0.579999,1000.000000,0.000000,0.000000,13.000000,0.000000,0.515376,0.579999,,,,7.818341,7.818341,,16.800279,,,,,,903.822387,0.066146,0.000000,0.000000,0.000000,,-459.670013,1000.000000,,0.000000,0.000000,,,,0.047114,"UNDEFINED",0.000000,0.997564,0.000000,,,,,"","",,,,7.818341,,0.000000,,0.000000,,,0.000000,0.000000,"",,,0.000000,,-1.000000,,0.000000,0.000000,-1.000000,-1.000000,,,,,,,,,,,"",,,,,,,,,,"Volumetric",,,,,,,,,,0.000000,,,,,,,,,,0.000000,0.000000,,,,,,,,,,,,
"2FB1ADAC","Nodes",1116404.620000,1678464.500000,1313.064347,"Default Known Flow Node",69.999969,0.579999,1000.000000,0.000000,"Known Flow",0.000000,0.000000,2.16999993085665e-07,40.000000,0.579999,1000.000000,0.000000,0.000000,13.000000,0.000000,0.515376,0.579999,,,,7.910703,7.910703,,16.800279,,,,,,903.822387,0.066146,0.000000,0.000000,0.000000,,-459.670013,1000.000000,,0.000000,0.000000,,,,0.047124,"UNDEFINED",0.000000,0.997563,0.000000,,,,,"","",,,,7.910703,,0.000000,,0.000000,,,0.000000,0.000000,"",,,0.000000,,-1.000000,,0.000000,0.000000,-1.000000,-1.000000,,,,,,,,,,,"",,,,,,,,,,"Volumetric",,,,,,,,,,0.000000,,,,,,,,,,0.000000,0.000000,,,,,,,,,,,,
"2FB1ADAB","Nodes",1116393.870000,1678464.250000,1313.064347,"Default Known Flow Node",69.999969,0.579999,1000.000000,0.000000,"Known Flow",0.000000,0.000000,2.16999993085665e-07,40.000000,0.579999,1000.000000,0.000000,0.000000,13.000000,0.000000,0.515376,0.579999,,,,7.928937,7.928937,,16.800279,,,,,,903.822387,0.066146,0.000000,0.000000,0.000000,,-459.670013,1000.000000,,0.000000,0.000000,,,,0.047126,"UNDEFINED",0.000000,0.997563,0.000000,,,,,"","",,,,7.928937,,0.000000,,0.000000,,,0.000000,0.000000,"",,,0.000000,"196-10 Northern Blvd AC= 0, Q= 3.682 mcfh, Firm",-1.000000,,0.000000,0.000000,-1.000000,-1.000000,,,,,,,,,,,"",,,,,,,,,,"Volumetric",,,,,,,,,,0.000000,,,,,,,,,,0.000000,0.000000,,,,,,,,,,,,
"2FB1ADAD","Nodes",1116446.370000,1678464.870000,1313.064347,"Default Known Flow Node",69.999969,0.579999,1000.000000,0.000000,"Known Flow",0.000000,0.000000,2.16999993085665e-07,40.000000,0.579999,1000.000000,0.000000,0.000000,13.000000,0.000000,0.515376,0.579999,,,,7.895518,7.895518,,16.800279,,,,,,903.822387,0.066146,0.000000,0.000000,0.000000,,-459.670013,1000.000000,,0.000000,0.000000,,,,0.047123,"SETFLOW",0.000000,0.997563,0.000000,,,,,"","",,,,7.895518,,0.000000,,0.000000,,,0.000000,0.000000,"",,,0.000000,,-1.000000,,0.000000,0.000000,-1.000000,-1.000000,,,,,,,,,,,"",,,,,,,,,,"Volumetric",,,,,,,,,,-0.040498,,,,,,,,,,-0.040498,-0.000971,,,,,,,,,,,,
"2FB1AD6F","Nodes",1116730.133143,1678471.940680,1313.064347,"Default Known Flow Node",69.999969,0.579999,1000.000000,0.000000,"Known Flow",0.000000,0.000000,2.16999993085665e-07,40.000000,0.579999,1000.000000,0.000000,0.000000,13.000000,0.000000,0.515375,0.579999,,,,7.794478,7.794478,,16.800279,,,,,,903.822387,0.066146,0.000000,0.000000,0.000000,,-459.670013,1000.000000,,0.000000,0.000000,,,,0.047111,"SETFLOW",0.000000,0.997564,0.000000,,,,,"","",,,,7.794478,,0.000000,,0.000000,,,0.000000,0.000000,"",,,0.000000,,-1.000000,,0.000000,0.000000,-1.000000,-1.000000,,,,,,,,,,,"",,,,,,,,,,"Volumetric",,,,,,,,,,-0.079222,,,,,,,,,,-0.079222,-0.001901,,,,,,,,,,,,
"2FB1AF5A","Nodes",1116706.004643,1678471.571396,1313.064347,"Default Known Flow Node",69.999969,0.579999,1000.000000,0.000000,"Known Flow",0.000000,0.000000,2.16999993085665e-07,40.000000,0.579999,1000.000000,0.000000,0.000000,13.000000,0.000000,0.515376,0.579999,,,,7.802559,7.802559,,16.800279,,,,,,903.822387,0.066146,0.000000,0.000000,0.000000,,-459.670013,1000.000000,,0.000000,0.000000,,,,0.047112,"SETFLOW",0.000000,0.997564,0.000000,,,,,"","",,,,7.802559,,0.000000,,0.000000,,,0.000000,0.000000,"",,,0.000000,"V20701",-1.000000,,0.000000,0.000000,-1.000000,-1.000000,,,,,,,,,,,"",,,,,,,,,,"Volumetric",,,,,,,,,,-0.021180,,,,,,,,,,-0.021180,-0.000508,,,,,,,,,,,,
"2FB1AD80","Nodes",1117202.620000,1678484.250000,1313.064347,"Default Known Flow Node",69.999969,0.579999,1000.000000,0.000000,"Known Flow",0.000000,0.000000,2.16999993085665e-07,40.000000,0.579999,1000.000000,0.000000,0.000000,13.000000,0.000000,0.515374,0.579999,,,,7.573673,7.573673,,16.800279,,,,,,903.822387,0.066146,0.000000,0.000000,0.000000,,-459.670013,1000.000000,,0.000000,0.000000,,,,0.047086,"UNDEFINED",0.000000,0.997565,0.000000,,,,,"","",,,,7.573673,,0.000000,,0.000000,,,0.000000,0.000000,"",,,0.000000,,-1.000000,,0.000000,0.000000,-1.000000,-1.000000,,,,,,,,,,,"",,,,,,,,,,"Volumetric",,,,,,,,,,0.000000,,,,,,,,,,0.000000,0.000000,,,,,,,,,,,,
"2FBBBCA3","Nodes",1117037.703808,1678480.425328,1313.064347,"Default Known Flow Node",69.999969,0.579999,1000.000000,0.000000,"Known Flow",0.000000,0.000000,2.16999993085665e-07,40.000000,0.579999,1000.000000,0.000000,0.000000,13.000000,0.000000,0.515375,0.579999,,,,7.695915,7.695915,,16.800279,,,,,,903.822387,0.066146,0.000000,0.000000,0.000000,,-459.670013,1000.000000,,0.000000,0.000000,,,,0.047100,"UNDEFINED",0.000000,0.997564,0.000000,,,,,"","",,,,7.695915,,0.000000,,0.000000,,,0.000000,0.000000,"",,,0.000000,,-1.000000,,0.000000,0.000000,-1.000000,-1.000000,,,,,,,,,,,"",,,,,,,,,,"Volumetric",,,,,,,,,,0.000000,,,,,,,,,,0.000000,0.000000,,,,,,,,,,,,
"2FB1AF72","Nodes",1117026.206306,1678487.944411,1313.064347,"Default Known Flow Node",69.999969,0.579999,1000.000000,0.000000,"Known Flow",0.000000,0.000000,2.16999993085665e-07,40.000000,0.579999,1000.000000,0.000000,0.000000,13.000000,0.000000,0.515375,0.579999,,,,7.701862,7.701862,,16.800279,,,,,,903.822387,0.066146,0.000000,0.000000,0.000000,,-459.670013,1000.000000,,0.000000,0.000000,,,,0.047101,"SETFLOW",0.000000,0.997564,0.000000,,,,,"","",,,,7.701862,,0.000000,,0.000000,,,0.000000,0.000000,"",,,0.000000,"V48420",-1.000000,,0.000000,0.000000,-1.000000,-1.000000,,,,,,,,,,,"",,,,,,,,,,"Volumetric",,,,,,,,,,-0.041364,,,,,,,,,,-0.041364,-0.000992,,,,,,,,,,,,
"2FB1AD82","Nodes",1117026.249171,1678480.739506,1313.064347,"Default Known Flow Node",69.999969,0.579999,1000.000000,0.000000,"Known Flow",0.000000,0.000000,2.16999993085665e-07,40.000000,0.579999,1000.000000,0.000000,0.000000,13.000000,0.000000,0.515375,0.579999,,,,7.700844,7.700844,,16.800279,,,,,,903.822387,0.066146,0.000000,0.000000,0.000000,,-459.670013,1000.000000,,0.000000,0.000000,,,,0.047100,"SETFLOW",0.000000,0.997564,0.000000,,,,,"","",,,,7.700844,,0.000000,,0.000000,,,0.000000,0.000000,"",,,0.000000,,-1.000000,,0.000000,0.000000,-1.000000,-1.000000,,,,,,,,,,,"",,,,,,,,,,"Volumetric",,,,,,,,,,-0.157787,,,,,,,,,,-0.157787,-0.003786,,,,,,,,,,,,
"0BEC9B93","Nodes",1117218.750000,1678484.620000,1313.064347,"Default Known Flow Node",69.999969,0.579999,1000.000000,0.000000,"Known Flow",0.000000,0.000000,2.16999993085665e-07,40.000000,0.579999,1000.000000,0.000000,0.000000,13.000000,0.000000,0.515374,0.579999,,,,7.561672,7.561672,,16.800279,,,,,,903.822387,0.066146,0.000000,0.000000,0.000000,,-459.670013,1000.000000,,0.000000,0.000000,,,,0.047085,"SETFLOW",0.000000,0.997565,0.000000,,,,,"","",,,,7.561672,,0.000000,,0.000000,,,0.000000,0.000000,"",,,0.000000,,-1.000000,,0.000000,0.000000,-1.000000,-1.000000,,,,,,,,,,,"",,,,,,,,,,"Volumetric",,,,,,,,,,-0.081490,,,,,,,,,,-0.081490,-0.001955,,,,,,,,,,,,
"2FB1AD86","Nodes",1117029.046506,1678498.570867,1313.064347,"Default Known Flow Node",69.999969,0.579999,1000.000000,0.000000,"Known Flow",0.000000,0.000000,2.16999993085665e-07,40.000000,0.579999,1000.000000,0.000000,0.000000,13.000000,0.000000,0.515375,0.579999,,,,7.703663,7.703663,,16.800279,,,,,,903.822387,0.066146,0.000000,0.000000,0.000000,,-459.670013,1000.000000,,0.000000,0.000000,,,,0.047101,"SETFLOW",0.000000,0.997564,0.000000,,,,,"","",,,,7.703663,,0.000000,,0.000000,,,0.000000,0.000000,"",,,0.000000,,-1.000000,,0.000000,0.000000,-1.000000,-1.000000,,,,,,,,,,,"",,,,,,,,,,"Volumetric",,,,,,,,,,-0.028091,,,,,,,,,,-0.028091,-0.000674,,,,,,,,,,,,
"2FB1AD88","Nodes",1117029.097122,1678508.652506,1313.064347,"Default Known Flow Node",69.999969,0.579999,1000.000000,0.000000,"Known Flow",0.000000,0.000000,2.16999993085665e-07,40.000000,0.579999,1000.000000,0.000000,0.000000,13.000000,0.000000,0.515375,0.579999,,,,7.705196,7.705196,,16.800279,,,,,,903.822387,0.066146,0.000000,0.000000,0.000000,,-459.670013,1000.000000,,0.000000,0.000000,,,,0.047101,"SETFLOW",0.000000,0.997564,0.000000,,,,,"","",,,,7.705196,,0.000000,,0.000000,,,0.000000,0.000000,"",,,0.000000,,-1.000000,,0.000000,0.000000,-1.000000,-1.000000,,,,,,,,,,,"",,,,,,,,,,"Volumetric",,,,,,,,,,-0.066015,,,,,,,,,,-0.066015,-0.001584,,,,,,,,,,,,
"2FB1AF59","Nodes",1116717.926155,1678531.908645,1313.064347,"Default Known Flow Node",69.999969,0.579999,1000.000000,0.000000,"Known Flow",0.000000,0.000000,2.16999993085665e-07,40.000000,0.579999,1000.000000,0.000000,0.000000,13.000000,0.000000,0.515375,0.579999,,,,7.794374,7.794374,,16.800279,,,,,,903.822387,0.066146,0.000000,0.000000,0.000000,,-459.670013,1000.000000,,0.000000,0.000000,,,,0.047111,"SETFLOW",0.000000,0.997564,0.000000,,,,,"","",,,,7.794374,,0.000000,,0.000000,,,0.000000,0.000000,"",,,0.000000,,-1.000000,,0.000000,0.000000,-1.000000,-1.000000,,,,,,,,,,,"",,,,,,,,,,"Volumetric",,,,,,,,,,-0.067099,,,,,,,,,,-0.067099,-0.001610,,,,,,,,,,,,
"0BEC46D0","Nodes",1117323.870000,1667623.750000,1313.064347,"Default Known Flow Node",69.999969,0.579999,1000.000000,0.000000,"Known Flow",0.000000,0.000000,2.16999993085665e-07,40.000000,0.579999,1000.000000,0.000000,0.000000,13.000000,0.000000,0.515375,0.579999,,,,7.738493,7.738493,,16.800279,,,,,,903.822387,0.066146,0.000000,0.000000,0.000000,,-459.670013,1000.000000,,0.000000,0.000000,,,,0.047105,"UNDEFINED",0.000000,0.997564,0.000000,,,,,"","",,,,7.738493,,0.000000,,0.000000,,,0.000000,0.000000,"",,,0.000000,"Canceled SIR: Peter Lehr",-1.000000,,0.000000,0.000000,-1.000000,-1.000000,,,,,,,,,,,"",,,,,,,,,,"Volumetric",,,,,,,,,,0.000000,,,,,,,,,,0.000000,0.000000,,,,,,,,,,,,
"0BEC4703","Nodes",1118217.750000,1667835.870000,1313.064347,"Default Known Flow Node",69.999969,0.579999,1000.000000,0.000000,"Known Flow",0.000000,0.000000,2.16999993085665e-07,40.000000,0.579999,1000.000000,0.000000,0.000000,13.000000,0.000000,0.515374,0.579999,,,,7.504687,7.504687,,16.800279,,,,,,903.822387,0.066146,0.000000,0.000000,0.000000,,-459.670013,1000.000000,,0.000000,0.000000,,,,0.047078,"SETFLOW",0.000000,0.997565,0.000000,,,,,"","",,,,7.504687,,0.000000,,0.000000,,,0.000000,0.000000,"",,,0.000000,,-1.000000,,0.000000,0.000000,-1.000000,-1.000000,,,,,,,,,,,"",,,,,,,,,,"Volumetric",,,,,,,,,,-0.414088,,,,,,,,,,-0.414088,-0.009938,,,,,,,,,,,,
"0BEC4741","Nodes",1118242.500000,1667839.120000,1313.064347,"Default Known Flow Node",69.999969,0.579999,1000.000000,0.000000,"Known Flow",0.000000,0.000000,2.16999993085665e-07,40.000000,0.579999,1000.000000,0.000000,0.000000,13.000000,0.000000,0.515374,0.579999,,,,7.489416,7.489416,,16.800279,,,,,,903.822387,0.066146,0.000000,0.000000,0.000000,,-459.670013,1000.000000,,0.000000,0.000000,,,,0.047076,"SETFLOW",0.000000,0.997566,0.000000,,,,,"","",,,,7.489416,,0.000000,,0.000000,,,0.000000,0.000000,"",,,0.000000,,-1.000000,,0.000000,0.000000,-1.000000,-1.000000,,,,,,,,,,,"",,,,,,,,,,"Volumetric",,,,,,,,,,-0.068813,,,,,,,,,,-0.068813,-0.001651,,,,,,,,,,,,
"Q3No450","Nodes",1118202.973267,1667838.730012,1313.064347,"Default Known Flow Node",69.999969,0.579999,1000.000000,0.000000,"Known Flow",0.000000,0.000000,2.16999993085665e-07,40.000000,0.579999,1000.000000,0.000000,0.000000,13.000000,0.000000,0.515374,0.579999,,,,7.520027,7.520027,,16.800279,,,,,,903.822387,0.066146,0.000000,0.000000,0.000000,,-459.670013,1000.000000,,0.000000,0.000000,,,,0.047080,"UNDEFINED",0.000000,0.997565,0.000000,,,,,"","",,,,7.520027,,0.000000,,0.000000,,,0.000000,0.000000,"",,,0.000000,,-1.000000,,0.000000,0.000000,0.000000,-1.000000,,,,,,,,,,,"",,,,,,,,,,"Volumetric",,,,,,,,,,0.000000,,,,,,,,,,0.000000,0.000000,,,,,,,,,,,,
"0BEC4704","Nodes",1118196.186098,1667840.065308,1313.064347,"Default Known Flow Node",69.999969,0.579999,1000.000000,0.000000,"Known Flow",0.000000,0.000000,2.16999993085665e-07,40.000000,0.579999,1000.000000,0.000000,0.000000,13.000000,0.000000,0.515374,0.579999,,,,7.528553,7.528553,,16.800279,,,,,,903.822387,0.066146,0.000000,0.000000,0.000000,,-459.670013,1000.000000,,0.000000,0.000000,,,,0.047081,"UNDEFINED",0.000000,0.997565,0.000000,,,,,"","",,,,7.528553,,0.000000,,0.000000,,,0.000000,0.000000,"",,,0.000000,,-1.000000,,0.000000,0.000000,-1.000000,-1.000000,,,,,,,,,,,"",,,,,,,,,,"Volumetric",,,,,,,,,,0.000000,,,,,,,,,,0.000000,0.000000,,,,,,,,,,,,
"0BEC4705","Nodes",1118192.797874,1667840.608512,1313.064347,"Default Known Flow Node",69.999969,0.579999,1000.000000,0.000000,"Known Flow",0.000000,0.000000,2.16999993085665e-07,40.000000,0.579999,1000.000000,0.000000,0.000000,13.000000,0.000000,0.515374,0.579999,,,,7.528553,7.528553,,16.800279,,,,,,903.822387,0.066146,0.000000,0.000000,0.000000,,-459.670013,1000.000000,,0.000000,0.000000,,,,0.047081,"UNDEFINED",0.000000,0.997565,0.000000,,,,,"","",,,,7.528553,,0.000000,,0.000000,,,0.000000,0.000000,"",,,0.000000,,-1.000000,,0.000000,0.000000,-1.000000,-1.000000,,,,,,,,,,,"",,,,,,,,,,"Volumetric",,,,,,,,,,0.000000,,,,,,,,,,0.000000,0.000000,,,,,,,,,,,,
"0BEC4707","Nodes",1118209.441325,1667910.169225,1313.064347,"Default Known Flow Node",69.999969,0.579999,1000.000000,0.000000,"Known Flow",0.000000,0.000000,2.16999993085665e-07,40.000000,0.579999,1000.000000,0.000000,0.000000,13.000000,0.000000,0.515374,0.579999,,,,7.562000,7.562000,,16.800279,,,,,,903.822387,0.066146,0.000000,0.000000,0.000000,,-459.670013,1000.000000,,0.000000,0.000000,,,,0.047085,"SETFLOW",0.000000,0.997565,0.000000,,,,,"","",,,,7.562000,,0.000000,,0.000000,,,0.000000,0.000000,"",,,0.000000,,-1.000000,,0.000000,0.000000,-1.000000,-1.000000,,,,,,,,,,,"",,,,,,,,,,"Volumetric",,,,,,,,,,-0.026157,,,,,,,,,,-0.026157,-0.000627,,,,,,,,,,,,
"0BEC46EB","Nodes",1117874.620000,1667868.750000,1313.064347,"Default Known Flow Node",69.999969,0.579999,1000.000000,0.000000,"Known Flow",0.000000,0.000000,2.16999993085665e-07,40.000000,0.579999,1000.000000,0.000000,0.000000,13.000000,0.000000,0.515376,0.579999,,,,7.921511,7.921511,,16.800279,,,,,,903.822387,0.066146,0.000000,0.000000,0.000000,,-459.670013,1000.000000,,0.000000,0.000000,,,,0.047126,"SETFLOW",0.000000,0.997563,0.000000,,,,,"","",,,,7.921511,,0.000000,,0.000000,,,0.000000,0.000000,"",,,0.000000,,-1.000000,,0.000000,0.000000,-1.000000,-1.000000,,,,,,,,,,,"",,,,,,,,,,"Volumetric",,,,,,,,,,-0.116701,,,,,,,,,,-0.116701,-0.002800,,,,,,,,,,,,
"0BEC46EC","Nodes",1117875.370000,1667872.120000,1313.064347,"Default Known Flow Node",69.999969,0.579999,1000.000000,0.000000,"Known Flow",0.000000,0.000000,2.16999993085665e-07,40.000000,0.579999,1000.000000,0.000000,0.000000,13.000000,0.000000,0.515376,0.579999,,,,7.922200,7.922200,,16.800279,,,,,,903.822387,0.066146,0.000000,0.000000,0.000000,,-459.670013,1000.000000,,0.000000,0.000000,,,,0.047126,"UNDEFINED",0.000000,0.997563,0.000000,,,,,"","",,,,7.922200,,0.000000,,0.000000,,,0.000000,0.000000,"",,,0.000000,,-1.000000,,0.000000,0.000000,-1.000000,-1.000000,,,,,,,,,,,"",,,,,,,,,,"Volumetric",,,,,,,,,,0.000000,,,,,,,,,,0.000000,0.000000,,,,,,,,,,,,
"0BEC46F4","Nodes",1117871.870000,1667874.620000,1313.064347,"Default Known Flow Node",69.999969,0.579999,1000.000000,0.000000,"Known Flow",0.000000,0.000000,2.16999993085665e-07,40.000000,0.579999,1000.000000,0.000000,0.000000,13.000000,0.000000,0.515376,0.579999,,,,7.921286,7.921286,,16.800279,,,,,,903.822387,0.066146,0.000000,0.000000,0.000000,,-459.670013,1000.000000,,0.000000,0.000000,,,,0.047126,"UNDEFINED",0.000000,0.997563,0.000000,,,,,"","",,,,7.921286,,0.000000,,0.000000,,,0.000000,0.000000,"",,,0.000000,,-1.000000,,0.000000,0.000000,-1.000000,-1.000000,,,,,,,,,,,"",,,,,,,,,,"Volumetric",,,,,,,,,,0.000000,,,,,,,,,,0.000000,0.000000,,,,,,,,,,,,
"0BEC46ED","Nodes",1117876.120000,1667875.620000,1313.064347,"Default Known Flow Node",69.999969,0.579999,1000.000000,0.000000,"Known Flow",0.000000,0.000000,2.16999993085665e-07,40.000000,0.579999,1000.000000,0.000000,0.000000,13.000000,0.000000,0.515376,0.579999,,,,7.923389,7.923389,,16.800279,,,,,,903.822387,0.066146,0.000000,0.000000,0.000000,,-459.670013,1000.000000,,0.000000,0.000000,,,,0.047126,"UNDEFINED",0.000000,0.997563,0.000000,,,,,"","",,,,7.923389,,0.000000,,0.000000,,,0.000000,0.000000,"",,,0.000000,,-1.000000,,0.000000,0.000000,-1.000000,-1.000000,,,,,,,,,,,"",,,,,,,,,,"Volumetric",,,,,,,,,,0.000000,,,,,,,,,,0.000000,0.000000,,,,,,,,,,,,
"0BEC46F5","Nodes",1117847.870000,1667892.000000,1313.064347,"Default Known Flow Node",69.999969,0.579999,1000.000000,0.000000,"Known Flow",0.000000,0.000000,2.16999993085665e-07,40.000000,0.579999,1000.000000,0.000000,0.000000,13.000000,0.000000,0.515376,0.579999,,,,7.913641,7.913641,,16.800279,,,,,,903.822387,0.066146,0.000000,0.000000,0.000000,,-459.670013,1000.000000,,0.000000,0.000000,,,,0.047125,"UNDEFINED",0.000000,0.997563,0.000000,,,,,"","",,,,7.913641,,0.000000,,0.000000,,,0.000000,0.000000,"",,,0.000000,,-1.000000,,0.000000,0.000000,-1.000000,-1.000000,,,,,,,,,,,"",,,,,,,,,,"Volumetric",,,,,,,,,,0.000000,,,,,,,,,,0.000000,0.000000,,,,,,,,,,,,
"0BEC46EE","Nodes",1117888.000000,1667930.120000,1313.064347,"Default Known Flow Node",69.999969,0.579999,1000.000000,0.000000,"Known Flow",0.000000,0.000000,2.16999993085665e-07,40.000000,0.579999,1000.000000,0.000000,0.000000,13.000000,0.000000,0.515376,0.579999,,,,7.939952,7.939952,,16.800279,,,,,,903.822387,0.066146,0.000000,0.000000,0.000000,,-459.670013,1000.000000,,0.000000,0.000000,,,,0.047128,"UNDEFINED",0.000000,0.997563,0.000000,,,,,"","",,,,7.939952,,0.000000,,0.000000,,,0.000000,0.000000,"",,,0.000000,,-1.000000,,0.000000,0.000000,-1.000000,-1.000000,,,,,,,,,,,"",,,,,,,,,,"Volumetric",,,,,,,,,,0.000000,,,,,,,,,,0.000000,0.000000,,,,,,,,,,,,
"0BEC46EF","Nodes",1117889.370000,1667936.120000,1313.064347,"Default Known Flow Node",69.999969,0.579999,1000.000000,0.000000,"Known Flow",0.000000,0.000000,2.16999993085665e-07,40.000000,0.579999,1000.000000,0.000000,0.000000,13.000000,0.000000,0.515376,0.579999,,,,7.941727,7.941727,,16.800279,,,,,,903.822387,0.066146,0.000000,0.000000,0.000000,,-459.670013,1000.000000,,0.000000,0.000000,,,,0.047128,"SETFLOW",0.000000,0.997563,0.000000,,,,,"","",,,,7.941727,,0.000000,,0.000000,,,0.000000,0.000000,"",,,0.000000,,-1.000000,,0.000000,0.000000,-1.000000,-1.000000,,,,,,,,,,,"",,,,,,,,,,"Volumetric",,,,,,,,,,-0.028571,,,,,,,,,,-0.028571,-0.000685,,,,,,,,,,,,
"2FC0B961","Nodes",1118220.421600,1667968.327956,1313.064347,"Default Known Flow Node",69.999969,0.579999,1000.000000,0.000000,"Known Flow",0.000000,0.000000,2.16999993085665e-07,40.000000,0.579999,1000.000000,0.000000,0.000000,13.000000,0.000000,0.515374,0.579999,,,,7.589171,7.589171,,16.800279,,,,,,903.822387,0.066146,0.000000,0.000000,0.000000,,-459.670013,1000.000000,,0.000000,0.000000,,,,0.047088,"SETFLOW",0.000000,0.997565,0.000000,,,,,"","",,,,7.589171,,0.000000,,0.000000,,,0.000000,0.000000,"",,,0.000000,"143-06 Barclay Ave, Q = -1.5 mcfh, Firm DONE",-1.000000,,0.000000,0.000000,0.000000,-1.000000,,,,,,,,,,,,,,,,"",,,,,,,,,,"Volumetric",,,,,,,,,,-1.500000,,,,,-1.500000,-0.036000,,,,,,,,,,,,
"0BEC46D1","Nodes",1117480.000000,1668161.370000,1313.064347,"Default Known Flow Node",69.999969,0.579999,1000.000000,0.000000,"Known Flow",0.000000,0.000000,2.16999993085665e-07,40.000000,0.579999,1000.000000,0.000000,0.000000,13.000000,0.000000,0.515376,0.579999,,,,7.822007,7.822007,,16.800279,,,,,,903.822387,0.066146,0.000000,0.000000,0.000000,,-459.670013,1000.000000,,0.000000,0.000000,,,,0.047114,"SETFLOW",0.000000,0.997564,0.000000,,,,,"","",,,,7.822007,,0.000000,,0.000000,,,0.000000,0.000000,"",,,0.000000,,-1.000000,,0.000000,0.000000,-1.000000,-1.000000,,,,,,,,,,,"",,,,,,,,,,"Volumetric",,,,,,,,,,-0.007726,,,,,,,,,,-0.007726,-0.000185,,,,,,,,,,,,
"0BEC46D4","Nodes",1117482.870000,1668159.500000,1313.064347,"Default Known Flow Node",69.999969,0.579999,1000.000000,0.000000,"Known Flow",0.000000,0.000000,2.16999993085665e-07,40.000000,0.579999,1000.000000,0.000000,0.000000,13.000000,0.000000,0.515376,0.579999,,,,7.822072,7.822072,,16.800279,,,,,,903.822387,0.066146,0.000000,0.000000,0.000000,,-459.670013,1000.000000,,0.000000,0.000000,,,,0.047114,"UNDEFINED",0.000000,0.997564,0.000000,,,,,"","",,,,7.822072,,0.000000,,0.000000,,,0.000000,0.000000,"",,,0.000000,,-1.000000,,0.000000,0.000000,-1.000000,-1.000000,,,,,,,,,,,"",,,,,,,,,,"Volumetric",,,,,,,,,,0.000000,,,,,,,,,,0.000000,0.000000,,,,,,,,,,,,
"0BEC46F7","Nodes",1117486.870000,1668157.000000,1313.064347,"Default Known Flow Node",69.999969,0.579999,1000.000000,0.000000,"Known Flow",0.000000,0.000000,2.16999993085665e-07,40.000000,0.579999,1000.000000,0.000000,0.000000,13.000000,0.000000,0.515376,0.579999,,,,7.822836,7.822836,,16.800279,,,,,,903.822387,0.066146,0.000000,0.000000,0.000000,,-459.670013,1000.000000,,0.000000,0.000000,,,,0.047114,"SETFLOW",0.000000,0.997564,0.000000,,,,,"","",,,,7.822836,,0.000000,,0.000000,,,0.000000,0.000000,"",,,0.000000,,-1.000000,,0.000000,0.000000,-1.000000,-1.000000,,,,,,,,,,,"",,,,,,,,,,"Volumetric",,,,,,,,,,-0.103984,,,,,,,,,,-0.103984,-0.002495,,,,,,,,,,,,
"0BEC46D5","Nodes",1117483.750000,1668167.250000,1313.064347,"Default Known Flow Node",69.999969,0.579999,1000.000000,0.000000,"Known Flow",0.000000,0.000000,2.16999993085665e-07,40.000000,0.579999,1000.000000,0.000000,0.000000,13.000000,0.000000,0.515376,0.579999,,,,7.822617,7.822617,,16.800279,,,,,,903.822387,0.066146,0.000000,0.000000,0.000000,,-459.670013,1000.000000,,0.000000,0.000000,,,,0.047114,"SETFLOW",0.000000,0.997564,0.000000,,,,,"","",,,,7.822617,,0.000000,,0.000000,,,0.000000,0.000000,"",,,0.000000,,-1.000000,,0.000000,0.000000,-1.000000,-1.000000,,,,,,,,,,,"",,,,,,,,,,"Volumetric",,,,,,,,,,-0.139397,,,,,,,,,,-0.139397,-0.003345,,,,,,,,,,,,
"0BEC46D6","Nodes",1117478.620000,1668170.620000,1313.064347,"Default Known Flow Node",69.999969,0.579999,1000.000000,0.000000,"Known Flow",0.000000,0.000000,2.16999993085665e-07,40.000000,0.579999,1000.000000,0.000000,0.000000,13.000000,0.000000,0.515376,0.579999,,,,7.822461,7.822461,,16.800279,,,,,,903.822387,0.066146,0.000000,0.000000,0.000000,,-459.670013,1000.000000,,0.000000,0.000000,,,,0.047114,"UNDEFINED",0.000000,0.997564,0.000000,,,,,"","",,,,7.822461,,0.000000,,0.000000,,,0.000000,0.000000,"",,,0.000000,,-1.000000,,0.000000,0.000000,-1.000000,-1.000000,,,,,,,,,,,"",,,,,,,,,,"Volumetric",,,,,,,,,,0.000000,,,,,,,,,,0.000000,0.000000,,,,,,,,,,,,
"0BEC46D7","Nodes",1117465.120000,1668179.620000,1313.064347,"Default Known Flow Node",69.999969,0.579999,1000.000000,0.000000,"Known Flow",0.000000,0.000000,2.16999993085665e-07,40.000000,0.579999,1000.000000,0.000000,0.000000,13.000000,0.000000,0.515376,0.579999,,,,7.819556,7.819556,,16.800279,,,,,,903.822387,0.066146,0.000000,0.000000,0.000000,,-459.670013,1000.000000,,0.000000,0.000000,,,,0.047114,"SETFLOW",0.000000,0.997564,0.000000,,,,,"","",,,,7.819556,,0.000000,,0.000000,,,0.000000,0.000000,"",,,0.000000,,-1.000000,,0.000000,0.000000,-1.000000,-1.000000,,,,,,,,,,,"",,,,,,,,,,"Volumetric",,,,,,,,,,-0.017062,,,,,,,,,,-0.017062,-0.000409,,,,,,,,,,,,
"0BEC46F0","Nodes",1117946.000000,1668198.750000,1313.064347,"Default Known Flow Node",69.999969,0.579999,1000.000000,0.000000,"Known Flow",0.000000,0.000000,2.16999993085665e-07,40.000000,0.579999,1000.000000,0.000000,0.000000,13.000000,0.000000,0.515377,0.579999,,,,8.021750,8.021750,,16.800279,,,,,,903.822387,0.066146,0.000000,0.000000,0.000000,,-459.670013,1000.000000,,0.000000,0.000000,,,,0.047137,"SETFLOW",0.000000,0.997562,0.000000,,,,,"","",,,,8.021750,,0.000000,,0.000000,,,0.000000,0.000000,"",,,0.000000,,-1.000000,,0.000000,0.000000,-1.000000,-1.000000,,,,,,,,,,,"",,,,,,,,,,"Volumetric",,,,,,,,,,-0.033803,,,,,,,,,,-0.033803,-0.000811,,,,,,,,,,,,
"0BEC46F1","Nodes",1117953.500000,1668236.750000,1313.064347,"Default Known Flow Node",69.999969,0.579999,1000.000000,0.000000,"Known Flow",0.000000,0.000000,2.16999993085665e-07,40.000000,0.579999,1000.000000,0.000000,0.000000,13.000000,0.000000,0.515377,0.579999,,,,8.040184,8.040184,,16.800279,,,,,,903.822387,0.066146,0.000000,0.000000,0.000000,,-459.670013,1000.000000,,0.000000,0.000000,,,,0.047139,"SETFLOW",0.000000,0.997562,0.000000,,,,,"","",,,,8.040184,,0.000000,,0.000000,,,0.000000,0.000000,"",,,0.000000,,-1.000000,,0.000000,0.000000,-1.000000,-1.000000,,,,,,,,,,,"",,,,,,,,,,"Volumetric",,,,,,,,,,-0.022857,,,,,,,,,,-0.022857,-0.000548,,,,,,,,,,,,
"0BEC46D8","Nodes",1117287.120000,1668299.750000,1313.064347,"Default Known Flow Node",69.999969,0.579999,1000.000000,0.000000,"Known Flow",0.000000,0.000000,2.16999993085665e-07,40.000000,0.579999,1000.000000,0.000000,0.000000,13.000000,0.000000,0.515375,0.579999,,,,7.781615,7.781615,,16.800279,,,,,,903.822387,0.066146,0.000000,0.000000,0.000000,,-459.670013,1000.000000,,0.000000,0.000000,,,,0.047110,"SETFLOW",0.000000,0.997564,0.000000,,,,,"","",,,,7.781615,,0.000000,,0.000000,,,0.000000,0.000000,"",,,0.000000,,-1.000000,,0.000000,0.000000,-1.000000,-1.000000,,,,,,,,,,,"",,,,,,,,,,"Volumetric",,,,,,,,,,-0.014809,,,,,,,,,,-0.014809,-0.000355,,,,,,,,,,,,
"0BEC46D9","Nodes",1117269.250000,1668311.750000,1313.064347,"Default Known Flow Node",69.999969,0.579999,1000.000000,0.000000,"Known Flow",0.000000,0.000000,2.16999993085665e-07,40.000000,0.579999,1000.000000,0.000000,0.000000,13.000000,0.000000,0.515375,0.579999,,,,7.777140,7.777140,,16.800279,,,,,,903.822387,0.066146,0.000000,0.000000,0.000000,,-459.670013,1000.000000,,0.000000,0.000000,,,,0.047109,"UNDEFINED",0.000000,0.997564,0.000000,,,,,"","",,,,7.777140,,0.000000,,0.000000,,,0.000000,0.000000,"",,,0.000000,,-1.000000,,0.000000,0.000000,-1.000000,-1.000000,,,,,,,,,,,"",,,,,,,,,,"Volumetric",,,,,,,,,,0.000000,,,,,,,,,,0.000000,0.000000,,,,,,,,,,,,
"0BEC46DA","Nodes",1117239.750000,1668331.750000,1313.064347,"Default Known Flow Node",69.999969,0.579999,1000.000000,0.000000,"Known Flow",0.000000,0.000000,2.16999993085665e-07,40.000000,0.579999,1000.000000,0.000000,0.000000,13.000000,0.000000,0.515375,0.579999,,,,7.770944,7.770944,,16.800279,,,,,,903.822387,0.066146,0.000000,0.000000,0.000000,,-459.670013,1000.000000,,0.000000,0.000000,,,,0.047108,"UNDEFINED",0.000000,0.997564,0.000000,,,,,"","",,,,7.770944,,0.000000,,0.000000,,,0.000000,0.000000,"",,,0.000000,,-1.000000,,0.000000,0.000000,-1.000000,-1.000000,,,,,,,,,,,"",,,,,,,,,,"Volumetric",,,,,,,,,,0.000000,,,,,,,,,,0.000000,0.000000,,,,,,,,,,,,
"0BEC46DB","Nodes",1117236.000000,1668334.250000,1313.064347,"Default Known Flow Node",69.999969,0.579999,1000.000000,0.000000,"Known Flow",0.000000,0.000000,2.16999993085665e-07,40.000000,0.579999,1000.000000,0.000000,0.000000,13.000000,0.000000,0.515375,0.579999,,,,7.770256,7.770256,,16.800279,,,,,,903.822387,0.066146,0.000000,0.000000,0.000000,,-459.670013,1000.000000,,0.000000,0.000000,,,,0.047108,"UNDEFINED",0.000000,0.997564,0.000000,,,,,"","",,,,7.770256,,0.000000,,0.000000,,,0.000000,0.000000,"",,,0.000000,,-1.000000,,0.000000,0.000000,-1.000000,-1.000000,,,,,,,,,,,"",,,,,,,,,,"Volumetric",,,,,,,,,,0.000000,,,,,,,,,,0.000000,0.000000,,,,,,,,,,,,
"0BEC46DC","Nodes",1117231.370000,1668337.500000,1313.064347,"Default Known Flow Node",69.999969,0.579999,1000.000000,0.000000,"Known Flow",0.000000,0.000000,2.16999993085665e-07,40.000000,0.579999,1000.000000,0.000000,0.000000,13.000000,0.000000,0.515375,0.579999,,,,7.769835,7.769835,,16.800279,,,,,,903.822387,0.066146,0.000000,0.000000,0.000000,,-459.670013,1000.000000,,0.000000,0.000000,,,,0.047108,"UNDEFINED",0.000000,0.997564,0.000000,,,,,"","",,,,7.769835,,0.000000,,0.000000,,,0.000000,0.000000,"",,,0.000000,,-1.000000,,0.000000,0.000000,-1.000000,-1.000000,,,,,,,,,,,"",,,,,,,,,,"Volumetric",,,,,,,,,,0.000000,,,,,,,,,,0.000000,0.000000,,,,,,,,,,,,
"0BEC46DD","Nodes",1117244.250000,1668346.000000,1313.064347,"Default Known Flow Node",69.999969,0.579999,1000.000000,0.000000,"Known Flow",0.000000,0.000000,2.16999993085665e-07,40.000000,0.579999,1000.000000,0.000000,0.000000,13.000000,0.000000,0.515375,0.579999,,,,7.770350,7.770350,,16.800279,,,,,,903.822387,0.066146,0.000000,0.000000,0.000000,,-459.670013,1000.000000,,0.000000,0.000000,,,,0.047108,"UNDEFINED",0.000000,0.997564,0.000000,,,,,"","",,,,7.770350,,0.000000,,0.000000,,,0.000000,0.000000,"",,,0.000000,,-1.000000,,0.000000,0.000000,-1.000000,-1.000000,,,,,,,,,,,"",,,,,,,,,,"Volumetric",,,,,,,,,,0.000000,,,,,,,,,,0.000000,0.000000,,,,,,,,,,,,
"0BEC46DE","Nodes",1117245.750000,1668348.000000,1313.064347,"Default Known Flow Node",69.999969,0.579999,1000.000000,0.000000,"Known Flow",0.000000,0.000000,2.16999993085665e-07,40.000000,0.579999,1000.000000,0.000000,0.000000,13.000000,0.000000,0.515375,0.579999,,,,7.770361,7.770361,,16.800279,,,,,,903.822387,0.066146,0.000000,0.000000,0.000000,,-459.670013,1000.000000,,0.000000,0.000000,,,,0.047108,"SETFLOW",0.000000,0.997564,0.000000,,,,,"","",,,,7.770361,,0.000000,,0.000000,,,0.000000,0.000000,"",,,0.000000,,-1.000000,,0.000000,0.000000,-1.000000,-1.000000,,,,,,,,,,,"",,,,,,,,,,"Volumetric",,,,,,,,,,-0.014809,,,,,,,,,,-0.014809,-0.000355,,,,,,,,,,,,
"0BEC46DF","Nodes",1117335.000000,1668482.120000,1313.064347,"Default Known Flow Node",69.999969,0.579999,1000.000000,0.000000,"Known Flow",0.000000,0.000000,2.16999993085665e-07,40.000000,0.579999,1000.000000,0.000000,0.000000,13.000000,0.000000,0.515375,0.579999,,,,7.777762,7.777762,,16.800279,,,,,,903.822387,0.066146,0.000000,0.000000,0.000000,,-459.670013,1000.000000,,0.000000,0.000000,,,,0.047109,"SETFLOW",0.000000,0.997564,0.000000,,,,,"","",,,,7.777762,,0.000000,,0.000000,,,0.000000,0.000000,"",,,0.000000,,-1.000000,,0.000000,0.000000,-1.000000,-1.000000,,,,,,,,,,,"",,,,,,,,,,"Volumetric",,,,,,,,,,-0.022406,,,,,,,,,,-0.022406,-0.000537,,,,,,,,,,,,
"0BEC46E0","Nodes",1117415.250000,1668605.750000,1313.064347,"Default Known Flow Node",69.999969,0.579999,1000.000000,0.000000,"Known Flow",0.000000,0.000000,2.16999993085665e-07,40.000000,0.579999,1000.000000,0.000000,0.000000,13.000000,0.000000,0.515375,0.579999,,,,7.787401,7.787401,,16.800279,,,,,,903.822387,0.066146,0.000000,0.000000,0.000000,,-459.670013,1000.000000,,0.000000,0.000000,,,,0.047110,"SETFLOW",0.000000,0.997564,0.000000,,,,,"","",,,,7.787401,,0.000000,,0.000000,,,0.000000,0.000000,"",,,0.000000,,-1.000000,,0.000000,0.000000,-1.000000,-1.000000,,,,,,,,,,,"",,,,,,,,,,"Volumetric",,,,,,,,,,-0.013539,,,,,,,,,,-0.013539,-0.000324,,,,,,,,,,,,
"0BEC46E1","Nodes",1117418.500000,1668610.750000,1313.064347,"Default Known Flow Node",69.999969,0.579999,1000.000000,0.000000,"Known Flow",0.000000,0.000000,2.16999993085665e-07,40.000000,0.579999,1000.000000,0.000000,0.000000,13.000000,0.000000,0.515375,0.579999,,,,7.787813,7.787813,,16.800279,,,,,,903.822387,0.066146,0.000000,0.000000,0.000000,,-459.670013,1000.000000,,0.000000,0.000000,,,,0.047110,"UNDEFINED",0.000000,0.997564,0.000000,,,,,"","",,,,7.787813,,0.000000,,0.000000,,,0.000000,0.000000,"",,,0.000000,,-1.000000,,0.000000,0.000000,-1.000000,-1.000000,,,,,,,,,,,"",,,,,,,,,,"Volumetric",,,,,,,,,,0.000000,,,,,,,,,,0.000000,0.000000,,,,,,,,,,,,
"0BEC46F2","Nodes",1118033.250000,1668617.000000,1313.064347,"Default Known Flow Node",69.999969,0.579999,1000.000000,0.000000,"Known Flow",0.000000,0.000000,2.16999993085665e-07,40.000000,0.579999,1000.000000,0.000000,0.000000,13.000000,0.000000,0.515377,0.579999,,,,8.156923,8.156923,,16.800279,,,,,,903.822387,0.066146,0.000000,0.000000,0.000000,,-459.670013,1000.000000,,0.000000,0.000000,,,,0.047152,"SETFLOW",0.000000,0.997562,0.000000,,,,,"","",,,,8.156923,,0.000000,,0.000000,,,0.000000,0.000000,"",,,0.000000,,-1.000000,,0.000000,0.000000,-1.000000,-1.000000,,,,,,,,,,,"",,,,,,,,,,"Volumetric",,,,,,,,,,-0.062694,,,,,,,,,,-0.062694,-0.001504,,,,,,,,,,,,
"0BEC46F3","Nodes",1118040.000000,1668615.620000,1313.064347,"Default Known Flow Node",69.999969,0.579999,1000.000000,0.000000,"Known Flow",0.000000,0.000000,2.16999993085665e-07,40.000000,0.579999,1000.000000,0.000000,0.000000,13.000000,0.000000,0.515377,0.579999,,,,8.156923,8.156923,,16.800279,,,,,,903.822387,0.066146,0.000000,0.000000,0.000000,,-459.670013,1000.000000,,0.000000,0.000000,,,,0.047152,"UNDEFINED",0.000000,0.997562,0.000000,,,,,"","",,,,8.156923,,0.000000,,0.000000,,,0.000000,0.000000,"",,,0.000000,,-1.000000,,0.000000,0.000000,-1.000000,-1.000000,,,,,,,,,,,"",,,,,,,,,,"Volumetric",,,,,,,,,,0.000000,,,,,,,,,,0.000000,0.000000,,,,,,,,,,,,
"0BEC473B","Nodes",1117424.500000,1668619.620000,1313.064347,"Default Known Flow Node",69.999969,0.579999,1000.000000,0.000000,"Known Flow",0.000000,0.000000,2.16999993085665e-07,40.000000,0.579999,1000.000000,0.000000,0.000000,13.000000,0.000000,0.515375,0.579999,,,,7.788500,7.788500,,16.800279,,,,,,903.822387,0.066146,0.000000,0.000000,0.000000,,-459.670013,1000.000000,,0.000000,0.000000,,,,0.047110,"SETFLOW",0.000000,0.997564,0.000000,,,,,"","",,,,7.788500,,0.000000,,0.000000,,,0.000000,0.000000,"",,,0.000000,,-1.000000,,0.000000,0.000000,-1.000000,-1.000000,,,,,,,,,,,"",,,,,,,,,,"Volumetric",,,,,,,,,,-0.025018,,,,,,,,,,-0.025018,-0.000600,,,,,,,,,,,,
"RegFl319","Nodes",1117728.978246,1668553.270055,1313.064347,"Default Known Flow Node",69.999969,0.579999,1000.000000,0.000000,"Known Flow",0.000000,0.000000,2.16999993085665e-07,40.000000,0.579999,1000.000000,0.000000,0.000000,13.000000,0.000000,0.515376,0.579999,,,,7.909779,7.909779,,16.800279,,,,,,903.822387,0.066146,0.000000,0.000000,0.000000,,-459.670013,1000.000000,,0.000000,0.000000,,,,0.047124,"UNDEFINED",0.000000,0.997563,0.000000,,,,,"","",,,,7.909779,,0.000000,,0.000000,,,0.000000,0.000000,"",,,0.000000,"143-44 Franklin Ave",-1.000000,,0.000000,0.000000,0.000000,-1.000000,,,,,,,,,,,"",,,,,,,,,,"Volumetric",,,,,,,,,,0.000000,,,,,,,,,,0.000000,0.000000,,,,,,,,,,,,
"0BEC473D","Nodes",1118034.000000,1668620.000000,1313.064347,"Default Known Flow Node",69.999969,0.579999,1000.000000,0.000000,"Known Flow",0.000000,0.000000,2.16999993085665e-07,40.000000,0.579999,1000.000000,0.000000,0.000000,13.000000,0.000000,0.515377,0.579999,,,,8.157837,8.157837,,16.800279,,,,,,903.822387,0.066146,0.000000,0.000000,0.000000,,-459.670013,1000.000000,,0.000000,0.000000,,,,0.047152,"SETFLOW",0.000000,0.997562,0.000000,,,,,"","",,,,8.157837,,0.000000,,0.000000,,,0.000000,0.000000,"",,,0.000000,,-1.000000,,0.000000,0.000000,-1.000000,-1.000000,,,,,,,,,,,"",,,,,,,,,,"Volumetric",,,,,,,,,,-0.001471,,,,,,,,,,-0.001471,-0.000035,,,,,,,,,,,,
"0BEC4739","Nodes",1118240.000000,1668601.750000,1313.064347,"Default Known Flow Node",69.999969,0.579999,1000.000000,0.000000,"Known Flow",0.000000,0.000000,2.16999993085665e-07,40.000000,0.579999,1000.000000,0.000000,0.000000,13.000000,0.000000,0.515378,0.579999,,,,8.275469,8.275469,,16.800279,,,,,,903.822387,0.066146,0.000000,0.000000,0.000000,,-459.670013,1000.000000,,0.000000,0.000000,,,,0.047166,"SETFLOW",0.000000,0.997561,0.000000,,,,,"","",,,,8.275469,,0.000000,,0.000000,,,0.000000,0.000000,"",,,0.000000,,-1.000000,,0.000000,0.000000,-1.000000,-1.000000,,,,,,,,,,,"",,,,,,,,,,"Volumetric",,,,,,,,,,-0.015582,,,,,,,,,,-0.015582,-0.000373,,,,,,,,,,,,
"4142PBlvd","Nodes",1118171.223364,1668613.689252,1313.064347,"Default Known Flow Node",69.999969,0.579999,1000.000000,0.000000,"Known Flow",0.000000,0.000000,2.16999993085665e-07,40.000000,0.579999,1000.000000,0.000000,0.000000,13.000000,0.000000,0.515379,0.579999,,,,8.396993,8.396993,,16.800279,,,,,,903.822387,0.066146,0.000000,0.000000,0.000000,,-459.670013,1000.000000,,0.000000,0.000000,,,,0.047180,"SETFLOW",0.000000,0.997560,0.000000,,,,,"","",,,,8.396993,,0.000000,,0.000000,,,0.000000,0.000000,"",,,0.000000,"41-42 Parsons Blvd, Q= 5.342 mcfh, Firm",-1.000000,,0.000000,0.000000,0.000000,-1.000000,,,,,,,,,,,"",,,"",,,,,,,"Volumetric",,,"Volumetric",,,,,,,0.000000,,,-5.342000,,,,,,,0.000000,0.000000,,,,,,,,,,,,
"0BEC4791","Nodes",1117537.500000,1668792.120000,1313.064347,"Default Known Flow Node",69.999969,0.579999,1000.000000,0.000000,"Known Flow",0.000000,0.000000,2.16999993085665e-07,40.000000,0.579999,1000.000000,0.000000,0.000000,13.000000,0.000000,0.515376,0.579999,,,,7.803872,7.803872,,16.800279,,,,,,903.822387,0.066146,0.000000,0.000000,0.000000,,-459.670013,1000.000000,,0.000000,0.000000,,,,0.047112,"SETFLOW",0.000000,0.997564,0.000000,,,,,"","",,,,7.803872,,0.000000,,0.000000,,,0.000000,0.000000,"",,,0.000000,,-1.000000,,0.000000,0.000000,-1.000000,-1.000000,,,,,,,,,,,"",,,,,,,,,,"Volumetric",,,,,,,,,,-0.032024,,,,,,,,,,-0.032024,-0.000768,,,,,,,,,,,,
"2FB9B24D","Nodes",1117886.250000,1668786.750000,1313.064347,"Default Known Flow Node",69.999969,0.579999,1000.000000,0.000000,"Known Flow",0.000000,0.000000,2.16999993085665e-07,40.000000,0.579999,1000.000000,0.000000,0.000000,13.000000,0.000000,0.515376,0.579999,,,,7.966343,7.966343,,16.800279,,,,,,903.822387,0.066146,0.000000,0.000000,0.000000,,-459.670013,1000.000000,,0.000000,0.000000,,,,0.047131,"SETFLOW",0.000000,0.997563,0.000000,,,,,"","",,,,7.966343,,0.000000,,0.000000,,,0.000000,0.000000,"",,,0.000000,,-1.000000,,0.000000,0.000000,-1.000000,-1.000000,,,,,,,,,,,"",,,,,,,,,,"Volumetric",,,,,,,,,,-0.021663,,,,,,,,,,-0.021663,-0.000519,,,,,,,,,,,,
"0BEC473C","Nodes",1117771.370000,1668620.000000,1313.064347,"Default Known Flow Node",69.999969,0.579999,1000.000000,0.000000,"Known Flow",0.000000,0.000000,2.16999993085665e-07,40.000000,0.579999,1000.000000,0.000000,0.000000,13.000000,0.000000,0.515376,0.579999,,,,7.924843,7.924843,,16.800279,,,,,,903.822387,0.066146,0.000000,0.000000,0.000000,,-459.670013,1000.000000,,0.000000,0.000000,,,,0.047126,"SETFLOW",0.000000,0.997563,0.000000,,,,,"","",,,,7.924843,,0.000000,,0.000000,,,0.000000,0.000000,"",,,0.000000,,-1.000000,,0.000000,0.000000,-1.000000,-1.000000,,,,,,,,,,,"",,,,,,,,,,"Volumetric",,,,,,,,,,-0.123623,,,,,,,,,,-0.123623,-0.002966,,,,,,,,,,,,
"0BEC475B","Nodes",1118036.750000,1668625.250000,1313.064347,"Default Known Flow Node",69.999969,0.579999,1000.000000,0.000000,"Known Flow",0.000000,0.000000,2.16999993085665e-07,40.000000,0.579999,1000.000000,0.000000,0.000000,13.000000,0.000000,0.515377,0.579999,,,,8.158752,8.158752,,16.800279,,,,,,903.822387,0.066146,0.000000,0.000000,0.000000,,-459.670013,1000.000000,,0.000000,0.000000,,,,0.047152,"SETFLOW",0.000000,0.997562,0.000000,,,,,"","",,,,8.158752,,0.000000,,0.000000,,,0.000000,0.000000,"",,,0.000000,,-1.000000,,0.000000,0.000000,-1.000000,-1.000000,,,,,,,,,,,"",,,,,,,,,,"Volumetric",,,,,,,,,,-0.013539,,,,,,,,,,-0.013539,-0.000324,,,,,,,,,,,,
"2FB82FED","Nodes",1118041.250000,1668624.620000,1313.064347,"Default Known Flow Node",69.999969,0.579999,1000.000000,0.000000,"Known Flow",0.000000,0.000000,2.16999993085665e-07,40.000000,0.579999,1000.000000,0.000000,0.000000,13.000000,0.000000,0.515377,0.579999,,,,8.158752,8.158752,,16.800279,,,,,,903.822387,0.066146,0.000000,0.000000,0.000000,,-459.670013,1000.000000,,0.000000,0.000000,,,,0.047152,"UNDEFINED",0.000000,0.997562,0.000000,,,,,"","",,,,8.158752,,0.000000,,0.000000,,,0.000000,0.000000,"",,,0.000000,,-1.000000,,0.000000,0.000000,-1.000000,-1.000000,,,,,,,,,,,"",,,,,,,,,,"Volumetric",,,,,,,,,,0.000000,,,,,,,,,,0.000000,0.000000,,,,,,,,,,,,
"0BEC473A","Nodes",1118134.870000,1668620.000000,1313.064347,"Default Known Flow Node",69.999969,0.579999,1000.000000,0.000000,"Known Flow",0.000000,0.000000,2.16999993085665e-07,40.000000,0.579999,1000.000000,0.000000,0.000000,13.000000,0.000000,0.515379,0.579999,,,,8.461213,8.461213,,16.800279,,,,,,903.822387,0.066146,0.000000,0.000000,0.000000,,-459.670013,1000.000000,,0.000000,0.000000,,,,0.047187,"SETFLOW",0.000000,0.997560,0.000000,,,,,"","",,,,8.461213,,0.000000,,0.000000,,,0.000000,0.000000,"",,,0.000000,,-1.000000,,0.000000,0.000000,-1.000000,-1.000000,,,,,,,,,,,"",,,,,,,,,,"Volumetric",,,,,,,,,,-0.001731,,,,,,,,,,-0.001731,-0.000041,,,,,,,,,,,,
"2FBF23B9","Nodes",1118119.270302,1668627.337808,1313.064347,"Default Known Flow Node",69.999969,0.579999,1000.000000,0.000000,"Known Flow",0.000000,0.000000,2.16999993085665e-07,40.000000,0.579999,1000.000000,0.000000,0.000000,13.000000,0.000000,0.515379,0.579999,,,,8.487246,8.487246,,16.800279,,,,,,903.822387,0.066146,0.000000,0.000000,0.000000,,-459.670013,1000.000000,,0.000000,0.000000,,,,0.047190,"UNDEFINED",0.000000,0.997560,0.000000,,,,,"","",,,,8.487246,,0.000000,,0.000000,,,0.000000,0.000000,"",,,0.000000,,-1.000000,,0.000000,0.000000,0.000000,-1.000000,,,,,,,,,,,"",,,,,,,,,,"Volumetric",,,,,,,,,,0.000000,,,,,,,,,,0.000000,0.000000,,,,,,,,,,,,
"0BEC475C","Nodes",1118042.870000,1668648.620000,1313.064347,"Default Known Flow Node",69.999969,0.579999,1000.000000,0.000000,"Known Flow",0.000000,0.000000,2.16999993085665e-07,40.000000,0.579999,1000.000000,0.000000,0.000000,13.000000,0.000000,0.515378,0.579999,,,,8.166087,8.166087,,16.800279,,,,,,903.822387,0.066146,0.000000,0.000000,0.000000,,-459.670013,1000.000000,,0.000000,0.000000,,,,0.047153,"UNDEFINED",0.000000,0.997562,0.000000,,,,,"","",,,,8.166087,,0.000000,,0.000000,,,0.000000,0.000000,"",,,0.000000,,-1.000000,,0.000000,0.000000,-1.000000,-1.000000,,,,,,,,,,,"",,,,,,,,,,"Volumetric",,,,,,,,,,0.000000,,,,,,,,,,0.000000,0.000000,,,,,,,,,,,,
"2FB82FEE","Nodes",1117899.250000,1668812.000000,1313.064347,"Default Known Flow Node",69.999969,0.579999,1000.000000,0.000000,"Known Flow",0.000000,0.000000,2.16999993085665e-07,40.000000,0.579999,1000.000000,0.000000,0.000000,13.000000,0.000000,0.515377,0.579999,,,,7.991422,7.991422,,16.800279,,,,,,903.822387,0.066146,0.000000,0.000000,0.000000,,-459.670013,1000.000000,,0.000000,0.000000,,,,0.047133,"SETFLOW",0.000000,0.997563,0.000000,,,,,"","",,,,7.991422,,0.000000,,0.000000,,,0.000000,0.000000,"",,,0.000000,,-1.000000,,0.000000,0.000000,-1.000000,-1.000000,,,,,,,,,,,"",,,,,,,,,,"Volumetric",,,,,,,,,,-0.011635,,,,,,,,,,-0.011635,-0.000279,,,,,,,,,,,,
"0BEC475D","Nodes",1118049.750000,1668674.620000,1313.064347,"Default Known Flow Node",69.999969,0.579999,1000.000000,0.000000,"Known Flow",0.000000,0.000000,2.16999993085665e-07,40.000000,0.579999,1000.000000,0.000000,0.000000,13.000000,0.000000,0.515378,0.579999,,,,8.174339,8.174339,,16.800279,,,,,,903.822387,0.066146,0.000000,0.000000,0.000000,,-459.670013,1000.000000,,0.000000,0.000000,,,,0.047154,"SETFLOW",0.000000,0.997561,0.000000,,,,,"","",,,,8.174339,,0.000000,,0.000000,,,0.000000,0.000000,"",,,0.000000,,-1.000000,,0.000000,0.000000,-1.000000,-1.000000,,,,,,,,,,,"",,,,,,,,,,"Volumetric",,,,,,,,,,-0.001471,,,,,,,,,,-0.001471,-0.000035,,,,,,,,,,,,
"0BEC4745","Nodes",1118082.423898,1668644.615503,1313.064347,"Default Known Flow Node",69.999969,0.579999,1000.000000,0.000000,"Known Flow",0.000000,0.000000,2.16999993085665e-07,40.000000,0.579999,1000.000000,0.000000,0.000000,13.000000,0.000000,0.515379,0.579999,,,,8.467227,8.467227,,16.800279,,,,,,903.822387,0.066146,0.000000,0.000000,0.000000,,-459.670013,1000.000000,,0.000000,0.000000,,,,0.047188,"UNDEFINED",0.000000,0.997560,0.000000,,,,,"","",,,,8.467227,,0.000000,,0.000000,,,0.000000,0.000000,"",,,0.000000,,-1.000000,,0.000000,0.000000,-1.000000,-1.000000,,,,,,,,,,,"",,,,,,,,,,"Volumetric",,,,,,,,,,0.000000,,,,,,,,,,0.000000,0.000000,,,,,,,,,,,,
"0BF46E94","Nodes",1118090.278111,1668695.223890,1313.064347,"Default Known Flow Node",69.999969,0.579999,1000.000000,0.000000,"Known Flow",0.000000,0.000000,2.16999993085665e-07,40.000000,0.579999,1000.000000,0.000000,0.000000,13.000000,0.000000,0.515379,0.579999,,,,8.420136,8.420136,,16.800279,,,,,,903.822387,0.066146,0.000000,0.000000,0.000000,,-459.670013,1000.000000,,0.000000,0.000000,,,,0.047182,"UNDEFINED",0.000000,0.997560,0.000000,,,,,"","",,,,8.420136,,0.000000,,0.000000,,,0.000000,0.000000,"",,,0.000000,,-1.000000,,0.000000,0.000000,0.000000,-1.000000,,,,,,,,,,,"",,,,,,,,,,"Volumetric",,,,,,,,,,0.000000,,,,,,,,,,0.000000,0.000000,,,,,,,,,,,,
"0BEC475A","Nodes",1118067.476887,1668699.946760,1313.064347,"Default Known Flow Node",69.999969,0.579999,1000.000000,0.000000,"Known Flow",0.000000,0.000000,2.16999993085665e-07,40.000000,0.579999,1000.000000,0.000000,0.000000,13.000000,0.000000,0.515378,0.579999,,,,8.256999,8.256999,,16.800279,,,,,,903.822387,0.066146,0.000000,0.000000,0.000000,,-459.670013,1000.000000,,0.000000,0.000000,,,,0.047164,"UNDEFINED",0.000000,0.997561,0.000000,,,,,"","",,,,8.256999,,0.000000,,0.000000,,,0.000000,0.000000,"",,,0.000000,,-1.000000,,0.000000,0.000000,-1.000000,-1.000000,,,,,,,,,,,"",,,,,,,,,,"Volumetric",,,,,,,,,,0.000000,,,,,,,,,,0.000000,0.000000,,,,,,,,,,,,
"0BEC475E","Nodes",1118057.090659,1668702.046448,1313.064347,"Default Known Flow Node",69.999969,0.579999,1000.000000,0.000000,"Known Flow",0.000000,0.000000,2.16999993085665e-07,40.000000,0.579999,1000.000000,0.000000,0.000000,13.000000,0.000000,0.515378,0.579999,,,,8.235015,8.235015,,16.800279,,,,,,903.822387,0.066146,0.000000,0.000000,0.000000,,-459.670013,1000.000000,,0.000000,0.000000,,,,0.047161,"UNDEFINED",0.000000,0.997561,0.000000,,,,,"","",,,,8.235015,,0.000000,,0.000000,,,0.000000,0.000000,"",,,0.000000,,-1.000000,,0.000000,0.000000,-1.000000,-1.000000,,,,,,,,,,,"",,,,,,,,,,"Volumetric",,,,,,,,,,0.000000,,,,,,,,,,0.000000,0.000000,,,,,,,,,,,,
"0BEC475F","Nodes",1118058.070297,1668706.280421,1313.064347,"Default Known Flow Node",69.999969,0.579999,1000.000000,0.000000,"Known Flow",0.000000,0.000000,2.16999993085665e-07,40.000000,0.579999,1000.000000,0.000000,0.000000,13.000000,0.000000,0.515378,0.579999,,,,8.235013,8.235013,,16.800279,,,,,,903.822387,0.066146,0.000000,0.000000,0.000000,,-459.670013,1000.000000,,0.000000,0.000000,,,,0.047161,"SETFLOW",0.000000,0.997561,0.000000,,,,,"","",,,,8.235013,,0.000000,,0.000000,,,0.000000,0.000000,"",,,0.000000,,-1.000000,,0.000000,0.000000,-1.000000,-1.000000,,,,,,,,,,,"",,,,,,,,,,"Volumetric",,,,,,,,,,-0.001731,,,,,,,,,,-0.001731,-0.000041,,,,,,,,,,,,
"0BF46E96","Nodes",1118068.198781,1668704.321873,1313.064347,"Default Known Flow Node",69.999969,0.579999,1000.000000,0.000000,"Known Flow",0.000000,0.000000,2.16999993085665e-07,40.000000,0.579999,1000.000000,0.000000,0.000000,13.000000,0.000000,0.515378,0.579999,,,,8.250717,8.250717,,16.800279,,,,,,903.822387,0.066146,0.000000,0.000000,0.000000,,-459.670013,1000.000000,,0.000000,0.000000,,,,0.047163,"UNDEFINED",0.000000,0.997561,0.000000,,,,,"","",,,,8.250717,,0.000000,,0.000000,,,0.000000,0.000000,"",,,0.000000,,-1.000000,,0.000000,0.000000,0.000000,-1.000000,,,,,,,,,,,"",,,,,,,,,,"Volumetric",,,,,,,,,,0.000000,,,,,,,,,,0.000000,0.000000,,,,,,,,,,,,
"0BEC4790","Nodes",1117350.370000,1668961.750000,1313.064347,"Default Known Flow Node",69.999969,0.579999,1000.000000,0.000000,"Known Flow",0.000000,0.000000,2.16999993085665e-07,40.000000,0.579999,1000.000000,0.000000,0.000000,13.000000,0.000000,0.515375,0.579999,,,,7.738933,7.738933,,16.800279,,,,,,903.822387,0.066146,0.000000,0.000000,0.000000,,-459.670013,1000.000000,,0.000000,0.000000,,,,0.047105,"SETFLOW",0.000000,0.997564,0.000000,,,,,"","",,,,7.738933,,0.000000,,0.000000,,,0.000000,0.000000,"",,,0.000000,,-1.000000,,0.000000,0.000000,-1.000000,-1.000000,,,,,,,,,,,"",,,,,,,,,,"Volumetric",,,,,,,,,,-0.015983,,,,,,,,,,-0.015983,-0.000383,,,,,,,,,,,,
"2FB82FEA","Nodes",1117665.120000,1668987.500000,1313.064347,"Default Known Flow Node",69.999969,0.579999,1000.000000,0.000000,"Known Flow",0.000000,0.000000,2.16999993085665e-07,40.000000,0.579999,1000.000000,0.000000,0.000000,13.000000,0.000000,0.515376,0.579999,,,,7.819284,7.819284,,16.800279,,,,,,903.822387,0.066146,0.000000,0.000000,0.000000,,-459.670013,1000.000000,,0.000000,0.000000,,,,0.047114,"SETFLOW",0.000000,0.997564,0.000000,,,,,"","",,,,7.819284,,0.000000,,0.000000,,,0.000000,0.000000,"",,,0.000000,,-1.000000,,0.000000,0.000000,-1.000000,-1.000000,,,,,,,,,,,"",,,,,,,,,,"Volumetric",,,,,,,,,,-0.022833,,,,,,,,,,-0.022833,-0.000548,,,,,,,,,,,,
"0BEC4782","Nodes",1117898.250000,1668813.120000,1313.064347,"Default Known Flow Node",69.999969,0.579999,1000.000000,0.000000,"Known Flow",0.000000,0.000000,2.16999993085665e-07,40.000000,0.579999,1000.000000,0.000000,0.000000,13.000000,0.000000,0.515376,0.579999,,,,7.975756,7.975756,,16.800279,,,,,,903.822387,0.066146,0.000000,0.000000,0.000000,,-459.670013,1000.000000,,0.000000,0.000000,,,,0.047132,"SETFLOW",0.000000,0.997563,0.000000,,,,,"","",,,,7.975756,,0.000000,,0.000000,,,0.000000,0.000000,"",,,0.000000,,-1.000000,,0.000000,0.000000,-1.000000,-1.000000,,,,,,,,,,,"",,,,,,,,,,"Volumetric",,,,,,,,,,-0.032135,,,,,,,,,,-0.032135,-0.000771,,,,,,,,,,,,
"2FB283EB","Nodes",1118084.750000,1668847.370000,1313.064347,"Default Known Flow Node",69.999969,0.579999,1000.000000,0.000000,"Known Flow",0.000000,0.000000,2.16999993085665e-07,40.000000,0.579999,1000.000000,0.000000,0.000000,13.000000,0.000000,0.515377,0.579999,,,,8.006541,8.006541,,16.800279,,,,,,903.822387,0.066146,0.000000,0.000000,0.000000,,-459.670013,1000.000000,,0.000000,0.000000,,,,0.047135,"UNDEFINED",0.000000,0.997563,0.000000,,,,,"","",,,,8.006541,,0.000000,,0.000000,,,0.000000,0.000000,"",,,0.000000,,-1.000000,,0.000000,0.000000,-1.000000,-1.000000,,,,,,,,,,,"",,,,,,,,,,"Volumetric",,,,,,,,,,0.000000,,,,,,,,,,0.000000,0.000000,,,,,,,,,,,,
"4169 PABL","Nodes",1118085.435000,1668851.310000,1313.064347,"Default Known Flow Node",69.999969,0.579999,1000.000000,0.000000,"Known Flow",0.000000,0.000000,2.16999993085665e-07,40.000000,0.579999,1000.000000,0.000000,0.000000,13.000000,0.000000,0.515377,0.579999,,,,7.997244,7.997244,,16.800279,,,,,,903.822387,0.066146,0.000000,0.000000,0.000000,,-459.670013,1000.000000,,0.000000,0.000000,,,,0.047134,"SETFLOW",0.000000,0.997563,0.000000,,,,,"","",,,,7.997244,,0.000000,,0.000000,,,0.000000,0.000000,"",,,0.000000,"41-69 Parsons Blvd (POE Sanford Ave) Q= 5.663 mcfh, Firm",-1.000000,,0.000000,0.000000,0.000000,-1.000000,,,,,,,,,,,"",,,"",,,,,,,"Volumetric",,,"Volumetric",,,,,,,0.000000,,,-5.663000,,,,,,,0.000000,0.000000,,,,,,,,,,,,
"0BEC478F","Nodes",1117354.250000,1668967.120000,1313.064347,"Default Known Flow Node",69.999969,0.579999,1000.000000,0.000000,"Known Flow",0.000000,0.000000,2.16999993085665e-07,40.000000,0.579999,1000.000000,0.000000,0.000000,13.000000,0.000000,0.515375,0.579999,,,,7.738770,7.738770,,16.800279,,,,,,903.822387,0.066146,0.000000,0.000000,0.000000,,-459.670013,1000.000000,,0.000000,0.000000,,,,0.047105,"SETFLOW",0.000000,0.997564,0.000000,,,,,"","",,,,7.738770,,0.000000,,0.000000,,,0.000000,0.000000,"",,,0.000000,,-1.000000,,0.000000,0.000000,-1.000000,-1.000000,,,,,,,,,,,"",,,,,,,,,,"Volumetric",,,,,,,,,,-0.009133,,,,,,,,,,-0.009133,-0.000219,,,,,,,,,,,,
"0BEC478E","Nodes",1117362.750000,1668980.870000,1313.064347,"Default Known Flow Node",69.999969,0.579999,1000.000000,0.000000,"Known Flow",0.000000,0.000000,2.16999993085665e-07,40.000000,0.579999,1000.000000,0.000000,0.000000,13.000000,0.000000,0.515375,0.579999,,,,7.738408,7.738408,,16.800279,,,,,,903.822387,0.066146,0.000000,0.000000,0.000000,,-459.670013,1000.000000,,0.000000,0.000000,,,,0.047105,"SETFLOW",0.000000,0.997564,0.000000,,,,,"","",,,,7.738408,,0.000000,,0.000000,,,0.000000,0.000000,"",,,0.000000,,-1.000000,,0.000000,0.000000,-1.000000,-1.000000,,,,,,,,,,,"",,,,,,,,,,"Volumetric",,,,,,,,,,-0.005708,,,,,,,,,,-0.005708,-0.000137,,,,,,,,,,,,
"0BEC478D","Nodes",1117367.250000,1668988.500000,1313.064347,"Default Known Flow Node",69.999969,0.579999,1000.000000,0.000000,"Known Flow",0.000000,0.000000,2.16999993085665e-07,40.000000,0.579999,1000.000000,0.000000,0.000000,13.000000,0.000000,0.515375,0.579999,,,,7.738128,7.738128,,16.800279,,,,,,903.822387,0.066146,0.000000,0.000000,0.000000,,-459.670013,1000.000000,,0.000000,0.000000,,,,0.047105,"UNDEFINED",0.000000,0.997564,0.000000,,,,,"","",,,,7.738128,,0.000000,,0.000000,,,0.000000,0.000000,"",,,0.000000,,-1.000000,,0.000000,0.000000,-1.000000,-1.000000,,,,,,,,,,,"",,,,,,,,,,"Volumetric",,,,,,,,,,0.000000,,,,,,,,,,0.000000,0.000000,,,,,,,,,,,,
"2FB82FE9","Nodes",1117672.250000,1668998.370000,1313.064347,"Default Known Flow Node",69.999969,0.579999,1000.000000,0.000000,"Known Flow",0.000000,0.000000,2.16999993085665e-07,40.000000,0.579999,1000.000000,0.000000,0.000000,13.000000,0.000000,0.515376,0.579999,,,,7.820433,7.820433,,16.800279,,,,,,903.822387,0.066146,0.000000,0.000000,0.000000,,-459.670013,1000.000000,,0.000000,0.000000,,,,0.047114,"UNDEFINED",0.000000,0.997564,0.000000,,,,,"","",,,,7.820433,,0.000000,,0.000000,,,0.000000,0.000000,"",,,0.000000,,-1.000000,,0.000000,0.000000,-1.000000,-1.000000,,,,,,,,,,,"",,,,,,,,,,"Volumetric",,,,,,,,,,0.000000,,,,,,,,,,0.000000,0.000000,,,,,,,,,,,,
"0BEC478C","Nodes",1117371.500000,1668995.120000,1313.064347,"Default Known Flow Node",69.999969,0.579999,1000.000000,0.000000,"Known Flow",0.000000,0.000000,2.16999993085665e-07,40.000000,0.579999,1000.000000,0.000000,0.000000,13.000000,0.000000,0.515375,0.579999,,,,7.737958,7.737958,,16.800279,,,,,,903.822387,0.066146,0.000000,0.000000,0.000000,,-459.670013,1000.000000,,0.000000,0.000000,,,,0.047105,"SETFLOW",0.000000,0.997564,0.000000,,,,,"","",,,,7.737958,,0.000000,,0.000000,,,0.000000,0.000000,"",,,0.000000,,-1.000000,,0.000000,0.000000,-1.000000,-1.000000,,,,,,,,,,,"",,,,,,,,,,"Volumetric",,,,,,,,,,-0.011416,,,,,,,,,,-0.011416,-0.000274,,,,,,,,,,,,
"0BEC478B","Nodes",1117471.120000,1669150.500000,1313.064347,"Default Known Flow Node",69.999969,0.579999,1000.000000,0.000000,"Known Flow",0.000000,0.000000,2.16999993085665e-07,40.000000,0.579999,1000.000000,0.000000,0.000000,13.000000,0.000000,0.515375,0.579999,,,,7.734172,7.734172,,16.800279,,,,,,903.822387,0.066146,0.000000,0.000000,0.000000,,-459.670013,1000.000000,,0.000000,0.000000,,,,0.047104,"SETFLOW",0.000000,0.997564,0.000000,,,,,"","",,,,7.734172,,0.000000,,0.000000,,,0.000000,0.000000,"",,,0.000000,,-1.000000,,0.000000,0.000000,-1.000000,-1.000000,,,,,,,,,,,"",,,,,,,,,,"Volumetric",,,,,,,,,,-0.010073,,,,,,,,,,-0.010073,-0.000241,,,,,,,,,,,,
"2FB82FE8","Nodes",1117682.000000,1669013.500000,1313.064347,"Default Known Flow Node",69.999969,0.579999,1000.000000,0.000000,"Known Flow",0.000000,0.000000,2.16999993085665e-07,40.000000,0.579999,1000.000000,0.000000,0.000000,13.000000,0.000000,0.515376,0.579999,,,,7.820608,7.820608,,16.800279,,,,,,903.822387,0.066146,0.000000,0.000000,0.000000,,-459.670013,1000.000000,,0.000000,0.000000,,,,0.047114,"UNDEFINED",0.000000,0.997564,0.000000,,,,,"","",,,,7.820608,,0.000000,,0.000000,,,0.000000,0.000000,"",,,0.000000,,-1.000000,,0.000000,0.000000,-1.000000,-1.000000,,,,,,,,,,,"",,,,,,,,,,"Volumetric",,,,,,,,,,0.000000,,,,,,,,,,0.000000,0.000000,,,,,,,,,,,,
"2FB82FE5","Nodes",1117683.500000,1669015.870000,1313.064347,"Default Known Flow Node",69.999969,0.579999,1000.000000,0.000000,"Known Flow",0.000000,0.000000,2.16999993085665e-07,40.000000,0.579999,1000.000000,0.000000,0.000000,13.000000,0.000000,0.515376,0.579999,,,,7.820634,7.820634,,16.800279,,,,,,903.822387,0.066146,0.000000,0.000000,0.000000,,-459.670013,1000.000000,,0.000000,0.000000,,,,0.047114,"UNDEFINED",0.000000,0.997564,0.000000,,,,,"","",,,,7.820634,,0.000000,,0.000000,,,0.000000,0.000000,"",,,0.000000,,-1.000000,,0.000000,0.000000,-1.000000,-1.000000,,,,,,,,,,,"",,,,,,,,,,"Volumetric",,,,,,,,,,0.000000,,,,,,,,,,0.000000,0.000000,,,,,,,,,,,,
"2FB82FE6","Nodes",1117685.870000,1669013.620000,1313.064347,"Default Known Flow Node",69.999969,0.579999,1000.000000,0.000000,"Known Flow",0.000000,0.000000,2.16999993085665e-07,40.000000,0.579999,1000.000000,0.000000,0.000000,13.000000,0.000000,0.515376,0.579999,,,,7.822444,7.822444,,16.800279,,,,,,903.822387,0.066146,0.000000,0.000000,0.000000,,-459.670013,1000.000000,,0.000000,0.000000,,,,0.047114,"SETFLOW",0.000000,0.997564,0.000000,,,,,"","",,,,7.822444,,0.000000,,0.000000,,,0.000000,0.000000,"",,,0.000000,,-1.000000,,0.000000,0.000000,-1.000000,-1.000000,,,,,,,,,,,"",,,,,,,,,,"Volumetric",,,,,,,,,,-0.043652,,,,,,,,,,-0.043652,-0.001047,,,,,,,,,,,,
"2FB82FE7","Nodes",1117681.120000,1669018.120000,1313.064347,"Default Known Flow Node",69.999969,0.579999,1000.000000,0.000000,"Known Flow",0.000000,0.000000,2.16999993085665e-07,40.000000,0.579999,1000.000000,0.000000,0.000000,13.000000,0.000000,0.515376,0.579999,,,,7.819001,7.819001,,16.800279,,,,,,903.822387,0.066146,0.000000,0.000000,0.000000,,-459.670013,1000.000000,,0.000000,0.000000,,,,0.047114,"SETFLOW",0.000000,0.997564,0.000000,,,,,"","",,,,7.819001,,0.000000,,0.000000,,,0.000000,0.000000,"",,,0.000000,,-1.000000,,0.000000,0.000000,-1.000000,-1.000000,,,,,,,,,,,"",,,,,,,,,,"Volumetric",,,,,,,,,,-0.008730,,,,,,,,,,-0.008730,-0.000209,,,,,,,,,,,,
"2FB82FB1","Nodes",1117516.870000,1669171.250000,1313.064347,"Default Known Flow Node",69.999969,0.579999,1000.000000,0.000000,"Known Flow",0.000000,0.000000,2.16999993085665e-07,40.000000,0.579999,1000.000000,0.000000,0.000000,13.000000,0.000000,0.515375,0.579999,,,,7.741383,7.741383,,16.800279,,,,,,903.822387,0.066146,0.000000,0.000000,0.000000,,-459.670013,1000.000000,,0.000000,0.000000,,,,0.047105,"SETFLOW",0.000000,0.997564,0.000000,,,,,"","",,,,7.741383,,0.000000,,0.000000,,,0.000000,0.000000,"",,,0.000000,,-1.000000,,0.000000,0.000000,-1.000000,-1.000000,,,,,,,,,,,"",,,,,,,,,,"Volumetric",,,,,,,,,,-0.002014,,,,,,,,,,-0.002014,-0.000048,,,,,,,,,,,,
"2FB82FB2","Nodes",1117483.620000,1669167.750000,1313.064347,"Default Known Flow Node",69.999969,0.579999,1000.000000,0.000000,"Known Flow",0.000000,0.000000,2.16999993085665e-07,40.000000,0.579999,1000.000000,0.000000,0.000000,13.000000,0.000000,0.515375,0.579999,,,,7.733631,7.733631,,16.800279,,,,,,903.822387,0.066146,0.000000,0.000000,0.000000,,-459.670013,1000.000000,,0.000000,0.000000,,,,0.047104,"UNDEFINED",0.000000,0.997564,0.000000,,,,,"","",,,,7.733631,,0.000000,,0.000000,,,0.000000,0.000000,"",,,0.000000,,-1.000000,,0.000000,0.000000,-1.000000,-1.000000,,,,,,,,,,,"",,,,,,,,,,"Volumetric",,,,,,,,,,0.000000,,,,,,,,,,0.000000,0.000000,,,,,,,,,,,,
"0BEC4763","Nodes",1118134.500000,1669144.370000,1313.064347,"Default Known Flow Node",69.999969,0.579999,1000.000000,0.000000,"Known Flow",0.000000,0.000000,2.16999993085665e-07,40.000000,0.579999,1000.000000,0.000000,0.000000,13.000000,0.000000,0.515374,0.579999,,,,7.529351,7.529351,,16.800279,,,,,,903.822387,0.066146,0.000000,0.000000,0.000000,,-459.670013,1000.000000,,0.000000,0.000000,,,,0.047081,"SETFLOW",0.000000,0.997565,0.000000,,,,,"","",,,,7.529351,,0.000000,,0.000000,,,0.000000,0.000000,"",,,0.000000,,-1.000000,,0.000000,0.000000,-1.000000,-1.000000,,,,,,,,,,,"",,,,,,,,,,"Volumetric",,,,,,,,,,-0.100485,,,,,,,,,,-0.100485,-0.002411,,,,,,,,,,,,
"3W33","Nodes",1118135.870000,1669152.500000,1313.064347,"Default Known Flow Node",69.999969,0.579999,1000.000000,0.000000,"Known Flow",0.000000,0.000000,2.16999993085665e-07,40.000000,0.579999,1000.000000,0.000000,0.000000,13.000000,0.000000,0.515374,0.579999,,,,7.517604,7.517604,,16.800279,,,,,,903.822387,0.066146,0.000000,0.000000,0.000000,,-459.670013,1000.000000,,0.000000,0.000000,,,,0.047080,"SETFLOW",0.000000,0.997565,0.000000,,,,,"","",,,,7.517604,,0.000000,,0.000000,,,0.000000,0.000000,"",,,0.000000,"AK MANAGEMENT CO Violator: Firm 3/1/10",-1.000000,,0.000000,0.000000,-1.000000,-1.000000,,,,,,,,,,,"",,,,,,,,,,"Volumetric",,,,,,,,,,-0.418208,,,,,,,,,,-0.418208,-0.010037,,,,,,,,,,,,
"2FB82FB0","Nodes",1117500.750000,1669186.250000,1313.064347,"Default Known Flow Node",69.999969,0.579999,1000.000000,0.000000,"Known Flow",0.000000,0.000000,2.16999993085665e-07,40.000000,0.579999,1000.000000,0.000000,0.000000,13.000000,0.000000,0.515375,0.579999,,,,7.733529,7.733529,,16.800279,,,,,,903.822387,0.066146,0.000000,0.000000,0.000000,,-459.670013,1000.000000,,0.000000,0.000000,,,,0.047104,"SETFLOW",0.000000,0.997564,0.000000,,,,,"","",,,,7.733529,,0.000000,,0.000000,,,0.000000,0.000000,"",,,0.000000,,-1.000000,,0.000000,0.000000,-1.000000,-1.000000,,,,,,,,,,,"",,,,,,,,,,"Volumetric",,,,,,,,,,-0.008058,,,,,,,,,,-0.008058,-0.000193,,,,,,,,,,,,
"2FB1BEF5","Nodes",1117511.250000,1669176.370000,1313.064347,"Default Known Flow Node",69.999969,0.579999,1000.000000,0.000000,"Known Flow",0.000000,0.000000,2.16999993085665e-07,40.000000,0.579999,1000.000000,0.000000,0.000000,13.000000,0.000000,0.515375,0.579999,,,,7.737035,7.737035,,16.800279,,,,,,903.822387,0.066146,0.000000,0.000000,0.000000,,-459.670013,1000.000000,,0.000000,0.000000,,,,0.047105,"UNDEFINED",0.000000,0.997564,0.000000,,,,,"","",,,,7.737035,,0.000000,,0.000000,,,0.000000,0.000000,"",,,0.000000,,-1.000000,,0.000000,0.000000,-1.000000,-1.000000,,,,,,,,,,,"",,,,,,,,,,"Volumetric",,,,,,,,,,0.000000,,,,,,,,,,0.000000,0.000000,,,,,,,,,,,,
"2FB82FAF","Nodes",1117514.120000,1669192.500000,1313.064347,"Default Known Flow Node",69.999969,0.579999,1000.000000,0.000000,"Known Flow",0.000000,0.000000,2.16999993085665e-07,40.000000,0.579999,1000.000000,0.000000,0.000000,13.000000,0.000000,0.515375,0.579999,,,,7.705971,7.705971,,16.800279,,,,,,903.822387,0.066146,0.000000,0.000000,0.000000,,-459.670013,1000.000000,,0.000000,0.000000,,,,0.047101,"SETFLOW",0.000000,0.997564,0.000000,,,,,"","",,,,7.705971,,0.000000,,0.000000,,,0.000000,0.000000,"",,,0.000000,,-1.000000,,0.000000,0.000000,-1.000000,-1.000000,,,,,,,,,,,"",,,,,,,,,,"Volumetric",,,,,,,,,,-0.059434,,,,,,,,,,-0.059434,-0.001426,,,,,,,,,,,,
"0BEC4781","Nodes",1117601.620000,1669697.500000,1313.064347,"Default Known Flow Node",69.999969,0.579999,1000.000000,0.000000,"Known Flow",0.000000,0.000000,2.16999993085665e-07,40.000000,0.579999,1000.000000,0.000000,0.000000,13.000000,0.000000,0.515370,0.579999,,,,6.833080,6.833080,,16.800279,,,,,,903.822387,0.066147,0.000000,0.000000,0.000000,,-459.670013,1000.000000,,0.000000,0.000000,,,,0.047002,"SETFLOW",0.000000,0.997569,0.000000,,,,,"","",,,,6.833080,,0.000000,,0.000000,,,0.000000,0.000000,"",,,0.000000,"146-27 Beech Ave, Firm (S08-29055-Q)",-1.000000,,0.000000,0.000000,-1.000000,-1.000000,,,,,,,,,,,,,,,,"",,,,,,,,,,"Volumetric",,,,,,,,,,-0.253174,,,,,-0.253174,-0.006076,,,,,,,,,,,,
"0BEC4765","Nodes",1118152.120000,1669251.750000,1313.064347,"Default Known Flow Node",69.999969,0.579999,1000.000000,0.000000,"Known Flow",0.000000,0.000000,2.16999993085665e-07,40.000000,0.579999,1000.000000,0.000000,0.000000,13.000000,0.000000,0.515373,0.579999,,,,7.367979,7.367979,,16.800279,,,,,,903.822387,0.066146,0.000000,0.000000,0.000000,,-459.670013,1000.000000,,0.000000,0.000000,,,,0.047063,"UNDEFINED",0.000000,0.997566,0.000000,,,,,"","",,,,7.367979,,0.000000,,0.000000,,,0.000000,0.000000,"",,,0.000000,,-1.000000,,0.000000,0.000000,-1.000000,-1.000000,,,,,,,,,,,"",,,,,,,,,,"Volumetric",,,,,,,,,,0.000000,,,,,,,,,,0.000000,0.000000,,,,,,,,,,,,
"0BEC4766","Nodes",1118152.500000,1669256.250000,1313.064347,"Default Known Flow Node",69.999969,0.579999,1000.000000,0.000000,"Known Flow",0.000000,0.000000,2.16999993085665e-07,40.000000,0.579999,1000.000000,0.000000,0.000000,13.000000,0.000000,0.515373,0.579999,,,,7.362307,7.362307,,16.800279,,,,,,903.822387,0.066146,0.000000,0.000000,0.000000,,-459.670013,1000.000000,,0.000000,0.000000,,,,0.047062,"UNDEFINED",0.000000,0.997566,0.000000,,,,,"","",,,,7.362307,,0.000000,,0.000000,,,0.000000,0.000000,"",,,0.000000,,-1.000000,,0.000000,0.000000,-1.000000,-1.000000,,,,,,,,,,,"",,,,,,,,,,"Volumetric",,,,,,,,,,0.000000,,,,,,,,,,0.000000,0.000000,,,,,,,,,,,,
"0BEC4767","Nodes",1118163.000000,1669321.500000,1313.064347,"Default Known Flow Node",69.999969,0.579999,1000.000000,0.000000,"Known Flow",0.000000,0.000000,2.16999993085665e-07,40.000000,0.579999,1000.000000,0.000000,0.000000,13.000000,0.000000,0.515373,0.579999,,,,7.265021,7.265021,,16.800279,,,,,,903.822387,0.066146,0.000000,0.000000,0.000000,,-459.670013,1000.000000,,0.000000,0.000000,,,,0.047051,"SETFLOW",0.000000,0.997567,0.000000,,,,,"","",,,,7.265021,,0.000000,,0.000000,,,0.000000,0.000000,"",,,0.000000,,-1.000000,,0.000000,0.000000,-1.000000,-1.000000,,,,,,,,,,,"",,,,,,,,,,"Volumetric",,,,,,,,,,-0.179088,,,,,,,,,,-0.179088,-0.004298,,,,,,,,,,,,
"0BEC4768","Nodes",1118163.620000,1669326.620000,1313.064347,"Default Known Flow Node",69.999969,0.579999,1000.000000,0.000000,"Known Flow",0.000000,0.000000,2.16999993085665e-07,40.000000,0.579999,1000.000000,0.000000,0.000000,13.000000,0.000000,0.515372,0.579999,,,,7.258039,7.258039,,16.800279,,,,,,903.822387,0.066146,0.000000,0.000000,0.000000,,-459.670013,1000.000000,,0.000000,0.000000,,,,0.047050,"SETFLOW",0.000000,0.997567,0.000000,,,,,"","",,,,7.258039,,0.000000,,0.000000,,,0.000000,0.000000,"",,,0.000000,"144-60 Sanford Ave, Q= 9.249 mcfh, Firm",-1.000000,,0.000000,0.000000,-1.000000,-1.000000,,,,,,,,,,,"",,,"",,,,,,,"Volumetric",,,"Volumetric",,,,,,,0.000000,,,-9.248999,,,,,,,0.000000,0.000000,,,,,,,,,,,,
"2FB82FAB","Nodes",1117284.120000,1669384.870000,1313.064347,"Default Known Flow Node",69.999969,0.579999,1000.000000,0.000000,"Known Flow",0.000000,0.000000,2.16999993085665e-07,40.000000,0.579999,1000.000000,0.000000,0.000000,13.000000,0.000000,0.515375,0.579999,,,,7.680581,7.680581,,16.800279,,,,,,903.822387,0.066146,0.000000,0.000000,0.000000,,-459.670013,1000.000000,,0.000000,0.000000,,,,0.047098,"SETFLOW",0.000000,0.997564,0.000000,,,,,"","",,,,7.680581,,0.000000,,0.000000,,,0.000000,0.000000,"",,,0.000000,,-1.000000,,0.000000,0.000000,-1.000000,-1.000000,,,,,,,,,,,"",,,,,,,,,,"Volumetric",,,,,,,,,,-0.022665,,,,,,,,,,-0.022665,-0.000543,,,,,,,,,,,,
"0BEC4789","Nodes",1118235.500000,1669698.370000,1313.064347,"Default Known Flow Node",69.999969,0.579999,1000.000000,0.000000,"Known Flow",0.000000,0.000000,2.16999993085665e-07,40.000000,0.579999,1000.000000,0.000000,0.000000,13.000000,0.000000,0.515369,0.579999,,,,6.695472,6.695472,,16.800279,,,,,,903.822387,0.066147,0.000000,0.000000,0.000000,,-459.670013,1000.000000,,0.000000,0.000000,,,,0.046986,"UNDEFINED",0.000000,0.997570,0.000000,,,,,"","",,,,6.695472,,0.000000,,0.000000,,,0.000000,0.000000,"",,,0.000000,,-1.000000,,0.000000,0.000000,-1.000000,-1.000000,,,,,,,,,,,"",,,,,,,,,,"Volumetric",,,,,,,,,,0.000000,,,,,,,,,,0.000000,0.000000,,,,,,,,,,,,
"0BEC47AA","Nodes",1118240.000000,1669697.120000,1313.064347,"Default Known Flow Node",69.999969,0.579999,1000.000000,0.000000,"Known Flow",0.000000,0.000000,2.16999993085665e-07,40.000000,0.579999,1000.000000,0.000000,0.000000,13.000000,0.000000,0.515369,0.579999,,,,6.693848,6.693848,,16.800279,,,,,,903.822387,0.066147,0.000000,0.000000,0.000000,,-459.670013,1000.000000,,0.000000,0.000000,,,,0.046986,"UNDEFINED",0.000000,0.997570,0.000000,,,,,"","",,,,6.693848,,0.000000,,0.000000,,,0.000000,0.000000,"",,,0.000000,,-1.000000,,0.000000,0.000000,-1.000000,-1.000000,,,,,,,,,,,"",,,,,,,,,,"Volumetric",,,,,,,,,,0.000000,,,,,,,,,,0.000000,0.000000,,,,,,,,,,,,
"0BEC477C","Nodes",1117626.040334,1669798.827340,1313.064347,"Default Known Flow Node",69.999969,0.579999,1000.000000,0.000000,"Known Flow",0.000000,0.000000,2.16999993085665e-07,40.000000,0.579999,1000.000000,0.000000,0.000000,13.000000,0.000000,0.515369,0.579999,,,,6.713017,6.713017,,16.800279,,,,,,903.822387,0.066147,0.000000,0.000000,0.000000,,-459.670013,1000.000000,,0.000000,0.000000,,,,0.046988,"SETFLOW",0.000000,0.997570,0.000000,,,,,"","",,,,6.713017,,0.000000,,0.000000,,,0.000000,0.000000,"",,,0.000000,,-1.000000,,0.000000,0.000000,-1.000000,-1.000000,,,,,,,,,,,"",,,,,,,,,,"Volumetric",,,,,,,,,,-0.022665,,,,,,,,,,-0.022665,-0.000543,,,,,,,,,,,,
"Q3No897","Nodes",1117624.456842,1669790.230345,1313.064347,"Default Known Flow Node",69.999969,0.579999,1000.000000,0.000000,"Known Flow",0.000000,0.000000,2.16999993085665e-07,40.000000,0.579999,1000.000000,0.000000,0.000000,13.000000,0.000000,0.515369,0.579999,,,,6.713616,6.713616,,16.800279,,,,,,903.822387,0.066147,0.000000,0.000000,0.000000,,-459.670013,1000.000000,,0.000000,0.000000,,,,0.046988,"UNDEFINED",0.000000,0.997570,0.000000,,,,,"","",,,,6.713616,,0.000000,,0.000000,,,0.000000,0.000000,"",,,0.000000,,-1.000000,,0.000000,0.000000,0.000000,-1.000000,,,,,,,,,,,"",,,,,,,,,,"Volumetric",,,,,,,,,,0.000000,,,,,,,,,,0.000000,0.000000,,,,,,,,,,,,
"0BEC4769","Nodes",1118223.870000,1669701.120000,1313.064347,"Default Known Flow Node",69.999969,0.579999,1000.000000,0.000000,"Known Flow",0.000000,0.000000,2.16999993085665e-07,40.000000,0.579999,1000.000000,0.000000,0.000000,13.000000,0.000000,0.515369,0.579999,,,,6.699372,6.699372,,16.800279,,,,,,903.822387,0.066147,0.000000,0.000000,0.000000,,-459.670013,1000.000000,,0.000000,0.000000,,,,0.046987,"SETFLOW",0.000000,0.997570,0.000000,,,,,"","",,,,6.699372,,0.000000,,0.000000,,,0.000000,0.000000,"",,,0.000000,,-1.000000,,0.000000,0.000000,-1.000000,-1.000000,,,,,,,,,,,"",,,,,,,,,,"Volumetric",,,,,,,,,,-0.358874,,,,,,,,,,-0.358874,-0.008612,,,,,,,,,,,,
"0BEC4787","Nodes",1118224.250000,1669703.620000,1313.064347,"Default Known Flow Node",69.999969,0.579999,1000.000000,0.000000,"Known Flow",0.000000,0.000000,2.16999993085665e-07,40.000000,0.579999,1000.000000,0.000000,0.000000,13.000000,0.000000,0.515369,0.579999,,,,6.697991,6.697991,,16.800279,,,,,,903.822387,0.066147,0.000000,0.000000,0.000000,,-459.670013,1000.000000,,0.000000,0.000000,,,,0.046987,"SETFLOW",0.000000,0.997570,0.000000,,,,,"","",,,,6.697991,,0.000000,,0.000000,,,0.000000,0.000000,"",,,0.000000,,-1.000000,,0.000000,0.000000,-1.000000,-1.000000,,,,,,,,,,,"",,,,,,,,,,"Volumetric",,,,,,,,,,-0.170955,,,,,,,,,,-0.170955,-0.004102,,,,,,,,,,,,
"0BEC4788","Nodes",1118225.000000,1669708.120000,1313.064347,"Default Known Flow Node",69.999969,0.579999,1000.000000,0.000000,"Known Flow",0.000000,0.000000,2.16999993085665e-07,40.000000,0.579999,1000.000000,0.000000,0.000000,13.000000,0.000000,0.515369,0.579999,,,,6.696073,6.696073,,16.800279,,,,,,903.822387,0.066147,0.000000,0.000000,0.000000,,-459.670013,1000.000000,,0.000000,0.000000,,,,0.046986,"SETFLOW",0.000000,0.997570,0.000000,,,,,"","",,,,6.696073,,0.000000,,0.000000,,,0.000000,0.000000,"",,,0.000000,,-1.000000,,0.000000,0.000000,-1.000000,-1.000000,,,,,,,,,,,"",,,,,,,,,,"Volumetric",,,,,,,,,,-1.326242,,,,,,,,,,-1.326242,-0.031829,,,,,,,,,,,,
"0BEC477A","Nodes",1117628.337642,1669813.223762,1313.064347,"Default Known Flow Node",69.999969,0.579999,1000.000000,0.000000,"Known Flow",0.000000,0.000000,2.16999993085665e-07,40.000000,0.579999,1000.000000,0.000000,0.000000,13.000000,0.000000,0.515369,0.579999,,,,6.710434,6.710434,,16.800279,,,,,,903.822387,0.066147,0.000000,0.000000,0.000000,,-459.670013,1000.000000,,0.000000,0.000000,,,,0.046988,"SETFLOW",0.000000,0.997570,0.000000,,,,,"","",,,,6.710434,,0.000000,,0.000000,,,0.000000,0.000000,"",,,0.000000,,-1.000000,,0.000000,0.000000,-1.000000,-1.000000,,,,,,,,,,,"",,,,,,,,,,"Volumetric",,,,,,,,,,-0.047850,,,,,,,,,,-0.047850,-0.001148,,,,,,,,,,,,
"0BEC4776","Nodes",1117366.620000,1669846.870000,1313.064347,"Default Known Flow Node",69.999969,0.579999,1000.000000,0.000000,"Known Flow",0.000000,0.000000,2.16999993085665e-07,40.000000,0.579999,1000.000000,0.000000,0.000000,13.000000,0.000000,0.515371,0.579999,,,,6.899864,6.899864,,16.800279,,,,,,903.822387,0.066147,0.000000,0.000000,0.000000,,-459.670013,1000.000000,,0.000000,0.000000,,,,0.047009,"SETFLOW",0.000000,0.997569,0.000000,,,,,"","",,,,6.899864,,0.000000,,0.000000,,,0.000000,0.000000,"",,,0.000000,,-1.000000,,0.000000,0.000000,-1.000000,-1.000000,,,,,,,,,,,"",,,,,,,,,,"Volumetric",,,,,,,,,,-0.066990,,,,,,,,,,-0.066989,-0.001607,,,,,,,,,,,,
"Q3No898","Nodes",1117625.057048,1669799.009437,1313.064347,"Default Known Flow Node",69.999969,0.579999,1000.000000,0.000000,"Known Flow",0.000000,0.000000,2.16999993085665e-07,40.000000,0.579999,1000.000000,0.000000,0.000000,13.000000,0.000000,0.515369,0.579999,,,,6.713056,6.713056,,16.800279,,,,,,903.822387,0.066147,0.000000,0.000000,0.000000,,-459.670013,1000.000000,,0.000000,0.000000,,,,0.046988,"UNDEFINED",0.000000,0.997570,0.000000,,,,,"","",,,,6.713056,,0.000000,,0.000000,,,0.000000,0.000000,"",,,0.000000,,-1.000000,,0.000000,0.000000,0.000000,-1.000000,,,,,,,,,,,"",,,,,,,,,,"Volumetric",,,,,,,,,,0.000000,,,,,,,,,,0.000000,0.000000,,,,,,,,,,,,
"0BEC47A9","Nodes",1118240.000000,1669883.120000,1313.064347,"Default Known Flow Node",69.999969,0.579999,1000.000000,0.000000,"Known Flow",0.000000,0.000000,2.16999993085665e-07,40.000000,0.579999,1000.000000,0.000000,0.000000,13.000000,0.000000,0.515369,0.579999,,,,6.608350,6.608350,,16.800279,,,,,,903.822387,0.066147,0.000000,0.000000,0.000000,,-459.670013,1000.000000,,0.000000,0.000000,,,,0.046976,"SETFLOW",0.000000,0.997571,0.000000,,,,,"","",,,,6.608350,,0.000000,,0.000000,,,0.000000,0.000000,"",,,0.000000,,-1.000000,,0.000000,0.000000,-1.000000,-1.000000,,,,,,,,,,,"",,,,,,,,,,"Volumetric",,,,,,,,,,-0.066017,,,,,,,,,,-0.066017,-0.001584,,,,,,,,,,,,
"0BEC4784","Nodes",1117917.000000,1669876.620000,1313.064347,"Default Known Flow Node",69.999969,0.579999,1000.000000,0.000000,"Known Flow",0.000000,0.000000,2.16999993085665e-07,40.000000,0.579999,1000.000000,0.000000,0.000000,13.000000,0.000000,0.515369,0.579999,,,,6.679163,6.679163,,16.800279,,,,,,903.822387,0.066147,0.000000,0.000000,0.000000,,-459.670013,1000.000000,,0.000000,0.000000,,,,0.046984,"UNDEFINED",0.000000,0.997570,0.000000,,,,,"","",,,,6.679163,,0.000000,,0.000000,,,0.000000,0.000000,"",,,0.000000,,-1.000000,,0.000000,0.000000,-1.000000,-1.000000,,,,,,,,,,,"",,,,,,,,,,"Volumetric",,,,,,,,,,0.000000,,,,,,,,,,0.000000,0.000000,,,,,,,,,,,,
"0BEC4785","Nodes",1117915.870000,1669901.250000,1313.064347,"Default Known Flow Node",69.999969,0.579999,1000.000000,0.000000,"Known Flow",0.000000,0.000000,2.16999993085665e-07,40.000000,0.579999,1000.000000,0.000000,0.000000,13.000000,0.000000,0.515369,0.579999,,,,6.674962,6.674962,,16.800279,,,,,,903.822387,0.066147,0.000000,0.000000,0.000000,,-459.670013,1000.000000,,0.000000,0.000000,,,,0.046984,"SETFLOW",0.000000,0.997570,0.000000,,,,,"","",,,,6.674962,,0.000000,,0.000000,,,0.000000,0.000000,"",,,0.000000,,-1.000000,,0.000000,0.000000,-1.000000,-1.000000,,,,,,,,,,,"",,,,,,,,,,"Volumetric",,,,,,,,,,-0.017754,,,,,,,,,,-0.017754,-0.000426,,,,,,,,,,,,
"Q3No213","Nodes",1117374.802692,1669892.023717,1313.064347,"Default Known Flow Node",69.999969,0.579999,1000.000000,0.000000,"Known Flow",0.000000,0.000000,2.16999993085665e-07,40.000000,0.579999,1000.000000,0.000000,0.000000,13.000000,0.000000,0.515370,0.579999,,,,6.832359,6.832359,,16.800279,,,,,,903.822387,0.066147,0.000000,0.000000,0.000000,,-459.670013,1000.000000,,0.000000,0.000000,,,,0.047002,"UNDEFINED",0.000000,0.997569,0.000000,,,,,"","",,,,6.832359,,0.000000,,0.000000,,,0.000000,0.000000,"",,,0.000000,,-1.000000,,0.000000,0.000000,0.000000,-1.000000,,,,,,,,,,,"",,,,,,,,,,"Volumetric",,,,,,,,,,0.000000,,,,,,,,,,0.000000,0.000000,,,,,,,,,,,,
"0BEC47A8","Nodes",1117935.870000,1670000.000000,1313.064347,"Default Known Flow Node",69.999969,0.579999,1000.000000,0.000000,"Known Flow",0.000000,0.000000,2.16999993085665e-07,40.000000,0.579999,1000.000000,0.000000,0.000000,13.000000,0.000000,0.515369,0.579999,,,,6.657637,6.657637,,16.800279,,,,,,903.822387,0.066147,0.000000,0.000000,0.000000,,-459.670013,1000.000000,,0.000000,0.000000,,,,0.046982,"SETFLOW",0.000000,0.997570,0.000000,,,,,"","",,,,6.657637,,0.000000,,0.000000,,,0.000000,0.000000,"",,,0.000000,,-1.000000,,0.000000,0.000000,-1.000000,-1.000000,,,,,,,,,,,"",,,,,,,,,,"Volumetric",,,,,,,,,,-0.058152,,,,,,,,,,-0.058152,-0.001395,,,,,,,,,,,,
"0BEC4F4E","Nodes",1117951.750000,1670110.620000,1313.064347,"Default Known Flow Node",69.999969,0.579999,1000.000000,0.000000,"Known Flow",0.000000,0.000000,2.16999993085665e-07,40.000000,0.579999,1000.000000,0.000000,0.000000,13.000000,0.000000,0.515369,0.579999,,,,6.640471,6.640471,,16.800279,,,,,,903.822387,0.066147,0.000000,0.000000,0.000000,,-459.670013,1000.000000,,0.000000,0.000000,,,,0.046980,"SETFLOW",0.000000,0.997570,0.000000,,,,,"","",,,,6.640471,,0.000000,,0.000000,,,0.000000,0.000000,"",,,0.000000,,-1.000000,,0.000000,0.000000,-1.000000,-1.000000,,,,,,,,,,,"",,,,,,,,,,"Volumetric",,,,,,,,,,-0.086542,,,,,,,,,,-0.086542,-0.002077,,,,,,,,,,,,
"0BEC4F4F","Nodes",1117974.250000,1670239.120000,1313.064347,"Default Known Flow Node",69.999969,0.579999,1000.000000,0.000000,"Known Flow",0.000000,0.000000,2.16999993085665e-07,40.000000,0.579999,1000.000000,0.000000,0.000000,13.000000,0.000000,0.515369,0.579999,,,,6.623572,6.623572,,16.800279,,,,,,903.822387,0.066147,0.000000,0.000000,0.000000,,-459.670013,1000.000000,,0.000000,0.000000,,,,0.046978,"SETFLOW",0.000000,0.997571,0.000000,,,,,"","",,,,6.623572,,0.000000,,0.000000,,,0.000000,0.000000,"",,,0.000000,,-1.000000,,0.000000,0.000000,-1.000000,-1.000000,,,,,,,,,,,"",,,,,,,,,,"Volumetric",,,,,,,,,,-0.075552,,,,,,,,,,-0.075552,-0.001813,,,,,,,,,,,,
"0BEC4F58","Nodes",1117738.757457,1670455.525349,1313.064347,"Default Known Flow Node",69.999969,0.579999,1000.000000,0.000000,"Known Flow",0.000000,0.000000,2.16999993085665e-07,40.000000,0.579999,1000.000000,0.000000,0.000000,13.000000,0.000000,0.515369,0.579999,,,,6.659412,6.659412,,16.800279,,,,,,903.822387,0.066147,0.000000,0.000000,0.000000,,-459.670013,1000.000000,,0.000000,0.000000,,,,0.046982,"SETFLOW",0.000000,0.997570,0.000000,,,,,"","",,,,6.659412,,0.000000,,0.000000,,,0.000000,0.000000,"",,,0.000000,,-1.000000,,0.000000,0.000000,-1.000000,-1.000000,,,,,,,,,,,"",,,,,,,,,,"Volumetric",,,,,,,,,,-0.020605,,,,,,,,,,-0.020605,-0.000494,,,,,,,,,,,,
"Q3No219","Nodes",1117735.209510,1670436.029687,1313.064347,"Default Known Flow Node",69.999969,0.579999,1000.000000,0.000000,"Known Flow",0.000000,0.000000,2.16999993085665e-07,40.000000,0.579999,1000.000000,0.000000,0.000000,13.000000,0.000000,0.515369,0.579999,,,,6.660665,6.660665,,16.800279,,,,,,903.822387,0.066147,0.000000,0.000000,0.000000,,-459.670013,1000.000000,,0.000000,0.000000,,,,0.046982,"UNDEFINED",0.000000,0.997570,0.000000,,,,,"","",,,,6.660665,,0.000000,,0.000000,,,0.000000,0.000000,"",,,0.000000,"V67622",-1.000000,,0.000000,0.000000,0.000000,-1.000000,,,,,,,,,,,"",,,,,,,,,,"Volumetric",,,,,,,,,,0.000000,,,,,,,,,,0.000000,0.000000,,,,,,,,,,,,
"0BEC4F52","Nodes",1118227.500000,1670384.370000,1313.064347,"Default Known Flow Node",69.999969,0.579999,1000.000000,0.000000,"Known Flow",0.000000,0.000000,2.16999993085665e-07,40.000000,0.579999,1000.000000,0.000000,0.000000,13.000000,0.000000,0.515369,0.579999,,,,6.585264,6.585264,,16.800279,,,,,,903.822387,0.066147,0.000000,0.000000,0.000000,,-459.670013,1000.000000,,0.000000,0.000000,,,,0.046974,"SETFLOW",0.000000,0.997571,0.000000,,,,,"","",,,,6.585264,,0.000000,,0.000000,,,0.000000,0.000000,"",,,0.000000,,-1.000000,,0.000000,0.000000,-1.000000,-1.000000,,,,,,,,,,,"",,,,,,,,,,"Volumetric",,,,,,,,,,-0.152236,,,,,,,,,,-0.152236,-0.003653,,,,,,,,,,,,
"0BEC4F83","Nodes",1118296.500000,1670370.250000,1313.064347,"Default Known Flow Node",69.999969,0.579999,1000.000000,0.000000,"Known Flow",0.000000,0.000000,2.16999993085665e-07,40.000000,0.579999,1000.000000,0.000000,0.000000,13.000000,0.000000,0.515369,0.579999,,,,6.576571,6.576571,,16.800279,,,,,,903.822387,0.066147,0.000000,0.000000,0.000000,,-459.670013,1000.000000,,0.000000,0.000000,,,,0.046973,"SETFLOW",0.000000,0.997571,0.000000,,,,,"","",,,,6.576571,,0.000000,,0.000000,,,0.000000,0.000000,"",,,0.000000,,-1.000000,,0.000000,0.000000,-1.000000,-1.000000,,,,,,,,,,,"",,,,,,,,,,"Volumetric",,,,,,,,,,-0.208476,,,,,,,,,,-0.208476,-0.005003,,,,,,,,,,,,
"0BEC4F56","Nodes",1117744.863279,1670487.131205,1313.064347,"Default Known Flow Node",69.999969,0.579999,1000.000000,0.000000,"Known Flow",0.000000,0.000000,2.16999993085665e-07,40.000000,0.579999,1000.000000,0.000000,0.000000,13.000000,0.000000,0.515369,0.579999,,,,6.644344,6.644344,,16.800279,,,,,,903.822387,0.066147,0.000000,0.000000,0.000000,,-459.670013,1000.000000,,0.000000,0.000000,,,,0.046980,"SETFLOW",0.000000,0.997570,0.000000,,,,,"","",,,,6.644344,,0.000000,,0.000000,,,0.000000,0.000000,"",,,0.000000,,-1.000000,,0.000000,0.000000,-1.000000,-1.000000,,,,,,,,,,,"",,,,,,,,,,"Volumetric",,,,,,,,,,-0.194605,,,,,,,,,,-0.194605,-0.004670,,,,,,,,,,,,
"0BEC4F53","Nodes",1117779.938420,1670480.397404,1313.064347,"Default Known Flow Node",69.999969,0.579999,1000.000000,0.000000,"Known Flow",0.000000,0.000000,2.16999993085665e-07,40.000000,0.579999,1000.000000,0.000000,0.000000,13.000000,0.000000,0.515369,0.579999,,,,6.640678,6.640678,,16.800279,,,,,,903.822387,0.066147,0.000000,0.000000,0.000000,,-459.670013,1000.000000,,0.000000,0.000000,,,,0.046980,"SETFLOW",0.000000,0.997570,0.000000,,,,,"","",,,,6.640678,,0.000000,,0.000000,,,0.000000,0.000000,"",,,0.000000,,-1.000000,,0.000000,0.000000,-1.000000,-1.000000,,,,,,,,,,,"",,,,,,,,,,"Volumetric",,,,,,,,,,-0.130245,,,,,,,,,,-0.130245,-0.003125,,,,,,,,,,,,
"0BEC4F54","Nodes",1117754.887297,1670485.390924,1313.064347,"Default Known Flow Node",69.999969,0.579999,1000.000000,0.000000,"Known Flow",0.000000,0.000000,2.16999993085665e-07,40.000000,0.579999,1000.000000,0.000000,0.000000,13.000000,0.000000,0.515369,0.579999,,,,6.643018,6.643018,,16.800279,,,,,,903.822387,0.066147,0.000000,0.000000,0.000000,,-459.670013,1000.000000,,0.000000,0.000000,,,,0.046980,"SETFLOW",0.000000,0.997570,0.000000,,,,,"","",,,,6.643018,,0.000000,,0.000000,,,0.000000,0.000000,"",,,0.000000,,-1.000000,,0.000000,0.000000,-1.000000,-1.000000,,,,,,,,,,,"",,,,,,,,,,"Volumetric",,,,,,,,,,-0.021521,,,,,,,,,,-0.021521,-0.000516,,,,,,,,,,,,
"Q3No218","Nodes",1117692.669331,1670463.828702,1313.064347,"Default Known Flow Node",69.999969,0.579999,1000.000000,0.000000,"Known Flow",0.000000,0.000000,2.16999993085665e-07,40.000000,0.579999,1000.000000,0.000000,0.000000,13.000000,0.000000,0.515369,0.579999,,,,6.670565,6.670565,,16.800279,,,,,,903.822387,0.066147,0.000000,0.000000,0.000000,,-459.670013,1000.000000,,0.000000,0.000000,,,,0.046983,"UNDEFINED",0.000000,0.997570,0.000000,,,,,"","",,,,6.670565,,0.000000,,0.000000,,,0.000000,0.000000,"",,,0.000000,,-1.000000,,0.000000,0.000000,0.000000,-1.000000,,,,,,,,,,,"",,,,,,,,,,"Volumetric",,,,,,,,,,0.000000,,,,,,,,,,0.000000,0.000000,,,,,,,,,,,,
"0BEC4F55","Nodes",1117747.786951,1670486.783149,1313.064347,"Default Known Flow Node",69.999969,0.579999,1000.000000,0.000000,"Known Flow",0.000000,0.000000,2.16999993085665e-07,40.000000,0.579999,1000.000000,0.000000,0.000000,13.000000,0.000000,0.515369,0.579999,,,,6.643738,6.643738,,16.800279,,,,,,903.822387,0.066147,0.000000,0.000000,0.000000,,-459.670013,1000.000000,,0.000000,0.000000,,,,0.046980,"SETFLOW",0.000000,0.997570,0.000000,,,,,"","",,,,6.643738,,0.000000,,0.000000,,,0.000000,0.000000,"",,,0.000000,,-1.000000,,0.000000,0.000000,-1.000000,-1.000000,,,,,,,,,,,"",,,,,,,,,,"Volumetric",,,,,,,,,,-0.021521,,,,,,,,,,-0.021521,-0.000516,,,,,,,,,,,,
"0BEC4F60","Nodes",1117229.563103,1670546.501575,1313.064347,"Default Known Flow Node",69.999969,0.579999,1000.000000,0.000000,"Known Flow",0.000000,0.000000,2.16999993085665e-07,40.000000,0.579999,1000.000000,0.000000,0.000000,13.000000,0.000000,0.515370,0.579999,,,,6.857540,6.857540,,16.800279,,,,,,903.822387,0.066147,0.000000,0.000000,0.000000,,-459.670013,1000.000000,,0.000000,0.000000,,,,0.047005,"SETFLOW",0.000000,0.997569,0.000000,,,,,"","",,,,6.857540,,0.000000,,0.000000,,,0.000000,0.000000,"",,,0.000000,,-1.000000,,0.000000,0.000000,-1.000000,-1.000000,,,,,,,,,,,"",,,,,,,,,,"Volumetric",,,,,,,,,,-0.140527,,,,,,,,,,-0.140527,-0.003372,,,,,,,,,,,,
"0BEC4F84","Nodes",1117225.131992,1670521.315727,1313.064347,"Default Known Flow Node",69.999969,0.579999,1000.000000,0.000000,"Known Flow",0.000000,0.000000,2.16999993085665e-07,40.000000,0.579999,1000.000000,0.000000,0.000000,13.000000,0.000000,0.515370,0.579999,,,,6.859906,6.859906,,16.800279,,,,,,903.822387,0.066147,0.000000,0.000000,0.000000,,-459.670013,1000.000000,,0.000000,0.000000,,,,0.047005,"SETFLOW",0.000000,0.997569,0.000000,,,,,"","",,,,6.859906,,0.000000,,0.000000,,,0.000000,0.000000,"",,,0.000000,,-1.000000,,0.000000,0.000000,-1.000000,-1.000000,,,,,,,,,,,"",,,,,,,,,,"Volumetric",,,,,,,,,,-0.128439,,,,,,,,,,-0.128439,-0.003082,,,,,,,,,,,,
"0BEC4F71","Nodes",1118058.419041,1670742.402569,1313.064347,"Default Known Flow Node",69.999969,0.579999,1000.000000,0.000000,"Known Flow",0.000000,0.000000,2.16999993085665e-07,40.000000,0.579999,1000.000000,0.000000,0.000000,13.000000,0.000000,0.515369,0.579999,,,,6.572364,6.572364,,16.800279,,,,,,903.822387,0.066147,0.000000,0.000000,0.000000,,-459.670013,1000.000000,,0.000000,0.000000,,,,0.046972,"SETFLOW",0.000000,0.997571,0.000000,,,,,"","",,,,6.572364,,0.000000,,0.000000,,,0.000000,0.000000,"",,,0.000000,,-1.000000,,0.000000,0.000000,-1.000000,-1.000000,,,,,,,,,,,"",,,,,,,,,,"Volumetric",,,,,,,,,,-0.162902,,,,,,,,,,-0.162902,-0.003909,,,,,,,,,,,,
"0BEC4F72","Nodes",1118068.739534,1670740.561044,1313.064347,"Default Known Flow Node",69.999969,0.579999,1000.000000,0.000000,"Known Flow",0.000000,0.000000,2.16999993085665e-07,40.000000,0.579999,1000.000000,0.000000,0.000000,13.000000,0.000000,0.515369,0.579999,,,,6.571395,6.571395,,16.800279,,,,,,903.822387,0.066147,0.000000,0.000000,0.000000,,-459.670013,1000.000000,,0.000000,0.000000,,,,0.046972,"UNDEFINED",0.000000,0.997571,0.000000,,,,,"","",,,,6.571395,,0.000000,,0.000000,,,0.000000,0.000000,"",,,0.000000,,-1.000000,,0.000000,0.000000,-1.000000,-1.000000,,,,,,,,,,,"",,,,,,,,,,"Volumetric",,,,,,,,,,0.000000,,,,,,,,,,0.000000,0.000000,,,,,,,,,,,,
"0BEC4F70","Nodes",1118061.703859,1670752.577767,1313.064347,"Default Known Flow Node",69.999969,0.579999,1000.000000,0.000000,"Known Flow",0.000000,0.000000,2.16999993085665e-07,40.000000,0.579999,1000.000000,0.000000,0.000000,13.000000,0.000000,0.515369,0.579999,,,,6.572335,6.572335,,16.800279,,,,,,903.822387,0.066147,0.000000,0.000000,0.000000,,-459.670013,1000.000000,,0.000000,0.000000,,,,0.046972,"UNDEFINED",0.000000,0.997571,0.000000,,,,,"","",,,,6.572335,,0.000000,,0.000000,,,0.000000,0.000000,"",,,0.000000,,-1.000000,,0.000000,0.000000,-1.000000,-1.000000,,,,,,,,,,,"",,,,,,,,,,"Volumetric",,,,,,,,,,0.000000,,,,,,,,,,0.000000,0.000000,,,,,,,,,,,,
"Q3No230","Nodes",1118059.719532,1670748.175042,1313.064347,"Default Known Flow Node",69.999969,0.579999,1000.000000,0.000000,"Known Flow",0.000000,0.000000,2.16999993085665e-07,40.000000,0.579999,1000.000000,0.000000,0.000000,13.000000,0.000000,0.515369,0.579999,,,,6.572352,6.572352,,16.800279,,,,,,903.822387,0.066147,0.000000,0.000000,0.000000,,-459.670013,1000.000000,,0.000000,0.000000,,,,0.046972,"UNDEFINED",0.000000,0.997571,0.000000,,,,,"","",,,,6.572352,,0.000000,,0.000000,,,0.000000,0.000000,"",,,0.000000,,-1.000000,,0.000000,0.000000,0.000000,-1.000000,,,,,,,,,,,"",,,,,,,,,,"Volumetric",,,,,,,,,,0.000000,,,,,,,,,,0.000000,0.000000,,,,,,,,,,,,
"0BEC4F6F","Nodes",1118063.183060,1670755.699265,1313.064347,"Default Known Flow Node",69.999969,0.579999,1000.000000,0.000000,"Known Flow",0.000000,0.000000,2.16999993085665e-07,40.000000,0.579999,1000.000000,0.000000,0.000000,13.000000,0.000000,0.515369,0.579999,,,,6.572310,6.572310,,16.800279,,,,,,903.822387,0.066147,0.000000,0.000000,0.000000,,-459.670013,1000.000000,,0.000000,0.000000,,,,0.046972,"SETFLOW",0.000000,0.997571,0.000000,,,,,"","",,,,6.572310,,0.000000,,0.000000,,,0.000000,0.000000,"",,,0.000000,,-1.000000,,0.000000,0.000000,-1.000000,-1.000000,,,,,,,,,,,"",,,,,,,,,,"Volumetric",,,,,,,,,,-0.292837,,,,,,,,,,-0.292837,-0.007028,,,,,,,,,,,,
"0BEC4F6E","Nodes",1118129.120000,1671128.620000,1313.064347,"Default Known Flow Node",69.999969,0.579999,1000.000000,0.000000,"Known Flow",0.000000,0.000000,2.16999993085665e-07,40.000000,0.579999,1000.000000,0.000000,0.000000,13.000000,0.000000,0.515369,0.579999,,,,6.571062,6.571062,,16.800279,,,,,,903.822387,0.066147,0.000000,0.000000,0.000000,,-459.670013,1000.000000,,0.000000,0.000000,,,,0.046972,"SETFLOW",0.000000,0.997571,0.000000,,,,,"","",,,,6.571062,,0.000000,,0.000000,,,0.000000,0.000000,"",,,0.000000,,-1.000000,,0.000000,0.000000,-1.000000,-1.000000,,,,,,,,,,,"",,,,,,,,,,"Volumetric",,,,,,,,,,-0.274898,,,,,,,,,,-0.274898,-0.006597,,,,,,,,,,,,
"Q3No223","Nodes",1117747.429054,1670500.702394,1313.064347,"Default Known Flow Node",69.999969,0.579999,1000.000000,0.000000,"Known Flow",0.000000,0.000000,2.16999993085665e-07,40.000000,0.579999,1000.000000,0.000000,0.000000,13.000000,0.000000,0.515369,0.579999,,,,6.642438,6.642438,,16.800279,,,,,,903.822387,0.066147,0.000000,0.000000,0.000000,,-459.670013,1000.000000,,0.000000,0.000000,,,,0.046980,"SETFLOW",0.000000,0.997570,0.000000,,,,,"","",,,,6.642438,,0.000000,,0.000000,,,0.000000,0.000000,"",,,0.000000,,-1.000000,,0.000000,0.000000,0.000000,-1.000000,,,,,,,,,,,"",,,,,,,,,,"Volumetric",,,,,,,,,,-0.542426,,,,,,,,,,-0.542426,-0.013018,,,,,,,,,,,,
"Q3No229","Nodes",1118053.443111,1670743.321653,1313.064347,"Default Known Flow Node",69.999969,0.579999,1000.000000,0.000000,"Known Flow",0.000000,0.000000,2.16999993085665e-07,40.000000,0.579999,1000.000000,0.000000,0.000000,13.000000,0.000000,0.515369,0.579999,,,,6.573460,6.573460,,16.800279,,,,,,903.822387,0.066147,0.000000,0.000000,0.000000,,-459.670013,1000.000000,,0.000000,0.000000,,,,0.046972,"UNDEFINED",0.000000,0.997571,0.000000,,,,,"","",,,,6.573460,,0.000000,,0.000000,,,0.000000,0.000000,"",,,0.000000,,-1.000000,,0.000000,0.000000,0.000000,-1.000000,,,,,,,,,,,"",,,,,,,,,,"Volumetric",,,,,,,,,,0.000000,,,,,,,,,,0.000000,0.000000,,,,,,,,,,,,
"0BEC4F6D","Nodes",1118143.120000,1671209.000000,1313.064347,"Default Known Flow Node",69.999969,0.579999,1000.000000,0.000000,"Known Flow",0.000000,0.000000,2.16999993085665e-07,40.000000,0.579999,1000.000000,0.000000,0.000000,13.000000,0.000000,0.515369,0.579999,,,,6.571119,6.571119,,16.800279,,,,,,903.822387,0.066147,0.000000,0.000000,0.000000,,-459.670013,1000.000000,,0.000000,0.000000,,,,0.046972,"UNDEFINED",0.000000,0.997571,0.000000,,,,,"","",,,,6.571119,,0.000000,,0.000000,,,0.000000,0.000000,"",,,0.000000,,-1.000000,,0.000000,0.000000,-1.000000,-1.000000,,,,,,,,,,,"",,,,,,,,,,"Volumetric",,,,,,,,,,0.000000,,,,,,,,,,0.000000,0.000000,,,,,,,,,,,,
"0BEC4F6C","Nodes",1118150.000000,1671251.750000,1313.064347,"Default Known Flow Node",69.999969,0.579999,1000.000000,0.000000,"Known Flow",0.000000,0.000000,2.16999993085665e-07,40.000000,0.579999,1000.000000,0.000000,0.000000,13.000000,0.000000,0.515369,0.579999,,,,6.571146,6.571146,,16.800279,,,,,,903.822387,0.066147,0.000000,0.000000,0.000000,,-459.670013,1000.000000,,0.000000,0.000000,,,,0.046972,"SETFLOW",0.000000,0.997571,0.000000,,,,,"","",,,,6.571146,,0.000000,,0.000000,,,0.000000,0.000000,"",,,0.000000,,-1.000000,,0.000000,0.000000,-1.000000,-1.000000,,,,,,,,,,,"",,,,,,,,,,"Volumetric",,,,,,,,,,-0.066664,,,,,,,,,,-0.066664,-0.001599,,,,,,,,,,,,
"0BEC4F6B","Nodes",1118147.370000,1671252.370000,1313.064347,"Default Known Flow Node",69.999969,0.579999,1000.000000,0.000000,"Known Flow",0.000000,0.000000,2.16999993085665e-07,40.000000,0.579999,1000.000000,0.000000,0.000000,13.000000,0.000000,0.515369,0.579999,,,,6.571499,6.571499,,16.800279,,,,,,903.822387,0.066147,0.000000,0.000000,0.000000,,-459.670013,1000.000000,,0.000000,0.000000,,,,0.046972,"SETFLOW",0.000000,0.997571,0.000000,,,,,"","",,,,6.571499,,0.000000,,0.000000,,,0.000000,0.000000,"",,,0.000000,,-1.000000,,0.000000,0.000000,-1.000000,-1.000000,,,,,,,,,,,"",,,,,,,,,,"Volumetric",,,,,,,,,,-0.036968,,,,,,,,,,-0.036968,-0.000887,,,,,,,,,,,,
"0BEC4F67","Nodes",1117877.620000,1671275.500000,1313.064347,"Default Known Flow Node",69.999969,0.579999,1000.000000,0.000000,"Known Flow",0.000000,0.000000,2.16999993085665e-07,40.000000,0.579999,1000.000000,0.000000,0.000000,13.000000,0.000000,0.515369,0.579999,,,,6.649062,6.649062,,16.800279,,,,,,903.822387,0.066147,0.000000,0.000000,0.000000,,-459.670013,1000.000000,,0.000000,0.000000,,,,0.046981,"SETFLOW",0.000000,0.997570,0.000000,,,,,"","",,,,6.649062,,0.000000,,0.000000,,,0.000000,0.000000,"",,,0.000000,,-1.000000,,0.000000,0.000000,-1.000000,-1.000000,,,,,,,,,,,"",,,,,,,,,,"Volumetric",,,,,,,,,,-0.318910,,,,,,,,,,-0.318910,-0.007653,,,,,,,,,,,,
"0BEC4F68","Nodes",1117882.120000,1671297.870000,1313.064347,"Default Known Flow Node",69.999969,0.579999,1000.000000,0.000000,"Known Flow",0.000000,0.000000,2.16999993085665e-07,40.000000,0.579999,1000.000000,0.000000,0.000000,13.000000,0.000000,0.515369,0.579999,,,,6.636347,6.636347,,16.800279,,,,,,903.822387,0.066147,0.000000,0.000000,0.000000,,-459.670013,1000.000000,,0.000000,0.000000,,,,0.046980,"UNDEFINED",0.000000,0.997570,0.000000,,,,,"","",,,,6.636347,,0.000000,,0.000000,,,0.000000,0.000000,"",,,0.000000,,-1.000000,,0.000000,0.000000,-1.000000,-1.000000,,,,,,,,,,,"",,,,,,,,,,"Volumetric",,,,,,,,,,0.000000,,,,,,,,,,0.000000,0.000000,,,,,,,,,,,,
"0BEC4F66","Nodes",1117663.000000,1671318.750000,1313.064347,"Default Known Flow Node",69.999969,0.579999,1000.000000,0.000000,"Known Flow",0.000000,0.000000,2.16999993085665e-07,40.000000,0.579999,1000.000000,0.000000,0.000000,13.000000,0.000000,0.515370,0.579999,,,,6.715548,6.715548,,16.800279,,,,,,903.822387,0.066147,0.000000,0.000000,0.000000,,-459.670013,1000.000000,,0.000000,0.000000,,,,0.046989,"SETFLOW",0.000000,0.997570,0.000000,,,,,"","",,,,6.715548,,0.000000,,0.000000,,,0.000000,0.000000,"",,,0.000000,,-1.000000,,0.000000,0.000000,-1.000000,-1.000000,,,,,,,,,,,"",,,,,,,,,,"Volumetric",,,,,,,,,,-0.032357,,,,,,,,,,-0.032357,-0.000776,,,,,,,,,,,,
"0BEC4F65","Nodes",1117632.000000,1671323.120000,1313.064347,"Default Known Flow Node",69.999969,0.579999,1000.000000,0.000000,"Known Flow",0.000000,0.000000,2.16999993085665e-07,40.000000,0.579999,1000.000000,0.000000,0.000000,13.000000,0.000000,0.515370,0.579999,,,,6.723611,6.723611,,16.800279,,,,,,903.822387,0.066147,0.000000,0.000000,0.000000,,-459.670013,1000.000000,,0.000000,0.000000,,,,0.046989,"SETFLOW",0.000000,0.997570,0.000000,,,,,"","",,,,6.723611,,0.000000,,0.000000,,,0.000000,0.000000,"",,,0.000000,,-1.000000,,0.000000,0.000000,-1.000000,-1.000000,,,,,,,,,,,"",,,,,,,,,,"Volumetric",,,,,,,,,,-0.024421,,,,,,,,,,-0.024421,-0.000586,,,,,,,,,,,,
"0BEC4F63","Nodes",1117361.250000,1671373.370000,1313.064347,"Default Known Flow Node",69.999969,0.579999,1000.000000,0.000000,"Known Flow",0.000000,0.000000,2.16999993085665e-07,40.000000,0.579999,1000.000000,0.000000,0.000000,13.000000,0.000000,0.515370,0.579999,,,,6.804819,6.804819,,16.800279,,,,,,903.822387,0.066147,0.000000,0.000000,0.000000,,-459.670013,1000.000000,,0.000000,0.000000,,,,0.046999,"SETFLOW",0.000000,0.997570,0.000000,,,,,"","",,,,6.804819,,0.000000,,0.000000,,,0.000000,0.000000,"",,,0.000000,,-1.000000,,0.000000,0.000000,-1.000000,-1.000000,,,,,,,,,,,"",,,,,,,,,,"Volumetric",,,,,,,,,,-0.091578,,,,,,,,,,-0.091578,-0.002197,,,,,,,,,,,,
"0BEC4F87","Nodes",1117339.870000,1671378.000000,1313.064347,"Default Known Flow Node",69.999969,0.579999,1000.000000,0.000000,"Known Flow",0.000000,0.000000,2.16999993085665e-07,40.000000,0.579999,1000.000000,0.000000,0.000000,13.000000,0.000000,0.515370,0.579999,,,,6.807929,6.807929,,16.800279,,,,,,903.822387,0.066147,0.000000,0.000000,0.000000,,-459.670013,1000.000000,,0.000000,0.000000,,,,0.046999,"SETFLOW",0.000000,0.997570,0.000000,,,,,"","",,,,6.807929,,0.000000,,0.000000,,,0.000000,0.000000,"",,,0.000000,,-1.000000,,0.000000,0.000000,-1.000000,-1.000000,,,,,,,,,,,"",,,,,,,,,,"Volumetric",,,,,,,,,,-0.066990,,,,,,,,,,-0.066989,-0.001607,,,,,,,,,,,,
"0BEC4F64","Nodes",1117627.120000,1671355.870000,1313.064347,"Default Known Flow Node",69.999969,0.579999,1000.000000,0.000000,"Known Flow",0.000000,0.000000,2.16999993085665e-07,40.000000,0.579999,1000.000000,0.000000,0.000000,13.000000,0.000000,0.515370,0.579999,,,,6.731346,6.731346,,16.800279,,,,,,903.822387,0.066147,0.000000,0.000000,0.000000,,-459.670013,1000.000000,,0.000000,0.000000,,,,0.046990,"SETFLOW",0.000000,0.997570,0.000000,,,,,"","",,,,6.731346,,0.000000,,0.000000,,,0.000000,0.000000,"",,,0.000000,,-1.000000,,0.000000,0.000000,-1.000000,-1.000000,,,,,,,,,,,"",,,,,,,,,,"Volumetric",,,,,,,,,,-0.413936,,,,,,,,,,-0.413936,-0.009934,,,,,,,,,,,,
"0BEC4F88","Nodes",1117631.120000,1671380.000000,1313.064347,"Default Known Flow Node",69.999969,0.579999,1000.000000,0.000000,"Known Flow",0.000000,0.000000,2.16999993085665e-07,40.000000,0.579999,1000.000000,0.000000,0.000000,13.000000,0.000000,0.515370,0.579999,,,,6.731063,6.731063,,16.800279,,,,,,903.822387,0.066147,0.000000,0.000000,0.000000,,-459.670013,1000.000000,,0.000000,0.000000,,,,0.046990,"SETFLOW",0.000000,0.997570,0.000000,,,,,"","",,,,6.731063,,0.000000,,0.000000,,,0.000000,0.000000,"",,,0.000000,,-1.000000,,0.000000,0.000000,-1.000000,-1.000000,,,,,,,,,,,"",,,,,,,,,,"Volumetric",,,,,,,,,,-0.048842,,,,,,,,,,-0.048842,-0.001172,,,,,,,,,,,,
"2FB22C81","Nodes",1117325.000000,1671380.870000,1313.064347,"Default Known Flow Node",69.999969,0.579999,1000.000000,0.000000,"Known Flow",0.000000,0.000000,2.16999993085665e-07,40.000000,0.579999,1000.000000,0.000000,0.000000,13.000000,0.000000,0.515370,0.579999,,,,6.810250,6.810250,,16.800279,,,,,,903.822387,0.066147,0.000000,0.000000,0.000000,,-459.670013,1000.000000,,0.000000,0.000000,,,,0.046999,"SETFLOW",0.000000,0.997569,0.000000,,,,,"","",,,,6.810250,,0.000000,,0.000000,,,0.000000,0.000000,"",,,0.000000,,-1.000000,,0.000000,0.000000,-1.000000,-1.000000,,,,,,,,,,,"",,,,,,,,,,"Volumetric",,,,,,,,,,-0.118869,,,,,,,,,,-0.118869,-0.002852,,,,,,,,,,,,
"0BEC4F89","Nodes",1117897.120000,1671394.370000,1313.064347,"Default Known Flow Node",69.999969,0.579999,1000.000000,0.000000,"Known Flow",0.000000,0.000000,2.16999993085665e-07,40.000000,0.579999,1000.000000,0.000000,0.000000,13.000000,0.000000,0.515369,0.579999,,,,6.621754,6.621754,,16.800279,,,,,,903.822387,0.066147,0.000000,0.000000,0.000000,,-459.670013,1000.000000,,0.000000,0.000000,,,,0.046978,"SETFLOW",0.000000,0.997571,0.000000,,,,,"","",,,,6.621754,,0.000000,,0.000000,,,0.000000,0.000000,"",,,0.000000,,-1.000000,,0.000000,0.000000,-1.000000,-1.000000,,,,,,,,,,,"",,,,,,,,,,"Volumetric",,,,,,,,,,-0.084863,,,,,,,,,,-0.084863,-0.002036,,,,,,,,,,,,
"0BEC4FA2","Nodes",1117920.500000,1671532.370000,1313.064347,"Default Known Flow Node",69.999969,0.579999,1000.000000,0.000000,"Known Flow",0.000000,0.000000,2.16999993085665e-07,40.000000,0.579999,1000.000000,0.000000,0.000000,13.000000,0.000000,0.515369,0.579999,,,,6.590600,6.590600,,16.800279,,,,,,903.822387,0.066147,0.000000,0.000000,0.000000,,-459.670013,1000.000000,,0.000000,0.000000,,,,0.046974,"SETFLOW",0.000000,0.997571,0.000000,,,,,"","",,,,6.590600,,0.000000,,0.000000,,,0.000000,0.000000,"",,,0.000000,,-1.000000,,0.000000,0.000000,-1.000000,-1.000000,,,,,,,,,,,"",,,,,,,,,,"Volumetric",,,,,,,,,,-0.078147,,,,,,,,,,-0.078147,-0.001875,,,,,,,,,,,,
"0BEC4FA6","Nodes",1117322.750000,1671663.250000,1313.064347,"Default Known Flow Node",69.999969,0.579999,1000.000000,0.000000,"Known Flow",0.000000,0.000000,2.16999993085665e-07,40.000000,0.579999,1000.000000,0.000000,0.000000,13.000000,0.000000,0.515370,0.579999,,,,6.867115,6.867115,,16.800279,,,,,,903.822387,0.066147,0.000000,0.000000,0.000000,,-459.670013,1000.000000,,0.000000,0.000000,,,,0.047006,"SETFLOW",0.000000,0.997569,0.000000,,,,,"","",,,,6.867115,,0.000000,,0.000000,,,0.000000,0.000000,"",,,0.000000,,-1.000000,,0.000000,0.000000,-1.000000,-1.000000,,,,,,,,,,,"",,,,,,,,,,"Volumetric",,,,,,,,,,-0.065478,,,,,,,,,,-0.065478,-0.001571,,,,,,,,,,,,
"0BEC4F8D","Nodes",1117421.000000,1671688.750000,1313.064347,"Default Known Flow Node",69.999969,0.579999,1000.000000,0.000000,"Known Flow",0.000000,0.000000,2.16999993085665e-07,40.000000,0.579999,1000.000000,0.000000,0.000000,13.000000,0.000000,0.515370,0.579999,,,,6.806589,6.806589,,16.800279,,,,,,903.822387,0.066147,0.000000,0.000000,0.000000,,-459.670013,1000.000000,,0.000000,0.000000,,,,0.046999,"SETFLOW",0.000000,0.997570,0.000000,,,,,"","",,,,6.806589,,0.000000,,0.000000,,,0.000000,0.000000,"",,,0.000000,,-1.000000,,0.000000,0.000000,-1.000000,-1.000000,,,,,,,,,,,"",,,,,,,,,,"Volumetric",,,,,,,,,,-0.038280,,,,,,,,,,-0.038280,-0.000918,,,,,,,,,,,,
"0BEC4FA7","Nodes",1117437.000000,1671692.750000,1313.064347,"Default Known Flow Node",69.999969,0.579999,1000.000000,0.000000,"Known Flow",0.000000,0.000000,2.16999993085665e-07,40.000000,0.579999,1000.000000,0.000000,0.000000,13.000000,0.000000,0.515370,0.579999,,,,6.800658,6.800658,,16.800279,,,,,,903.822387,0.066147,0.000000,0.000000,0.000000,,-459.670013,1000.000000,,0.000000,0.000000,,,,0.046998,"SETFLOW",0.000000,0.997570,0.000000,,,,,"","",,,,6.800658,,0.000000,,0.000000,,,0.000000,0.000000,"",,,0.000000,,-1.000000,,0.000000,0.000000,-1.000000,-1.000000,,,,,,,,,,,"",,,,,,,,,,"Volumetric",,,,,,,,,,-0.018636,,,,,,,,,,-0.018636,-0.000447,,,,,,,,,,,,
"0BEC4FA8","Nodes",1117467.250000,1671700.620000,1313.064347,"Default Known Flow Node",69.999969,0.579999,1000.000000,0.000000,"Known Flow",0.000000,0.000000,2.16999993085665e-07,40.000000,0.579999,1000.000000,0.000000,0.000000,13.000000,0.000000,0.515370,0.579999,,,,6.789402,6.789402,,16.800279,,,,,,903.822387,0.066147,0.000000,0.000000,0.000000,,-459.670013,1000.000000,,0.000000,0.000000,,,,0.046997,"SETFLOW",0.000000,0.997570,0.000000,,,,,"","",,,,6.789402,,0.000000,,0.000000,,,0.000000,0.000000,"",,,0.000000,,-1.000000,,0.000000,0.000000,-1.000000,-1.000000,,,,,,,,,,,"",,,,,,,,,,"Volumetric",,,,,,,,,,-0.054901,,,,,,,,,,-0.054901,-0.001317,,,,,,,,,,,,
"0BEC4F8E","Nodes",1117695.750000,1671722.500000,1313.064347,"Default Known Flow Node",69.999969,0.579999,1000.000000,0.000000,"Known Flow",0.000000,0.000000,2.16999993085665e-07,40.000000,0.579999,1000.000000,0.000000,0.000000,13.000000,0.000000,0.515369,0.579999,,,,6.709441,6.709441,,16.800279,,,,,,903.822387,0.066147,0.000000,0.000000,0.000000,,-459.670013,1000.000000,,0.000000,0.000000,,,,0.046988,"SETFLOW",0.000000,0.997570,0.000000,,,,,"","",,,,6.709441,,0.000000,,0.000000,,,0.000000,0.000000,"",,,0.000000,,-1.000000,,0.000000,0.000000,-1.000000,-1.000000,,,,,,,,,,,"",,,,,,,,,,"Volumetric",,,,,,,,,,-0.046400,,,,,,,,,,-0.046400,-0.001113,,,,,,,,,,,,
"0BEC4F8F","Nodes",1117695.000000,1671759.250000,1313.064347,"Default Known Flow Node",69.999969,0.579999,1000.000000,0.000000,"Known Flow",0.000000,0.000000,2.16999993085665e-07,40.000000,0.579999,1000.000000,0.000000,0.000000,13.000000,0.000000,0.515369,0.579999,,,,6.709254,6.709254,,16.800279,,,,,,903.822387,0.066147,0.000000,0.000000,0.000000,,-459.670013,1000.000000,,0.000000,0.000000,,,,0.046988,"SETFLOW",0.000000,0.997570,0.000000,,,,,"","",,,,6.709254,,0.000000,,0.000000,,,0.000000,0.000000,"",,,0.000000,,-1.000000,,0.000000,0.000000,-1.000000,-1.000000,,,,,,,,,,,"",,,,,,,,,,"Volumetric",,,,,,,,,,-0.096463,,,,,,,,,,-0.096463,-0.002315,,,,,,,,,,,,
"2FB1BEFE","Nodes",1117850.120000,1671799.620000,1313.064347,"Default Known Flow Node",69.999969,0.579999,1000.000000,0.000000,"Known Flow",0.000000,0.000000,2.16999993085665e-07,40.000000,0.579999,1000.000000,0.000000,0.000000,13.000000,0.000000,0.515369,0.579999,,,,6.614053,6.614053,,16.800279,,,,,,903.822387,0.066147,0.000000,0.000000,0.000000,,-459.670013,1000.000000,,0.000000,0.000000,,,,0.046977,"SETFLOW",0.000000,0.997571,0.000000,,,,,"","",,,,6.614053,,0.000000,,0.000000,,,0.000000,0.000000,"",,,0.000000,,-1.000000,,0.000000,0.000000,-1.000000,-1.000000,,,,,,,,,,,"",,,,,,,,,,"Volumetric",,,,,,,,,,-0.113557,,,,,,,,,,-0.113557,-0.002725,,,,,,,,,,,,
"0BEC4FA9","Nodes",1118033.500000,1671847.500000,1313.064347,"Default Known Flow Node",69.999969,0.579999,1000.000000,0.000000,"Known Flow",0.000000,0.000000,2.16999993085665e-07,40.000000,0.579999,1000.000000,0.000000,0.000000,13.000000,0.000000,0.515368,0.579999,,,,6.511691,6.511691,,16.800279,,,,,,903.822387,0.066147,0.000000,0.000000,0.000000,,-459.670013,1000.000000,,0.000000,0.000000,,,,0.046965,"SETFLOW",0.000000,0.997571,0.000000,,,,,"","",,,,6.511691,,0.000000,,0.000000,,,0.000000,0.000000,"",,,0.000000,,-1.000000,,0.000000,0.000000,-1.000000,-1.000000,,,,,,,,,,,"",,,,,,,,,,"Volumetric",,,,,,,,,,-0.208342,,,,,,,,,,-0.208342,-0.005000,,,,,,,,,,,,
"0BEC4FAA","Nodes",1118081.870000,1671859.620000,1313.064347,"Default Known Flow Node",69.999969,0.579999,1000.000000,0.000000,"Known Flow",0.000000,0.000000,2.16999993085665e-07,40.000000,0.579999,1000.000000,0.000000,0.000000,13.000000,0.000000,0.515368,0.579999,,,,6.489596,6.489596,,16.800279,,,,,,903.822387,0.066147,0.000000,0.000000,0.000000,,-459.670013,1000.000000,,0.000000,0.000000,,,,0.046963,"SETFLOW",0.000000,0.997571,0.000000,,,,,"","",,,,6.489596,,0.000000,,0.000000,,,0.000000,0.000000,"",,,0.000000,,-1.000000,,0.000000,0.000000,-1.000000,-1.000000,,,,,,,,,,,"",,,,,,,,,,"Volumetric",,,,,,,,,,-0.112762,,,,,,,,,,-0.112762,-0.002706,,,,,,,,,,,,
"0BEC4FAB","Nodes",1118164.120000,1671881.250000,1313.064347,"Default Known Flow Node",69.999969,0.579999,1000.000000,0.000000,"Known Flow",0.000000,0.000000,2.16999993085665e-07,40.000000,0.579999,1000.000000,0.000000,0.000000,13.000000,0.000000,0.515368,0.579999,,,,6.456185,6.456185,,16.800279,,,,,,903.822387,0.066147,0.000000,0.000000,0.000000,,-459.670013,1000.000000,,0.000000,0.000000,,,,0.046959,"SETFLOW",0.000000,0.997572,0.000000,,,,,"","",,,,6.456185,,0.000000,,0.000000,,,0.000000,0.000000,"",,,0.000000,,-1.000000,,0.000000,0.000000,-1.000000,-1.000000,,,,,,,,,,,"",,,,,,,,,,"Volumetric",,,,,,,,,,-0.112762,,,,,,,,,,-0.112762,-0.002706,,,,,,,,,,,,
"0BEC4F90","Nodes",1117666.750000,1671881.370000,1313.064347,"Default Known Flow Node",69.999969,0.579999,1000.000000,0.000000,"Known Flow",0.000000,0.000000,2.16999993085665e-07,40.000000,0.579999,1000.000000,0.000000,0.000000,13.000000,0.000000,0.515369,0.579999,,,,6.709412,6.709412,,16.800279,,,,,,903.822387,0.066147,0.000000,0.000000,0.000000,,-459.670013,1000.000000,,0.000000,0.000000,,,,0.046988,"SETFLOW",0.000000,0.997570,0.000000,,,,,"","",,,,6.709412,,0.000000,,0.000000,,,0.000000,0.000000,"",,,0.000000,,-1.000000,,0.000000,0.000000,-1.000000,-1.000000,,,,,,,,,,,"",,,,,,,,,,"Volumetric",,,,,,,,,,-0.064105,,,,,,,,,,-0.064105,-0.001538,,,,,,,,,,,,
"0BEC4FC2","Nodes",1118240.000000,1671900.870000,1313.064347,"Default Known Flow Node",69.999969,0.579999,1000.000000,0.000000,"Known Flow",0.000000,0.000000,2.16999993085665e-07,40.000000,0.579999,1000.000000,0.000000,0.000000,13.000000,0.000000,0.515368,0.579999,,,,6.429136,6.429136,,16.800279,,,,,,903.822387,0.066147,0.000000,0.000000,0.000000,,-459.670013,1000.000000,,0.000000,0.000000,,,,0.046956,"SETFLOW",0.000000,0.997572,0.000000,,,,,"","",,,,6.429136,,0.000000,,0.000000,,,0.000000,0.000000,"",,,0.000000,,-1.000000,,0.000000,0.000000,-1.000000,-1.000000,,,,,,,,,,,"",,,,,,,,,,"Volumetric",,,,,,,,,,-0.117862,,,,,,,,,,-0.117862,-0.002828,,,,,,,,,,,,
"0BEC4FAC","Nodes",1117241.500000,1671915.120000,1313.064347,"Default Known Flow Node",69.999969,0.579999,1000.000000,0.000000,"Known Flow",0.000000,0.000000,2.16999993085665e-07,40.000000,0.579999,1000.000000,0.000000,0.000000,13.000000,0.000000,0.515370,0.579999,,,,6.782542,6.782542,,16.800279,,,,,,903.822387,0.066147,0.000000,0.000000,0.000000,,-459.670013,1000.000000,,0.000000,0.000000,,,,0.046996,"SETFLOW",0.000000,0.997570,0.000000,,,,,"","",,,,6.782542,,0.000000,,0.000000,,,0.000000,0.000000,"",,,0.000000,,-1.000000,,0.000000,0.000000,-1.000000,-1.000000,,,,,,,,,,,"",,,,,,,,,,"Volumetric",,,,,,,,,,-0.264434,,,,,,,,,,-0.264434,-0.006346,,,,,,,,,,,,
"0BEC4F91","Nodes",1117648.500000,1671995.620000,1313.064347,"Default Known Flow Node",69.999969,0.579999,1000.000000,0.000000,"Known Flow",0.000000,0.000000,2.16999993085665e-07,40.000000,0.579999,1000.000000,0.000000,0.000000,13.000000,0.000000,0.515369,0.579999,,,,6.709695,6.709695,,16.800279,,,,,,903.822387,0.066147,0.000000,0.000000,0.000000,,-459.670013,1000.000000,,0.000000,0.000000,,,,0.046988,"SETFLOW",0.000000,0.997570,0.000000,,,,,"","",,,,6.709695,,0.000000,,0.000000,,,0.000000,0.000000,"",,,0.000000,,-1.000000,,0.000000,0.000000,-1.000000,-1.000000,,,,,,,,,,,"",,,,,,,,,,"Volumetric",,,,,,,,,,-0.034397,,,,,,,,,,-0.034397,-0.000825,,,,,,,,,,,,
"0BEC4F93","Nodes",1117642.750000,1672021.370000,1313.064347,"Default Known Flow Node",69.999969,0.579999,1000.000000,0.000000,"Known Flow",0.000000,0.000000,2.16999993085665e-07,40.000000,0.579999,1000.000000,0.000000,0.000000,13.000000,0.000000,0.515369,0.579999,,,,6.709774,6.709774,,16.800279,,,,,,903.822387,0.066147,0.000000,0.000000,0.000000,,-459.670013,1000.000000,,0.000000,0.000000,,,,0.046988,"SETFLOW",0.000000,0.997570,0.000000,,,,,"","",,,,6.709774,,0.000000,,0.000000,,,0.000000,0.000000,"",,,0.000000,,-1.000000,,0.000000,0.000000,-1.000000,-1.000000,,,,,,,,,,,"",,,,,,,,,,"Volumetric",,,,,,,,,,-0.275183,,,,,,,,,,-0.275183,-0.006604,,,,,,,,,,,,
"0BEC4F92","Nodes",1117648.500000,1671996.620000,1313.064347,"Default Known Flow Node",69.999969,0.579999,1000.000000,0.000000,"Known Flow",0.000000,0.000000,2.16999993085665e-07,40.000000,0.579999,1000.000000,0.000000,0.000000,13.000000,0.000000,0.515369,0.579999,,,,6.709695,6.709695,,16.800279,,,,,,903.822387,0.066147,0.000000,0.000000,0.000000,,-459.670013,1000.000000,,0.000000,0.000000,,,,0.046988,"UNDEFINED",0.000000,0.997570,0.000000,,,,,"","",,,,6.709695,,0.000000,,0.000000,,,0.000000,0.000000,"",,,0.000000,,-1.000000,,0.000000,0.000000,-1.000000,-1.000000,,,,,,,,,,,"",,,,,,,,,,"Volumetric",,,,,,,,,,0.000000,,,,,,,,,,0.000000,0.000000,,,,,,,,,,,,
"0BEC4FAD","Nodes",1117649.120000,1672022.620000,1313.064347,"Default Known Flow Node",69.999969,0.579999,1000.000000,0.000000,"Known Flow",0.000000,0.000000,2.16999993085665e-07,40.000000,0.579999,1000.000000,0.000000,0.000000,13.000000,0.000000,0.515369,0.579999,,,,6.705394,6.705394,,16.800279,,,,,,903.822387,0.066147,0.000000,0.000000,0.000000,,-459.670013,1000.000000,,0.000000,0.000000,,,,0.046987,"SETFLOW",0.000000,0.997570,0.000000,,,,,"","",,,,6.705394,,0.000000,,0.000000,,,0.000000,0.000000,"",,,0.000000,,-1.000000,,0.000000,0.000000,-1.000000,-1.000000,,,,,,,,,,,"",,,,,,,,,,"Volumetric",,,,,,,,,,-0.098279,,,,,,,,,,-0.098279,-0.002358,,,,,,,,,,,,
"0BEC4FAE","Nodes",1117882.250000,1672057.250000,1313.064347,"Default Known Flow Node",69.999969,0.579999,1000.000000,0.000000,"Known Flow",0.000000,0.000000,2.16999993085665e-07,40.000000,0.579999,1000.000000,0.000000,0.000000,13.000000,0.000000,0.515368,0.579999,,,,6.539120,6.539120,,16.800279,,,,,,903.822387,0.066147,0.000000,0.000000,0.000000,,-459.670013,1000.000000,,0.000000,0.000000,,,,0.046968,"SETFLOW",0.000000,0.997571,0.000000,,,,,"","",,,,6.539120,,0.000000,,0.000000,,,0.000000,0.000000,"",,,0.000000,,-1.000000,,0.000000,0.000000,-1.000000,-1.000000,,,,,,,,,,,"",,,,,,,,,,"Volumetric",,,,,,,,,,-0.272726,,,,,,,,,,-0.272726,-0.006545,,,,,,,,,,,,
"0BEC4FAF","Nodes",1117995.120000,1672087.370000,1313.064347,"Default Known Flow Node",69.999969,0.579999,1000.000000,0.000000,"Known Flow",0.000000,0.000000,2.16999993085665e-07,40.000000,0.579999,1000.000000,0.000000,0.000000,13.000000,0.000000,0.515368,0.579999,,,,6.479697,6.479697,,16.800279,,,,,,903.822387,0.066147,0.000000,0.000000,0.000000,,-459.670013,1000.000000,,0.000000,0.000000,,,,0.046962,"SETFLOW",0.000000,0.997571,0.000000,,,,,"","",,,,6.479697,,0.000000,,0.000000,,,0.000000,0.000000,"",,,0.000000,,-1.000000,,0.000000,0.000000,-1.000000,-1.000000,,,,,,,,,,,"",,,,,,,,,,"Volumetric",,,,,,,,,,-0.447787,,,,,,,,,,-0.447787,-0.010746,,,,,,,,,,,,
"0BEC4FC4","Nodes",1118240.000000,1672151.870000,1313.064347,"Default Known Flow Node",69.999969,0.579999,1000.000000,0.000000,"Known Flow",0.000000,0.000000,2.16999993085665e-07,40.000000,0.579999,1000.000000,0.000000,0.000000,13.000000,0.000000,0.515368,0.579999,,,,6.406938,6.406938,,16.800279,,,,,,903.822387,0.066147,0.000000,0.000000,0.000000,,-459.670013,1000.000000,,0.000000,0.000000,,,,0.046953,"SETFLOW",0.000000,0.997572,0.000000,,,,,"","",,,,6.406938,,0.000000,,0.000000,,,0.000000,0.000000,"",,,0.000000,,-1.000000,,0.000000,0.000000,-1.000000,-1.000000,,,,,,,,,,,"",,,,,,,,,,"Volumetric",,,,,,,,,,-0.406878,,,,,,,,,,-0.406878,-0.009765,,,,,,,,,,,,
"0BEC4FB1","Nodes",1117546.500000,1672253.250000,1313.064347,"Default Known Flow Node",69.999969,0.579999,1000.000000,0.000000,"Known Flow",0.000000,0.000000,2.16999993085665e-07,40.000000,0.579999,1000.000000,0.000000,0.000000,13.000000,0.000000,0.515373,0.579999,,,,7.280245,7.280245,,16.800279,,,,,,903.822387,0.066146,0.000000,0.000000,0.000000,,-459.670013,1000.000000,,0.000000,0.000000,,,,0.047053,"SETFLOW",0.000000,0.997567,0.000000,,,,,"","",,,,7.280245,,0.000000,,0.000000,,,0.000000,0.000000,"",,,0.000000,,-1.000000,,0.000000,0.000000,-1.000000,-1.000000,,,,,,,,,,,"",,,,,,,,,,"Volumetric",,,,,,,,,,-0.374937,,,,,,,,,,-0.374937,-0.008998,,,,,,,,,,,,
"0BEC4F95","Nodes",1117603.000000,1672257.120000,1313.064347,"Default Known Flow Node",69.999969,0.579999,1000.000000,0.000000,"Known Flow",0.000000,0.000000,2.16999993085665e-07,40.000000,0.579999,1000.000000,0.000000,0.000000,13.000000,0.000000,0.515373,0.579999,,,,7.280059,7.280059,,16.800279,,,,,,903.822387,0.066146,0.000000,0.000000,0.000000,,-459.670013,1000.000000,,0.000000,0.000000,,,,0.047053,"SETFLOW",0.000000,0.997567,0.000000,,,,,"","",,,,7.280059,,0.000000,,0.000000,,,0.000000,0.000000,"",,,0.000000,,-1.000000,,0.000000,0.000000,-1.000000,-1.000000,,,,,,,,,,,"",,,,,,,,,,"Volumetric",,,,,,,,,,-0.112530,,,,,,,,,,-0.112530,-0.002700,,,,,,,,,,,,
"0BEC4F94","Nodes",1117630.500000,1672140.370000,1313.064347,"Default Known Flow Node",69.999969,0.579999,1000.000000,0.000000,"Known Flow",0.000000,0.000000,2.16999993085665e-07,40.000000,0.579999,1000.000000,0.000000,0.000000,13.000000,0.000000,0.515373,0.579999,,,,7.280035,7.280035,,16.800279,,,,,,903.822387,0.066146,0.000000,0.000000,0.000000,,-459.670013,1000.000000,,0.000000,0.000000,,,,0.047053,"SETFLOW",0.000000,0.997567,0.000000,,,,,"","",,,,7.280035,,0.000000,,0.000000,,,0.000000,0.000000,"",,,0.000000,,-1.000000,,0.000000,0.000000,-1.000000,-1.000000,,,,,,,,,,,"",,,,,,,,,,"Volumetric",,,,,,,,,,-0.023095,,,,,,,,,,-0.023095,-0.000554,,,,,,,,,,,,
"0BEC4F96","Nodes",1117598.500000,1672279.870000,1313.064347,"Default Known Flow Node",69.999969,0.579999,1000.000000,0.000000,"Known Flow",0.000000,0.000000,2.16999993085665e-07,40.000000,0.579999,1000.000000,0.000000,0.000000,13.000000,0.000000,0.515373,0.579999,,,,7.279969,7.279969,,16.800279,,,,,,903.822387,0.066146,0.000000,0.000000,0.000000,,-459.670013,1000.000000,,0.000000,0.000000,,,,0.047053,"UNDEFINED",0.000000,0.997567,0.000000,,,,,"","",,,,7.279969,,0.000000,,0.000000,,,0.000000,0.000000,"",,,0.000000,,-1.000000,,0.000000,0.000000,-1.000000,-1.000000,,,,,,,,,,,"",,,,,,,,,,"Volumetric",,,,,,,,,,0.000000,,,,,,,,,,0.000000,0.000000,,,,,,,,,,,,
"0BEC4FB2","Nodes",1117603.000000,1672280.620000,1313.064347,"Default Known Flow Node",69.999969,0.579999,1000.000000,0.000000,"Known Flow",0.000000,0.000000,2.16999993085665e-07,40.000000,0.579999,1000.000000,0.000000,0.000000,13.000000,0.000000,0.515373,0.579999,,,,7.279953,7.279953,,16.800279,,,,,,903.822387,0.066146,0.000000,0.000000,0.000000,,-459.670013,1000.000000,,0.000000,0.000000,,,,0.047053,"SETFLOW",0.000000,0.997567,0.000000,,,,,"","",,,,7.279953,,0.000000,,0.000000,,,0.000000,0.000000,"",,,0.000000,,-1.000000,,0.000000,0.000000,-1.000000,-1.000000,,,,,,,,,,,"",,,,,,,,,,"Volumetric",,,,,,,,,,-0.087960,,,,,,,,,,-0.087960,-0.002111,,,,,,,,,,,,
"0BEC4FB5","Nodes",1117365.750000,1672471.370000,1313.064347,"Default Known Flow Node",69.999969,0.579999,1000.000000,0.000000,"Known Flow",0.000000,0.000000,2.16999993085665e-07,40.000000,0.579999,1000.000000,0.000000,0.000000,13.000000,0.000000,0.515373,0.579999,,,,7.382579,7.382579,,16.800279,,,,,,903.822387,0.066146,0.000000,0.000000,0.000000,,-459.670013,1000.000000,,0.000000,0.000000,,,,0.047064,"SETFLOW",0.000000,0.997566,0.000000,,,,,"","",,,,7.382579,,0.000000,,0.000000,,,0.000000,0.000000,"",,,0.000000,,-1.000000,,0.000000,0.000000,-1.000000,-1.000000,,,,,,,,,,,"",,,,,,,,,,"Volumetric",,,,,,,,,,-0.039803,,,,,,,,,,-0.039803,-0.000955,,,,,,,,,,,,
"0BEC4F9F","Nodes",1117520.500000,1672510.750000,1313.064347,"Default Known Flow Node",69.999969,0.579999,1000.000000,0.000000,"Known Flow",0.000000,0.000000,2.16999993085665e-07,40.000000,0.579999,1000.000000,0.000000,0.000000,13.000000,0.000000,0.515373,0.579999,,,,7.396063,7.396063,,16.800279,,,,,,903.822387,0.066146,0.000000,0.000000,0.000000,,-459.670013,1000.000000,,0.000000,0.000000,,,,0.047066,"SETFLOW",0.000000,0.997566,0.000000,,,,,"","",,,,7.396063,,0.000000,,0.000000,,,0.000000,0.000000,"",,,0.000000,,-1.000000,,0.000000,0.000000,-1.000000,-1.000000,,,,,,,,,,,"",,,,,,,,,,"Volumetric",,,,,,,,,,-0.024242,,,,,,,,,,-0.024242,-0.000581,,,,,,,,,,,,
"0BEC4FA0","Nodes",1117522.620000,1672503.120000,1313.064347,"Default Known Flow Node",69.999969,0.579999,1000.000000,0.000000,"Known Flow",0.000000,0.000000,2.16999993085665e-07,40.000000,0.579999,1000.000000,0.000000,0.000000,13.000000,0.000000,0.515373,0.579999,,,,7.396063,7.396063,,16.800279,,,,,,903.822387,0.066146,0.000000,0.000000,0.000000,,-459.670013,1000.000000,,0.000000,0.000000,,,,0.047066,"UNDEFINED",0.000000,0.997566,0.000000,,,,,"","",,,,7.396063,,0.000000,,0.000000,,,0.000000,0.000000,"",,,0.000000,,-1.000000,,0.000000,0.000000,-1.000000,-1.000000,,,,,,,,,,,"",,,,,,,,,,"Volumetric",,,,,,,,,,0.000000,,,,,,,,,,0.000000,0.000000,,,,,,,,,,,,
"0BEC4F9E","Nodes",1117516.870000,1672529.870000,1313.064347,"Default Known Flow Node",69.999969,0.579999,1000.000000,0.000000,"Known Flow",0.000000,0.000000,2.16999993085665e-07,40.000000,0.579999,1000.000000,0.000000,0.000000,13.000000,0.000000,0.515373,0.579999,,,,7.396324,7.396324,,16.800279,,,,,,903.822387,0.066146,0.000000,0.000000,0.000000,,-459.670013,1000.000000,,0.000000,0.000000,,,,0.047066,"UNDEFINED",0.000000,0.997566,0.000000,,,,,"","",,,,7.396324,,0.000000,,0.000000,,,0.000000,0.000000,"",,,0.000000,,-1.000000,,0.000000,0.000000,-1.000000,-1.000000,,,,,,,,,,,"",,,,,,,,,,"Volumetric",,,,,,,,,,0.000000,,,,,,,,,,0.000000,0.000000,,,,,,,,,,,,
"0BEC4FA1","Nodes",1118173.370000,1672700.620000,1313.064347,"Default Known Flow Node",69.999969,0.579999,1000.000000,0.000000,"Known Flow",0.000000,0.000000,2.16999993085665e-07,40.000000,0.579999,1000.000000,0.000000,0.000000,13.000000,0.000000,0.515373,0.579999,,,,7.375120,7.375120,,16.800279,,,,,,903.822387,0.066146,0.000000,0.000000,0.000000,,-459.670013,1000.000000,,0.000000,0.000000,,,,0.047063,"SETFLOW",0.000000,0.997566,0.000000,,,,,"","",,,,7.375120,,0.000000,,0.000000,,,0.000000,0.000000,"",,,0.000000,,-1.000000,,0.000000,0.000000,-1.000000,-1.000000,,,,,,,,,,,"",,,,,,,,,,"Volumetric",,,,,,,,,,-0.039311,,,,,,,,,,-0.039311,-0.000943,,,,,,,,,,,,
"0BEC4FBF","Nodes",1118240.000000,1672529.250000,1313.064347,"Default Known Flow Node",69.999969,0.579999,1000.000000,0.000000,"Known Flow",0.000000,0.000000,2.16999993085665e-07,40.000000,0.579999,1000.000000,0.000000,0.000000,13.000000,0.000000,0.515373,0.579999,,,,7.307879,7.307879,,16.800279,,,,,,903.822387,0.066146,0.000000,0.000000,0.000000,,-459.670013,1000.000000,,0.000000,0.000000,,,,0.047056,"SETFLOW",0.000000,0.997567,0.000000,,,,,"","",,,,7.307879,,0.000000,,0.000000,,,0.000000,0.000000,"",,,0.000000,,-1.000000,,0.000000,0.000000,-1.000000,-1.000000,,,,,,,,,,,"",,,,,,,,,,"Volumetric",,,,,,,,,,-0.117116,,,,,,,,,,-0.117116,-0.002810,,,,,,,,,,,,
"0BEC4F9D","Nodes",1117515.870000,1672535.870000,1313.064347,"Default Known Flow Node",69.999969,0.579999,1000.000000,0.000000,"Known Flow",0.000000,0.000000,2.16999993085665e-07,40.000000,0.579999,1000.000000,0.000000,0.000000,13.000000,0.000000,0.515373,0.579999,,,,7.396539,7.396539,,16.800279,,,,,,903.822387,0.066146,0.000000,0.000000,0.000000,,-459.670013,1000.000000,,0.000000,0.000000,,,,0.047066,"SETFLOW",0.000000,0.997566,0.000000,,,,,"","",,,,7.396539,,0.000000,,0.000000,,,0.000000,0.000000,"",,,0.000000,,-1.000000,,0.000000,0.000000,-1.000000,-1.000000,,,,,,,,,,,"",,,,,,,,,,"Volumetric",,,,,,,,,,-0.039967,,,,,,,,,,-0.039967,-0.000959,,,,,,,,,,,,
"0BEC4FB4","Nodes",1117572.750000,1672544.750000,1313.064347,"Default Known Flow Node",69.999969,0.579999,1000.000000,0.000000,"Known Flow",0.000000,0.000000,2.16999993085665e-07,40.000000,0.579999,1000.000000,0.000000,0.000000,13.000000,0.000000,0.515373,0.579999,,,,7.393299,7.393299,,16.800279,,,,,,903.822387,0.066146,0.000000,0.000000,0.000000,,-459.670013,1000.000000,,0.000000,0.000000,,,,0.047066,"SETFLOW",0.000000,0.997566,0.000000,,,,,"","",,,,7.393299,,0.000000,,0.000000,,,0.000000,0.000000,"",,,0.000000,,-1.000000,,0.000000,0.000000,-1.000000,-1.000000,,,,,,,,,,,"",,,,,,,,,,"Volumetric",,,,,,,,,,-0.053071,,,,,,,,,,-0.053071,-0.001273,,,,,,,,,,,,
"0BEC4F9C","Nodes",1117491.120000,1672640.750000,1313.064347,"Default Known Flow Node",69.999969,0.579999,1000.000000,0.000000,"Known Flow",0.000000,0.000000,2.16999993085665e-07,40.000000,0.579999,1000.000000,0.000000,0.000000,13.000000,0.000000,0.515373,0.579999,,,,7.400528,7.400528,,16.800279,,,,,,903.822387,0.066146,0.000000,0.000000,0.000000,,-459.670013,1000.000000,,0.000000,0.000000,,,,0.047066,"SETFLOW",0.000000,0.997566,0.000000,,,,,"","",,,,7.400528,,0.000000,,0.000000,,,0.000000,0.000000,"",,,0.000000,,-1.000000,,0.000000,0.000000,-1.000000,-1.000000,,,,,,,,,,,"",,,,,,,,,,"Volumetric",,,,,,,,,,-0.039967,,,,,,,,,,-0.039967,-0.000959,,,,,,,,,,,,
"0BEC4FB3","Nodes",1117750.620000,1672591.500000,1313.064347,"Default Known Flow Node",69.999969,0.579999,1000.000000,0.000000,"Known Flow",0.000000,0.000000,2.16999993085665e-07,40.000000,0.579999,1000.000000,0.000000,0.000000,13.000000,0.000000,0.515373,0.579999,,,,7.385443,7.385443,,16.800279,,,,,,903.822387,0.066146,0.000000,0.000000,0.000000,,-459.670013,1000.000000,,0.000000,0.000000,,,,0.047065,"SETFLOW",0.000000,0.997566,0.000000,,,,,"","",,,,7.385443,,0.000000,,0.000000,,,0.000000,0.000000,"",,,0.000000,,-1.000000,,0.000000,0.000000,-1.000000,-1.000000,,,,,,,,,,,"",,,,,,,,,,"Volumetric",,,,,,,,,,-0.056347,,,,,,,,,,-0.056347,-0.001352,,,,,,,,,,,,
"0BEC4F9B","Nodes",1117484.370000,1672671.000000,1313.064347,"Default Known Flow Node",69.999969,0.579999,1000.000000,0.000000,"Known Flow",0.000000,0.000000,2.16999993085665e-07,40.000000,0.579999,1000.000000,0.000000,0.000000,13.000000,0.000000,0.515373,0.579999,,,,7.401770,7.401770,,16.800279,,,,,,903.822387,0.066146,0.000000,0.000000,0.000000,,-459.670013,1000.000000,,0.000000,0.000000,,,,0.047066,"UNDEFINED",0.000000,0.997566,0.000000,,,,,"","",,,,7.401770,,0.000000,,0.000000,,,0.000000,0.000000,"",,,0.000000,,-1.000000,,0.000000,0.000000,-1.000000,-1.000000,,,,,,,,,,,"",,,,,,,,,,"Volumetric",,,,,,,,,,0.000000,,,,,,,,,,0.000000,0.000000,,,,,,,,,,,,
"0BEC4F9A","Nodes",1117481.000000,1672685.000000,1313.064347,"Default Known Flow Node",69.999969,0.579999,1000.000000,0.000000,"Known Flow",0.000000,0.000000,2.16999993085665e-07,40.000000,0.579999,1000.000000,0.000000,0.000000,13.000000,0.000000,0.515373,0.579999,,,,7.404317,7.404317,,16.800279,,,,,,903.822387,0.066146,0.000000,0.000000,0.000000,,-459.670013,1000.000000,,0.000000,0.000000,,,,0.047067,"UNDEFINED",0.000000,0.997566,0.000000,,,,,"","",,,,7.404317,,0.000000,,0.000000,,,0.000000,0.000000,"",,,0.000000,,-1.000000,,0.000000,0.000000,-1.000000,-1.000000,,,,,,,,,,,"",,,,,,,,,,"Volumetric",,,,,,,,,,0.000000,,,,,,,,,,0.000000,0.000000,,,,,,,,,,,,
"0BEC4F99","Nodes",1117480.500000,1672687.370000,1313.064347,"Default Known Flow Node",69.999969,0.579999,1000.000000,0.000000,"Known Flow",0.000000,0.000000,2.16999993085665e-07,40.000000,0.579999,1000.000000,0.000000,0.000000,13.000000,0.000000,0.515373,0.579999,,,,7.404438,7.404438,,16.800279,,,,,,903.822387,0.066146,0.000000,0.000000,0.000000,,-459.670013,1000.000000,,0.000000,0.000000,,,,0.047067,"SETFLOW",0.000000,0.997566,0.000000,,,,,"","",,,,7.404438,,0.000000,,0.000000,,,0.000000,0.000000,"",,,0.000000,,-1.000000,,0.000000,0.000000,-1.000000,-1.000000,,,,,,,,,,,"",,,,,,,,,,"Volumetric",,,,,,,,,,-0.013103,,,,,,,,,,-0.013103,-0.000314,,,,,,,,,,,,
"0BEC4F98","Nodes",1117466.870000,1672756.250000,1313.064347,"Default Known Flow Node",69.999969,0.579999,1000.000000,0.000000,"Known Flow",0.000000,0.000000,2.16999993085665e-07,40.000000,0.579999,1000.000000,0.000000,0.000000,13.000000,0.000000,0.515373,0.579999,,,,7.407453,7.407453,,16.800279,,,,,,903.822387,0.066146,0.000000,0.000000,0.000000,,-459.670013,1000.000000,,0.000000,0.000000,,,,0.047067,"SETFLOW",0.000000,0.997566,0.000000,,,,,"","",,,,7.407453,,0.000000,,0.000000,,,0.000000,0.000000,"",,,0.000000,,-1.000000,,0.000000,0.000000,-1.000000,-1.000000,,,,,,,,,,,"",,,,,,,,,,"Volumetric",,,,,,,,,,-0.005241,,,,,,,,,,-0.005241,-0.000125,,,,,,,,,,,,
"0BEC4FC7","Nodes",1118240.000000,1672719.750000,1313.064347,"Default Known Flow Node",69.999969,0.579999,1000.000000,0.000000,"Known Flow",0.000000,0.000000,2.16999993085665e-07,40.000000,0.579999,1000.000000,0.000000,0.000000,13.000000,0.000000,0.515373,0.579999,,,,7.374211,7.374211,,16.800279,,,,,,903.822387,0.066146,0.000000,0.000000,0.000000,,-459.670013,1000.000000,,0.000000,0.000000,,,,0.047063,"SETFLOW",0.000000,0.997566,0.000000,,,,,"","",,,,7.374211,,0.000000,,0.000000,,,0.000000,0.000000,"",,,0.000000,,-1.000000,,0.000000,0.000000,-1.000000,-1.000000,,,,,,,,,,,"",,,,,,,,,,"Volumetric",,,,,,,,,,-0.023750,,,,,,,,,,-0.023750,-0.000570,,,,,,,,,,,,
"0BEC4FBE","Nodes",1118149.870000,1672760.000000,1313.064347,"Default Known Flow Node",69.999969,0.579999,1000.000000,0.000000,"Known Flow",0.000000,0.000000,2.16999993085665e-07,40.000000,0.579999,1000.000000,0.000000,0.000000,13.000000,0.000000,0.515373,0.579999,,,,7.398136,7.398136,,16.800279,,,,,,903.822387,0.066146,0.000000,0.000000,0.000000,,-459.670013,1000.000000,,0.000000,0.000000,,,,0.047066,"SETFLOW",0.000000,0.997566,0.000000,,,,,"","",,,,7.398136,,0.000000,,0.000000,,,0.000000,0.000000,"",,,0.000000,,-1.000000,,0.000000,0.000000,-1.000000,-1.000000,,,,,,,,,,,"",,,,,,,,,,"Volumetric",,,,,,,,,,-0.010646,,,,,,,,,,-0.010646,-0.000255,,,,,,,,,,,,
"0BEC4FBD","Nodes",1117447.500000,1672760.000000,1313.064347,"Default Known Flow Node",69.999969,0.579999,1000.000000,0.000000,"Known Flow",0.000000,0.000000,2.16999993085665e-07,40.000000,0.579999,1000.000000,0.000000,0.000000,13.000000,0.000000,0.515373,0.579999,,,,7.408452,7.408452,,16.800279,,,,,,903.822387,0.066146,0.000000,0.000000,0.000000,,-459.670013,1000.000000,,0.000000,0.000000,,,,0.047067,"SETFLOW",0.000000,0.997566,0.000000,,,,,"","",,,,7.408452,,0.000000,,0.000000,,,0.000000,0.000000,"",,,0.000000,,-1.000000,,0.000000,0.000000,-1.000000,-1.000000,,,,,,,,,,,"",,,,,,,,,,"Volumetric",,,,,,,,,,-0.039967,,,,,,,,,,-0.039967,-0.000959,,,,,,,,,,,,
"0BEC4FC9","Nodes",1117465.870000,1672760.000000,1313.064347,"Default Known Flow Node",69.999969,0.579999,1000.000000,0.000000,"Known Flow",0.000000,0.000000,2.16999993085665e-07,40.000000,0.579999,1000.000000,0.000000,0.000000,13.000000,0.000000,0.515373,0.579999,,,,7.408899,7.408899,,16.800279,,,,,,903.822387,0.066146,0.000000,0.000000,0.000000,,-459.670013,1000.000000,,0.000000,0.000000,,,,0.047067,"UNDEFINED",0.000000,0.997566,0.000000,,,,,"","",,,,7.408899,,0.000000,,0.000000,,,0.000000,0.000000,"",,,0.000000,,-1.000000,,0.000000,0.000000,-1.000000,-1.000000,,,,,,,,,,,"",,,,,,,,,,"Volumetric",,,,,,,,,,0.000000,,,,,,,,,,0.000000,0.000000,,,,,,,,,,,,
"0BEC500D","Nodes",1117466.750000,1672765.370000,1313.064347,"Default Known Flow Node",69.999969,0.579999,1000.000000,0.000000,"Known Flow",0.000000,0.000000,2.16999993085665e-07,40.000000,0.579999,1000.000000,0.000000,0.000000,13.000000,0.000000,0.515373,0.579999,,,,7.410706,7.410706,,16.800279,,,,,,903.822387,0.066146,0.000000,0.000000,0.000000,,-459.670013,1000.000000,,0.000000,0.000000,,,,0.047067,"UNDEFINED",0.000000,0.997566,0.000000,,,,,"","",,,,7.410706,,0.000000,,0.000000,,,0.000000,0.000000,"",,,0.000000,,-1.000000,,0.000000,0.000000,-1.000000,-1.000000,,,,,,,,,,,"",,,,,,,,,,"Volumetric",,,,,,,,,,0.000000,,,,,,,,,,0.000000,0.000000,,,,,,,,,,,,
"0BEC500F","Nodes",1117457.750000,1672763.000000,1313.064347,"Default Known Flow Node",69.999969,0.579999,1000.000000,0.000000,"Known Flow",0.000000,0.000000,2.16999993085665e-07,40.000000,0.579999,1000.000000,0.000000,0.000000,13.000000,0.000000,0.515373,0.579999,,,,7.409638,7.409638,,16.800279,,,,,,903.822387,0.066146,0.000000,0.000000,0.000000,,-459.670013,1000.000000,,0.000000,0.000000,,,,0.047067,"UNDEFINED",0.000000,0.997566,0.000000,,,,,"","",,,,7.409638,,0.000000,,0.000000,,,0.000000,0.000000,"",,,0.000000,,-1.000000,,0.000000,0.000000,-1.000000,-1.000000,,,,,,,,,,,"",,,,,,,,,,"Volumetric",,,,,,,,,,0.000000,,,,,,,,,,0.000000,0.000000,,,,,,,,,,,,
"0BEC500B","Nodes",1117462.370000,1672784.750000,1313.064347,"Default Known Flow Node",69.999969,0.579999,1000.000000,0.000000,"Known Flow",0.000000,0.000000,2.16999993085665e-07,40.000000,0.579999,1000.000000,0.000000,0.000000,13.000000,0.000000,0.515373,0.579999,,,,7.416727,7.416727,,16.800279,,,,,,903.822387,0.066146,0.000000,0.000000,0.000000,,-459.670013,1000.000000,,0.000000,0.000000,,,,0.047068,"UNDEFINED",0.000000,0.997566,0.000000,,,,,"","",,,,7.416727,,0.000000,,0.000000,,,0.000000,0.000000,"",,,0.000000,,-1.000000,,0.000000,0.000000,-1.000000,-1.000000,,,,,,,,,,,"",,,,,,,,,,"Volumetric",,,,,,,,,,0.000000,,,,,,,,,,0.000000,0.000000,,,,,,,,,,,,
"0BEC500A","Nodes",1117459.250000,1672796.000000,1313.064347,"Default Known Flow Node",69.999969,0.579999,1000.000000,0.000000,"Known Flow",0.000000,0.000000,2.16999993085665e-07,40.000000,0.579999,1000.000000,0.000000,0.000000,13.000000,0.000000,0.515373,0.579999,,,,7.421638,7.421638,,16.800279,,,,,,903.822387,0.066146,0.000000,0.000000,0.000000,,-459.670013,1000.000000,,0.000000,0.000000,,,,0.047069,"UNDEFINED",0.000000,0.997566,0.000000,,,,,"","",,,,7.421638,,0.000000,,0.000000,,,0.000000,0.000000,"",,,0.000000,,-1.000000,,0.000000,0.000000,-1.000000,-1.000000,,,,,,,,,,,"",,,,,,,,,,"Volumetric",,,,,,,,,,0.000000,,,,,,,,,,0.000000,0.000000,,,,,,,,,,,,
"0BEC500C","Nodes",1117475.620000,1672788.120000,1313.064347,"Default Known Flow Node",69.999969,0.579999,1000.000000,0.000000,"Known Flow",0.000000,0.000000,2.16999993085665e-07,40.000000,0.579999,1000.000000,0.000000,0.000000,13.000000,0.000000,0.515373,0.579999,,,,7.417914,7.417914,,16.800279,,,,,,903.822387,0.066146,0.000000,0.000000,0.000000,,-459.670013,1000.000000,,0.000000,0.000000,,,,0.047068,"SETFLOW",0.000000,0.997566,0.000000,,,,,"","",,,,7.417914,,0.000000,,0.000000,,,0.000000,0.000000,"",,,0.000000,,-1.000000,,0.000000,0.000000,-1.000000,-1.000000,,,,,,,,,,,"",,,,,,,,,,"Volumetric",,,,,,,,,,-0.058312,,,,,,,,,,-0.058312,-0.001399,,,,,,,,,,,,
"0BEC5009","Nodes",1117458.500000,1672798.250000,1313.064347,"Default Known Flow Node",69.999969,0.579999,1000.000000,0.000000,"Known Flow",0.000000,0.000000,2.16999993085665e-07,40.000000,0.579999,1000.000000,0.000000,0.000000,13.000000,0.000000,0.515373,0.579999,,,,7.422456,7.422456,,16.800279,,,,,,903.822387,0.066146,0.000000,0.000000,0.000000,,-459.670013,1000.000000,,0.000000,0.000000,,,,0.047069,"SETFLOW",0.000000,0.997566,0.000000,,,,,"","",,,,7.422456,,0.000000,,0.000000,,,0.000000,0.000000,"",,,0.000000,,-1.000000,,0.000000,0.000000,-1.000000,-1.000000,,,,,,,,,,,"",,,,,,,,,,"Volumetric",,,,,,,,,,-0.010483,,,,,,,,,,-0.010483,-0.000251,,,,,,,,,,,,
"0BEC500E","Nodes",1118017.500000,1672929.870000,1313.064347,"Default Known Flow Node",69.999969,0.579999,1000.000000,0.000000,"Known Flow",0.000000,0.000000,2.16999993085665e-07,40.000000,0.579999,1000.000000,0.000000,0.000000,13.000000,0.000000,0.515374,0.579999,,,,7.462608,7.462608,,16.800279,,,,,,903.822387,0.066146,0.000000,0.000000,0.000000,,-459.670013,1000.000000,,0.000000,0.000000,,,,0.047073,"SETFLOW",0.000000,0.997566,0.000000,,,,,"","",,,,7.462608,,0.000000,,0.000000,,,0.000000,0.000000,"",,,0.000000,,-1.000000,,0.000000,0.000000,-1.000000,-1.000000,,,,,,,,,,,"",,,,,,,,,,"Volumetric",,,,,,,,,,-0.140212,,,,,,,,,,-0.140212,-0.003365,,,,,,,,,,,,
"0BEC4FCA","Nodes",1118080.500000,1672945.370000,1313.064347,"Default Known Flow Node",69.999969,0.579999,1000.000000,0.000000,"Known Flow",0.000000,0.000000,2.16999993085665e-07,40.000000,0.579999,1000.000000,0.000000,0.000000,13.000000,0.000000,0.515374,0.579999,,,,7.469835,7.469835,,16.800279,,,,,,903.822387,0.066146,0.000000,0.000000,0.000000,,-459.670013,1000.000000,,0.000000,0.000000,,,,0.047074,"SETFLOW",0.000000,0.997566,0.000000,,,,,"","",,,,7.469835,,0.000000,,0.000000,,,0.000000,0.000000,"",,,0.000000,,-1.000000,,0.000000,0.000000,-1.000000,-1.000000,,,,,,,,,,,"",,,,,,,,,,"Volumetric",,,,,,,,,,-0.013922,,,,,,,,,,-0.013922,-0.000334,,,,,,,,,,,,
"0BEC4FCB","Nodes",1118079.750000,1672947.250000,1313.064347,"Default Known Flow Node",69.999969,0.579999,1000.000000,0.000000,"Known Flow",0.000000,0.000000,2.16999993085665e-07,40.000000,0.579999,1000.000000,0.000000,0.000000,13.000000,0.000000,0.515374,0.579999,,,,7.470667,7.470667,,16.800279,,,,,,903.822387,0.066146,0.000000,0.000000,0.000000,,-459.670013,1000.000000,,0.000000,0.000000,,,,0.047074,"SETFLOW",0.000000,0.997566,0.000000,,,,,"","",,,,7.470667,,0.000000,,0.000000,,,0.000000,0.000000,"",,,0.000000,,-1.000000,,0.000000,0.000000,-1.000000,-1.000000,,,,,,,,,,,"",,,,,,,,,,"Volumetric",,,,,,,,,,-0.055691,,,,,,,,,,-0.055691,-0.001336,,,,,,,,,,,,
"0BEC5021","Nodes",1118240.000000,1672989.370000,1313.064347,"Default Known Flow Node",69.999969,0.579999,1000.000000,0.000000,"Known Flow",0.000000,0.000000,2.16999993085665e-07,40.000000,0.579999,1000.000000,0.000000,0.000000,13.000000,0.000000,0.515374,0.579999,,,,7.586783,7.586783,,16.800279,,,,,,903.822387,0.066146,0.000000,0.000000,0.000000,,-459.670013,1000.000000,,0.000000,0.000000,,,,0.047088,"SETFLOW",0.000000,0.997565,0.000000,,,,,"","",,,,7.586783,,0.000000,,0.000000,,,0.000000,0.000000,"",,,0.000000,,-1.000000,,0.000000,0.000000,-1.000000,-1.000000,,,,,,,,,,,"",,,,,,,,,,"Volumetric",,,,,,,,,,-0.006551,,,,,,,,,,-0.006551,-0.000157,,,,,,,,,,,,
"0BEC5004","Nodes",1117438.620000,1673021.750000,1313.064347,"Default Known Flow Node",69.999969,0.579999,1000.000000,0.000000,"Known Flow",0.000000,0.000000,2.16999993085665e-07,40.000000,0.579999,1000.000000,0.000000,0.000000,13.000000,0.000000,0.515374,0.579999,,,,7.436986,7.436986,,16.800279,,,,,,903.822387,0.066146,0.000000,0.000000,0.000000,,-459.670013,1000.000000,,0.000000,0.000000,,,,0.047070,"SETFLOW",0.000000,0.997566,0.000000,,,,,"","",,,,7.436986,,0.000000,,0.000000,,,0.000000,0.000000,"",,,0.000000,,-1.000000,,0.000000,0.000000,-1.000000,-1.000000,,,,,,,,,,,"",,,,,,,,,,"Volumetric",,,,,,,,,,-0.128419,,,,,,,,,,-0.128419,-0.003082,,,,,,,,,,,,
"0BEC5007","Nodes",1117404.250000,1673015.500000,1313.064347,"Default Known Flow Node",69.999969,0.579999,1000.000000,0.000000,"Known Flow",0.000000,0.000000,2.16999993085665e-07,40.000000,0.579999,1000.000000,0.000000,0.000000,13.000000,0.000000,0.515373,0.579999,,,,7.433103,7.433103,,16.800279,,,,,,903.822387,0.066146,0.000000,0.000000,0.000000,,-459.670013,1000.000000,,0.000000,0.000000,,,,0.047070,"SETFLOW",0.000000,0.997566,0.000000,,,,,"","",,,,7.433103,,0.000000,,0.000000,,,0.000000,0.000000,"",,,0.000000,,-1.000000,,0.000000,0.000000,-1.000000,-1.000000,,,,,,,,,,,"",,,,,,,,,,"Volumetric",,,,,,,,,,-0.046519,,,,,,,,,,-0.046519,-0.001116,,,,,,,,,,,,
"0BEC4FFA","Nodes",1117360.120000,1673243.870000,1313.064347,"Default Known Flow Node",69.999969,0.579999,1000.000000,0.000000,"Known Flow",0.000000,0.000000,2.16999993085665e-07,40.000000,0.579999,1000.000000,0.000000,0.000000,13.000000,0.000000,0.515374,0.579999,,,,7.445161,7.445161,,16.800279,,,,,,903.822387,0.066146,0.000000,0.000000,0.000000,,-459.670013,1000.000000,,0.000000,0.000000,,,,0.047071,"SETFLOW",0.000000,0.997566,0.000000,,,,,"","",,,,7.445161,,0.000000,,0.000000,,,0.000000,0.000000,"",,,0.000000,,-1.000000,,0.000000,0.000000,-1.000000,-1.000000,,,,,,,,,,,"",,,,,,,,,,"Volumetric",,,,,,,,,,-0.010483,,,,,,,,,,-0.010483,-0.000251,,,,,,,,,,,,
"0BEC4FFB","Nodes",1117386.370000,1673059.750000,1313.064347,"Default Known Flow Node",69.999969,0.579999,1000.000000,0.000000,"Known Flow",0.000000,0.000000,2.16999993085665e-07,40.000000,0.579999,1000.000000,0.000000,0.000000,13.000000,0.000000,0.515374,0.579999,,,,7.435310,7.435310,,16.800279,,,,,,903.822387,0.066146,0.000000,0.000000,0.000000,,-459.670013,1000.000000,,0.000000,0.000000,,,,0.047070,"SETFLOW",0.000000,0.997566,0.000000,,,,,"","",,,,7.435310,,0.000000,,0.000000,,,0.000000,0.000000,"",,,0.000000,,-1.000000,,0.000000,0.000000,-1.000000,-1.000000,,,,,,,,,,,"",,,,,,,,,,"Volumetric",,,,,,,,,,-0.048484,,,,,,,,,,-0.048484,-0.001163,,,,,,,,,,,,
"0BEC4FF4","Nodes",1117296.870000,1673565.750000,1313.064347,"Default Known Flow Node",69.999969,0.579999,1000.000000,0.000000,"Known Flow",0.000000,0.000000,2.16999993085665e-07,40.000000,0.579999,1000.000000,0.000000,0.000000,13.000000,0.000000,0.515374,0.579999,,,,7.533291,7.533291,,16.800279,,,,,,903.822387,0.066146,0.000000,0.000000,0.000000,,-459.670013,1000.000000,,0.000000,0.000000,,,,0.047081,"SETFLOW",0.000000,0.997565,0.000000,,,,,"","",,,,7.533291,,0.000000,,0.000000,,,0.000000,0.000000,"",,,0.000000,,-1.000000,,0.000000,0.000000,-1.000000,-1.000000,,,,,,,,,,,"",,,,,,,,,,"Volumetric",,,,,,,,,,-0.010319,,,,,,,,,,-0.010319,-0.000247,,,,,,,,,,,,
"0BEC4FF6","Nodes",1117351.620000,1673335.870000,1313.064347,"Default Known Flow Node",69.999969,0.579999,1000.000000,0.000000,"Known Flow",0.000000,0.000000,2.16999993085665e-07,40.000000,0.579999,1000.000000,0.000000,0.000000,13.000000,0.000000,0.515374,0.579999,,,,7.483250,7.483250,,16.800279,,,,,,903.822387,0.066146,0.000000,0.000000,0.000000,,-459.670013,1000.000000,,0.000000,0.000000,,,,0.047076,"SETFLOW",0.000000,0.997566,0.000000,,,,,"","",,,,7.483250,,0.000000,,0.000000,,,0.000000,0.000000,"",,,0.000000,,-1.000000,,0.000000,0.000000,-1.000000,-1.000000,,,,,,,,,,,"",,,,,,,,,,"Volumetric",,,,,,,,,,-0.036035,,,,,,,,,,-0.036035,-0.000864,,,,,,,,,,,,
"2FB93E00","Nodes",1117844.620000,1673431.870000,1313.064347,"Default Known Flow Node",69.999969,0.579999,1000.000000,0.000000,"Known Flow",0.000000,0.000000,2.16999993085665e-07,40.000000,0.579999,1000.000000,0.000000,0.000000,13.000000,0.000000,0.515374,0.579999,,,,7.602513,7.602513,,16.800279,,,,,,903.822387,0.066146,0.000000,0.000000,0.000000,,-459.670013,1000.000000,,0.000000,0.000000,,,,0.047089,"UNDEFINED",0.000000,0.997565,0.000000,,,,,"","",,,,7.602513,,0.000000,,0.000000,,,0.000000,0.000000,"",,,0.000000,"42-32A 162 St, Q= 1.174 mcfh, Firm",-1.000000,,0.000000,0.000000,-1.000000,-1.000000,,,,,,,,,,,"",,,,,,,,,,"Volumetric",,,,,,,,,,0.000000,,,,,,,,,,0.000000,0.000000,,,,,,,,,,,,
"2FB93E01","Nodes",1117408.500000,1673318.120000,1313.064347,"Default Known Flow Node",69.999969,0.579999,1000.000000,0.000000,"Known Flow",0.000000,0.000000,2.16999993085665e-07,40.000000,0.579999,1000.000000,0.000000,0.000000,13.000000,0.000000,0.515374,0.579999,,,,7.497093,7.497093,,16.800279,,,,,,903.822387,0.066146,0.000000,0.000000,0.000000,,-459.670013,1000.000000,,0.000000,0.000000,,,,0.047077,"SETFLOW",0.000000,0.997565,0.000000,,,,,"","",,,,7.497093,,0.000000,,0.000000,,,0.000000,0.000000,"",,,0.000000,,-1.000000,,0.000000,0.000000,-1.000000,-1.000000,,,,,,,,,,,"",,,,,,,,,,"Volumetric",,,,,,,,,,-0.180834,,,,,,,,,,-0.180834,-0.004340,,,,,,,,,,,,
"0BEC4FF1","Nodes",1117271.870000,1673559.500000,1313.064347,"Default Known Flow Node",69.999969,0.579999,1000.000000,0.000000,"Known Flow",0.000000,0.000000,2.16999993085665e-07,40.000000,0.579999,1000.000000,0.000000,0.000000,13.000000,0.000000,0.515374,0.579999,,,,7.533081,7.533081,,16.800279,,,,,,903.822387,0.066146,0.000000,0.000000,0.000000,,-459.670013,1000.000000,,0.000000,0.000000,,,,0.047081,"SETFLOW",0.000000,0.997565,0.000000,,,,,"","",,,,7.533081,,0.000000,,0.000000,,,0.000000,0.000000,"",,,0.000000,,-1.000000,,0.000000,0.000000,-1.000000,-1.000000,,,,,,,,,,,"",,,,,,,,,,"Volumetric",,,,,,,,,,-0.007370,,,,,,,,,,-0.007370,-0.000176,,,,,,,,,,,,
"0BEC4FF0","Nodes",1117274.870000,1673560.370000,1313.064347,"Default Known Flow Node",69.999969,0.579999,1000.000000,0.000000,"Known Flow",0.000000,0.000000,2.16999993085665e-07,40.000000,0.579999,1000.000000,0.000000,0.000000,13.000000,0.000000,0.515374,0.579999,,,,7.533504,7.533504,,16.800279,,,,,,903.822387,0.066146,0.000000,0.000000,0.000000,,-459.670013,1000.000000,,0.000000,0.000000,,,,0.047081,"UNDEFINED",0.000000,0.997565,0.000000,,,,,"","",,,,7.533504,,0.000000,,0.000000,,,0.000000,0.000000,"",,,0.000000,,-1.000000,,0.000000,0.000000,-1.000000,-1.000000,,,,,,,,,,,"",,,,,,,,,,"Volumetric",,,,,,,,,,0.000000,,,,,,,,,,0.000000,0.000000,,,,,,,,,,,,
"0BEC4FEF","Nodes",1117249.000000,1673685.370000,1313.064347,"Default Known Flow Node",69.999969,0.579999,1000.000000,0.000000,"Known Flow",0.000000,0.000000,2.16999993085665e-07,40.000000,0.579999,1000.000000,0.000000,0.000000,13.000000,0.000000,0.515374,0.579999,,,,7.556404,7.556404,,16.800279,,,,,,903.822387,0.066146,0.000000,0.000000,0.000000,,-459.670013,1000.000000,,0.000000,0.000000,,,,0.047084,"UNDEFINED",0.000000,0.997565,0.000000,,,,,"","",,,,7.556404,,0.000000,,0.000000,,,0.000000,0.000000,"",,,0.000000,,-1.000000,,0.000000,0.000000,-1.000000,-1.000000,,,,,,,,,,,"",,,,,,,,,,"Volumetric",,,,,,,,,,0.000000,,,,,,,,,,0.000000,0.000000,,,,,,,,,,,,
"0BEC4FF2","Nodes",1117280.870000,1673561.620000,1313.064347,"Default Known Flow Node",69.999969,0.579999,1000.000000,0.000000,"Known Flow",0.000000,0.000000,2.16999993085665e-07,40.000000,0.579999,1000.000000,0.000000,0.000000,13.000000,0.000000,0.515374,0.579999,,,,7.533454,7.533454,,16.800279,,,,,,903.822387,0.066146,0.000000,0.000000,0.000000,,-459.670013,1000.000000,,0.000000,0.000000,,,,0.047081,"UNDEFINED",0.000000,0.997565,0.000000,,,,,"","",,,,7.533454,,0.000000,,0.000000,,,0.000000,0.000000,"",,,0.000000,,-1.000000,,0.000000,0.000000,-1.000000,-1.000000,,,,,,,,,,,"",,,,,,,,,,"Volumetric",,,,,,,,,,0.000000,,,,,,,,,,0.000000,0.000000,,,,,,,,,,,,
"0BEC4FF3","Nodes",1117290.250000,1673564.120000,1313.064347,"Default Known Flow Node",69.999969,0.579999,1000.000000,0.000000,"Known Flow",0.000000,0.000000,2.16999993085665e-07,40.000000,0.579999,1000.000000,0.000000,0.000000,13.000000,0.000000,0.515374,0.579999,,,,7.533350,7.533350,,16.800279,,,,,,903.822387,0.066146,0.000000,0.000000,0.000000,,-459.670013,1000.000000,,0.000000,0.000000,,,,0.047081,"UNDEFINED",0.000000,0.997565,0.000000,,,,,"","",,,,7.533350,,0.000000,,0.000000,,,0.000000,0.000000,"",,,0.000000,,-1.000000,,0.000000,0.000000,-1.000000,-1.000000,,,,,,,,,,,"",,,,,,,,,,"Volumetric",,,,,,,,,,0.000000,,,,,,,,,,0.000000,0.000000,,,,,,,,,,,,
"2FB8004E","Nodes",1117319.370000,1673571.870000,1313.064347,"Default Known Flow Node",69.999969,0.579999,1000.000000,0.000000,"Known Flow",0.000000,0.000000,2.16999993085665e-07,40.000000,0.579999,1000.000000,0.000000,0.000000,13.000000,0.000000,0.515374,0.579999,,,,7.536826,7.536826,,16.800279,,,,,,903.822387,0.066146,0.000000,0.000000,0.000000,,-459.670013,1000.000000,,0.000000,0.000000,,,,0.047082,"SETFLOW",0.000000,0.997565,0.000000,,,,,"","",,,,7.536826,,0.000000,,0.000000,,,0.000000,0.000000,"",,,0.000000,,-1.000000,,0.000000,0.000000,-1.000000,-1.000000,,,,,,,,,,,"",,,,,,,,,,"Volumetric",,,,,,,,,,-0.015724,,,,,,,,,,-0.015724,-0.000377,,,,,,,,,,,,
"0BEC4FF5","Nodes",1117301.870000,1673567.120000,1313.064347,"Default Known Flow Node",69.999969,0.579999,1000.000000,0.000000,"Known Flow",0.000000,0.000000,2.16999993085665e-07,40.000000,0.579999,1000.000000,0.000000,0.000000,13.000000,0.000000,0.515374,0.579999,,,,7.534056,7.534056,,16.800279,,,,,,903.822387,0.066146,0.000000,0.000000,0.000000,,-459.670013,1000.000000,,0.000000,0.000000,,,,0.047082,"SETFLOW",0.000000,0.997565,0.000000,,,,,"","",,,,7.534056,,0.000000,,0.000000,,,0.000000,0.000000,"",,,0.000000,,-1.000000,,0.000000,0.000000,-1.000000,-1.000000,,,,,,,,,,,"",,,,,,,,,,"Volumetric",,,,,,,,,,-0.003685,,,,,,,,,,-0.003685,-0.000088,,,,,,,,,,,,
"0BEC4FF7","Nodes",1117295.370000,1673570.750000,1313.064347,"Default Known Flow Node",69.999969,0.579999,1000.000000,0.000000,"Known Flow",0.000000,0.000000,2.16999993085665e-07,40.000000,0.579999,1000.000000,0.000000,0.000000,13.000000,0.000000,0.515374,0.579999,,,,7.533291,7.533291,,16.800279,,,,,,903.822387,0.066146,0.000000,0.000000,0.000000,,-459.670013,1000.000000,,0.000000,0.000000,,,,0.047081,"UNDEFINED",0.000000,0.997565,0.000000,,,,,"","",,,,7.533291,,0.000000,,0.000000,,,0.000000,0.000000,"",,,0.000000,,-1.000000,,0.000000,0.000000,-1.000000,-1.000000,,,,,,,,,,,"",,,,,,,,,,"Volumetric",,,,,,,,,,0.000000,,,,,,,,,,0.000000,0.000000,,,,,,,,,,,,
"2FB8004F","Nodes",1117513.250000,1673622.370000,1313.064347,"Default Known Flow Node",69.999969,0.579999,1000.000000,0.000000,"Known Flow",0.000000,0.000000,2.16999993085665e-07,40.000000,0.579999,1000.000000,0.000000,0.000000,13.000000,0.000000,0.515374,0.579999,,,,7.561566,7.561566,,16.800279,,,,,,903.822387,0.066146,0.000000,0.000000,0.000000,,-459.670013,1000.000000,,0.000000,0.000000,,,,0.047085,"SETFLOW",0.000000,0.997565,0.000000,,,,,"","",,,,7.561566,,0.000000,,0.000000,,,0.000000,0.000000,"",,,0.000000,,-1.000000,,0.000000,0.000000,-1.000000,-1.000000,,,,,,,,,,,"",,,,,,,,,,"Volumetric",,,,,,,,,,-0.015069,,,,,,,,,,-0.015069,-0.000361,,,,,,,,,,,,
"2FB8004D","Nodes",1117456.250000,1673607.370000,1313.064347,"Default Known Flow Node",69.999969,0.579999,1000.000000,0.000000,"Known Flow",0.000000,0.000000,2.16999993085665e-07,40.000000,0.579999,1000.000000,0.000000,0.000000,13.000000,0.000000,0.515374,0.579999,,,,7.541295,7.541295,,16.800279,,,,,,903.822387,0.066146,0.000000,0.000000,0.000000,,-459.670013,1000.000000,,0.000000,0.000000,,,,0.047082,"SETFLOW",0.000000,0.997565,0.000000,,,,,"","",,,,7.541295,,0.000000,,0.000000,,,0.000000,0.000000,"",,,0.000000,,-1.000000,,0.000000,0.000000,-1.000000,-1.000000,,,,,,,,,,,"",,,,,,,,,,"Volumetric",,,,,,,,,,-0.019000,,,,,,,,,,-0.019000,-0.000456,,,,,,,,,,,,
"0BEC4FD1","Nodes",1117814.120000,1673656.870000,1313.064347,"Default Known Flow Node",69.999969,0.579999,1000.000000,0.000000,"Known Flow",0.000000,0.000000,2.16999993085665e-07,40.000000,0.579999,1000.000000,0.000000,0.000000,13.000000,0.000000,0.515374,0.579999,,,,7.608445,7.608445,,16.800279,,,,,,903.822387,0.066146,0.000000,0.000000,0.000000,,-459.670013,1000.000000,,0.000000,0.000000,,,,0.047090,"UNDEFINED",0.000000,0.997565,0.000000,,,,,"","",,,,7.608445,,0.000000,,0.000000,,,0.000000,0.000000,"",,,0.000000,,-1.000000,,0.000000,0.000000,-1.000000,-1.000000,,,,,,,,,,,"",,,,,,,,,,"Volumetric",,,,,,,,,,0.000000,,,,,,,,,,0.000000,0.000000,,,,,,,,,,,,
"0BEC4FD2","Nodes",1117798.120000,1673696.250000,1313.064347,"Default Known Flow Node",69.999969,0.579999,1000.000000,0.000000,"Known Flow",0.000000,0.000000,2.16999993085665e-07,40.000000,0.579999,1000.000000,0.000000,0.000000,13.000000,0.000000,0.515374,0.579999,,,,7.604806,7.604806,,16.800279,,,,,,903.822387,0.066146,0.000000,0.000000,0.000000,,-459.670013,1000.000000,,0.000000,0.000000,,,,0.047090,"SETFLOW",0.000000,0.997565,0.000000,,,,,"","",,,,7.604806,,0.000000,,0.000000,,,0.000000,0.000000,"",,,0.000000,,-1.000000,,0.000000,0.000000,-1.000000,-1.000000,,,,,,,,,,,"",,,,,,,,,,"Volumetric",,,,,,,,,,-0.019655,,,,,,,,,,-0.019655,-0.000471,,,,,,,,,,,,
"2FB148EC","Nodes",1117855.500000,1673711.120000,1313.064347,"Default Known Flow Node",69.999969,0.579999,1000.000000,0.000000,"Known Flow",0.000000,0.000000,2.16999993085665e-07,40.000000,0.579999,1000.000000,0.000000,0.000000,13.000000,0.000000,0.515374,0.579999,,,,7.604404,7.604404,,16.800279,,,,,,903.822387,0.066146,0.000000,0.000000,0.000000,,-459.670013,1000.000000,,0.000000,0.000000,,,,0.047090,"SETFLOW",0.000000,0.997565,0.000000,,,,,"","",,,,7.604404,,0.000000,,0.000000,,,0.000000,0.000000,"",,,0.000000,,-1.000000,,0.000000,0.000000,-1.000000,-1.000000,,,,,,,,,,,"",,,,,,,,,,"Volumetric",,,,,,,,,,-0.001965,,,,,,,,,,-0.001965,-0.000047,,,,,,,,,,,,
"2FB148ED","Nodes",1117853.870000,1673717.750000,1313.064347,"Default Known Flow Node",69.999969,0.579999,1000.000000,0.000000,"Known Flow",0.000000,0.000000,2.16999993085665e-07,40.000000,0.579999,1000.000000,0.000000,0.000000,13.000000,0.000000,0.515374,0.579999,,,,7.604404,7.604404,,16.800279,,,,,,903.822387,0.066146,0.000000,0.000000,0.000000,,-459.670013,1000.000000,,0.000000,0.000000,,,,0.047090,"UNDEFINED",0.000000,0.997565,0.000000,,,,,"","",,,,7.604404,,0.000000,,0.000000,,,0.000000,0.000000,"",,,0.000000,,-1.000000,,0.000000,0.000000,-1.000000,-1.000000,,,,,,,,,,,"",,,,,,,,,,"Volumetric",,,,,,,,,,0.000000,,,,,,,,,,0.000000,0.000000,,,,,,,,,,,,
"0BEC4FD3","Nodes",1118072.870000,1673767.500000,1313.064347,"Default Known Flow Node",69.999969,0.579999,1000.000000,0.000000,"Known Flow",0.000000,0.000000,2.16999993085665e-07,40.000000,0.579999,1000.000000,0.000000,0.000000,13.000000,0.000000,0.515374,0.579999,,,,7.603185,7.603185,,16.800279,,,,,,903.822387,0.066146,0.000000,0.000000,0.000000,,-459.670013,1000.000000,,0.000000,0.000000,,,,0.047089,"SETFLOW",0.000000,0.997565,0.000000,,,,,"","",,,,7.603185,,0.000000,,0.000000,,,0.000000,0.000000,"",,,0.000000,,-1.000000,,0.000000,0.000000,-1.000000,-1.000000,,,,,,,,,,,,,,,,"",,,,,,,,,,"Volumetric",,,,,,,,,,-0.099999,,,,,-0.099999,-0.002399,,,,,,,,,,,,
"0BEC4FD4","Nodes",1118162.750000,1673790.370000,1313.064347,"Default Known Flow Node",69.999969,0.579999,1000.000000,0.000000,"Known Flow",0.000000,0.000000,2.16999993085665e-07,40.000000,0.579999,1000.000000,0.000000,0.000000,13.000000,0.000000,0.515374,0.579999,,,,7.603108,7.603108,,16.800279,,,,,,903.822387,0.066146,0.000000,0.000000,0.000000,,-459.670013,1000.000000,,0.000000,0.000000,,,,0.047089,"SETFLOW",0.000000,0.997565,0.000000,,,,,"","",,,,7.603108,,0.000000,,0.000000,,,0.000000,0.000000,"",,,0.000000,,-1.000000,,0.000000,0.000000,-1.000000,-1.000000,,,,,,,,,,,"",,,,,,,,,,"Volumetric",,,,,,,,,,-0.018345,,,,,,,,,,-0.018345,-0.000440,,,,,,,,,,,,
"0BEC4FD5","Nodes",1117759.620000,1673805.500000,1313.064347,"Default Known Flow Node",69.999969,0.579999,1000.000000,0.000000,"Known Flow",0.000000,0.000000,2.16999993085665e-07,40.000000,0.579999,1000.000000,0.000000,0.000000,13.000000,0.000000,0.515374,0.579999,,,,7.601274,7.601274,,16.800279,,,,,,903.822387,0.066146,0.000000,0.000000,0.000000,,-459.670013,1000.000000,,0.000000,0.000000,,,,0.047089,"SETFLOW",0.000000,0.997565,0.000000,,,,,"","",,,,7.601274,,0.000000,,0.000000,,,0.000000,0.000000,"",,,0.000000,,-1.000000,,0.000000,0.000000,-1.000000,-1.000000,,,,,,,,,,,"",,,,,,,,,,"Volumetric",,,,,,,,,,-0.005241,,,,,,,,,,-0.005241,-0.000125,,,,,,,,,,,,
"0BEC4FEC","Nodes",1117235.620000,1673823.250000,1313.064347,"Default Known Flow Node",69.999969,0.579999,1000.000000,0.000000,"Known Flow",0.000000,0.000000,2.16999993085665e-07,40.000000,0.579999,1000.000000,0.000000,0.000000,13.000000,0.000000,0.515374,0.579999,,,,7.582826,7.582826,,16.800279,,,,,,903.822387,0.066146,0.000000,0.000000,0.000000,,-459.670013,1000.000000,,0.000000,0.000000,,,,0.047087,"SETFLOW",0.000000,0.997565,0.000000,,,,,"","",,,,7.582826,,0.000000,,0.000000,,,0.000000,0.000000,"",,,0.000000,,-1.000000,,0.000000,0.000000,-1.000000,-1.000000,,,,,,,,,,,"",,,,,,,,,,"Volumetric",,,,,,,,,,-0.007370,,,,,,,,,,-0.007370,-0.000176,,,,,,,,,,,,
"0BEC4FEE","Nodes",1117237.620000,1673814.750000,1313.064347,"Default Known Flow Node",69.999969,0.579999,1000.000000,0.000000,"Known Flow",0.000000,0.000000,2.16999993085665e-07,40.000000,0.579999,1000.000000,0.000000,0.000000,13.000000,0.000000,0.515374,0.579999,,,,7.582826,7.582826,,16.800279,,,,,,903.822387,0.066146,0.000000,0.000000,0.000000,,-459.670013,1000.000000,,0.000000,0.000000,,,,0.047087,"UNDEFINED",0.000000,0.997565,0.000000,,,,,"","",,,,7.582826,,0.000000,,0.000000,,,0.000000,0.000000,"",,,0.000000,,-1.000000,,0.000000,0.000000,-1.000000,-1.000000,,,,,,,,,,,"",,,,,,,,,,"Volumetric",,,,,,,,,,0.000000,,,,,,,,,,0.000000,0.000000,,,,,,,,,,,,
"0BEC4FD6","Nodes",1117754.750000,1673819.000000,1313.064347,"Default Known Flow Node",69.999969,0.579999,1000.000000,0.000000,"Known Flow",0.000000,0.000000,2.16999993085665e-07,40.000000,0.579999,1000.000000,0.000000,0.000000,13.000000,0.000000,0.515374,0.579999,,,,7.600560,7.600560,,16.800279,,,,,,903.822387,0.066146,0.000000,0.000000,0.000000,,-459.670013,1000.000000,,0.000000,0.000000,,,,0.047089,"SETFLOW",0.000000,0.997565,0.000000,,,,,"","",,,,7.600560,,0.000000,,0.000000,,,0.000000,0.000000,"",,,0.000000,,-1.000000,,0.000000,0.000000,-1.000000,-1.000000,,,,,,,,,,,"",,,,,,,,,,"Volumetric",,,,,,,,,,-0.010483,,,,,,,,,,-0.010483,-0.000251,,,,,,,,,,,,
"0BEC4FED","Nodes",1117234.120000,1673832.250000,1313.064347,"Default Known Flow Node",69.999969,0.579999,1000.000000,0.000000,"Known Flow",0.000000,0.000000,2.16999993085665e-07,40.000000,0.579999,1000.000000,0.000000,0.000000,13.000000,0.000000,0.515374,0.579999,,,,7.582826,7.582826,,16.800279,,,,,,903.822387,0.066146,0.000000,0.000000,0.000000,,-459.670013,1000.000000,,0.000000,0.000000,,,,0.047087,"UNDEFINED",0.000000,0.997565,0.000000,,,,,"","",,,,7.582826,,0.000000,,0.000000,,,0.000000,0.000000,"",,,0.000000,,-1.000000,,0.000000,0.000000,-1.000000,-1.000000,,,,,,,,,,,"",,,,,,,,,,"Volumetric",,,,,,,,,,0.000000,,,,,,,,,,0.000000,0.000000,,,,,,,,,,,,
"2FBC74EB","Nodes",1117709.620000,1673948.620000,1313.064347,"Default Known Flow Node",69.999969,0.579999,1000.000000,0.000000,"Known Flow",0.000000,0.000000,2.16999993085665e-07,40.000000,0.579999,1000.000000,0.000000,0.000000,13.000000,0.000000,0.515374,0.579999,,,,7.596403,7.596403,,16.800279,,,,,,903.822387,0.066146,0.000000,0.000000,0.000000,,-459.670013,1000.000000,,0.000000,0.000000,,,,0.047089,"SETFLOW",0.000000,0.997565,0.000000,,,,,"","",,,,7.596403,,0.000000,,0.000000,,,0.000000,0.000000,"",,,0.000000,,-1.000000,,0.000000,0.000000,-1.000000,-1.000000,,,,,,,,,,,"",,,,,,,,,,"Volumetric",,,,,,,,,,-0.011138,,,,,,,,,,-0.011138,-0.000267,,,,,,,,,,,,
"0BEC4FEB","Nodes",1117685.370000,1673940.120000,1313.064347,"Default Known Flow Node",69.999969,0.579999,1000.000000,0.000000,"Known Flow",0.000000,0.000000,2.16999993085665e-07,40.000000,0.579999,1000.000000,0.000000,0.000000,13.000000,0.000000,0.515374,0.579999,,,,7.595776,7.595776,,16.800279,,,,,,903.822387,0.066146,0.000000,0.000000,0.000000,,-459.670013,1000.000000,,0.000000,0.000000,,,,0.047089,"SETFLOW",0.000000,0.997565,0.000000,,,,,"","",,,,7.595776,,0.000000,,0.000000,,,0.000000,0.000000,"",,,0.000000,,-1.000000,,0.000000,0.000000,-1.000000,-1.000000,,,,,,,,,,,"",,,,,,,,,,"Volumetric",,,,,,,,,,-0.011793,,,,,,,,,,-0.011793,-0.000283,,,,,,,,,,,,
"0BEC5CF0","Nodes",1117612.620000,1674185.870000,1313.064347,"Default Known Flow Node",69.999969,0.579999,1000.000000,0.000000,"Known Flow",0.000000,0.000000,2.16999993085665e-07,40.000000,0.579999,1000.000000,0.000000,0.000000,13.000000,0.000000,0.515374,0.579999,,,,7.591344,7.591344,,16.800279,,,,,,903.822387,0.066146,0.000000,0.000000,0.000000,,-459.670013,1000.000000,,0.000000,0.000000,,,,0.047088,"UNDEFINED",0.000000,0.997565,0.000000,,,,,"","",,,,7.591344,,0.000000,,0.000000,,,0.000000,0.000000,"",,,0.000000,,-1.000000,,0.000000,0.000000,-1.000000,-1.000000,,,,,,,,,,,"",,,,,,,,,,"Volumetric",,,,,,,,,,0.000000,,,,,,,,,,0.000000,0.000000,,,,,,,,,,,,
"0BEC5024","Nodes",1117635.250000,1674161.120000,1313.064347,"Default Known Flow Node",69.999969,0.579999,1000.000000,0.000000,"Known Flow",0.000000,0.000000,2.16999993085665e-07,40.000000,0.579999,1000.000000,0.000000,0.000000,13.000000,0.000000,0.515374,0.579999,,,,7.592465,7.592465,,16.800279,,,,,,903.822387,0.066146,0.000000,0.000000,0.000000,,-459.670013,1000.000000,,0.000000,0.000000,,,,0.047088,"UNDEFINED",0.000000,0.997565,0.000000,,,,,"","",,,,7.592465,,0.000000,,0.000000,,,0.000000,0.000000,"",,,0.000000,,-1.000000,,0.000000,0.000000,-1.000000,-1.000000,,,,,,,,,,,"",,,,,,,,,,"Volumetric",,,,,,,,,,0.000000,,,,,,,,,,0.000000,0.000000,,,,,,,,,,,,
"0BEC5CEE","Nodes",1117610.870000,1674192.870000,1313.064347,"Default Known Flow Node",69.999969,0.579999,1000.000000,0.000000,"Known Flow",0.000000,0.000000,2.16999993085665e-07,40.000000,0.579999,1000.000000,0.000000,0.000000,13.000000,0.000000,0.515374,0.579999,,,,7.591211,7.591211,,16.800279,,,,,,903.822387,0.066146,0.000000,0.000000,0.000000,,-459.670013,1000.000000,,0.000000,0.000000,,,,0.047088,"UNDEFINED",0.000000,0.997565,0.000000,,,,,"","",,,,7.591211,,0.000000,,0.000000,,,0.000000,0.000000,"",,,0.000000,,-1.000000,,0.000000,0.000000,-1.000000,-1.000000,,,,,,,,,,,"",,,,,,,,,,"Volumetric",,,,,,,,,,0.000000,,,,,,,,,,0.000000,0.000000,,,,,,,,,,,,
"0BEC5CF1","Nodes",1117631.250000,1674198.000000,1313.064347,"Default Known Flow Node",69.999969,0.579999,1000.000000,0.000000,"Known Flow",0.000000,0.000000,2.16999993085665e-07,40.000000,0.579999,1000.000000,0.000000,0.000000,13.000000,0.000000,0.515374,0.579999,,,,7.591209,7.591209,,16.800279,,,,,,903.822387,0.066146,0.000000,0.000000,0.000000,,-459.670013,1000.000000,,0.000000,0.000000,,,,0.047088,"UNDEFINED",0.000000,0.997565,0.000000,,,,,"","",,,,7.591209,,0.000000,,0.000000,,,0.000000,0.000000,"",,,0.000000,,-1.000000,,0.000000,0.000000,-1.000000,-1.000000,,,,,,,,,,,"",,,,,,,,,,"Volumetric",,,,,,,,,,0.000000,,,,,,,,,,0.000000,0.000000,,,,,,,,,,,,
"0BEC5CF7","Nodes",1117774.750000,1674235.870000,1313.064347,"Default Known Flow Node",69.999969,0.579999,1000.000000,0.000000,"Known Flow",0.000000,0.000000,2.16999993085665e-07,40.000000,0.579999,1000.000000,0.000000,0.000000,13.000000,0.000000,0.515374,0.579999,,,,7.590984,7.590984,,16.800279,,,,,,903.822387,0.066146,0.000000,0.000000,0.000000,,-459.670013,1000.000000,,0.000000,0.000000,,,,0.047088,"SETFLOW",0.000000,0.997565,0.000000,,,,,"","",,,,7.590984,,0.000000,,0.000000,,,0.000000,0.000000,"",,,0.000000,,-1.000000,,0.000000,0.000000,-1.000000,-1.000000,,,,,,,,,,,"",,,,,,,,,,"Volumetric",,,,,,,,,,-0.006551,,,,,,,,,,-0.006551,-0.000157,,,,,,,,,,,,
"0BEC5CF8","Nodes",1118062.000000,1674311.250000,1313.064347,"Default Known Flow Node",69.999969,0.579999,1000.000000,0.000000,"Known Flow",0.000000,0.000000,2.16999993085665e-07,40.000000,0.579999,1000.000000,0.000000,0.000000,13.000000,0.000000,0.515374,0.579999,,,,7.590621,7.590621,,16.800279,,,,,,903.822387,0.066146,0.000000,0.000000,0.000000,,-459.670013,1000.000000,,0.000000,0.000000,,,,0.047088,"SETFLOW",0.000000,0.997565,0.000000,,,,,"","",,,,7.590621,,0.000000,,0.000000,,,0.000000,0.000000,"",,,0.000000,,-1.000000,,0.000000,0.000000,-1.000000,-1.000000,,,,,,,,,,,"",,,,,,,,,,"Volumetric",,,,,,,,,,-0.015069,,,,,,,,,,-0.015069,-0.000361,,,,,,,,,,,,
"0BEC5CF9","Nodes",1118154.870000,1674334.750000,1313.064347,"Default Known Flow Node",69.999969,0.579999,1000.000000,0.000000,"Known Flow",0.000000,0.000000,2.16999993085665e-07,40.000000,0.579999,1000.000000,0.000000,0.000000,13.000000,0.000000,0.515374,0.579999,,,,7.590570,7.590570,,16.800279,,,,,,903.822387,0.066146,0.000000,0.000000,0.000000,,-459.670013,1000.000000,,0.000000,0.000000,,,,0.047088,"SETFLOW",0.000000,0.997565,0.000000,,,,,"","",,,,7.590570,,0.000000,,0.000000,,,0.000000,0.000000,"",,,0.000000,,-1.000000,,0.000000,0.000000,-1.000000,-1.000000,,,,,,,,,,,"",,,,,,,,,,"Volumetric",,,,,,,,,,-0.009827,,,,,,,,,,-0.009827,-0.000235,,,,,,,,,,,,
"0BEC5CFA","Nodes",1118191.120000,1674344.500000,1313.064347,"Default Known Flow Node",69.999969,0.579999,1000.000000,0.000000,"Known Flow",0.000000,0.000000,2.16999993085665e-07,40.000000,0.579999,1000.000000,0.000000,0.000000,13.000000,0.000000,0.515374,0.579999,,,,7.590569,7.590569,,16.800279,,,,,,903.822387,0.066146,0.000000,0.000000,0.000000,,-459.670013,1000.000000,,0.000000,0.000000,,,,0.047088,"SETFLOW",0.000000,0.997565,0.000000,,,,,"","",,,,7.590569,,0.000000,,0.000000,,,0.000000,0.000000,"",,,0.000000,,-1.000000,,0.000000,0.000000,-1.000000,-1.000000,,,,,,,,,,,"",,,,,,,,,,"Volumetric",,,,,,,,,,-0.001965,,,,,,,,,,-0.001965,-0.000047,,,,,,,,,,,,
"Q3No866","Nodes",1117551.927818,1674401.152735,1313.064347,"Default Known Flow Node",69.999969,0.579999,1000.000000,0.000000,"Known Flow",0.000000,0.000000,2.16999993085665e-07,40.000000,0.579999,1000.000000,0.000000,0.000000,13.000000,0.000000,0.515374,0.579999,,,,7.590696,7.590696,,16.800279,,,,,,903.822387,0.066146,0.000000,0.000000,0.000000,,-459.670013,1000.000000,,0.000000,0.000000,,,,0.047088,"UNDEFINED",0.000000,0.997565,0.000000,,,,,"","",,,,7.590696,,0.000000,,0.000000,,,0.000000,0.000000,"",,,0.000000,,-1.000000,,0.000000,0.000000,0.000000,-1.000000,,,,,,,,,,,"",,,,,,,,,,"Volumetric",,,,,,,,,,0.000000,,,,,,,,,,0.000000,0.000000,,,,,,,,,,,,
"0BEC5CEF","Nodes",1117544.383392,1674446.806551,1313.064347,"Default Known Flow Node",69.999969,0.579999,1000.000000,0.000000,"Known Flow",0.000000,0.000000,2.16999993085665e-07,40.000000,0.579999,1000.000000,0.000000,0.000000,13.000000,0.000000,0.515374,0.579999,,,,7.590582,7.590582,,16.800279,,,,,,903.822387,0.066146,0.000000,0.000000,0.000000,,-459.670013,1000.000000,,0.000000,0.000000,,,,0.047088,"UNDEFINED",0.000000,0.997565,0.000000,,,,,"","",,,,7.590582,,0.000000,,0.000000,,,0.000000,0.000000,"",,,0.000000,,-1.000000,,0.000000,0.000000,-1.000000,-1.000000,,,,,,,,,,,"",,,,,,,,,,"Volumetric",,,,,,,,,,0.000000,,,,,,,,,,0.000000,0.000000,,,,,,,,,,,,
"0BEC5D0C","Nodes",1117599.945476,1674464.076390,1313.064347,"Default Known Flow Node",69.999969,0.579999,1000.000000,0.000000,"Known Flow",0.000000,0.000000,2.16999993085665e-07,40.000000,0.579999,1000.000000,0.000000,0.000000,13.000000,0.000000,0.515374,0.579999,,,,7.590578,7.590578,,16.800279,,,,,,903.822387,0.066146,0.000000,0.000000,0.000000,,-459.670013,1000.000000,,0.000000,0.000000,,,,0.047088,"SETFLOW",0.000000,0.997565,0.000000,,,,,"","",,,,7.590578,,0.000000,,0.000000,,,0.000000,0.000000,"",,,0.000000,"V72072",-1.000000,,0.000000,0.000000,-1.000000,-1.000000,,,,,,,,,,,"",,,,,,,,,,"Volumetric",,,,,,,,,,-0.003275,,,,,,,,,,-0.003276,-0.000078,,,,,,,,,,,,
"Q3No869","Nodes",1117679.877875,1674488.534301,1313.064347,"Default Known Flow Node",69.999969,0.579999,1000.000000,0.000000,"Known Flow",0.000000,0.000000,2.16999993085665e-07,40.000000,0.579999,1000.000000,0.000000,0.000000,13.000000,0.000000,0.515374,0.579999,,,,7.590574,7.590574,,16.800279,,,,,,903.822387,0.066146,0.000000,0.000000,0.000000,,-459.670013,1000.000000,,0.000000,0.000000,,,,0.047088,"UNDEFINED",0.000000,0.997565,0.000000,,,,,"","",,,,7.590574,,0.000000,,0.000000,,,0.000000,0.000000,"",,,0.000000,,-1.000000,,0.000000,0.000000,0.000000,-1.000000,,,,,,,,,,,"",,,,,,,,,,"Volumetric",,,,,,,,,,0.000000,,,,,,,,,,0.000000,0.000000,,,,,,,,,,,,
"0BEC5D0D","Nodes",1117875.870000,1674539.750000,1313.064347,"Default Known Flow Node",69.999969,0.579999,1000.000000,0.000000,"Known Flow",0.000000,0.000000,2.16999993085665e-07,40.000000,0.579999,1000.000000,0.000000,0.000000,13.000000,0.000000,0.515374,0.579999,,,,7.590448,7.590448,,16.800279,,,,,,903.822387,0.066146,0.000000,0.000000,0.000000,,-459.670013,1000.000000,,0.000000,0.000000,,,,0.047088,"SETFLOW",0.000000,0.997565,0.000000,,,,,"","",,,,7.590448,,0.000000,,0.000000,,,0.000000,0.000000,"",,,0.000000,,-1.000000,,0.000000,0.000000,-1.000000,-1.000000,,,,,,,,,,,"",,,,,,,,,,"Volumetric",,,,,,,,,,-0.008517,,,,,,,,,,-0.008517,-0.000204,,,,,,,,,,,,
"0BEC5D0E","Nodes",1118069.750000,1674589.870000,1313.064347,"Default Known Flow Node",69.999969,0.579999,1000.000000,0.000000,"Known Flow",0.000000,0.000000,2.16999993085665e-07,40.000000,0.579999,1000.000000,0.000000,0.000000,13.000000,0.000000,0.515374,0.579999,,,,7.590411,7.590411,,16.800279,,,,,,903.822387,0.066146,0.000000,0.000000,0.000000,,-459.670013,1000.000000,,0.000000,0.000000,,,,0.047088,"SETFLOW",0.000000,0.997565,0.000000,,,,,"","",,,,7.590411,,0.000000,,0.000000,,,0.000000,0.000000,"",,,0.000000,,-1.000000,,0.000000,0.000000,-1.000000,-1.000000,,,,,,,,,,,"",,,,,,,,,,"Volumetric",,,,,,,,,,-0.005241,,,,,,,,,,-0.005241,-0.000125,,,,,,,,,,,,
"0BEC5D15","Nodes",1118239.370000,1674766.620000,1313.064347,"Default Known Flow Node",69.999969,0.579999,1000.000000,0.000000,"Known Flow",0.000000,0.000000,2.16999993085665e-07,40.000000,0.579999,1000.000000,0.000000,0.000000,13.000000,0.000000,0.515379,0.579999,,,,8.369806,8.369806,,16.800279,,,,,,903.822387,0.066146,0.000000,0.000000,0.000000,,-459.670013,1000.000000,,0.000000,0.000000,,,,0.047176,"UNDEFINED",0.000000,0.997560,0.000000,,,,,"","",,,,8.369806,,0.000000,,0.000000,,,0.000000,0.000000,"",,,0.000000,,-1.000000,,0.000000,0.000000,-1.000000,-1.000000,,,,,,,,,,,"",,,,,,,,,,"Volumetric",,,,,,,,,,0.000000,,,,,,,,,,0.000000,0.000000,,,,,,,,,,,,
"0BEC5E08","Nodes",1118275.370000,1674640.000000,1313.064347,"Default Known Flow Node",69.999969,0.579999,1000.000000,0.000000,"Known Flow",0.000000,0.000000,2.16999993085665e-07,40.000000,0.579999,1000.000000,0.000000,0.000000,13.000000,0.000000,0.515379,0.579999,,,,8.424493,8.424493,,16.800279,,,,,,903.822387,0.066146,0.000000,0.000000,0.000000,,-459.670013,1000.000000,,0.000000,0.000000,,,,0.047183,"SETFLOW",0.000000,0.997560,0.000000,,,,,"","",,,,8.424493,,0.000000,,0.000000,,,0.000000,0.000000,"",,,0.000000,,-1.000000,,0.000000,0.000000,-1.000000,-1.000000,,,,,,,,,,,"",,,,,,,,,,"Volumetric",,,,,,,,,,-0.046519,,,,,,,,,,-0.046519,-0.001116,,,,,,,,,,,,
"0BEC5D02","Nodes",1117397.700330,1674683.466691,1313.064347,"Default Known Flow Node",69.999969,0.579999,1000.000000,0.000000,"Known Flow",0.000000,0.000000,2.16999993085665e-07,40.000000,0.579999,1000.000000,0.000000,0.000000,13.000000,0.000000,0.515374,0.579999,,,,7.589934,7.589934,,16.800279,,,,,,903.822387,0.066146,0.000000,0.000000,0.000000,,-459.670013,1000.000000,,0.000000,0.000000,,,,0.047088,"UNDEFINED",0.000000,0.997565,0.000000,,,,,"","",,,,7.589934,,0.000000,,0.000000,,,0.000000,0.000000,"",,,0.000000,,-1.000000,,0.000000,0.000000,-1.000000,-1.000000,,,,,,,,,,,"",,,,,,,,,,"Volumetric",,,,,,,,,,0.000000,,,,,,,,,,0.000000,0.000000,,,,,,,,,,,,
"0BEC5D04","Nodes",1117396.573059,1674685.225899,1313.064347,"Default Known Flow Node",69.999969,0.579999,1000.000000,0.000000,"Known Flow",0.000000,0.000000,2.16999993085665e-07,40.000000,0.579999,1000.000000,0.000000,0.000000,13.000000,0.000000,0.515374,0.579999,,,,7.589930,7.589930,,16.800279,,,,,,903.822387,0.066146,0.000000,0.000000,0.000000,,-459.670013,1000.000000,,0.000000,0.000000,,,,0.047088,"UNDEFINED",0.000000,0.997565,0.000000,,,,,"","",,,,7.589930,,0.000000,,0.000000,,,0.000000,0.000000,"",,,0.000000,"V52437",-1.000000,,0.000000,0.000000,-1.000000,-1.000000,,,,,,,,,,,"",,,,,,,,,,"Volumetric",,,,,,,,,,0.000000,,,,,,,,,,0.000000,0.000000,,,,,,,,,,,,
"0BEC5D03","Nodes",1117391.278228,1674693.486423,1313.064347,"Default Known Flow Node",69.999969,0.579999,1000.000000,0.000000,"Known Flow",0.000000,0.000000,2.16999993085665e-07,40.000000,0.579999,1000.000000,0.000000,0.000000,13.000000,0.000000,0.515374,0.579999,,,,7.589906,7.589906,,16.800279,,,,,,903.822387,0.066146,0.000000,0.000000,0.000000,,-459.670013,1000.000000,,0.000000,0.000000,,,,0.047088,"SETFLOW",0.000000,0.997565,0.000000,,,,,"","",,,,7.589906,,0.000000,,0.000000,,,0.000000,0.000000,"",,,0.000000,,-1.000000,,0.000000,0.000000,-1.000000,-1.000000,,,,,,,,,,,"",,,,,,,,,,"Volumetric",,,,,,,,,,-0.004094,,,,,,,,,,-0.004094,-0.000098,,,,,,,,,,,,
"2FB282F5","Nodes",1118217.870000,1674810.250000,1313.064347,"Default Known Flow Node",69.999969,0.579999,1000.000000,0.000000,"Known Flow",0.000000,0.000000,2.16999993085665e-07,40.000000,0.579999,1000.000000,0.000000,0.000000,13.000000,0.000000,0.515379,0.579999,,,,8.348989,8.348989,,16.800279,,,,,,903.822387,0.066146,0.000000,0.000000,0.000000,,-459.670013,1000.000000,,0.000000,0.000000,,,,0.047174,"SETFLOW",0.000000,0.997560,0.000000,,,,,"","",,,,8.348989,,0.000000,,0.000000,,,0.000000,0.000000,"",,,0.000000,,-1.000000,,0.000000,0.000000,-1.000000,-1.000000,,,,,,,,,,,"",,,,,,,,,,"Volumetric",,,,,,,,,,-0.003275,,,,,,,,,,-0.003276,-0.000078,,,,,,,,,,,,
"0BEC5D14","Nodes",1118200.250000,1674902.120000,1313.064347,"Default Known Flow Node",69.999969,0.579999,1000.000000,0.000000,"Known Flow",0.000000,0.000000,2.16999993085665e-07,40.000000,0.579999,1000.000000,0.000000,0.000000,13.000000,0.000000,0.515379,0.579999,,,,8.342339,8.342339,,16.800279,,,,,,903.822387,0.066146,0.000000,0.000000,0.000000,,-459.670013,1000.000000,,0.000000,0.000000,,,,0.047173,"SETFLOW",0.000000,0.997561,0.000000,,,,,"","",,,,8.342339,,0.000000,,0.000000,,,0.000000,0.000000,"",,,0.000000,,-1.000000,,0.000000,0.000000,-1.000000,-1.000000,,,,,,,,,,,"",,,,,,,,,,"Volumetric",,,,,,,,,,-0.005241,,,,,,,,,,-0.005241,-0.000125,,,,,,,,,,,,
"0BEC5D10","Nodes",1118027.370557,1674854.061663,1313.064347,"Default Known Flow Node",69.999969,0.579999,1000.000000,0.000000,"Known Flow",0.000000,0.000000,2.16999993085665e-07,40.000000,0.579999,1000.000000,0.000000,0.000000,13.000000,0.000000,0.515374,0.579999,,,,7.585787,7.585787,,16.800279,,,,,,903.822387,0.066146,0.000000,0.000000,0.000000,,-459.670013,1000.000000,,0.000000,0.000000,,,,0.047087,"SETFLOW",0.000000,0.997565,0.000000,,,,,"","",,,,7.585787,,0.000000,,0.000000,,,0.000000,0.000000,"",,,0.000000,,-1.000000,,0.000000,0.000000,-1.000000,-1.000000,,,,,,,,,,,"",,,,,,,,,,"Volumetric",,,,,,,,,,-0.001965,,,,,,,,,,-0.001965,-0.000047,,,,,,,,,,,,
"2FBC55C2","Nodes",1117485.001626,1674715.391211,1313.064347,"Default Known Flow Node",69.999969,0.579999,1000.000000,0.000000,"Known Flow",0.000000,0.000000,2.16999993085665e-07,40.000000,0.579999,1000.000000,0.000000,0.000000,13.000000,0.000000,0.515374,0.579999,,,,7.589304,7.589304,,16.800279,,,,,,903.822387,0.066146,0.000000,0.000000,0.000000,,-459.670013,1000.000000,,0.000000,0.000000,,,,0.047088,"UNDEFINED",0.000000,0.997565,0.000000,,,,,"","",,,,7.589304,,0.000000,,0.000000,,,0.000000,0.000000,"",,,0.000000,,-1.000000,,0.000000,0.000000,-1.000000,-1.000000,,,,,,,,,,,"",,,,,,,,,,"Volumetric",,,,,,,,,,0.000000,,,,,,,,,,0.000000,0.000000,,,,,,,,,,,,
"2FB8722B","Nodes",1118055.264706,1674861.593580,1313.064347,"Default Known Flow Node",69.999969,0.579999,1000.000000,0.000000,"Known Flow",0.000000,0.000000,2.16999993085665e-07,40.000000,0.579999,1000.000000,0.000000,0.000000,13.000000,0.000000,0.515374,0.579999,,,,7.585613,7.585613,,16.800279,,,,,,903.822387,0.066146,0.000000,0.000000,0.000000,,-459.670013,1000.000000,,0.000000,0.000000,,,,0.047087,"UNDEFINED",0.000000,0.997565,0.000000,,,,,"","",,,,7.585613,,0.000000,,0.000000,,,0.000000,0.000000,"",,,0.000000,"V20994",-1.000000,,0.000000,0.000000,-1.000000,-1.000000,,,,,,,,,,,"",,,,,,,,,,"Volumetric",,,,,,,,,,0.000000,,,,,,,,,,0.000000,0.000000,,,,,,,,,,,,
"2FB87229","Nodes",1117958.500000,1675117.500000,1313.064347,"Default Known Flow Node",69.999969,0.579999,1000.000000,0.000000,"Known Flow",0.000000,0.000000,2.16999993085665e-07,40.000000,0.579999,1000.000000,0.000000,0.000000,13.000000,0.000000,0.515374,0.579999,,,,7.583490,7.583490,,16.800279,,,,,,903.822387,0.066146,0.000000,0.000000,0.000000,,-459.670013,1000.000000,,0.000000,0.000000,,,,0.047087,"UNDEFINED",0.000000,0.997565,0.000000,,,,,"","",,,,7.583490,,0.000000,,0.000000,,,0.000000,0.000000,"",,,0.000000,,-1.000000,,0.000000,0.000000,-1.000000,-1.000000,,,,,,,,,,,"",,,,,,,,,,"Volumetric",,,,,,,,,,0.000000,,,,,,,,,,0.000000,0.000000,,,,,,,,,,,,
"2FB8722A","Nodes",1118060.125806,1674866.038654,1313.064347,"Default Known Flow Node",69.999969,0.579999,1000.000000,0.000000,"Known Flow",0.000000,0.000000,2.16999993085665e-07,40.000000,0.579999,1000.000000,0.000000,0.000000,13.000000,0.000000,0.515374,0.579999,,,,7.585570,7.585570,,16.800279,,,,,,903.822387,0.066146,0.000000,0.000000,0.000000,,-459.670013,1000.000000,,0.000000,0.000000,,,,0.047087,"UNDEFINED",0.000000,0.997565,0.000000,,,,,"","",,,,7.585570,,0.000000,,0.000000,,,0.000000,0.000000,"",,,0.000000,,-1.000000,,0.000000,0.000000,-1.000000,-1.000000,,,,,,,,,,,"",,,,,,,,,,"Volumetric",,,,,,,,,,0.000000,,,,,,,,,,0.000000,0.000000,,,,,,,,,,,,
"0BEC5D23","Nodes",1118240.000000,1674913.500000,1313.064347,"Default Known Flow Node",69.999969,0.579999,1000.000000,0.000000,"Known Flow",0.000000,0.000000,2.16999993085665e-07,40.000000,0.579999,1000.000000,0.000000,0.000000,13.000000,0.000000,0.515379,0.579999,,,,8.339683,8.339683,,16.800279,,,,,,903.822387,0.066146,0.000000,0.000000,0.000000,,-459.670013,1000.000000,,0.000000,0.000000,,,,0.047173,"SETFLOW",0.000000,0.997561,0.000000,,,,,"","",,,,8.339683,,0.000000,,0.000000,,,0.000000,0.000000,"",,,0.000000,"36-35 167 St, Q = -5.663 mcfh, Firm",-1.000000,,0.000000,0.000000,-1.000000,-1.000000,,,,,,,,,,,"",,,"",,,,,,,"Volumetric",,,"Volumetric",,,,,,,0.000000,,,-5.663000,,,,,,,0.000000,0.000000,,,,,,,,,,,,
"0BEC5D05","Nodes",1117244.370000,1674933.500000,1313.064347,"Default Known Flow Node",69.999969,0.579999,1000.000000,0.000000,"Known Flow",0.000000,0.000000,2.16999993085665e-07,40.000000,0.579999,1000.000000,0.000000,0.000000,13.000000,0.000000,0.515374,0.579999,,,,7.563869,7.563869,,16.800279,,,,,,903.822387,0.066146,0.000000,0.000000,0.000000,,-459.670013,1000.000000,,0.000000,0.000000,,,,0.047085,"SETFLOW",0.000000,0.997565,0.000000,,,,,"","",,,,7.563869,,0.000000,,0.000000,,,0.000000,0.000000,"",,,0.000000,,-1.000000,,0.000000,0.000000,-1.000000,-1.000000,,,,,,,,,,,"",,,,,,,,,,"Volumetric",,,,,,,,,,-2.709248,,,,,,,,,,-2.709248,-0.065021,,,,,,,,,,,,
"0BEC5D06","Nodes",1117367.620000,1674968.000000,1313.064347,"Default Known Flow Node",69.999969,0.579999,1000.000000,0.000000,"Known Flow",0.000000,0.000000,2.16999993085665e-07,40.000000,0.579999,1000.000000,0.000000,0.000000,13.000000,0.000000,0.515374,0.579999,,,,7.569073,7.569073,,16.800279,,,,,,903.822387,0.066146,0.000000,0.000000,0.000000,,-459.670013,1000.000000,,0.000000,0.000000,,,,0.047085,"UNDEFINED",0.000000,0.997565,0.000000,,,,,"","",,,,7.569073,,0.000000,,0.000000,,,0.000000,0.000000,"",,,0.000000,,-1.000000,,0.000000,0.000000,-1.000000,-1.000000,,,,,,,,,,,"",,,,,,,,,,"Volumetric",,,,,,,,,,0.000000,,,,,,,,,,0.000000,0.000000,,,,,,,,,,,,
"0BEC5D07","Nodes",1117396.500000,1674976.120000,1313.064347,"Default Known Flow Node",69.999969,0.579999,1000.000000,0.000000,"Known Flow",0.000000,0.000000,2.16999993085665e-07,40.000000,0.579999,1000.000000,0.000000,0.000000,13.000000,0.000000,0.515374,0.579999,,,,7.569743,7.569743,,16.800279,,,,,,903.822387,0.066146,0.000000,0.000000,0.000000,,-459.670013,1000.000000,,0.000000,0.000000,,,,0.047086,"UNDEFINED",0.000000,0.997565,0.000000,,,,,"","",,,,7.569743,,0.000000,,0.000000,,,0.000000,0.000000,"",,,0.000000,,-1.000000,,0.000000,0.000000,-1.000000,-1.000000,,,,,,,,,,,"",,,,,,,,,,"Volumetric",,,,,,,,,,0.000000,,,,,,,,,,0.000000,0.000000,,,,,,,,,,,,
"0BEC5D08","Nodes",1117403.120000,1674978.000000,1313.064347,"Default Known Flow Node",69.999969,0.579999,1000.000000,0.000000,"Known Flow",0.000000,0.000000,2.16999993085665e-07,40.000000,0.579999,1000.000000,0.000000,0.000000,13.000000,0.000000,0.515374,0.579999,,,,7.570190,7.570190,,16.800279,,,,,,903.822387,0.066146,0.000000,0.000000,0.000000,,-459.670013,1000.000000,,0.000000,0.000000,,,,0.047086,"SETFLOW",0.000000,0.997565,0.000000,,,,,"","",,,,7.570190,,0.000000,,0.000000,,,0.000000,0.000000,"",,,0.000000,,-1.000000,,0.000000,0.000000,-1.000000,-1.000000,,,,,,,,,,,"",,,,,,,,,,"Volumetric",,,,,,,,,,-0.002456,,,,,,,,,,-0.002457,-0.000058,,,,,,,,,,,,
"2FB1DA18","Nodes",1117626.500000,1675033.750000,1313.064347,"Default Known Flow Node",69.999969,0.579999,1000.000000,0.000000,"Known Flow",0.000000,0.000000,2.16999993085665e-07,40.000000,0.579999,1000.000000,0.000000,0.000000,13.000000,0.000000,0.515374,0.579999,,,,7.575355,7.575355,,16.800279,,,,,,903.822387,0.066146,0.000000,0.000000,0.000000,,-459.670013,1000.000000,,0.000000,0.000000,,,,0.047086,"SETFLOW",0.000000,0.997565,0.000000,,,,,"","",,,,7.575355,,0.000000,,0.000000,,,0.000000,0.000000,"",,,0.000000,,-1.000000,,0.000000,0.000000,-1.000000,-1.000000,,,,,,,,,,,"",,,,,,,,,,"Volumetric",,,,,,,,,,-0.010483,,,,,,,,,,-0.010483,-0.000251,,,,,,,,,,,,
"2FB87227","Nodes",1117952.000000,1675114.870000,1313.064347,"Default Known Flow Node",69.999969,0.579999,1000.000000,0.000000,"Known Flow",0.000000,0.000000,2.16999993085665e-07,40.000000,0.579999,1000.000000,0.000000,0.000000,13.000000,0.000000,0.515374,0.579999,,,,7.583450,7.583450,,16.800279,,,,,,903.822387,0.066146,0.000000,0.000000,0.000000,,-459.670013,1000.000000,,0.000000,0.000000,,,,0.047087,"SETFLOW",0.000000,0.997565,0.000000,,,,,"","",,,,7.583450,,0.000000,,0.000000,,,0.000000,0.000000,"",,,0.000000,,-1.000000,,0.000000,0.000000,-1.000000,-1.000000,,,,,,,,,,,"",,,,,,,,,,"Volumetric",,,,,,,,,,-0.039311,,,,,,,,,,-0.039311,-0.000943,,,,,,,,,,,,
"2FB87228","Nodes",1117958.500000,1675116.500000,1313.064347,"Default Known Flow Node",69.999969,0.579999,1000.000000,0.000000,"Known Flow",0.000000,0.000000,2.16999993085665e-07,40.000000,0.579999,1000.000000,0.000000,0.000000,13.000000,0.000000,0.515374,0.579999,,,,7.583490,7.583490,,16.800279,,,,,,903.822387,0.066146,0.000000,0.000000,0.000000,,-459.670013,1000.000000,,0.000000,0.000000,,,,0.047087,"SETFLOW",0.000000,0.997565,0.000000,,,,,"","",,,,7.583490,,0.000000,,0.000000,,,0.000000,0.000000,"",,,0.000000,,-1.000000,,0.000000,0.000000,-1.000000,-1.000000,,,,,,,,,,,"",,,,,,,,,,"Volumetric",,,,,,,,,,-0.024897,,,,,,,,,,-0.024897,-0.000597,,,,,,,,,,,,
"2FB25D8F","Nodes",1118239.250000,1675165.120000,1313.064347,"Default Known Flow Node",69.999969,0.579999,1000.000000,0.000000,"Known Flow",0.000000,0.000000,2.16999993085665e-07,40.000000,0.579999,1000.000000,0.000000,0.000000,13.000000,0.000000,0.515377,0.579999,,,,8.143414,8.143414,,16.800279,,,,,,903.822387,0.066146,0.000000,0.000000,0.000000,,-459.670013,1000.000000,,0.000000,0.000000,,,,0.047151,"SETFLOW",0.000000,0.997562,0.000000,,,,,"","",,,,8.143414,,0.000000,,0.000000,,,0.000000,0.000000,"",,,0.000000,,-1.000000,,0.000000,0.000000,-1.000000,-1.000000,,,,,,,,,,,"",,,,,,,,,,"Volumetric",,,,,,,,,,-0.013103,,,,,,,,,,-0.013103,-0.000314,,,,,,,,,,,,
"0BEC5D16","Nodes",1118130.620000,1675137.870000,1313.064347,"Default Known Flow Node",69.999969,0.579999,1000.000000,0.000000,"Known Flow",0.000000,0.000000,2.16999993085665e-07,40.000000,0.579999,1000.000000,0.000000,0.000000,13.000000,0.000000,0.515377,0.579999,,,,8.143392,8.143392,,16.800279,,,,,,903.822387,0.066146,0.000000,0.000000,0.000000,,-459.670013,1000.000000,,0.000000,0.000000,,,,0.047151,"SETFLOW",0.000000,0.997562,0.000000,,,,,"","",,,,8.143392,,0.000000,,0.000000,,,0.000000,0.000000,"",,,0.000000,,-1.000000,,0.000000,0.000000,-1.000000,-1.000000,,,,,,,,,,,"",,,,,,,,,,"Volumetric",,,,,,,,,,-0.006551,,,,,,,,,,-0.006551,-0.000157,,,,,,,,,,,,
"0BEC5D13","Nodes",1117580.620000,1675303.370000,1313.064347,"Default Known Flow Node",69.999969,0.579999,1000.000000,0.000000,"Known Flow",0.000000,0.000000,2.16999993085665e-07,40.000000,0.579999,1000.000000,0.000000,0.000000,13.000000,0.000000,0.515374,0.579999,,,,7.525888,7.525888,,16.800279,,,,,,903.822387,0.066146,0.000000,0.000000,0.000000,,-459.670013,1000.000000,,0.000000,0.000000,,,,0.047081,"SETFLOW",0.000000,0.997565,0.000000,,,,,"","",,,,7.525888,,0.000000,,0.000000,,,0.000000,0.000000,"",,,0.000000,,-1.000000,,0.000000,0.000000,-1.000000,-1.000000,,,,,,,,,,,"",,,,,,,,,,"Volumetric",,,,,,,,,,-0.003275,,,,,,,,,,-0.003276,-0.000078,,,,,,,,,,,,
"0BEC5D12","Nodes",1117853.870000,1675367.870000,1313.064347,"Default Known Flow Node",69.999969,0.579999,1000.000000,0.000000,"Known Flow",0.000000,0.000000,2.16999993085665e-07,40.000000,0.579999,1000.000000,0.000000,0.000000,13.000000,0.000000,0.515374,0.579999,,,,7.525868,7.525868,,16.800279,,,,,,903.822387,0.066146,0.000000,0.000000,0.000000,,-459.670013,1000.000000,,0.000000,0.000000,,,,0.047081,"SETFLOW",0.000000,0.997565,0.000000,,,,,"","",,,,7.525868,,0.000000,,0.000000,,,0.000000,0.000000,"",,,0.000000,,-1.000000,,0.000000,0.000000,-1.000000,-1.000000,,,,,,,,,,,"",,,,,,,,,,"Volumetric",,,,,,,,,,-0.003275,,,,,,,,,,-0.003276,-0.000078,,,,,,,,,,,,
"0BEC5D25","Nodes",1118218.750000,1675453.870000,1313.064347,"Default Known Flow Node",69.999969,0.579999,1000.000000,0.000000,"Known Flow",0.000000,0.000000,2.16999993085665e-07,40.000000,0.579999,1000.000000,0.000000,0.000000,13.000000,0.000000,0.515376,0.579999,,,,7.918533,7.918533,,16.800279,,,,,,903.822387,0.066146,0.000000,0.000000,0.000000,,-459.670013,1000.000000,,0.000000,0.000000,,,,0.047125,"UNDEFINED",0.000000,0.997563,0.000000,,,,,"","",,,,7.918533,,0.000000,,0.000000,,,0.000000,0.000000,"",,,0.000000,"36-32 169 St, Q= 1.649 mcfh, Firm",-1.000000,,0.000000,0.000000,-1.000000,-1.000000,,,,,,,,,,,"",,,,,,,,,,"Volumetric",,,,,,,,,,0.000000,,,,,,,,,,0.000000,0.000000,,,,,,,,,,,,
"0BEC5D17","Nodes",1118049.620000,1675408.500000,1313.064347,"Default Known Flow Node",69.999969,0.579999,1000.000000,0.000000,"Known Flow",0.000000,0.000000,2.16999993085665e-07,40.000000,0.579999,1000.000000,0.000000,0.000000,13.000000,0.000000,0.515376,0.579999,,,,7.918533,7.918533,,16.800279,,,,,,903.822387,0.066146,0.000000,0.000000,0.000000,,-459.670013,1000.000000,,0.000000,0.000000,,,,0.047125,"UNDEFINED",0.000000,0.997563,0.000000,,,,,"","",,,,7.918533,,0.000000,,0.000000,,,0.000000,0.000000,"",,,0.000000,"36-41 169 St, Q = -2.273 mcfh, AC = 0, Firm",-1.000000,,0.000000,0.000000,-1.000000,-1.000000,,,,,,,,,,,"",,,,,,,,,,"Volumetric",,,,,,,,,,0.000000,,,,,,,,,,0.000000,0.000000,,,,,,,,,,,,
"0BEC5D22","Nodes",1117395.870000,1675520.000000,1313.064347,"Default Known Flow Node",69.999969,0.579999,1000.000000,0.000000,"Known Flow",0.000000,0.000000,2.16999993085665e-07,40.000000,0.579999,1000.000000,0.000000,0.000000,13.000000,0.000000,0.515374,0.579999,,,,7.492172,7.492172,,16.800279,,,,,,903.822387,0.066146,0.000000,0.000000,0.000000,,-459.670013,1000.000000,,0.000000,0.000000,,,,0.047077,"SETFLOW",0.000000,0.997565,0.000000,,,,,"","",,,,7.492172,,0.000000,,0.000000,,,0.000000,0.000000,"",,,0.000000,,-1.000000,,0.000000,0.000000,-1.000000,-1.000000,,,,,,,,,,,"",,,,,,,,,,"Volumetric",,,,,,,,,,-0.004094,,,,,,,,,,-0.004094,-0.000098,,,,,,,,,,,,
"2FB25D17","Nodes",1117481.250000,1675539.370000,1313.064347,"Default Known Flow Node",69.999969,0.579999,1000.000000,0.000000,"Known Flow",0.000000,0.000000,2.16999993085665e-07,40.000000,0.579999,1000.000000,0.000000,0.000000,13.000000,0.000000,0.515374,0.579999,,,,7.492170,7.492170,,16.800279,,,,,,903.822387,0.066146,0.000000,0.000000,0.000000,,-459.670013,1000.000000,,0.000000,0.000000,,,,0.047077,"SETFLOW",0.000000,0.997565,0.000000,,,,,"","",,,,7.492170,,0.000000,,0.000000,,,0.000000,0.000000,"",,,0.000000,,-1.000000,,0.000000,0.000000,-1.000000,-1.000000,,,,,,,,,,,"",,,,,,,,,,"Volumetric",,,,,,,,,,-0.001965,,,,,,,,,,-0.001965,-0.000047,,,,,,,,,,,,
"2FB25D16","Nodes",1117489.000000,1675543.500000,1313.064347,"Default Known Flow Node",69.999969,0.579999,1000.000000,0.000000,"Known Flow",0.000000,0.000000,2.16999993085665e-07,40.000000,0.579999,1000.000000,0.000000,0.000000,13.000000,0.000000,0.515374,0.579999,,,,7.492170,7.492170,,16.800279,,,,,,903.822387,0.066146,0.000000,0.000000,0.000000,,-459.670013,1000.000000,,0.000000,0.000000,,,,0.047077,"UNDEFINED",0.000000,0.997565,0.000000,,,,,"","",,,,7.492170,,0.000000,,0.000000,,,0.000000,0.000000,"",,,0.000000,,-1.000000,,0.000000,0.000000,-1.000000,-1.000000,,,,,,,,,,,"",,,,,,,,,,"Volumetric",,,,,,,,,,0.000000,,,,,,,,,,0.000000,0.000000,,,,,,,,,,,,
"0BEC5D26","Nodes",1117980.870000,1675661.000000,1313.064347,"Default Known Flow Node",69.999969,0.579999,1000.000000,0.000000,"Known Flow",0.000000,0.000000,2.16999993085665e-07,40.000000,0.579999,1000.000000,0.000000,0.000000,13.000000,0.000000,0.515375,0.579999,,,,7.714363,7.714363,,16.800279,,,,,,903.822387,0.066146,0.000000,0.000000,0.000000,,-459.670013,1000.000000,,0.000000,0.000000,,,,0.047102,"SETFLOW",0.000000,0.997564,0.000000,,,,,"","",,,,7.714363,,0.000000,,0.000000,,,0.000000,0.000000,"",,,0.000000,,-1.000000,,0.000000,0.000000,-1.000000,-1.000000,,,,,,,,,,,"",,,,,,,,,,"Volumetric",,,,,,,,,,-0.001965,,,,,,,,,,-0.001965,-0.000047,,,,,,,,,,,,
"2FB1A1F9","Nodes",1117983.500000,1675661.620000,1313.064347,"Default Known Flow Node",69.999969,0.579999,1000.000000,0.000000,"Known Flow",0.000000,0.000000,2.16999993085665e-07,40.000000,0.579999,1000.000000,0.000000,0.000000,13.000000,0.000000,0.515375,0.579999,,,,7.714363,7.714363,,16.800279,,,,,,903.822387,0.066146,0.000000,0.000000,0.000000,,-459.670013,1000.000000,,0.000000,0.000000,,,,0.047102,"SETFLOW",0.000000,0.997564,0.000000,,,,,"","",,,,7.714363,,0.000000,,0.000000,,,0.000000,0.000000,"",,,0.000000,,-1.000000,,0.000000,0.000000,-1.000000,-1.000000,,,,,,,,,,,"",,,,,,,,,,"Volumetric",,,,,,,,,,-0.015069,,,,,,,,,,-0.015069,-0.000361,,,,,,,,,,,,
"2FB1A1FA","Nodes",1117979.120000,1675667.750000,1313.064347,"Default Known Flow Node",69.999969,0.579999,1000.000000,0.000000,"Known Flow",0.000000,0.000000,2.16999993085665e-07,40.000000,0.579999,1000.000000,0.000000,0.000000,13.000000,0.000000,0.515375,0.579999,,,,7.714363,7.714363,,16.800279,,,,,,903.822387,0.066146,0.000000,0.000000,0.000000,,-459.670013,1000.000000,,0.000000,0.000000,,,,0.047102,"UNDEFINED",0.000000,0.997564,0.000000,,,,,"","",,,,7.714363,,0.000000,,0.000000,,,0.000000,0.000000,"",,,0.000000,,-1.000000,,0.000000,0.000000,-1.000000,-1.000000,,,,,,,,,,,"",,,,,,,,,,"Volumetric",,,,,,,,,,0.000000,,,,,,,,,,0.000000,0.000000,,,,,,,,,,,,
"0BEC5D27","Nodes",1118084.000000,1675686.370000,1313.064347,"Default Known Flow Node",69.999969,0.579999,1000.000000,0.000000,"Known Flow",0.000000,0.000000,2.16999993085665e-07,40.000000,0.579999,1000.000000,0.000000,0.000000,13.000000,0.000000,0.515375,0.579999,,,,7.714443,7.714443,,16.800279,,,,,,903.822387,0.066146,0.000000,0.000000,0.000000,,-459.670013,1000.000000,,0.000000,0.000000,,,,0.047102,"SETFLOW",0.000000,0.997564,0.000000,,,,,"","",,,,7.714443,,0.000000,,0.000000,,,0.000000,0.000000,"",,,0.000000,,-1.000000,,0.000000,0.000000,-1.000000,-1.000000,,,,,,,,,,,"",,,,,,,,,,"Volumetric",,,,,,,,,,-0.030794,,,,,,,,,,-0.030794,-0.000739,,,,,,,,,,,,
"2FB800B0","Nodes",1118082.870000,1675691.000000,1313.064347,"Default Known Flow Node",69.999969,0.579999,1000.000000,0.000000,"Known Flow",0.000000,0.000000,2.16999993085665e-07,40.000000,0.579999,1000.000000,0.000000,0.000000,13.000000,0.000000,0.515375,0.579999,,,,7.714443,7.714443,,16.800279,,,,,,903.822387,0.066146,0.000000,0.000000,0.000000,,-459.670013,1000.000000,,0.000000,0.000000,,,,0.047102,"UNDEFINED",0.000000,0.997564,0.000000,,,,,"","",,,,7.714443,,0.000000,,0.000000,,,0.000000,0.000000,"",,,0.000000,,-1.000000,,0.000000,0.000000,-1.000000,-1.000000,,,,,,,,,,,"",,,,,,,,,,"Volumetric",,,,,,,,,,0.000000,,,,,,,,,,0.000000,0.000000,,,,,,,,,,,,
"0BEC5D28","Nodes",1118114.000000,1675693.750000,1313.064347,"Default Known Flow Node",69.999969,0.579999,1000.000000,0.000000,"Known Flow",0.000000,0.000000,2.16999993085665e-07,40.000000,0.579999,1000.000000,0.000000,0.000000,13.000000,0.000000,0.515375,0.579999,,,,7.714507,7.714507,,16.800279,,,,,,903.822387,0.066146,0.000000,0.000000,0.000000,,-459.670013,1000.000000,,0.000000,0.000000,,,,0.047102,"SETFLOW",0.000000,0.997564,0.000000,,,,,"","",,,,7.714507,,0.000000,,0.000000,,,0.000000,0.000000,"",,,0.000000,,-1.000000,,0.000000,0.000000,-1.000000,-1.000000,,,,,,,,,,,"",,,,,,,,,,"Volumetric",,,,,,,,,,-0.052415,,,,,,,,,,-0.052415,-0.001257,,,,,,,,,,,,
"0BEC5D29","Nodes",1118217.620000,1675720.370000,1313.064347,"Default Known Flow Node",69.999969,0.579999,1000.000000,0.000000,"Known Flow",0.000000,0.000000,2.16999993085665e-07,40.000000,0.579999,1000.000000,0.000000,0.000000,13.000000,0.000000,0.515375,0.579999,,,,7.714572,7.714572,,16.800279,,,,,,903.822387,0.066146,0.000000,0.000000,0.000000,,-459.670013,1000.000000,,0.000000,0.000000,,,,0.047102,"SETFLOW",0.000000,0.997564,0.000000,,,,,"","",,,,7.714572,,0.000000,,0.000000,,,0.000000,0.000000,"",,,0.000000,,-1.000000,,0.000000,0.000000,-1.000000,-1.000000,,,,,,,,,,,"",,,,,,,,,,"Volumetric",,,,,,,,,,-0.083865,,,,,,,,,,-0.083865,-0.002012,,,,,,,,,,,,
"0BEC5D7B","Nodes",1118240.000000,1675726.250000,1313.064347,"Default Known Flow Node",69.999969,0.579999,1000.000000,0.000000,"Known Flow",0.000000,0.000000,2.16999993085665e-07,40.000000,0.579999,1000.000000,0.000000,0.000000,13.000000,0.000000,0.515375,0.579999,,,,7.714763,7.714763,,16.800279,,,,,,903.822387,0.066146,0.000000,0.000000,0.000000,,-459.670013,1000.000000,,0.000000,0.000000,,,,0.047102,"SETFLOW",0.000000,0.997564,0.000000,,,,,"","",,,,7.714763,,0.000000,,0.000000,,,0.000000,0.000000,"",,,0.000000,,-1.000000,,0.000000,0.000000,-1.000000,-1.000000,,,,,,,,,,,"",,,,,,,,,,"Volumetric",,,,,,,,,,-0.028828,,,,,,,,,,-0.028828,-0.000691,,,,,,,,,,,,
"2FB28059","Nodes",1117264.250000,1675769.250000,1313.064347,"Default Known Flow Node",69.999969,0.579999,1000.000000,0.000000,"Known Flow",0.000000,0.000000,2.16999993085665e-07,40.000000,0.579999,1000.000000,0.000000,0.000000,13.000000,0.000000,0.515372,0.579999,,,,7.211896,7.211896,,16.800279,,,,,,903.822387,0.066146,0.000000,0.000000,0.000000,,-459.670013,1000.000000,,0.000000,0.000000,,,,0.047045,"SETFLOW",0.000000,0.997567,0.000000,,,,,"","",,,,7.211896,,0.000000,,0.000000,,,0.000000,0.000000,"",,,0.000000,,-1.000000,,0.000000,0.000000,-1.000000,-1.000000,,,,,,,,,,,"",,,,,,,,,,"Volumetric",,,,,,,,,,-0.001965,,,,,,,,,,-0.001965,-0.000047,,,,,,,,,,,,
"0BEC5D45","Nodes",1117450.500000,1675810.370000,1313.064347,"Default Known Flow Node",69.999969,0.579999,1000.000000,0.000000,"Known Flow",0.000000,0.000000,2.16999993085665e-07,40.000000,0.579999,1000.000000,0.000000,0.000000,13.000000,0.000000,0.515372,0.579999,,,,7.211777,7.211777,,16.800279,,,,,,903.822387,0.066146,0.000000,0.000000,0.000000,,-459.670013,1000.000000,,0.000000,0.000000,,,,0.047045,"SETFLOW",0.000000,0.997567,0.000000,,,,,"","",,,,7.211777,,0.000000,,0.000000,,,0.000000,0.000000,"",,,0.000000,,-1.000000,,0.000000,0.000000,-1.000000,-1.000000,,,,,,,,,,,"",,,,,,,,,,"Volumetric",,,,,,,,,,-0.003275,,,,,,,,,,-0.003276,-0.000078,,,,,,,,,,,,
"0BEC5D46","Nodes",1117745.370000,1675875.000000,1313.064347,"Default Known Flow Node",69.999969,0.579999,1000.000000,0.000000,"Known Flow",0.000000,0.000000,2.16999993085665e-07,40.000000,0.579999,1000.000000,0.000000,0.000000,13.000000,0.000000,0.515372,0.579999,,,,7.211633,7.211633,,16.800279,,,,,,903.822387,0.066146,0.000000,0.000000,0.000000,,-459.670013,1000.000000,,0.000000,0.000000,,,,0.047045,"SETFLOW",0.000000,0.997567,0.000000,,,,,"","",,,,7.211633,,0.000000,,0.000000,,,0.000000,0.000000,"",,,0.000000,,-1.000000,,0.000000,0.000000,-1.000000,-1.000000,,,,,,,,,,,"",,,,,,,,,,"Volumetric",,,,,,,,,,-0.010483,,,,,,,,,,-0.010483,-0.000251,,,,,,,,,,,,
"2FB800B2","Nodes",1118025.870000,1675946.750000,1313.064347,"Default Known Flow Node",69.999969,0.579999,1000.000000,0.000000,"Known Flow",0.000000,0.000000,2.16999993085665e-07,40.000000,0.579999,1000.000000,0.000000,0.000000,13.000000,0.000000,0.515372,0.579999,,,,7.130434,7.130434,,16.800279,,,,,,903.822387,0.066146,0.000000,0.000000,0.000000,,-459.670013,1000.000000,,0.000000,0.000000,,,,0.047036,"UNDEFINED",0.000000,0.997568,0.000000,,,,,"","",,,,7.130434,,0.000000,,0.000000,,,0.000000,0.000000,"",,,0.000000,,-1.000000,,0.000000,0.000000,-1.000000,-1.000000,,,,,,,,,,,"",,,,,,,,,,"Volumetric",,,,,,,,,,0.000000,,,,,,,,,,0.000000,0.000000,,,,,,,,,,,,
"0BEC5D2E","Nodes",1118020.870000,1675945.500000,1313.064347,"Default Known Flow Node",69.999969,0.579999,1000.000000,0.000000,"Known Flow",0.000000,0.000000,2.16999993085665e-07,40.000000,0.579999,1000.000000,0.000000,0.000000,13.000000,0.000000,0.515372,0.579999,,,,7.125870,7.125870,,16.800279,,,,,,903.822387,0.066146,0.000000,0.000000,0.000000,,-459.670013,1000.000000,,0.000000,0.000000,,,,0.047035,"UNDEFINED",0.000000,0.997568,0.000000,,,,,"","",,,,7.125870,,0.000000,,0.000000,,,0.000000,0.000000,"",,,0.000000,,-1.000000,,0.000000,0.000000,-1.000000,-1.000000,,,,,,,,,,,"",,,,,,,,,,"Volumetric",,,,,,,,,,0.000000,,,,,,,,,,0.000000,0.000000,,,,,,,,,,,,
"2FB800B4","Nodes",1118022.250000,1675940.000000,1313.064347,"Default Known Flow Node",69.999969,0.579999,1000.000000,0.000000,"Known Flow",0.000000,0.000000,2.16999993085665e-07,40.000000,0.579999,1000.000000,0.000000,0.000000,13.000000,0.000000,0.515372,0.579999,,,,7.122787,7.122787,,16.800279,,,,,,903.822387,0.066146,0.000000,0.000000,0.000000,,-459.670013,1000.000000,,0.000000,0.000000,,,,0.047035,"SETFLOW",0.000000,0.997568,0.000000,,,,,"","",,,,7.122787,,0.000000,,0.000000,,,0.000000,0.000000,"",,,0.000000,,-1.000000,,0.000000,0.000000,-1.000000,-1.000000,,,,,,,,,,,"",,,,,,,,,,"Volumetric",,,,,,,,,,-0.041932,,,,,,,,,,-0.041932,-0.001006,,,,,,,,,,,,
"0BEC5D2D","Nodes",1118080.500000,1675961.120000,1313.064347,"Default Known Flow Node",69.999969,0.579999,1000.000000,0.000000,"Known Flow",0.000000,0.000000,2.16999993085665e-07,40.000000,0.579999,1000.000000,0.000000,0.000000,13.000000,0.000000,0.515372,0.579999,,,,7.169539,7.169539,,16.800279,,,,,,903.822387,0.066146,0.000000,0.000000,0.000000,,-459.670013,1000.000000,,0.000000,0.000000,,,,0.047040,"SETFLOW",0.000000,0.997567,0.000000,,,,,"","",,,,7.169539,,0.000000,,0.000000,,,0.000000,0.000000,"",,,0.000000,,-1.000000,,0.000000,0.000000,-1.000000,-1.000000,,,,,,,,,,,"",,,,,,,,,,"Volumetric",,,,,,,,,,-0.006551,,,,,,,,,,-0.006551,-0.000157,,,,,,,,,,,,
"2FB800B3","Nodes",1118019.750000,1675950.250000,1313.064347,"Default Known Flow Node",69.999969,0.579999,1000.000000,0.000000,"Known Flow",0.000000,0.000000,2.16999993085665e-07,40.000000,0.579999,1000.000000,0.000000,0.000000,13.000000,0.000000,0.515372,0.579999,,,,7.125365,7.125365,,16.800279,,,,,,903.822387,0.066146,0.000000,0.000000,0.000000,,-459.670013,1000.000000,,0.000000,0.000000,,,,0.047035,"UNDEFINED",0.000000,0.997568,0.000000,,,,,"","",,,,7.125365,,0.000000,,0.000000,,,0.000000,0.000000,"",,,0.000000,,-1.000000,,0.000000,0.000000,-1.000000,-1.000000,,,,,,,,,,,"",,,,,,,,,,"Volumetric",,,,,,,,,,0.000000,,,,,,,,,,0.000000,0.000000,,,,,,,,,,,,
"0BEC5D2C","Nodes",1118184.750000,1675986.500000,1313.064347,"Default Known Flow Node",69.999969,0.579999,1000.000000,0.000000,"Known Flow",0.000000,0.000000,2.16999993085665e-07,40.000000,0.579999,1000.000000,0.000000,0.000000,13.000000,0.000000,0.515372,0.579999,,,,7.243316,7.243316,,16.800279,,,,,,903.822387,0.066146,0.000000,0.000000,0.000000,,-459.670013,1000.000000,,0.000000,0.000000,,,,0.047048,"SETFLOW",0.000000,0.997567,0.000000,,,,,"","",,,,7.243316,,0.000000,,0.000000,,,0.000000,0.000000,"",,,0.000000,,-1.000000,,0.000000,0.000000,-1.000000,-1.000000,,,,,,,,,,,"",,,,,,,,,,"Volumetric",,,,,,,,,,-0.009827,,,,,,,,,,-0.009827,-0.000235,,,,,,,,,,,,
"0BEC5D73","Nodes",1118240.000000,1676000.000000,1313.064347,"Default Known Flow Node",69.999969,0.579999,1000.000000,0.000000,"Known Flow",0.000000,0.000000,2.16999993085665e-07,40.000000,0.579999,1000.000000,0.000000,0.000000,13.000000,0.000000,0.515373,0.579999,,,,7.282916,7.282916,,16.800279,,,,,,903.822387,0.066146,0.000000,0.000000,0.000000,,-459.670013,1000.000000,,0.000000,0.000000,,,,0.047053,"SETFLOW",0.000000,0.997567,0.000000,,,,,"","",,,,7.282916,,0.000000,,0.000000,,,0.000000,0.000000,"",,,0.000000,,-1.000000,,0.000000,0.000000,-1.000000,-1.000000,,,,,,,,,,,"",,,,,,,,,,"Volumetric",,,,,,,,,,-0.118591,,,,,,,,,,-0.118591,-0.002846,,,,,,,,,,,,
"0BEC5D2F","Nodes",1118003.500000,1676015.750000,1313.064347,"Default Known Flow Node",69.999969,0.579999,1000.000000,0.000000,"Known Flow",0.000000,0.000000,2.16999993085665e-07,40.000000,0.579999,1000.000000,0.000000,0.000000,13.000000,0.000000,0.515372,0.579999,,,,7.120340,7.120340,,16.800279,,,,,,903.822387,0.066146,0.000000,0.000000,0.000000,,-459.670013,1000.000000,,0.000000,0.000000,,,,0.047035,"SETFLOW",0.000000,0.997568,0.000000,,,,,"","",,,,7.120340,,0.000000,,0.000000,,,0.000000,0.000000,"",,,0.000000,,-1.000000,,0.000000,0.000000,-1.000000,-1.000000,,,,,,,,,,,"",,,,,,,,,,"Volumetric",,,,,,,,,,-0.018345,,,,,,,,,,-0.018345,-0.000440,,,,,,,,,,,,
"0BEC5D44","Nodes",1117617.120000,1676197.250000,1313.064347,"Default Known Flow Node",69.999969,0.579999,1000.000000,0.000000,"Known Flow",0.000000,0.000000,2.16999993085665e-07,40.000000,0.579999,1000.000000,0.000000,0.000000,13.000000,0.000000,0.515372,0.579999,,,,7.190715,7.190715,,16.800279,,,,,,903.822387,0.066146,0.000000,0.000000,0.000000,,-459.670013,1000.000000,,0.000000,0.000000,,,,0.047043,"SETFLOW",0.000000,0.997567,0.000000,,,,,"","",,,,7.190715,,0.000000,,0.000000,,,0.000000,0.000000,"",,,0.000000,,-1.000000,,0.000000,0.000000,-1.000000,-1.000000,,,,,,,,,,,"",,,,,,,,,,"Volumetric",,,,,,,,,,-0.004586,,,,,,,,,,-0.004586,-0.000110,,,,,,,,,,,,
"0BEC5D79","Nodes",1117219.370000,1676176.500000,1313.064347,"Default Known Flow Node",69.999969,0.579999,1000.000000,0.000000,"Known Flow",0.000000,0.000000,2.16999993085665e-07,40.000000,0.579999,1000.000000,0.000000,0.000000,13.000000,0.000000,0.515373,0.579999,,,,7.272440,7.272440,,16.800279,,,,,,903.822387,0.066146,0.000000,0.000000,0.000000,,-459.670013,1000.000000,,0.000000,0.000000,,,,0.047052,"SETFLOW",0.000000,0.997567,0.000000,,,,,"","",,,,7.272440,,0.000000,,0.000000,,,0.000000,0.000000,"",,,0.000000,,-1.000000,,0.000000,0.000000,-1.000000,-1.000000,,,,,,,,,,,"",,,,,,,,,,"Volumetric",,,,,,,,,,-0.003275,,,,,,,,,,-0.003276,-0.000078,,,,,,,,,,,,
"0BEC5D3F","Nodes",1117679.436319,1676199.798937,1313.064347,"Default Known Flow Node",69.999969,0.579999,1000.000000,0.000000,"Known Flow",0.000000,0.000000,2.16999993085665e-07,40.000000,0.579999,1000.000000,0.000000,0.000000,13.000000,0.000000,0.515372,0.579999,,,,7.176167,7.176167,,16.800279,,,,,,903.822387,0.066146,0.000000,0.000000,0.000000,,-459.670013,1000.000000,,0.000000,0.000000,,,,0.047041,"SETFLOW",0.000000,0.997567,0.000000,,,,,"","",,,,7.176167,,0.000000,,0.000000,,,0.000000,0.000000,"",,,0.000000,,-1.000000,,0.000000,0.000000,-1.000000,-1.000000,,,,,,,,,,,"",,,,,,,,,,"Volumetric",,,,,,,,,,-0.026945,,,,,,,,,,-0.026945,-0.000646,,,,,,,,,,,,
"0BEC5D40","Nodes",1117679.221459,1676191.893095,1313.064347,"Default Known Flow Node",69.999969,0.579999,1000.000000,0.000000,"Known Flow",0.000000,0.000000,2.16999993085665e-07,40.000000,0.579999,1000.000000,0.000000,0.000000,13.000000,0.000000,0.515372,0.579999,,,,7.176167,7.176167,,16.800279,,,,,,903.822387,0.066146,0.000000,0.000000,0.000000,,-459.670013,1000.000000,,0.000000,0.000000,,,,0.047041,"UNDEFINED",0.000000,0.997567,0.000000,,,,,"","",,,,7.176167,,0.000000,,0.000000,,,0.000000,0.000000,"",,,0.000000,,-1.000000,,0.000000,0.000000,-1.000000,-1.000000,,,,,,,,,,,"",,,,,,,,,,"Volumetric",,,,,,,,,,0.000000,,,,,,,,,,0.000000,0.000000,,,,,,,,,,,,
"2FB1CE04","Nodes",1117620.870000,1676197.620000,1313.064347,"Default Known Flow Node",69.999969,0.579999,1000.000000,0.000000,"Known Flow",0.000000,0.000000,2.16999993085665e-07,40.000000,0.579999,1000.000000,0.000000,0.000000,13.000000,0.000000,0.515372,0.579999,,,,7.189898,7.189898,,16.800279,,,,,,903.822387,0.066146,0.000000,0.000000,0.000000,,-459.670013,1000.000000,,0.000000,0.000000,,,,0.047042,"UNDEFINED",0.000000,0.997567,0.000000,,,,,"","",,,,7.189898,,0.000000,,0.000000,,,0.000000,0.000000,"",,,0.000000,,-1.000000,,0.000000,0.000000,-1.000000,-1.000000,,,,,,,,,,,"",,,,,,,,,,"Volumetric",,,,,,,,,,0.000000,,,,,,,,,,0.000000,0.000000,,,,,,,,,,,,
"0BEC5D41","Nodes",1117666.642467,1676200.094722,1313.064347,"Default Known Flow Node",69.999969,0.579999,1000.000000,0.000000,"Known Flow",0.000000,0.000000,2.16999993085665e-07,40.000000,0.579999,1000.000000,0.000000,0.000000,13.000000,0.000000,0.515372,0.579999,,,,7.177976,7.177976,,16.800279,,,,,,903.822387,0.066146,0.000000,0.000000,0.000000,,-459.670013,1000.000000,,0.000000,0.000000,,,,0.047041,"SETFLOW",0.000000,0.997567,0.000000,,,,,"","",,,,7.177976,,0.000000,,0.000000,,,0.000000,0.000000,"",,,0.000000,,-1.000000,,0.000000,0.000000,-1.000000,-1.000000,,,,,,,,,,,"",,,,,,,,,,"Volumetric",,,,,,,,,,-0.000573,,,,,,,,,,-0.000573,-0.000013,,,,,,,,,,,,
"2FBB022D","Nodes",1117660.051134,1676196.460245,1313.064347,"Default Known Flow Node",69.999969,0.579999,1000.000000,0.000000,"Known Flow",0.000000,0.000000,2.16999993085665e-07,40.000000,0.579999,1000.000000,0.000000,0.000000,13.000000,0.000000,0.515372,0.579999,,,,7.180173,7.180173,,16.800279,,,,,,903.822387,0.066146,0.000000,0.000000,0.000000,,-459.670013,1000.000000,,0.000000,0.000000,,,,0.047041,"UNDEFINED",0.000000,0.997567,0.000000,,,,,"","",,,,7.180173,,0.000000,,0.000000,,,0.000000,0.000000,"",,,0.000000,"V21659",-1.000000,,0.000000,0.000000,0.000000,-1.000000,,,,,,,,,,,"",,,,,,,,,,"Volumetric",,,,,,,,,,0.000000,,,,,,,,,,0.000000,0.000000,,,,,,,,,,,,
"2FB1CE00","Nodes",1117672.545523,1676198.571366,1313.064347,"Default Known Flow Node",69.999969,0.579999,1000.000000,0.000000,"Known Flow",0.000000,0.000000,2.16999993085665e-07,40.000000,0.579999,1000.000000,0.000000,0.000000,13.000000,0.000000,0.515372,0.579999,,,,7.176722,7.176722,,16.800279,,,,,,903.822387,0.066146,0.000000,0.000000,0.000000,,-459.670013,1000.000000,,0.000000,0.000000,,,,0.047041,"UNDEFINED",0.000000,0.997567,0.000000,,,,,"","",,,,7.176722,,0.000000,,0.000000,,,0.000000,0.000000,"",,,0.000000,,-1.000000,,0.000000,0.000000,-1.000000,-1.000000,,,,,,,,,,,"",,,,,,,,,,"Volumetric",,,,,,,,,,0.000000,,,,,,,,,,0.000000,0.000000,,,,,,,,,,,,
"0BEC5D42","Nodes",1117669.400383,1676197.925104,1313.064347,"Default Known Flow Node",69.999969,0.579999,1000.000000,0.000000,"Known Flow",0.000000,0.000000,2.16999993085665e-07,40.000000,0.579999,1000.000000,0.000000,0.000000,13.000000,0.000000,0.515372,0.579999,,,,7.176722,7.176722,,16.800279,,,,,,903.822387,0.066146,0.000000,0.000000,0.000000,,-459.670013,1000.000000,,0.000000,0.000000,,,,0.047041,"UNDEFINED",0.000000,0.997567,0.000000,,,,,"","",,,,7.176722,,0.000000,,0.000000,,,0.000000,0.000000,"",,,0.000000,,-1.000000,,0.000000,0.000000,-1.000000,-1.000000,,,,,,,,,,,"",,,,,,,,,,"Volumetric",,,,,,,,,,0.000000,,,,,,,,,,0.000000,0.000000,,,,,,,,,,,,
"2FB1CE03","Nodes",1117677.211753,1676199.444718,1313.064347,"Default Known Flow Node",69.999969,0.579999,1000.000000,0.000000,"Known Flow",0.000000,0.000000,2.16999993085665e-07,40.000000,0.579999,1000.000000,0.000000,0.000000,13.000000,0.000000,0.515372,0.579999,,,,7.176576,7.176576,,16.800279,,,,,,903.822387,0.066146,0.000000,0.000000,0.000000,,-459.670013,1000.000000,,0.000000,0.000000,,,,0.047041,"UNDEFINED",0.000000,0.997567,0.000000,,,,,"","",,,,7.176576,,0.000000,,0.000000,,,0.000000,0.000000,"",,,0.000000,,-1.000000,,0.000000,0.000000,-1.000000,-1.000000,,,,,,,,,,,"",,,,,,,,,,"Volumetric",,,,,,,,,,0.000000,,,,,,,,,,0.000000,0.000000,,,,,,,,,,,,
"2FB9B2B9","Nodes",1117672.543992,1676200.332679,1313.064347,"Default Known Flow Node",69.999969,0.579999,1000.000000,0.000000,"Known Flow",0.000000,0.000000,2.16999993085665e-07,40.000000,0.579999,1000.000000,0.000000,0.000000,13.000000,0.000000,0.515372,0.579999,,,,7.176751,7.176751,,16.800279,,,,,,903.822387,0.066146,0.000000,0.000000,0.000000,,-459.670013,1000.000000,,0.000000,0.000000,,,,0.047041,"UNDEFINED",0.000000,0.997567,0.000000,,,,,"","",,,,7.176751,,0.000000,,0.000000,,,0.000000,0.000000,"",,,0.000000,,-1.000000,,0.000000,0.000000,-1.000000,-1.000000,,,,,,,,,,,"",,,,,,,,,,"Volumetric",,,,,,,,,,0.000000,,,,,,,,,,0.000000,0.000000,,,,,,,,,,,,
"2FB1CE07","Nodes",1117681.503483,1676443.639171,1313.064347,"Default Known Flow Node",69.999969,0.579999,1000.000000,0.000000,"Known Flow",0.000000,0.000000,2.16999993085665e-07,40.000000,0.579999,1000.000000,0.000000,0.000000,13.000000,0.000000,0.515372,0.579999,,,,7.174537,7.174537,,16.800279,,,,,,903.822387,0.066146,0.000000,0.000000,0.000000,,-459.670013,1000.000000,,0.000000,0.000000,,,,0.047041,"SETFLOW",0.000000,0.997567,0.000000,,,,,"","",,,,7.174537,,0.000000,,0.000000,,,0.000000,0.000000,"",,,0.000000,"39-20 Utopia Pkwy, Q = -1.55 mcfh, Firm (S10-47023-Q)",-1.000000,,0.000000,0.000000,-1.000000,-1.000000,,,,,,,,,,,,,,,,"",,,,,,,,,,"Volumetric",,,,,,,,,,-0.233186,,,,,-0.233186,-0.005596,,,,,,,,,,,,
"2FC1652F","Nodes",1117677.447469,1676392.624122,1313.064347,"Default Known Flow Node",69.999969,0.579999,1000.000000,0.000000,"Known Flow",0.000000,0.000000,2.16999993085665e-07,40.000000,0.579999,1000.000000,0.000000,0.000000,13.000000,0.000000,0.515372,0.579999,,,,7.174615,7.174615,,16.800279,,,,,,903.822387,0.066146,0.000000,0.000000,0.000000,,-459.670013,1000.000000,,0.000000,0.000000,,,,0.047041,"UNDEFINED",0.000000,0.997567,0.000000,,,,,"","",,,,7.174615,,0.000000,,0.000000,,,0.000000,0.000000,"",,,0.000000,"V75864",-1.000000,,0.000000,0.000000,0.000000,-1.000000,,,,,,,,,,,"",,,,,,,,,,"Volumetric",,,,,,,,,,0.000000,,,,,,,,,,0.000000,0.000000,,,,,,,,,,,,
"2FB85627","Nodes",1117674.349444,1676202.337477,1313.064347,"Default Known Flow Node",69.999969,0.579999,1000.000000,0.000000,"Known Flow",0.000000,0.000000,2.16999993085665e-07,40.000000,0.579999,1000.000000,0.000000,0.000000,13.000000,0.000000,0.515372,0.579999,,,,7.176751,7.176751,,16.800279,,,,,,903.822387,0.066146,0.000000,0.000000,0.000000,,-459.670013,1000.000000,,0.000000,0.000000,,,,0.047041,"UNDEFINED",0.000000,0.997567,0.000000,,,,,"","",,,,7.176751,,0.000000,,0.000000,,,0.000000,0.000000,"",,,0.000000,,-1.000000,,0.000000,0.000000,-1.000000,-1.000000,,,,,,,,,,,"",,,,,,,,,,"Volumetric",,,,,,,,,,0.000000,,,,,,,,,,0.000000,0.000000,,,,,,,,,,,,
"0BEC5D33","Nodes",1117986.000000,1676210.000000,1313.064347,"Default Known Flow Node",69.999969,0.579999,1000.000000,0.000000,"Known Flow",0.000000,0.000000,2.16999993085665e-07,40.000000,0.579999,1000.000000,0.000000,0.000000,13.000000,0.000000,0.515372,0.579999,,,,7.204701,7.204701,,16.800279,,,,,,903.822387,0.066146,0.000000,0.000000,0.000000,,-459.670013,1000.000000,,0.000000,0.000000,,,,0.047044,"SETFLOW",0.000000,0.997567,0.000000,,,,,"","",,,,7.204701,,0.000000,,0.000000,,,0.000000,0.000000,"",,,0.000000,,-1.000000,,0.000000,0.000000,-1.000000,-1.000000,,,,,,,,,,,"",,,,,,,,,,"Volumetric",,,,,,,,,,-0.080835,,,,,,,,,,-0.080835,-0.001940,,,,,,,,,,,,
"0BEC5D30","Nodes",1117982.620000,1676210.620000,1313.064347,"Default Known Flow Node",69.999969,0.579999,1000.000000,0.000000,"Known Flow",0.000000,0.000000,2.16999993085665e-07,40.000000,0.579999,1000.000000,0.000000,0.000000,13.000000,0.000000,0.515372,0.579999,,,,7.202952,7.202952,,16.800279,,,,,,903.822387,0.066146,0.000000,0.000000,0.000000,,-459.670013,1000.000000,,0.000000,0.000000,,,,0.047044,"SETFLOW",0.000000,0.997567,0.000000,,,,,"","",,,,7.202952,,0.000000,,0.000000,,,0.000000,0.000000,"",,,0.000000,,-1.000000,,0.000000,0.000000,-1.000000,-1.000000,,,,,,,,,,,"",,,,,,,,,,"Volumetric",,,,,,,,,,-0.025798,,,,,,,,,,-0.025798,-0.000619,,,,,,,,,,,,
"Q3No445","Nodes",1118001.013861,1676026.008112,1313.064347,"Default Known Flow Node",69.999969,0.579999,1000.000000,0.000000,"Known Flow",0.000000,0.000000,2.16999993085665e-07,40.000000,0.579999,1000.000000,0.000000,0.000000,13.000000,0.000000,0.515372,0.579999,,,,7.119628,7.119628,,16.800279,,,,,,903.822387,0.066146,0.000000,0.000000,0.000000,,-459.670013,1000.000000,,0.000000,0.000000,,,,0.047034,"UNDEFINED",0.000000,0.997568,0.000000,,,,,"","",,,,7.119628,,0.000000,,0.000000,,,0.000000,0.000000,"",,,0.000000,,-1.000000,,0.000000,0.000000,0.000000,-1.000000,,,,,,,,,,,"",,,,,,,,,,"Volumetric",,,,,,,,,,0.000000,,,,,,,,,,0.000000,0.000000,,,,,,,,,,,,
"0BEC5D3E","Nodes",1117669.722461,1676443.418965,1313.064347,"Default Known Flow Node",69.999969,0.579999,1000.000000,0.000000,"Known Flow",0.000000,0.000000,2.16999993085665e-07,40.000000,0.579999,1000.000000,0.000000,0.000000,13.000000,0.000000,0.515372,0.579999,,,,7.175089,7.175089,,16.800279,,,,,,903.822387,0.066146,0.000000,0.000000,0.000000,,-459.670013,1000.000000,,0.000000,0.000000,,,,0.047041,"SETFLOW",0.000000,0.997567,0.000000,,,,,"","",,,,7.175089,,0.000000,,0.000000,,,0.000000,0.000000,"",,,0.000000,"V75865",-1.000000,,0.000000,0.000000,-1.000000,-1.000000,,,,,,,,,,,"",,,,,,,,,,"Volumetric",,,,,,,,,,-0.034082,,,,,,,,,,-0.034082,-0.000817,,,,,,,,,,,,
"Q3No656","Nodes",1117643.301288,1676447.842860,1313.064347,"Default Known Flow Node",69.999969,0.579999,1000.000000,0.000000,"Known Flow",0.000000,0.000000,2.16999993085665e-07,40.000000,0.579999,1000.000000,0.000000,0.000000,13.000000,0.000000,0.515372,0.579999,,,,7.178459,7.178459,,16.800279,,,,,,903.822387,0.066146,0.000000,0.000000,0.000000,,-459.670013,1000.000000,,0.000000,0.000000,,,,0.047041,"UNDEFINED",0.000000,0.997567,0.000000,,,,,"","",,,,7.178459,,0.000000,,0.000000,,,0.000000,0.000000,"",,,0.000000,,-1.000000,,0.000000,0.000000,0.000000,-1.000000,,,,,,,,,,,"",,,,,,,,,,"Volumetric",,,,,,,,,,0.000000,,,,,,,,,,0.000000,0.000000,,,,,,,,,,,,
"2FB1CE08","Nodes",1117647.977118,1676442.978553,1313.064347,"Default Known Flow Node",69.999969,0.579999,1000.000000,0.000000,"Known Flow",0.000000,0.000000,2.16999993085665e-07,40.000000,0.579999,1000.000000,0.000000,0.000000,13.000000,0.000000,0.515372,0.579999,,,,7.176062,7.176062,,16.800279,,,,,,903.822387,0.066146,0.000000,0.000000,0.000000,,-459.670013,1000.000000,,0.000000,0.000000,,,,0.047041,"SETFLOW",0.000000,0.997567,0.000000,,,,,"","",,,,7.176062,,0.000000,,0.000000,,,0.000000,0.000000,"",,,0.000000,,-1.000000,,0.000000,0.000000,-1.000000,-1.000000,,,,,,,,,,,"",,,,,,,,,,"Volumetric",,,,,,,,,,-0.022917,,,,,,,,,,-0.022917,-0.000550,,,,,,,,,,,,
"2FB1CE06","Nodes",1117953.683222,1676486.382937,1313.064347,"Default Known Flow Node",69.999969,0.579999,1000.000000,0.000000,"Known Flow",0.000000,0.000000,2.16999993085665e-07,40.000000,0.579999,1000.000000,0.000000,0.000000,13.000000,0.000000,0.515372,0.579999,,,,7.174236,7.174236,,16.800279,,,,,,903.822387,0.066146,0.000000,0.000000,0.000000,,-459.670013,1000.000000,,0.000000,0.000000,,,,0.047041,"SETFLOW",0.000000,0.997567,0.000000,,,,,"","",,,,7.174236,,0.000000,,0.000000,,,0.000000,0.000000,"",,,0.000000,,-1.000000,,0.000000,0.000000,-1.000000,-1.000000,,,,,,,,,,,"",,,,,,,,,,"Volumetric",,,,,,,,,,-0.004466,,,,,,,,,,-0.004466,-0.000107,,,,,,,,,,,,
"Q3No657","Nodes",1117778.889512,1676463.798518,1313.064347,"Default Known Flow Node",69.999969,0.579999,1000.000000,0.000000,"Known Flow",0.000000,0.000000,2.16999993085665e-07,40.000000,0.579999,1000.000000,0.000000,0.000000,13.000000,0.000000,0.515372,0.579999,,,,7.174299,7.174299,,16.800279,,,,,,903.822387,0.066146,0.000000,0.000000,0.000000,,-459.670013,1000.000000,,0.000000,0.000000,,,,0.047041,"UNDEFINED",0.000000,0.997567,0.000000,,,,,"","",,,,7.174299,,0.000000,,0.000000,,,0.000000,0.000000,"",,,0.000000,,-1.000000,,0.000000,0.000000,0.000000,-1.000000,,,,,,,,,,,"",,,,,,,,,,"Volumetric",,,,,,,,,,0.000000,,,,,,,,,,0.000000,0.000000,,,,,,,,,,,,
"0BEC5D34","Nodes",1117979.199551,1676491.990357,1313.064347,"Default Known Flow Node",69.999969,0.579999,1000.000000,0.000000,"Known Flow",0.000000,0.000000,2.16999993085665e-07,40.000000,0.579999,1000.000000,0.000000,0.000000,13.000000,0.000000,0.515372,0.579999,,,,7.174228,7.174228,,16.800279,,,,,,903.822387,0.066146,0.000000,0.000000,0.000000,,-459.670013,1000.000000,,0.000000,0.000000,,,,0.047041,"SETFLOW",0.000000,0.997567,0.000000,,,,,"","",,,,7.174228,,0.000000,,0.000000,,,0.000000,0.000000,"",,,0.000000,,-1.000000,,0.000000,0.000000,-1.000000,-1.000000,,,,,,,,,,,"",,,,,,,,,,"Volumetric",,,,,,,,,,-0.007815,,,,,,,,,,-0.007815,-0.000187,,,,,,,,,,,,
"0BEC5D6C","Nodes",1118023.989028,1676504.427190,1313.064347,"Default Known Flow Node",69.999969,0.579999,1000.000000,0.000000,"Known Flow",0.000000,0.000000,2.16999993085665e-07,40.000000,0.579999,1000.000000,0.000000,0.000000,13.000000,0.000000,0.515372,0.579999,,,,7.174819,7.174819,,16.800279,,,,,,903.822387,0.066146,0.000000,0.000000,0.000000,,-459.670013,1000.000000,,0.000000,0.000000,,,,0.047041,"SETFLOW",0.000000,0.997567,0.000000,,,,,"","",,,,7.174819,,0.000000,,0.000000,,,0.000000,0.000000,"",,,0.000000,,-1.000000,,0.000000,0.000000,-1.000000,-1.000000,,,,,,,,,,,"",,,,,,,,,,"Volumetric",,,,,,,,,,-0.010467,,,,,,,,,,-0.010467,-0.000251,,,,,,,,,,,,
"2FB1A1F7","Nodes",1118111.345641,1676522.852804,1313.064347,"Default Known Flow Node",69.999969,0.579999,1000.000000,0.000000,"Known Flow",0.000000,0.000000,2.16999993085665e-07,40.000000,0.579999,1000.000000,0.000000,0.000000,13.000000,0.000000,0.515372,0.579999,,,,7.175931,7.175931,,16.800279,,,,,,903.822387,0.066146,0.000000,0.000000,0.000000,,-459.670013,1000.000000,,0.000000,0.000000,,,,0.047041,"SETFLOW",0.000000,0.997567,0.000000,,,,,"","",,,,7.175931,,0.000000,,0.000000,,,0.000000,0.000000,"",,,0.000000,,-1.000000,,0.000000,0.000000,-1.000000,-1.000000,,,,,,,,,,,"",,,,,,,,,,"Volumetric",,,,,,,,,,-0.031401,,,,,,,,,,-0.031401,-0.000753,,,,,,,,,,,,
"0BEC5D6B","Nodes",1118215.062319,1676553.406670,1313.064347,"Default Known Flow Node",69.999969,0.579999,1000.000000,0.000000,"Known Flow",0.000000,0.000000,2.16999993085665e-07,40.000000,0.579999,1000.000000,0.000000,0.000000,13.000000,0.000000,0.515372,0.579999,,,,7.177394,7.177394,,16.800279,,,,,,903.822387,0.066146,0.000000,0.000000,0.000000,,-459.670013,1000.000000,,0.000000,0.000000,,,,0.047041,"SETFLOW",0.000000,0.997567,0.000000,,,,,"","",,,,7.177394,,0.000000,,0.000000,,,0.000000,0.000000,"",,,0.000000,,-1.000000,,0.000000,0.000000,-1.000000,-1.000000,,,,,,,,,,,"",,,,,,,,,,"Volumetric",,,,,,,,,,-0.057918,,,,,,,,,,-0.057918,-0.001390,,,,,,,,,,,,
"0BEC5D7C","Nodes",1118242.733197,1676559.537982,1313.064347,"Default Known Flow Node",69.999969,0.579999,1000.000000,0.000000,"Known Flow",0.000000,0.000000,2.16999993085665e-07,40.000000,0.579999,1000.000000,0.000000,0.000000,13.000000,0.000000,0.515372,0.579999,,,,7.177807,7.177807,,16.800279,,,,,,903.822387,0.066146,0.000000,0.000000,0.000000,,-459.670013,1000.000000,,0.000000,0.000000,,,,0.047041,"UNDEFINED",0.000000,0.997567,0.000000,,,,,"","",,,,7.177807,,0.000000,,0.000000,,,0.000000,0.000000,"",,,0.000000,,-1.000000,,0.000000,0.000000,-1.000000,-1.000000,,,,,,,,,,,"",,,,,,,,,,"Volumetric",,,,,,,,,,0.000000,,,,,,,,,,0.000000,0.000000,,,,,,,,,,,,
"0BEC5D37","Nodes",1117681.723689,1676447.602879,1313.064347,"Default Known Flow Node",69.999969,0.579999,1000.000000,0.000000,"Known Flow",0.000000,0.000000,2.16999993085665e-07,40.000000,0.579999,1000.000000,0.000000,0.000000,13.000000,0.000000,0.515372,0.579999,,,,7.174311,7.174311,,16.800279,,,,,,903.822387,0.066146,0.000000,0.000000,0.000000,,-459.670013,1000.000000,,0.000000,0.000000,,,,0.047041,"UNDEFINED",0.000000,0.997567,0.000000,,,,,"","",,,,7.174311,,0.000000,,0.000000,,,0.000000,0.000000,"",,,0.000000,,-1.000000,,0.000000,0.000000,-1.000000,-1.000000,,,,,,,,,,,"",,,,,,,,,,"Volumetric",,,,,,,,,,0.000000,,,,,,,,,,0.000000,0.000000,,,,,,,,,,,,
"2FC16527","Nodes",1117681.110621,1676459.587313,1313.064347,"Default Known Flow Node",69.999969,0.579999,1000.000000,0.000000,"Known Flow",0.000000,0.000000,2.16999993085665e-07,40.000000,0.579999,1000.000000,0.000000,0.000000,13.000000,0.000000,0.515372,0.579999,,,,7.173645,7.173645,,16.800279,,,,,,903.822387,0.066146,0.000000,0.000000,0.000000,,-459.670013,1000.000000,,0.000000,0.000000,,,,0.047041,"UNDEFINED",0.000000,0.997567,0.000000,,,,,"","",,,,7.173645,,0.000000,,0.000000,,,0.000000,0.000000,"",,,0.000000,"V75866",-1.000000,,0.000000,0.000000,0.000000,-1.000000,,,,,,,,,,,"",,,,,,,,,,"Volumetric",,,,,,,,,,0.000000,,,,,,,,,,0.000000,0.000000,,,,,,,,,,,,
"0BEC5D3D","Nodes",1117530.120000,1676689.000000,1313.064347,"Default Known Flow Node",69.999969,0.579999,1000.000000,0.000000,"Known Flow",0.000000,0.000000,2.16999993085665e-07,40.000000,0.579999,1000.000000,0.000000,0.000000,13.000000,0.000000,0.515372,0.579999,,,,7.177923,7.177923,,16.800279,,,,,,903.822387,0.066146,0.000000,0.000000,0.000000,,-459.670013,1000.000000,,0.000000,0.000000,,,,0.047041,"SETFLOW",0.000000,0.997567,0.000000,,,,,"","",,,,7.177923,,0.000000,,0.000000,,,0.000000,0.000000,"",,,0.000000,,-1.000000,,0.000000,0.000000,-1.000000,-1.000000,,,,,,,,,,,"",,,,,,,,,,"Volumetric",,,,,,,,,,-0.327310,,,,,,,,,,-0.327310,-0.007855,,,,,,,,,,,,
"0BEC5D3C","Nodes",1117613.500000,1676690.120000,1313.064347,"Default Known Flow Node",69.999969,0.579999,1000.000000,0.000000,"Known Flow",0.000000,0.000000,2.16999993085665e-07,40.000000,0.579999,1000.000000,0.000000,0.000000,13.000000,0.000000,0.515372,0.579999,,,,7.166749,7.166749,,16.800279,,,,,,903.822387,0.066146,0.000000,0.000000,0.000000,,-459.670013,1000.000000,,0.000000,0.000000,,,,0.047040,"SETFLOW",0.000000,0.997567,0.000000,,,,,"","",,,,7.166749,,0.000000,,0.000000,,,0.000000,0.000000,"",,,0.000000,,-1.000000,,0.000000,0.000000,-1.000000,-1.000000,,,,,,,,,,,"",,,,,,,,,,"Volumetric",,,,,,,,,,-0.095783,,,,,,,,,,-0.095783,-0.002298,,,,,,,,,,,,
"0BEC5D39","Nodes",1117671.180674,1676687.217376,1313.064347,"Default Known Flow Node",69.999969,0.579999,1000.000000,0.000000,"Known Flow",0.000000,0.000000,2.16999993085665e-07,40.000000,0.579999,1000.000000,0.000000,0.000000,13.000000,0.000000,0.515372,0.579999,,,,7.160985,7.160985,,16.800279,,,,,,903.822387,0.066146,0.000000,0.000000,0.000000,,-459.670013,1000.000000,,0.000000,0.000000,,,,0.047039,"SETFLOW",0.000000,0.997567,0.000000,,,,,"","",,,,7.160985,,0.000000,,0.000000,,,0.000000,0.000000,"",,,0.000000,,-1.000000,,0.000000,0.000000,-1.000000,-1.000000,,,,,,,,,,,"",,,,,,,,,,"Volumetric",,,,,,,,,,-0.045835,,,,,,,,,,-0.045835,-0.001100,,,,,,,,,,,,
"2FC1652D","Nodes",1117662.903526,1676687.137861,1313.064347,"Default Known Flow Node",69.999969,0.579999,1000.000000,0.000000,"Known Flow",0.000000,0.000000,2.16999993085665e-07,40.000000,0.579999,1000.000000,0.000000,0.000000,13.000000,0.000000,0.515372,0.579999,,,,7.160991,7.160991,,16.800279,,,,,,903.822387,0.066146,0.000000,0.000000,0.000000,,-459.670013,1000.000000,,0.000000,0.000000,,,,0.047039,"UNDEFINED",0.000000,0.997567,0.000000,,,,,"","",,,,7.160991,,0.000000,,0.000000,,,0.000000,0.000000,"",,,0.000000,"V75869",-1.000000,,0.000000,0.000000,0.000000,-1.000000,,,,,,,,,,,"",,,,,,,,,,"Volumetric",,,,,,,,,,0.000000,,,,,,,,,,0.000000,0.000000,,,,,,,,,,,,
"0BEC5D38","Nodes",1117672.496643,1676661.452076,1313.064347,"Default Known Flow Node",69.999969,0.579999,1000.000000,0.000000,"Known Flow",0.000000,0.000000,2.16999993085665e-07,40.000000,0.579999,1000.000000,0.000000,0.000000,13.000000,0.000000,0.515372,0.579999,,,,7.162318,7.162318,,16.800279,,,,,,903.822387,0.066146,0.000000,0.000000,0.000000,,-459.670013,1000.000000,,0.000000,0.000000,,,,0.047039,"UNDEFINED",0.000000,0.997567,0.000000,,,,,"","",,,,7.162318,,0.000000,,0.000000,,,0.000000,0.000000,"",,,0.000000,"V75867",-1.000000,,0.000000,0.000000,-1.000000,-1.000000,,,,,,,,,,,"",,,,,,,,,,"Volumetric",,,,,,,,,,0.000000,,,,,,,,,,0.000000,0.000000,,,,,,,,,,,,
"2FC1652B","Nodes",1117670.770515,1676695.169572,1313.064347,"Default Known Flow Node",69.999969,0.579999,1000.000000,0.000000,"Known Flow",0.000000,0.000000,2.16999993085665e-07,40.000000,0.579999,1000.000000,0.000000,0.000000,13.000000,0.000000,0.515372,0.579999,,,,7.160462,7.160462,,16.800279,,,,,,903.822387,0.066146,0.000000,0.000000,0.000000,,-459.670013,1000.000000,,0.000000,0.000000,,,,0.047039,"UNDEFINED",0.000000,0.997567,0.000000,,,,,"","",,,,7.160462,,0.000000,,0.000000,,,0.000000,0.000000,"",,,0.000000,"V75868",-1.000000,,0.000000,0.000000,0.000000,-1.000000,,,,,,,,,,,"",,,,,,,,,,"Volumetric",,,,,,,,,,0.000000,,,,,,,,,,0.000000,0.000000,,,,,,,,,,,,
"Q3No661","Nodes",1117670.582787,1676698.345476,1313.064347,"Default Known Flow Node",69.999969,0.579999,1000.000000,0.000000,"Known Flow",0.000000,0.000000,2.16999993085665e-07,40.000000,0.579999,1000.000000,0.000000,0.000000,13.000000,0.000000,0.515372,0.579999,,,,7.160266,7.160266,,16.800279,,,,,,903.822387,0.066146,0.000000,0.000000,0.000000,,-459.670013,1000.000000,,0.000000,0.000000,,,,0.047039,"UNDEFINED",0.000000,0.997567,0.000000,,,,,"","",,,,7.160266,,0.000000,,0.000000,,,0.000000,0.000000,"",,,0.000000,,-1.000000,,0.000000,0.000000,0.000000,-1.000000,,,,,,,,,,,"",,,,,,,,,,"Volumetric",,,,,,,,,,0.000000,,,,,,,,,,0.000000,0.000000,,,,,,,,,,,,
"0BEC5D3B","Nodes",1117670.724320,1676713.135728,1313.064347,"Default Known Flow Node",69.999969,0.579999,1000.000000,0.000000,"Known Flow",0.000000,0.000000,2.16999993085665e-07,40.000000,0.579999,1000.000000,0.000000,0.000000,13.000000,0.000000,0.515372,0.579999,,,,7.153961,7.153961,,16.800279,,,,,,903.822387,0.066146,0.000000,0.000000,0.000000,,-459.670013,1000.000000,,0.000000,0.000000,,,,0.047038,"SETFLOW",0.000000,0.997567,0.000000,,,,,"","",,,,7.153961,,0.000000,,0.000000,,,0.000000,0.000000,"",,,0.000000,,-1.000000,,0.000000,0.000000,-1.000000,-1.000000,,,,,,,,,,,"",,,,,,,,,,"Volumetric",,,,,,,,,,-0.145144,,,,,,,,,,-0.145144,-0.003483,,,,,,,,,,,,
"0BEC5D76","Nodes",1117666.478862,1676899.979910,1313.064347,"Default Known Flow Node",69.999969,0.579999,1000.000000,0.000000,"Known Flow",0.000000,0.000000,2.16999993085665e-07,40.000000,0.579999,1000.000000,0.000000,0.000000,13.000000,0.000000,0.515372,0.579999,,,,7.105758,7.105758,,16.800279,,,,,,903.822387,0.066147,0.000000,0.000000,0.000000,,-459.670013,1000.000000,,0.000000,0.000000,,,,0.047033,"SETFLOW",0.000000,0.997568,0.000000,,,,,"","",,,,7.105758,,0.000000,,0.000000,,,0.000000,0.000000,"",,,0.000000,,-1.000000,,0.000000,0.000000,-1.000000,-1.000000,,,,,,,,,,,"",,,,,,,,,,"Volumetric",,,,,,,,,,-0.296166,,,,,,,,,,-0.296166,-0.007107,,,,,,,,,,,,
"2FB1F8A5","Nodes",1118240.000000,1676960.000000,1313.064347,"Default Known Flow Node",69.999969,0.579999,1000.000000,0.000000,"Known Flow",0.000000,0.000000,2.16999993085665e-07,40.000000,0.579999,1000.000000,0.000000,0.000000,13.000000,0.000000,0.515372,0.579999,,,,7.126207,7.126207,,16.800279,,,,,,903.822387,0.066146,0.000000,0.000000,0.000000,,-459.670013,1000.000000,,0.000000,0.000000,,,,0.047035,"SETFLOW",0.000000,0.997568,0.000000,,,,,"","",,,,7.126207,,0.000000,,0.000000,,,0.000000,0.000000,"",,,0.000000,,-1.000000,,0.000000,0.000000,-1.000000,-1.000000,,,,,,,,,,,"",,,,,,,,,,"Volumetric",,,,,,,,,,-0.446191,,,,,,,,,,-0.446191,-0.010708,,,,,,,,,,,,
"1891037AV","Nodes",1118247.244628,1676663.832726,1313.064347,"Default Known Flow Node",69.999969,0.579999,1000.000000,0.000000,"Known Flow",0.000000,0.000000,2.16999993085665e-07,40.000000,0.579999,1000.000000,0.000000,0.000000,13.000000,0.000000,0.515372,0.579999,,,,7.164818,7.164818,,16.800279,,,,,,903.822387,0.066146,0.000000,0.000000,0.000000,,-459.670013,1000.000000,,0.000000,0.000000,,,,0.047040,"SETFLOW",0.000000,0.997567,0.000000,,,,,"","",,,,7.164818,,0.000000,,0.000000,,,0.000000,0.000000,"",,,0.000000,"189-10 37 Ave, Q= 4.538 mcfh, Firm",-1.000000,,0.000000,0.000000,0.000000,-1.000000,,,,,,,,,,,"",,,"",,,,,,,"Volumetric",,,"Volumetric",,,,,,,0.000000,,,-4.538000,,,,,,,0.000000,0.000000,,,,,,,,,,,,
"0BEC5D7D","Nodes",1117329.860000,1676937.280000,1313.064347,"Default Known Flow Node",69.999969,0.579999,1000.000000,0.000000,"Known Flow",0.000000,0.000000,2.16999993085665e-07,40.000000,0.579999,1000.000000,0.000000,0.000000,13.000000,0.000000,0.515372,0.579999,,,,7.169304,7.169304,,16.800279,,,,,,903.822387,0.066146,0.000000,0.000000,0.000000,,-459.670013,1000.000000,,0.000000,0.000000,,,,0.047040,"SETFLOW",0.000000,0.997567,0.000000,,,,,"","",,,,7.169304,,0.000000,,0.000000,,,0.000000,0.000000,"",,,0.000000,,-1.000000,,0.000000,0.000000,-1.000000,-1.000000,,,,,,,,,,,"",,,,,,,,,,"Volumetric",,,,,,,,,,-0.275183,,,,,,,,,,-0.275183,-0.006604,,,,,,,,,,,,
"0BEC5D7E","Nodes",1117659.000000,1676941.870000,1313.064347,"Default Known Flow Node",69.999969,0.579999,1000.000000,0.000000,"Known Flow",0.000000,0.000000,2.16999993085665e-07,40.000000,0.579999,1000.000000,0.000000,0.000000,13.000000,0.000000,0.515372,0.579999,,,,7.095567,7.095567,,16.800279,,,,,,903.822387,0.066147,0.000000,0.000000,0.000000,,-459.670013,1000.000000,,0.000000,0.000000,,,,0.047032,"SETFLOW",0.000000,0.997568,0.000000,,,,,"","",,,,7.095567,,0.000000,,0.000000,,,0.000000,0.000000,"",,,0.000000,,-1.000000,,0.000000,0.000000,-1.000000,-1.000000,,,,,,,,,,,"",,,,,,,,,,"Volumetric",,,,,,,,,,-0.491847,,,,,,,,,,-0.491847,-0.011804,,,,,,,,,,,,
"0BEC5D7F","Nodes",1117665.562983,1676941.972809,1313.064347,"Default Known Flow Node",69.999969,0.579999,1000.000000,0.000000,"Known Flow",0.000000,0.000000,2.16999993085665e-07,40.000000,0.579999,1000.000000,0.000000,0.000000,13.000000,0.000000,0.515372,0.579999,,,,7.095558,7.095558,,16.800279,,,,,,903.822387,0.066147,0.000000,0.000000,0.000000,,-459.670013,1000.000000,,0.000000,0.000000,,,,0.047032,"SETFLOW",0.000000,0.997568,0.000000,,,,,"","",,,,7.095558,,0.000000,,0.000000,,,0.000000,0.000000,"",,,0.000000,,-1.000000,,0.000000,0.000000,-1.000000,-1.000000,,,,,,,,,,,"",,,,,,,,,,"Volumetric",,,,,,,,,,-0.590569,,,,,,,,,,-0.590569,-0.014173,,,,,,,,,,,,
"0BEC5D75","Nodes",1117966.250000,1676900.000000,1313.064347,"Default Known Flow Node",69.999969,0.579999,1000.000000,0.000000,"Known Flow",0.000000,0.000000,2.16999993085665e-07,40.000000,0.579999,1000.000000,0.000000,0.000000,13.000000,0.000000,0.515372,0.579999,,,,7.090200,7.090200,,16.800279,,,,,,903.822387,0.066147,0.000000,0.000000,0.000000,,-459.670013,1000.000000,,0.000000,0.000000,,,,0.047031,"UNDEFINED",0.000000,0.997568,0.000000,,,,,"","",,,,7.090200,,0.000000,,0.000000,,,0.000000,0.000000,"",,,0.000000,,-1.000000,,0.000000,0.000000,-1.000000,-1.000000,,,,,,,,,,,"",,,,,,,,,,"Volumetric",,,,,,,,,,0.000000,,,,,,,,,,0.000000,0.000000,,,,,,,,,,,,
"0BEC5D96","Nodes",1117963.250000,1676947.370000,1313.064347,"Default Known Flow Node",69.999969,0.579999,1000.000000,0.000000,"Known Flow",0.000000,0.000000,2.16999993085665e-07,40.000000,0.579999,1000.000000,0.000000,0.000000,13.000000,0.000000,0.515372,0.579999,,,,7.093525,7.093525,,16.800279,,,,,,903.822387,0.066147,0.000000,0.000000,0.000000,,-459.670013,1000.000000,,0.000000,0.000000,,,,0.047031,"UNDEFINED",0.000000,0.997568,0.000000,,,,,"","",,,,7.093525,,0.000000,,0.000000,,,0.000000,0.000000,"",,,0.000000,,-1.000000,,0.000000,0.000000,-1.000000,-1.000000,,,,,,,,,,,"",,,,,,,,,,"Volumetric",,,,,,,,,,0.000000,,,,,,,,,,0.000000,0.000000,,,,,,,,,,,,
"0BEC5D98","Nodes",1118129.620000,1676955.250000,1313.064347,"Default Known Flow Node",69.999969,0.579999,1000.000000,0.000000,"Known Flow",0.000000,0.000000,2.16999993085665e-07,40.000000,0.579999,1000.000000,0.000000,0.000000,13.000000,0.000000,0.515372,0.579999,,,,7.094829,7.094829,,16.800279,,,,,,903.822387,0.066147,0.000000,0.000000,0.000000,,-459.670013,1000.000000,,0.000000,0.000000,,,,0.047032,"SETFLOW",0.000000,0.997568,0.000000,,,,,"","",,,,7.094829,,0.000000,,0.000000,,,0.000000,0.000000,"",,,0.000000,,-1.000000,,0.000000,0.000000,-1.000000,-1.000000,,,,,,,,,,,"",,,,,,,,,,"Volumetric",,,,,,,,,,-1.265133,,,,,,,,,,-1.265133,-0.030363,,,,,,,,,,,,
"0BEC5D9A","Nodes",1118213.370000,1676959.000000,1313.064347,"Default Known Flow Node",69.999969,0.579999,1000.000000,0.000000,"Known Flow",0.000000,0.000000,2.16999993085665e-07,40.000000,0.579999,1000.000000,0.000000,0.000000,13.000000,0.000000,0.515372,0.579999,,,,7.120676,7.120676,,16.800279,,,,,,903.822387,0.066146,0.000000,0.000000,0.000000,,-459.670013,1000.000000,,0.000000,0.000000,,,,0.047035,"SETFLOW",0.000000,0.997568,0.000000,,,,,"","",,,,7.120676,,0.000000,,0.000000,,,0.000000,0.000000,"",,,0.000000,,-1.000000,,0.000000,0.000000,-1.000000,-1.000000,,,,,,,,,,,"",,,,,,,,,,"Volumetric",,,,,,,,,,-0.932975,,,,,,,,,,-0.932975,-0.022391,,,,,,,,,,,,
"2FB87284","Nodes",1118213.500000,1676955.500000,1313.064347,"Default Known Flow Node",69.999969,0.579999,1000.000000,0.000000,"Known Flow",0.000000,0.000000,2.16999993085665e-07,40.000000,0.579999,1000.000000,0.000000,0.000000,13.000000,0.000000,0.515372,0.579999,,,,7.120676,7.120676,,16.800279,,,,,,903.822387,0.066146,0.000000,0.000000,0.000000,,-459.670013,1000.000000,,0.000000,0.000000,,,,0.047035,"UNDEFINED",0.000000,0.997568,0.000000,,,,,"","",,,,7.120676,,0.000000,,0.000000,,,0.000000,0.000000,"",,,0.000000,,-1.000000,,0.000000,0.000000,-1.000000,-1.000000,,,,,,,,,,,"",,,,,,,,,,"Volumetric",,,,,,,,,,0.000000,,,,,,,,,,0.000000,0.000000,,,,,,,,,,,,
"0BEC5D99","Nodes",1118209.870000,1676958.870000,1313.064347,"Default Known Flow Node",69.999969,0.579999,1000.000000,0.000000,"Known Flow",0.000000,0.000000,2.16999993085665e-07,40.000000,0.579999,1000.000000,0.000000,0.000000,13.000000,0.000000,0.515372,0.579999,,,,7.119907,7.119907,,16.800279,,,,,,903.822387,0.066146,0.000000,0.000000,0.000000,,-459.670013,1000.000000,,0.000000,0.000000,,,,0.047034,"SETFLOW",0.000000,0.997568,0.000000,,,,,"","",,,,7.119907,,0.000000,,0.000000,,,0.000000,0.000000,"",,,0.000000,,-1.000000,,0.000000,0.000000,-1.000000,-1.000000,,,,,,,,,,,"",,,,,,,,,,"Volumetric",,,,,,,,,,-1.195352,,,,,,,,,,-1.195352,-0.028688,,,,,,,,,,,,
"2FB14F17","Nodes",1117957.750000,1677189.370000,1313.064347,"Default Known Flow Node",69.999969,0.579999,1000.000000,0.000000,"Known Flow",0.000000,0.000000,2.16999993085665e-07,40.000000,0.579999,1000.000000,0.000000,0.000000,13.000000,0.000000,0.515372,0.579999,,,,7.101749,7.101749,,16.800279,,,,,,903.822387,0.066147,0.000000,0.000000,0.000000,,-459.670013,1000.000000,,0.000000,0.000000,,,,0.047032,"UNDEFINED",0.000000,0.997568,0.000000,,,,,"","",,,,7.101749,,0.000000,,0.000000,,,0.000000,0.000000,"",,,0.000000,,-1.000000,,0.000000,0.000000,-1.000000,-1.000000,,,,,,,,,,,"",,,,,,,,,,"Volumetric",,,,,,,,,,0.000000,,,,,,,,,,0.000000,0.000000,,,,,,,,,,,,
"2FB91403","Nodes",1117644.870000,1677193.500000,1313.064347,"Default Known Flow Node",69.999969,0.579999,1000.000000,0.000000,"Known Flow",0.000000,0.000000,2.16999993085665e-07,40.000000,0.579999,1000.000000,0.000000,0.000000,13.000000,0.000000,0.515371,0.579999,,,,7.046523,7.046523,,16.800279,,,,,,903.822387,0.066147,0.000000,0.000000,0.000000,,-459.670013,1000.000000,,0.000000,0.000000,,,,0.047026,"UNDEFINED",0.000000,0.997568,0.000000,,,,,"","",,,,7.046523,,0.000000,,0.000000,,,0.000000,0.000000,"",,,0.000000,,-1.000000,,0.000000,0.000000,-1.000000,-1.000000,,,,,,,,,,,"",,,,,,,,,,"Volumetric",,,,,,,,,,0.000000,,,,,,,,,,0.000000,0.000000,,,,,,,,,,,,
"0BEC5D83","Nodes",1117639.250000,1677193.500000,1313.064347,"Default Known Flow Node",69.999969,0.579999,1000.000000,0.000000,"Known Flow",0.000000,0.000000,2.16999993085665e-07,40.000000,0.579999,1000.000000,0.000000,0.000000,13.000000,0.000000,0.515371,0.579999,,,,7.047510,7.047510,,16.800279,,,,,,903.822387,0.066147,0.000000,0.000000,0.000000,,-459.670013,1000.000000,,0.000000,0.000000,,,,0.047026,"SETFLOW",0.000000,0.997568,0.000000,,,,,"","",,,,7.047510,,0.000000,,0.000000,,,0.000000,0.000000,"",,,0.000000,,-1.000000,,0.000000,0.000000,-1.000000,-1.000000,,,,,,,,,,,"",,,,,,,,,,"Volumetric",,,,,,,,,,-0.117526,,,,,,,,,,-0.117526,-0.002820,,,,,,,,,,,,
"2FB8728D","Nodes",1117375.870000,1677187.250000,1313.064347,"Default Known Flow Node",69.999969,0.579999,1000.000000,0.000000,"Known Flow",0.000000,0.000000,2.16999993085665e-07,40.000000,0.579999,1000.000000,0.000000,0.000000,13.000000,0.000000,0.515372,0.579999,,,,7.103255,7.103255,,16.800279,,,,,,903.822387,0.066147,0.000000,0.000000,0.000000,,-459.670013,1000.000000,,0.000000,0.000000,,,,0.047033,"SETFLOW",0.000000,0.997568,0.000000,,,,,"","",,,,7.103255,,0.000000,,0.000000,,,0.000000,0.000000,"",,,0.000000,,-1.000000,,0.000000,0.000000,-1.000000,-1.000000,,,,,,,,,,,"",,,,,,,,,,"Volumetric",,,,,,,,,,-0.149631,,,,,,,,,,-0.149631,-0.003591,,,,,,,,,,,,
"2FB91402","Nodes",1117649.500000,1677193.750000,1313.064347,"Default Known Flow Node",69.999969,0.579999,1000.000000,0.000000,"Known Flow",0.000000,0.000000,2.16999993085665e-07,40.000000,0.579999,1000.000000,0.000000,0.000000,13.000000,0.000000,0.515371,0.579999,,,,7.041563,7.041563,,16.800279,,,,,,903.822387,0.066147,0.000000,0.000000,0.000000,,-459.670013,1000.000000,,0.000000,0.000000,,,,0.047026,"SETFLOW",0.000000,0.997568,0.000000,,,,,"","",,,,7.041563,,0.000000,,0.000000,,,0.000000,0.000000,"",,,0.000000,,-1.000000,,0.000000,0.000000,-1.000000,-1.000000,,,,,,,,,,,"",,,,,,,,,,"Volumetric",,,,,,,,,,-0.630528,,,,,,,,,,-0.630528,-0.015132,,,,,,,,,,,,
"RegF7406","Nodes",1117659.500000,1677193.750000,1313.064347,"Default Known Flow Node",69.999969,0.579999,1000.000000,0.000000,"Known Flow",0.000000,0.000000,2.16999993085665e-07,40.000000,0.579999,1000.000000,0.000000,0.000000,13.000000,0.000000,0.515371,0.579999,,,,7.035755,7.035755,,16.800279,,,,,,903.822387,0.066147,0.000000,0.000000,0.000000,,-459.670013,1000.000000,,0.000000,0.000000,,,,0.047025,"SETFLOW",0.000000,0.997568,0.000000,,,,,"","",,,,7.035755,,0.000000,,0.000000,,,0.000000,0.000000,"",,,0.000000,"190-17 Station Rd Temp Gauge",-1.000000,,0.000000,0.000000,-1.000000,-1.000000,,,,,,,,,,,"",,,,,,,,,,"Volumetric",,,,,,,,,,-16.380001,,,,,,,,,,-16.380001,-0.393120,,,,,,,,,,,,
"0BEC5D9C","Nodes",1118207.750000,1677211.500000,1313.064347,"Default Known Flow Node",69.999969,0.579999,1000.000000,0.000000,"Known Flow",0.000000,0.000000,2.16999993085665e-07,40.000000,0.579999,1000.000000,0.000000,0.000000,13.000000,0.000000,0.515372,0.579999,,,,7.130928,7.130928,,16.800279,,,,,,903.822387,0.066146,0.000000,0.000000,0.000000,,-459.670013,1000.000000,,0.000000,0.000000,,,,0.047036,"SETFLOW",0.000000,0.997568,0.000000,,,,,"","",,,,7.130928,,0.000000,,0.000000,,,0.000000,0.000000,"",,,0.000000,,-1.000000,,0.000000,0.000000,-1.000000,-1.000000,,,,,,,,,,,"",,,,,,,,,,"Volumetric",,,,,,,,,,-1.616831,,,,,,,,,,-1.616831,-0.038803,,,,,,,,,,,,
"0BEC5D9D","Nodes",1118211.620000,1677211.620000,1313.064347,"Default Known Flow Node",69.999969,0.579999,1000.000000,0.000000,"Known Flow",0.000000,0.000000,2.16999993085665e-07,40.000000,0.579999,1000.000000,0.000000,0.000000,13.000000,0.000000,0.515372,0.579999,,,,7.131258,7.131258,,16.800279,,,,,,903.822387,0.066146,0.000000,0.000000,0.000000,,-459.670013,1000.000000,,0.000000,0.000000,,,,0.047036,"UNDEFINED",0.000000,0.997568,0.000000,,,,,"","",,,,7.131258,,0.000000,,0.000000,,,0.000000,0.000000,"",,,0.000000,,-1.000000,,0.000000,0.000000,-1.000000,-1.000000,,,,,,,,,,,"",,,,,,,,,,"Volumetric",,,,,,,,,,0.000000,,,,,,,,,,0.000000,0.000000,,,,,,,,,,,,
"2FB1F8A7","Nodes",1118239.250000,1677211.870000,1313.064347,"Default Known Flow Node",69.999969,0.579999,1000.000000,0.000000,"Known Flow",0.000000,0.000000,2.16999993085665e-07,40.000000,0.579999,1000.000000,0.000000,0.000000,13.000000,0.000000,0.515372,0.579999,,,,7.133487,7.133487,,16.800279,,,,,,903.822387,0.066146,0.000000,0.000000,0.000000,,-459.670013,1000.000000,,0.000000,0.000000,,,,0.047036,"SETFLOW",0.000000,0.997568,0.000000,,,,,"","",,,,7.133487,,0.000000,,0.000000,,,0.000000,0.000000,"",,,0.000000,,-1.000000,,0.000000,0.000000,-1.000000,-1.000000,,,,,,,,,,,"",,,,,,,,,,"Volumetric",,,,,,,,,,-0.872265,,,,,,,,,,-0.872265,-0.020934,,,,,,,,,,,,
"0BEC5DAD","Nodes",1117638.370000,1677454.870000,1313.064347,"Default Known Flow Node",69.999969,0.579999,1000.000000,0.000000,"Known Flow",0.000000,0.000000,2.16999993085665e-07,40.000000,0.579999,1000.000000,0.000000,0.000000,13.000000,0.000000,0.515371,0.579999,,,,7.079269,7.079269,,16.800279,,,,,,903.822387,0.066147,0.000000,0.000000,0.000000,,-459.670013,1000.000000,,0.000000,0.000000,,,,0.047030,"SETFLOW",0.000000,0.997568,0.000000,,,,,"","",,,,7.079269,,0.000000,,0.000000,,,0.000000,0.000000,"",,,0.000000,,-1.000000,,0.000000,0.000000,-1.000000,-1.000000,,,,,,,,,,,"",,,,,,,,,,"Volumetric",,,,,,,,,,-3.302602,,,,,,,,,,-3.302602,-0.079262,,,,,,,,,,,,
"0BEC5D81","Nodes",1117657.620000,1677455.120000,1313.064347,"Default Known Flow Node",69.999969,0.579999,1000.000000,0.000000,"Known Flow",0.000000,0.000000,2.16999993085665e-07,40.000000,0.579999,1000.000000,0.000000,0.000000,13.000000,0.000000,0.515372,0.579999,,,,7.080266,7.080266,,16.800279,,,,,,903.822387,0.066147,0.000000,0.000000,0.000000,,-459.670013,1000.000000,,0.000000,0.000000,,,,0.047030,"SETFLOW",0.000000,0.997568,0.000000,,,,,"","",,,,7.080266,,0.000000,,0.000000,,,0.000000,0.000000,"",,,0.000000,,-1.000000,,0.000000,0.000000,-1.000000,-1.000000,,,,,,,,,,,"",,,,,,,,,,"Volumetric",,,,,,,,,,-0.278092,,,,,,,,,,-0.278092,-0.006674,,,,,,,,,,,,
"0BEC5D82","Nodes",1117672.750000,1677455.500000,1313.064347,"Default Known Flow Node",69.999969,0.579999,1000.000000,0.000000,"Known Flow",0.000000,0.000000,2.16999993085665e-07,40.000000,0.579999,1000.000000,0.000000,0.000000,13.000000,0.000000,0.515372,0.579999,,,,7.085819,7.085819,,16.800279,,,,,,903.822387,0.066147,0.000000,0.000000,0.000000,,-459.670013,1000.000000,,0.000000,0.000000,,,,0.047031,"UNDEFINED",0.000000,0.997568,0.000000,,,,,"","",,,,7.085819,,0.000000,,0.000000,,,0.000000,0.000000,"",,,0.000000,,-1.000000,,0.000000,0.000000,-1.000000,-1.000000,,,,,,,,,,,"",,,,,,,,,,"Volumetric",,,,,,,,,,0.000000,,,,,,,,,,0.000000,0.000000,,,,,,,,,,,,
"2FB1F404","Nodes",1117681.370000,1677455.750000,1313.064347,"Default Known Flow Node",69.999969,0.579999,1000.000000,0.000000,"Known Flow",0.000000,0.000000,2.16999993085665e-07,40.000000,0.579999,1000.000000,0.000000,0.000000,13.000000,0.000000,0.515372,0.579999,,,,7.086592,7.086592,,16.800279,,,,,,903.822387,0.066147,0.000000,0.000000,0.000000,,-459.670013,1000.000000,,0.000000,0.000000,,,,0.047031,"UNDEFINED",0.000000,0.997568,0.000000,,,,,"","",,,,7.086592,,0.000000,,0.000000,,,0.000000,0.000000,"",,,0.000000,,-1.000000,,0.000000,0.000000,-1.000000,-1.000000,,,,,,,,,,,"",,,,,,,,,,"Volumetric",,,,,,,,,,0.000000,,,,,,,,,,0.000000,0.000000,,,,,,,,,,,,
"2FB20CE6","Nodes",1117699.370000,1677456.370000,1313.064347,"Default Known Flow Node",69.999969,0.579999,1000.000000,0.000000,"Known Flow",0.000000,0.000000,2.16999993085665e-07,40.000000,0.579999,1000.000000,0.000000,0.000000,13.000000,0.000000,0.515372,0.579999,,,,7.088137,7.088137,,16.800279,,,,,,903.822387,0.066147,0.000000,0.000000,0.000000,,-459.670013,1000.000000,,0.000000,0.000000,,,,0.047031,"UNDEFINED",0.000000,0.997568,0.000000,,,,,"","",,,,7.088137,,0.000000,,0.000000,,,0.000000,0.000000,"",,,0.000000,,-1.000000,,0.000000,0.000000,-1.000000,-1.000000,,,,,,,,,,,"",,,,,,,,,,"Volumetric",,,,,,,,,,0.000000,,,,,,,,,,0.000000,0.000000,,,,,,,,,,,,
"2FB1F402","Nodes",1117672.620000,1677458.000000,1313.064347,"Default Known Flow Node",69.999969,0.579999,1000.000000,0.000000,"Known Flow",0.000000,0.000000,2.16999993085665e-07,40.000000,0.579999,1000.000000,0.000000,0.000000,13.000000,0.000000,0.515372,0.579999,,,,7.086084,7.086084,,16.800279,,,,,,903.822387,0.066147,0.000000,0.000000,0.000000,,-459.670013,1000.000000,,0.000000,0.000000,,,,0.047031,"UNDEFINED",0.000000,0.997568,0.000000,,,,,"","",,,,7.086084,,0.000000,,0.000000,,,0.000000,0.000000,"",,,0.000000,,-1.000000,,0.000000,0.000000,-1.000000,-1.000000,,,,,,,,,,,"",,,,,,,,,,"Volumetric",,,,,,,,,,0.000000,,,,,,,,,,0.000000,0.000000,,,,,,,,,,,,
"2FB1F403","Nodes",1117672.620000,1677461.500000,1313.064347,"Default Known Flow Node",69.999969,0.579999,1000.000000,0.000000,"Known Flow",0.000000,0.000000,2.16999993085665e-07,40.000000,0.579999,1000.000000,0.000000,0.000000,13.000000,0.000000,0.515372,0.579999,,,,7.087543,7.087543,,16.800279,,,,,,903.822387,0.066147,0.000000,0.000000,0.000000,,-459.670013,1000.000000,,0.000000,0.000000,,,,0.047031,"UNDEFINED",0.000000,0.997568,0.000000,,,,,"","",,,,7.087543,,0.000000,,0.000000,,,0.000000,0.000000,"",,,0.000000,,-1.000000,,0.000000,0.000000,-1.000000,-1.000000,,,,,,,,,,,"",,,,,,,,,,"Volumetric",,,,,,,,,,0.000000,,,,,,,,,,0.000000,0.000000,,,,,,,,,,,,
"0BEC5DA8","Nodes",1117949.250000,1677464.500000,1313.064347,"Default Known Flow Node",69.999969,0.579999,1000.000000,0.000000,"Known Flow",0.000000,0.000000,2.16999993085665e-07,40.000000,0.579999,1000.000000,0.000000,0.000000,13.000000,0.000000,0.515372,0.579999,,,,7.110920,7.110920,,16.800279,,,,,,903.822387,0.066147,0.000000,0.000000,0.000000,,-459.670013,1000.000000,,0.000000,0.000000,,,,0.047033,"SETFLOW",0.000000,0.997568,0.000000,,,,,"","",,,,7.110920,,0.000000,,0.000000,,,0.000000,0.000000,"",,,0.000000,,-1.000000,,0.000000,0.000000,-1.000000,-1.000000,,,,,,,,,,,"",,,,,,,,,,"Volumetric",,,,,,,,,,-0.072211,,,,,,,,,,-0.072211,-0.001733,,,,,,,,,,,,
"0BEC5D97","Nodes",1117952.620000,1677464.500000,1313.064347,"Default Known Flow Node",69.999969,0.579999,1000.000000,0.000000,"Known Flow",0.000000,0.000000,2.16999993085665e-07,40.000000,0.579999,1000.000000,0.000000,0.000000,13.000000,0.000000,0.515372,0.579999,,,,7.111128,7.111128,,16.800279,,,,,,903.822387,0.066147,0.000000,0.000000,0.000000,,-459.670013,1000.000000,,0.000000,0.000000,,,,0.047033,"SETFLOW",0.000000,0.997568,0.000000,,,,,"","",,,,7.111128,,0.000000,,0.000000,,,0.000000,0.000000,"",,,0.000000,,-1.000000,,0.000000,0.000000,-1.000000,-1.000000,,,,,,,,,,,"",,,,,,,,,,"Volumetric",,,,,,,,,,-0.497343,,,,,,,,,,-0.497343,-0.011936,,,,,,,,,,,,
"2FB20CE7","Nodes",1117699.370000,1677457.370000,1313.064347,"Default Known Flow Node",69.999969,0.579999,1000.000000,0.000000,"Known Flow",0.000000,0.000000,2.16999993085665e-07,40.000000,0.579999,1000.000000,0.000000,0.000000,13.000000,0.000000,0.515372,0.579999,,,,7.088137,7.088137,,16.800279,,,,,,903.822387,0.066147,0.000000,0.000000,0.000000,,-459.670013,1000.000000,,0.000000,0.000000,,,,0.047031,"SETFLOW",0.000000,0.997568,0.000000,,,,,"","",,,,7.088137,,0.000000,,0.000000,,,0.000000,0.000000,"",,,0.000000,,-1.000000,,0.000000,0.000000,-1.000000,-1.000000,,,,,,,,,,,"",,,,,,,,,,"Volumetric",,,,,,,,,,-0.162735,,,,,,,,,,-0.162735,-0.003905,,,,,,,,,,,,
"0BEC5DA7","Nodes",1117948.370000,1677482.750000,1313.064347,"Default Known Flow Node",69.999969,0.579999,1000.000000,0.000000,"Known Flow",0.000000,0.000000,2.16999993085665e-07,40.000000,0.579999,1000.000000,0.000000,0.000000,13.000000,0.000000,0.515372,0.579999,,,,7.112863,7.112863,,16.800279,,,,,,903.822387,0.066146,0.000000,0.000000,0.000000,,-459.670013,1000.000000,,0.000000,0.000000,,,,0.047034,"UNDEFINED",0.000000,0.997568,0.000000,,,,,"","",,,,7.112863,,0.000000,,0.000000,,,0.000000,0.000000,"",,,0.000000,"192-14 39 Ave, Q = -1.929 mcfh, AC = 0, Firm",-1.000000,,0.000000,0.000000,-1.000000,-1.000000,,,,,,,,,,,"",,,,,,,,,,"Volumetric",,,,,,,,,,0.000000,,,,,,,,,,0.000000,0.000000,,,,,,,,,,,,
"0BEC5D9F","Nodes",1118200.370000,1677474.370000,1313.064347,"Default Known Flow Node",69.999969,0.579999,1000.000000,0.000000,"Known Flow",0.000000,0.000000,2.16999993085665e-07,40.000000,0.579999,1000.000000,0.000000,0.000000,13.000000,0.000000,0.515372,0.579999,,,,7.142786,7.142786,,16.800279,,,,,,903.822387,0.066146,0.000000,0.000000,0.000000,,-459.670013,1000.000000,,0.000000,0.000000,,,,0.047037,"SETFLOW",0.000000,0.997568,0.000000,,,,,"","",,,,7.142786,,0.000000,,0.000000,,,0.000000,0.000000,"",,,0.000000,,-1.000000,,0.000000,0.000000,-1.000000,-1.000000,,,,,,,,,,,"",,,,,,,,,,"Volumetric",,,,,,,,,,-0.333201,,,,,,,,,,-0.333201,-0.007996,,,,,,,,,,,,
"0BEC5DA9","Nodes",1117956.000000,1677464.500000,1313.064347,"Default Known Flow Node",69.999969,0.579999,1000.000000,0.000000,"Known Flow",0.000000,0.000000,2.16999993085665e-07,40.000000,0.579999,1000.000000,0.000000,0.000000,13.000000,0.000000,0.515372,0.579999,,,,7.111531,7.111531,,16.800279,,,,,,903.822387,0.066147,0.000000,0.000000,0.000000,,-459.670013,1000.000000,,0.000000,0.000000,,,,0.047034,"SETFLOW",0.000000,0.997568,0.000000,,,,,"","",,,,7.111531,,0.000000,,0.000000,,,0.000000,0.000000,"",,,0.000000,,-1.000000,,0.000000,0.000000,-1.000000,-1.000000,,,,,,,,,,,"",,,,,,,,,,"Volumetric",,,,,,,,,,-0.692212,,,,,,,,,,-0.692212,-0.016613,,,,,,,,,,,,
"0BEC5D9E","Nodes",1118200.500000,1677471.370000,1313.064347,"Default Known Flow Node",69.999969,0.579999,1000.000000,0.000000,"Known Flow",0.000000,0.000000,2.16999993085665e-07,40.000000,0.579999,1000.000000,0.000000,0.000000,13.000000,0.000000,0.515372,0.579999,,,,7.141447,7.141447,,16.800279,,,,,,903.822387,0.066146,0.000000,0.000000,0.000000,,-459.670013,1000.000000,,0.000000,0.000000,,,,0.047037,"SETFLOW",0.000000,0.997568,0.000000,,,,,"","",,,,7.141447,,0.000000,,0.000000,,,0.000000,0.000000,"",,,0.000000,,-1.000000,,0.000000,0.000000,-1.000000,-1.000000,,,,,,,,,,,"",,,,,,,,,,"Volumetric",,,,,,,,,,-0.755873,,,,,,,,,,-0.755873,-0.018140,,,,,,,,,,,,
"2FB1F8A6","Nodes",1118240.000000,1677476.120000,1313.064347,"Default Known Flow Node",69.999969,0.579999,1000.000000,0.000000,"Known Flow",0.000000,0.000000,2.16999993085665e-07,40.000000,0.579999,1000.000000,0.000000,0.000000,13.000000,0.000000,0.515372,0.579999,,,,7.150114,7.150114,,16.800279,,,,,,903.822387,0.066146,0.000000,0.000000,0.000000,,-459.670013,1000.000000,,0.000000,0.000000,,,,0.047038,"SETFLOW",0.000000,0.997568,0.000000,,,,,"","",,,,7.150114,,0.000000,,0.000000,,,0.000000,0.000000,"",,,0.000000,,-1.000000,,0.000000,0.000000,-1.000000,-1.000000,,,,,,,,,,,"",,,,,,,,,,"Volumetric",,,,,,,,,,-1.627750,,,,,,,,,,-1.627750,-0.039066,,,,,,,,,,,,
"0BEC5DA6","Nodes",1117933.620000,1677960.750000,1313.064347,"Default Known Flow Node",69.999969,0.579999,1000.000000,0.000000,"Known Flow",0.000000,0.000000,2.16999993085665e-07,40.000000,0.579999,1000.000000,0.000000,0.000000,13.000000,0.000000,0.515372,0.579999,,,,7.161742,7.161742,,16.800279,,,,,,903.822387,0.066146,0.000000,0.000000,0.000000,,-459.670013,1000.000000,,0.000000,0.000000,,,,0.047039,"SETFLOW",0.000000,0.997567,0.000000,,,,,"","",,,,7.161742,,0.000000,,0.000000,,,0.000000,0.000000,"",,,0.000000,"193-24 39 Ave, Q = -2.004 mcfh, AC = 0, Firm",-1.000000,,0.000000,0.000000,-1.000000,-1.000000,,,,,,,,,,,"",,,"",,,,,,,"Volumetric",,,"Volumetric",,,,,,,0.000000,,,-2.004000,,,,,,,0.000000,0.000000,,,,,,,,,,,,
"0BEC5DAC","Nodes",1117672.000000,1677485.370000,1313.064347,"Default Known Flow Node",69.999969,0.579999,1000.000000,0.000000,"Known Flow",0.000000,0.000000,2.16999993085665e-07,40.000000,0.579999,1000.000000,0.000000,0.000000,13.000000,0.000000,0.515372,0.579999,,,,7.090727,7.090727,,16.800279,,,,,,903.822387,0.066147,0.000000,0.000000,0.000000,,-459.670013,1000.000000,,0.000000,0.000000,,,,0.047031,"SETFLOW",0.000000,0.997568,0.000000,,,,,"","",,,,7.090727,,0.000000,,0.000000,,,0.000000,0.000000,"",,,0.000000,,-1.000000,,0.000000,0.000000,-1.000000,-1.000000,,,,,,,,,,,"",,,,,,,,,,"Volumetric",,,,,,,,,,-0.526315,,,,,,,,,,-0.526315,-0.012631,,,,,,,,,,,,
"0BEC5D84","Nodes",1117223.000000,1677706.120000,1313.064347,"Default Known Flow Node",69.999969,0.579999,1000.000000,0.000000,"Known Flow",0.000000,0.000000,2.16999993085665e-07,40.000000,0.579999,1000.000000,0.000000,0.000000,13.000000,0.000000,0.515372,0.579999,,,,7.235773,7.235773,,16.800279,,,,,,903.822387,0.066146,0.000000,0.000000,0.000000,,-459.670013,1000.000000,,0.000000,0.000000,,,,0.047048,"SETFLOW",0.000000,0.997567,0.000000,,,,,"","",,,,7.235773,,0.000000,,0.000000,,,0.000000,0.000000,"",,,0.000000,,-1.000000,,0.000000,0.000000,-1.000000,-1.000000,,,,,,,,,,,"",,,,,,,,,,"Volumetric",,,,,,,,,,-0.130921,,,,,,,,,,-0.130921,-0.003142,,,,,,,,,,,,
"0BEC5D85","Nodes",1117524.870000,1677706.370000,1313.064347,"Default Known Flow Node",69.999969,0.579999,1000.000000,0.000000,"Known Flow",0.000000,0.000000,2.16999993085665e-07,40.000000,0.579999,1000.000000,0.000000,0.000000,13.000000,0.000000,0.515372,0.579999,,,,7.125497,7.125497,,16.800279,,,,,,903.822387,0.066146,0.000000,0.000000,0.000000,,-459.670013,1000.000000,,0.000000,0.000000,,,,0.047035,"SETFLOW",0.000000,0.997568,0.000000,,,,,"","",,,,7.125497,,0.000000,,0.000000,,,0.000000,0.000000,"",,,0.000000,,-1.000000,,0.000000,0.000000,-1.000000,-1.000000,,,,,,,,,,,"",,,,,,,,,,"Volumetric",,,,,,,,,,-0.144698,,,,,,,,,,-0.144698,-0.003472,,,,,,,,,,,,
"0BEC5D86","Nodes",1117532.620000,1677708.750000,1313.064347,"Default Known Flow Node",69.999969,0.579999,1000.000000,0.000000,"Known Flow",0.000000,0.000000,2.16999993085665e-07,40.000000,0.579999,1000.000000,0.000000,0.000000,13.000000,0.000000,0.515372,0.579999,,,,7.110793,7.110793,,16.800279,,,,,,903.822387,0.066147,0.000000,0.000000,0.000000,,-459.670013,1000.000000,,0.000000,0.000000,,,,0.047033,"SETFLOW",0.000000,0.997568,0.000000,,,,,"","",,,,7.110793,,0.000000,,0.000000,,,0.000000,0.000000,"",,,0.000000,,-1.000000,,0.000000,0.000000,-1.000000,-1.000000,,,,,,,,,,,"",,,,,,,,,,"Volumetric",,,,,,,,,,-1.275657,,,,,,,,,,-1.275657,-0.030615,,,,,,,,,,,,
"0BEC5D87","Nodes",1117544.000000,1677709.120000,1313.064347,"Default Known Flow Node",69.999969,0.579999,1000.000000,0.000000,"Known Flow",0.000000,0.000000,2.16999993085665e-07,40.000000,0.579999,1000.000000,0.000000,0.000000,13.000000,0.000000,0.515372,0.579999,,,,7.101662,7.101662,,16.800279,,,,,,903.822387,0.066147,0.000000,0.000000,0.000000,,-459.670013,1000.000000,,0.000000,0.000000,,,,0.047032,"SETFLOW",0.000000,0.997568,0.000000,,,,,"","",,,,7.101662,,0.000000,,0.000000,,,0.000000,0.000000,"",,,0.000000,,-1.000000,,0.000000,0.000000,-1.000000,-1.000000,,,,,,,,,,,"",,,,,,,,,,"Volumetric",,,,,,,,,,-2.482984,,,,,,,,,,-2.482984,-0.059591,,,,,,,,,,,,
"0BEC5D88","Nodes",1117577.000000,1677709.620000,1313.064347,"Default Known Flow Node",69.999969,0.579999,1000.000000,0.000000,"Known Flow",0.000000,0.000000,2.16999993085665e-07,40.000000,0.579999,1000.000000,0.000000,0.000000,13.000000,0.000000,0.515372,0.579999,,,,7.101817,7.101817,,16.800279,,,,,,903.822387,0.066147,0.000000,0.000000,0.000000,,-459.670013,1000.000000,,0.000000,0.000000,,,,0.047032,"SETFLOW",0.000000,0.997568,0.000000,,,,,"","",,,,7.101817,,0.000000,,0.000000,,,0.000000,0.000000,"",,,0.000000,,-1.000000,,0.000000,0.000000,-1.000000,-1.000000,,,,,,,,,,,"",,,,,,,,,,"Volumetric",,,,,,,,,,-1.215366,,,,,,,,,,-1.215366,-0.029168,,,,,,,,,,,,
"0BEC5D89","Nodes",1117584.620000,1677709.500000,1313.064347,"Default Known Flow Node",69.999969,0.579999,1000.000000,0.000000,"Known Flow",0.000000,0.000000,2.16999993085665e-07,40.000000,0.579999,1000.000000,0.000000,0.000000,13.000000,0.000000,0.515372,0.579999,,,,7.103974,7.103974,,16.800279,,,,,,903.822387,0.066147,0.000000,0.000000,0.000000,,-459.670013,1000.000000,,0.000000,0.000000,,,,0.047033,"UNDEFINED",0.000000,0.997568,0.000000,,,,,"","",,,,7.103974,,0.000000,,0.000000,,,0.000000,0.000000,"",,,0.000000,,-1.000000,,0.000000,0.000000,-1.000000,-1.000000,,,,,,,,,,,"",,,,,,,,,,"Volumetric",,,,,,,,,,0.000000,,,,,,,,,,0.000000,0.000000,,,,,,,,,,,,
"0BEC5D8A","Nodes",1117666.000000,1677711.120000,1313.064347,"Default Known Flow Node",69.999969,0.579999,1000.000000,0.000000,"Known Flow",0.000000,0.000000,2.16999993085665e-07,40.000000,0.579999,1000.000000,0.000000,0.000000,13.000000,0.000000,0.515372,0.579999,,,,7.125814,7.125814,,16.800279,,,,,,903.822387,0.066146,0.000000,0.000000,0.000000,,-459.670013,1000.000000,,0.000000,0.000000,,,,0.047035,"SETFLOW",0.000000,0.997568,0.000000,,,,,"","",,,,7.125814,,0.000000,,0.000000,,,0.000000,0.000000,"",,,0.000000,,-1.000000,,0.000000,0.000000,-1.000000,-1.000000,,,,,,,,,,,"",,,,,,,,,,"Volumetric",,,,,,,,,,-0.418683,,,,,,,,,,-0.418683,-0.010048,,,,,,,,,,,,
"0BEC5D94","Nodes",1117665.250000,1677745.250000,1313.064347,"Default Known Flow Node",69.999969,0.579999,1000.000000,0.000000,"Known Flow",0.000000,0.000000,2.16999993085665e-07,40.000000,0.579999,1000.000000,0.000000,0.000000,13.000000,0.000000,0.515372,0.579999,,,,7.133765,7.133765,,16.800279,,,,,,903.822387,0.066146,0.000000,0.000000,0.000000,,-459.670013,1000.000000,,0.000000,0.000000,,,,0.047036,"UNDEFINED",0.000000,0.997568,0.000000,,,,,"","",,,,7.133765,,0.000000,,0.000000,,,0.000000,0.000000,"",,,0.000000,,-1.000000,,0.000000,0.000000,-1.000000,-1.000000,,,,,,,,,,,"",,,,,,,,,,"Volumetric",,,,,,,,,,0.000000,,,,,,,,,,0.000000,0.000000,,,,,,,,,,,,
"0BEC5DA0","Nodes",1118193.120000,1677720.870000,1313.064347,"Default Known Flow Node",69.999969,0.579999,1000.000000,0.000000,"Known Flow",0.000000,0.000000,2.16999993085665e-07,40.000000,0.579999,1000.000000,0.000000,0.000000,13.000000,0.000000,0.515372,0.579999,,,,7.153297,7.153297,,16.800279,,,,,,903.822387,0.066146,0.000000,0.000000,0.000000,,-459.670013,1000.000000,,0.000000,0.000000,,,,0.047038,"SETFLOW",0.000000,0.997568,0.000000,,,,,"","",,,,7.153297,,0.000000,,0.000000,,,0.000000,0.000000,"",,,0.000000,,-1.000000,,0.000000,0.000000,-1.000000,-1.000000,,,,,,,,,,,"",,,,,,,,,,"Volumetric",,,,,,,,,,-0.373309,,,,,,,,,,-0.373309,-0.008959,,,,,,,,,,,,
"2FB1F8A8","Nodes",1118197.750000,1677721.000000,1313.064347,"Default Known Flow Node",69.999969,0.579999,1000.000000,0.000000,"Known Flow",0.000000,0.000000,2.16999993085665e-07,40.000000,0.579999,1000.000000,0.000000,0.000000,13.000000,0.000000,0.515372,0.579999,,,,7.153748,7.153748,,16.800279,,,,,,903.822387,0.066146,0.000000,0.000000,0.000000,,-459.670013,1000.000000,,0.000000,0.000000,,,,0.047038,"UNDEFINED",0.000000,0.997568,0.000000,,,,,"","",,,,7.153748,,0.000000,,0.000000,,,0.000000,0.000000,"",,,0.000000,,-1.000000,,0.000000,0.000000,-1.000000,-1.000000,,,,,,,,,,,"",,,,,,,,,,"Volumetric",,,,,,,,,,0.000000,,,,,,,,,,0.000000,0.000000,,,,,,,,,,,,
"0BEC5DF4","Nodes",1118240.000000,1677723.000000,1313.064347,"Default Known Flow Node",69.999969,0.579999,1000.000000,0.000000,"Known Flow",0.000000,0.000000,2.16999993085665e-07,40.000000,0.579999,1000.000000,0.000000,0.000000,13.000000,0.000000,0.515372,0.579999,,,,7.158846,7.158846,,16.800279,,,,,,903.822387,0.066146,0.000000,0.000000,0.000000,,-459.670013,1000.000000,,0.000000,0.000000,,,,0.047039,"SETFLOW",0.000000,0.997567,0.000000,,,,,"","",,,,7.158846,,0.000000,,0.000000,,,0.000000,0.000000,"",,,0.000000,,-1.000000,,0.000000,0.000000,-1.000000,-1.000000,,,,,,,,,,,"",,,,,,,,,,"Volumetric",,,,,,,,,,-0.122790,,,,,,,,,,-0.122790,-0.002946,,,,,,,,,,,,
"0BEC5D8E","Nodes",1117660.000000,1677956.000000,1313.064347,"Default Known Flow Node",69.999969,0.579999,1000.000000,0.000000,"Known Flow",0.000000,0.000000,2.16999993085665e-07,40.000000,0.579999,1000.000000,0.000000,0.000000,13.000000,0.000000,0.515372,0.579999,,,,7.187541,7.187541,,16.800279,,,,,,903.822387,0.066146,0.000000,0.000000,0.000000,,-459.670013,1000.000000,,0.000000,0.000000,,,,0.047042,"UNDEFINED",0.000000,0.997567,0.000000,,,,,"","",,,,7.187541,,0.000000,,0.000000,,,0.000000,0.000000,"",,,0.000000,,-1.000000,,0.000000,0.000000,-1.000000,-1.000000,,,,,,,,,,,"",,,,,,,,,,"Volumetric",,,,,,,,,,0.000000,,,,,,,,,,0.000000,0.000000,,,,,,,,,,,,
"0BEC5D93","Nodes",1117665.250000,1677744.250000,1313.064347,"Default Known Flow Node",69.999969,0.579999,1000.000000,0.000000,"Known Flow",0.000000,0.000000,2.16999993085665e-07,40.000000,0.579999,1000.000000,0.000000,0.000000,13.000000,0.000000,0.515372,0.579999,,,,7.133765,7.133765,,16.800279,,,,,,903.822387,0.066146,0.000000,0.000000,0.000000,,-459.670013,1000.000000,,0.000000,0.000000,,,,0.047036,"SETFLOW",0.000000,0.997568,0.000000,,,,,"","",,,,7.133765,,0.000000,,0.000000,,,0.000000,0.000000,"",,,0.000000,,-1.000000,,0.000000,0.000000,-1.000000,-1.000000,,,,,,,,,,,"",,,,,,,,,,"Volumetric",,,,,,,,,,-0.233288,,,,,,,,,,-0.233288,-0.005598,,,,,,,,,,,,
"0BEC5D8B","Nodes",1117299.370000,1677947.370000,1313.064347,"Default Known Flow Node",69.999969,0.579999,1000.000000,0.000000,"Known Flow",0.000000,0.000000,2.16999993085665e-07,40.000000,0.579999,1000.000000,0.000000,0.000000,13.000000,0.000000,0.515372,0.579999,,,,7.205058,7.205058,,16.800279,,,,,,903.822387,0.066146,0.000000,0.000000,0.000000,,-459.670013,1000.000000,,0.000000,0.000000,,,,0.047044,"SETFLOW",0.000000,0.997567,0.000000,,,,,"","",,,,7.205058,,0.000000,,0.000000,,,0.000000,0.000000,"",,,0.000000,,-1.000000,,0.000000,0.000000,-1.000000,-1.000000,,,,,,,,,,,"",,,,,,,,,,"Volumetric",,,,,,,,,,-0.319959,,,,,,,,,,-0.319959,-0.007679,,,,,,,,,,,,
"0BEC5D8C","Nodes",1117519.500000,1677954.250000,1313.064347,"Default Known Flow Node",69.999969,0.579999,1000.000000,0.000000,"Known Flow",0.000000,0.000000,2.16999993085665e-07,40.000000,0.579999,1000.000000,0.000000,0.000000,13.000000,0.000000,0.515372,0.579999,,,,7.188371,7.188371,,16.800279,,,,,,903.822387,0.066146,0.000000,0.000000,0.000000,,-459.670013,1000.000000,,0.000000,0.000000,,,,0.047042,"SETFLOW",0.000000,0.997567,0.000000,,,,,"","",,,,7.188371,,0.000000,,0.000000,,,0.000000,0.000000,"",,,0.000000,,-1.000000,,0.000000,0.000000,-1.000000,-1.000000,,,,,,,,,,,"",,,,,,,,,,"Volumetric",,,,,,,,,,-0.414500,,,,,,,,,,-0.414500,-0.009948,,,,,,,,,,,,
"0BEC5D8D","Nodes",1117628.370000,1677955.370000,1313.064347,"Default Known Flow Node",69.999969,0.579999,1000.000000,0.000000,"Known Flow",0.000000,0.000000,2.16999993085665e-07,40.000000,0.579999,1000.000000,0.000000,0.000000,13.000000,0.000000,0.515372,0.579999,,,,7.187791,7.187791,,16.800279,,,,,,903.822387,0.066146,0.000000,0.000000,0.000000,,-459.670013,1000.000000,,0.000000,0.000000,,,,0.047042,"SETFLOW",0.000000,0.997567,0.000000,,,,,"","",,,,7.187791,,0.000000,,0.000000,,,0.000000,0.000000,"",,,0.000000,,-1.000000,,0.000000,0.000000,-1.000000,-1.000000,,,,,,,,,,,"",,,,,,,,,,"Volumetric",,,,,,,,,,-0.219898,,,,,,,,,,-0.219898,-0.005277,,,,,,,,,,,,
"0BEC5D92","Nodes",1117654.000000,1678209.500000,1313.064347,"Default Known Flow Node",69.999969,0.579999,1000.000000,0.000000,"Known Flow",0.000000,0.000000,2.16999993085665e-07,40.000000,0.579999,1000.000000,0.000000,0.000000,13.000000,0.000000,0.515372,0.579999,,,,7.249126,7.249126,,16.800279,,,,,,903.822387,0.066146,0.000000,0.000000,0.000000,,-459.670013,1000.000000,,0.000000,0.000000,,,,0.047049,"SETFLOW",0.000000,0.997567,0.000000,,,,,"","",,,,7.249126,,0.000000,,0.000000,,,0.000000,0.000000,"",,,0.000000,,-1.000000,,0.000000,0.000000,-1.000000,-1.000000,,,,,,,,,,,"",,,,,,,,,,"Volumetric",,,,,,,,,,-0.131578,,,,,,,,,,-0.131578,-0.003157,,,,,,,,,,,,
"0BEC5DA5","Nodes",1117926.120000,1678211.750000,1313.064347,"Default Known Flow Node",69.999969,0.579999,1000.000000,0.000000,"Known Flow",0.000000,0.000000,2.16999993085665e-07,40.000000,0.579999,1000.000000,0.000000,0.000000,13.000000,0.000000,0.515372,0.579999,,,,7.166265,7.166265,,16.800279,,,,,,903.822387,0.066146,0.000000,0.000000,0.000000,,-459.670013,1000.000000,,0.000000,0.000000,,,,0.047040,"UNDEFINED",0.000000,0.997567,0.000000,,,,,"","",,,,7.166265,,0.000000,,0.000000,,,0.000000,0.000000,"",,,0.000000,"194-12 39 Ave, Q = -2.004 mcfh, AC =0, Firm",-1.000000,,0.000000,0.000000,-1.000000,-1.000000,,,,,,,,,,,"",,,,,,,,,,"Volumetric",,,,,,,,,,0.000000,,,,,,,,,,0.000000,0.000000,,,,,,,,,,,,
"0BEC5DA1","Nodes",1118186.620000,1677916.120000,1313.064347,"Default Known Flow Node",69.999969,0.579999,1000.000000,0.000000,"Known Flow",0.000000,0.000000,2.16999993085665e-07,40.000000,0.579999,1000.000000,0.000000,0.000000,13.000000,0.000000,0.515372,0.579999,,,,7.154999,7.154999,,16.800279,,,,,,903.822387,0.066146,0.000000,0.000000,0.000000,,-459.670013,1000.000000,,0.000000,0.000000,,,,0.047038,"SETFLOW",0.000000,0.997567,0.000000,,,,,"","",,,,7.154999,,0.000000,,0.000000,,,0.000000,0.000000,"",,,0.000000,,-1.000000,,0.000000,0.000000,-1.000000,-1.000000,,,,,,,,,,,"",,,,,,,,,,"Volumetric",,,,,,,,,,-0.209176,,,,,,,,,,-0.209176,-0.005020,,,,,,,,,,,,
"0BEC5DA2","Nodes",1118185.120000,1677973.620000,1313.064347,"Default Known Flow Node",69.999969,0.579999,1000.000000,0.000000,"Known Flow",0.000000,0.000000,2.16999993085665e-07,40.000000,0.579999,1000.000000,0.000000,0.000000,13.000000,0.000000,0.515372,0.579999,,,,7.163187,7.163187,,16.800279,,,,,,903.822387,0.066146,0.000000,0.000000,0.000000,,-459.670013,1000.000000,,0.000000,0.000000,,,,0.047039,"SETFLOW",0.000000,0.997567,0.000000,,,,,"","",,,,7.163187,,0.000000,,0.000000,,,0.000000,0.000000,"",,,0.000000,,-1.000000,,0.000000,0.000000,-1.000000,-1.000000,,,,,,,,,,,"",,,,,,,,,,"Volumetric",,,,,,,,,,-0.864472,,,,,,,,,,-0.864472,-0.020747,,,,,,,,,,,,
"0BEC5DA3","Nodes",1118182.500000,1678089.120000,1313.064347,"Default Known Flow Node",69.999969,0.579999,1000.000000,0.000000,"Known Flow",0.000000,0.000000,2.16999993085665e-07,40.000000,0.579999,1000.000000,0.000000,0.000000,13.000000,0.000000,0.515372,0.579999,,,,7.161421,7.161421,,16.800279,,,,,,903.822387,0.066146,0.000000,0.000000,0.000000,,-459.670013,1000.000000,,0.000000,0.000000,,,,0.047039,"SETFLOW",0.000000,0.997567,0.000000,,,,,"","",,,,7.161421,,0.000000,,0.000000,,,0.000000,0.000000,"",,,0.000000,,-1.000000,,0.000000,0.000000,-1.000000,-1.000000,,,,,,,,,,,"",,,,,,,,,,"Volumetric",,,,,,,,,,-0.534973,,,,,,,,,,-0.534973,-0.012839,,,,,,,,,,,,
"0BEC5DAA","Nodes",1118178.870000,1678224.870000,1313.064347,"Default Known Flow Node",69.999969,0.579999,1000.000000,0.000000,"Known Flow",0.000000,0.000000,2.16999993085665e-07,40.000000,0.579999,1000.000000,0.000000,0.000000,13.000000,0.000000,0.515372,0.579999,,,,7.165125,7.165125,,16.800279,,,,,,903.822387,0.066146,0.000000,0.000000,0.000000,,-459.670013,1000.000000,,0.000000,0.000000,,,,0.047040,"UNDEFINED",0.000000,0.997567,0.000000,,,,,"","",,,,7.165125,,0.000000,,0.000000,,,0.000000,0.000000,"",,,0.000000,,-1.000000,,0.000000,0.000000,-1.000000,-1.000000,,,,,,,,,,,"",,,,,,,,,,"Volumetric",,,,,,,,,,0.000000,,,,,,,,,,0.000000,0.000000,,,,,,,,,,,,
"0BEC5DA4","Nodes",1118179.620000,1678197.250000,1313.064347,"Default Known Flow Node",69.999969,0.579999,1000.000000,0.000000,"Known Flow",0.000000,0.000000,2.16999993085665e-07,40.000000,0.579999,1000.000000,0.000000,0.000000,13.000000,0.000000,0.515372,0.579999,,,,7.162901,7.162901,,16.800279,,,,,,903.822387,0.066146,0.000000,0.000000,0.000000,,-459.670013,1000.000000,,0.000000,0.000000,,,,0.047039,"SETFLOW",0.000000,0.997567,0.000000,,,,,"","",,,,7.162901,,0.000000,,0.000000,,,0.000000,0.000000,"",,,0.000000,,-1.000000,,0.000000,0.000000,-1.000000,-1.000000,,,,,,,,,,,"",,,,,,,,,,"Volumetric",,,,,,,,,,-0.349244,,,,,,,,,,-0.349244,-0.008381,,,,,,,,,,,,
"0BEC5D8F","Nodes",1117395.620000,1678203.120000,1313.064347,"Default Known Flow Node",69.999969,0.579999,1000.000000,0.000000,"Known Flow",0.000000,0.000000,2.16999993085665e-07,40.000000,0.579999,1000.000000,0.000000,0.000000,13.000000,0.000000,0.515373,0.579999,,,,7.414477,7.414477,,16.800279,,,,,,903.822387,0.066146,0.000000,0.000000,0.000000,,-459.670013,1000.000000,,0.000000,0.000000,,,,0.047068,"SETFLOW",0.000000,0.997566,0.000000,,,,,"","",,,,7.414477,,0.000000,,0.000000,,,0.000000,0.000000,"",,,0.000000,,-1.000000,,0.000000,0.000000,-1.000000,-1.000000,,,,,,,,,,,"",,,,,,,,,,"Volumetric",,,,,,,,,,-0.041701,,,,,,,,,,-0.041701,-0.001000,,,,,,,,,,,,
"0BEC5D90","Nodes",1117494.870000,1678205.620000,1313.064347,"Default Known Flow Node",69.999969,0.579999,1000.000000,0.000000,"Known Flow",0.000000,0.000000,2.16999993085665e-07,40.000000,0.579999,1000.000000,0.000000,0.000000,13.000000,0.000000,0.515373,0.579999,,,,7.349655,7.349655,,16.800279,,,,,,903.822387,0.066146,0.000000,0.000000,0.000000,,-459.670013,1000.000000,,0.000000,0.000000,,,,0.047061,"SETFLOW",0.000000,0.997566,0.000000,,,,,"","",,,,7.349655,,0.000000,,0.000000,,,0.000000,0.000000,"",,,0.000000,,-1.000000,,0.000000,0.000000,-1.000000,-1.000000,,,,,,,,,,,"",,,,,,,,,,"Volumetric",,,,,,,,,,-0.017584,,,,,,,,,,-0.017584,-0.000422,,,,,,,,,,,,
"0BEC5D91","Nodes",1117515.500000,1678206.250000,1313.064347,"Default Known Flow Node",69.999969,0.579999,1000.000000,0.000000,"Known Flow",0.000000,0.000000,2.16999993085665e-07,40.000000,0.579999,1000.000000,0.000000,0.000000,13.000000,0.000000,0.515373,0.579999,,,,7.336098,7.336098,,16.800279,,,,,,903.822387,0.066146,0.000000,0.000000,0.000000,,-459.670013,1000.000000,,0.000000,0.000000,,,,0.047059,"SETFLOW",0.000000,0.997566,0.000000,,,,,"","",,,,7.336098,,0.000000,,0.000000,,,0.000000,0.000000,"",,,0.000000,,-1.000000,,0.000000,0.000000,-1.000000,-1.000000,,,,,,,,,,,"",,,,,,,,,,"Volumetric",,,,,,,,,,-0.038184,,,,,,,,,,-0.038184,-0.000916,,,,,,,,,,,,
"0BEC5DF6","Nodes",1117924.000000,1678280.000000,1313.064347,"Default Known Flow Node",69.999969,0.579999,1000.000000,0.000000,"Known Flow",0.000000,0.000000,2.16999993085665e-07,40.000000,0.579999,1000.000000,0.000000,0.000000,13.000000,0.000000,0.515372,0.579999,,,,7.168748,7.168748,,16.800279,,,,,,903.822387,0.066146,0.000000,0.000000,0.000000,,-459.670013,1000.000000,,0.000000,0.000000,,,,0.047040,"SETFLOW",0.000000,0.997567,0.000000,,,,,"","",,,,7.168748,,0.000000,,0.000000,,,0.000000,0.000000,"",,,0.000000,,-1.000000,,0.000000,0.000000,-1.000000,-1.000000,,,,,,,,,,,"",,,,,,,,,,"Volumetric",,,,,,,,,,-0.305684,,,,,,,,,,-0.305684,-0.007336,,,,,,,,,,,,
"0BEC5D95","Nodes",1118176.250000,1678228.370000,1313.064347,"Default Known Flow Node",69.999969,0.579999,1000.000000,0.000000,"Known Flow",0.000000,0.000000,2.16999993085665e-07,40.000000,0.579999,1000.000000,0.000000,0.000000,13.000000,0.000000,0.515372,0.579999,,,,7.165613,7.165613,,16.800279,,,,,,903.822387,0.066146,0.000000,0.000000,0.000000,,-459.670013,1000.000000,,0.000000,0.000000,,,,0.047040,"SETFLOW",0.000000,0.997567,0.000000,,,,,"","",,,,7.165613,,0.000000,,0.000000,,,0.000000,0.000000,"",,,0.000000,,-1.000000,,0.000000,0.000000,-1.000000,-1.000000,,,,,,,,,,,"",,,,,,,,,,"Volumetric",,,,,,,,,,-0.106747,,,,,,,,,,-0.106747,-0.002561,,,,,,,,,,,,
"2FB28091","Nodes",1118176.250000,1678224.750000,1313.064347,"Default Known Flow Node",69.999969,0.579999,1000.000000,0.000000,"Known Flow",0.000000,0.000000,2.16999993085665e-07,40.000000,0.579999,1000.000000,0.000000,0.000000,13.000000,0.000000,0.515372,0.579999,,,,7.165127,7.165127,,16.800279,,,,,,903.822387,0.066146,0.000000,0.000000,0.000000,,-459.670013,1000.000000,,0.000000,0.000000,,,,0.047040,"SETFLOW",0.000000,0.997567,0.000000,,,,,"","",,,,7.165127,,0.000000,,0.000000,,,0.000000,0.000000,"",,,0.000000,,-1.000000,,0.000000,0.000000,-1.000000,-1.000000,,,,,,,,,,,"",,,,,,,,,,"Volumetric",,,,,,,,,,-0.331967,,,,,,,,,,-0.331967,-0.007967,,,,,,,,,,,,
"2FB1F8A4","Nodes",1118240.000000,1678226.620000,1313.064347,"Default Known Flow Node",69.999969,0.579999,1000.000000,0.000000,"Known Flow",0.000000,0.000000,2.16999993085665e-07,40.000000,0.579999,1000.000000,0.000000,0.000000,13.000000,0.000000,0.515372,0.579999,,,,7.164848,7.164848,,16.800279,,,,,,903.822387,0.066146,0.000000,0.000000,0.000000,,-459.670013,1000.000000,,0.000000,0.000000,,,,0.047040,"SETFLOW",0.000000,0.997567,0.000000,,,,,"","",,,,7.164848,,0.000000,,0.000000,,,0.000000,0.000000,"",,,0.000000,,-1.000000,,0.000000,0.000000,-1.000000,-1.000000,,,,,,,,,,,"",,,,,,,,,,"Volumetric",,,,,,,,,,-0.225836,,,,,,,,,,-0.225836,-0.005420,,,,,,,,,,,,
"0BEC5DAB","Nodes",1118183.000000,1678224.870000,1313.064347,"Default Known Flow Node",69.999969,0.579999,1000.000000,0.000000,"Known Flow",0.000000,0.000000,2.16999993085665e-07,40.000000,0.579999,1000.000000,0.000000,0.000000,13.000000,0.000000,0.515372,0.579999,,,,7.165106,7.165106,,16.800279,,,,,,903.822387,0.066146,0.000000,0.000000,0.000000,,-459.670013,1000.000000,,0.000000,0.000000,,,,0.047040,"UNDEFINED",0.000000,0.997567,0.000000,,,,,"","",,,,7.165106,,0.000000,,0.000000,,,0.000000,0.000000,"",,,0.000000,,-1.000000,,0.000000,0.000000,-1.000000,-1.000000,,,,,,,,,,,"",,,,,,,,,,"Volumetric",,,,,,,,,,0.000000,,,,,,,,,,0.000000,0.000000,,,,,,,,,,,,
"0BEC5DF0","Nodes",1118177.370000,1678280.000000,1313.064347,"Default Known Flow Node",69.999969,0.579999,1000.000000,0.000000,"Known Flow",0.000000,0.000000,2.16999993085665e-07,40.000000,0.579999,1000.000000,0.000000,0.000000,13.000000,0.000000,0.515372,0.579999,,,,7.167997,7.167997,,16.800279,,,,,,903.822387,0.066146,0.000000,0.000000,0.000000,,-459.670013,1000.000000,,0.000000,0.000000,,,,0.047040,"SETFLOW",0.000000,0.997567,0.000000,,,,,"","",,,,7.167997,,0.000000,,0.000000,,,0.000000,0.000000,"",,,0.000000,,-1.000000,,0.000000,0.000000,-1.000000,-1.000000,,,,,,,,,,,"",,,,,,,,,,"Volumetric",,,,,,,,,,-0.927064,,,,,,,,,,-0.927064,-0.022249,,,,,,,,,,,,
"0BEC5DEF","Nodes",1117652.370000,1678280.000000,1313.064347,"Default Known Flow Node",69.999969,0.579999,1000.000000,0.000000,"Known Flow",0.000000,0.000000,2.16999993085665e-07,40.000000,0.579999,1000.000000,0.000000,0.000000,13.000000,0.000000,0.515372,0.579999,,,,7.259280,7.259280,,16.800279,,,,,,903.822387,0.066146,0.000000,0.000000,0.000000,,-459.670013,1000.000000,,0.000000,0.000000,,,,0.047050,"SETFLOW",0.000000,0.997567,0.000000,,,,,"","",,,,7.259280,,0.000000,,0.000000,,,0.000000,0.000000,"",,,0.000000,,-1.000000,,0.000000,0.000000,-1.000000,-1.000000,,,,,,,,,,,"",,,,,,,,,,"Volumetric",,,,,,,,,,-0.156065,,,,,,,,,,-0.156065,-0.003745,,,,,,,,,,,,
"0BEC9B69","Nodes",1117284.500000,1678485.500000,1313.064347,"Default Known Flow Node",69.999969,0.579999,1000.000000,0.000000,"Known Flow",0.000000,0.000000,2.16999993085665e-07,40.000000,0.579999,1000.000000,0.000000,0.000000,13.000000,0.000000,0.515374,0.579999,,,,7.516557,7.516557,,16.800279,,,,,,903.822387,0.066146,0.000000,0.000000,0.000000,,-459.670013,1000.000000,,0.000000,0.000000,,,,0.047080,"SETFLOW",0.000000,0.997565,0.000000,,,,,"","",,,,7.516557,,0.000000,,0.000000,,,0.000000,0.000000,"",,,0.000000,,-1.000000,,0.000000,0.000000,-1.000000,-1.000000,,,,,,,,,,,"",,,,,,,,,,"Volumetric",,,,,,,,,,-0.118185,,,,,,,,,,-0.118185,-0.002836,,,,,,,,,,,,
"0BEC9B67","Nodes",1117516.620000,1678493.750000,1313.064347,"Default Known Flow Node",69.999969,0.579999,1000.000000,0.000000,"Known Flow",0.000000,0.000000,2.16999993085665e-07,40.000000,0.579999,1000.000000,0.000000,0.000000,13.000000,0.000000,0.515373,0.579999,,,,7.372673,7.372673,,16.800279,,,,,,903.822387,0.066146,0.000000,0.000000,0.000000,,-459.670013,1000.000000,,0.000000,0.000000,,,,0.047063,"UNDEFINED",0.000000,0.997566,0.000000,,,,,"","",,,,7.372673,,0.000000,,0.000000,,,0.000000,0.000000,"",,,0.000000,,-1.000000,,0.000000,0.000000,-1.000000,-1.000000,,,,,,,,,,,"",,,,,,,,,,"Volumetric",,,,,,,,,,0.000000,,,,,,,,,,0.000000,0.000000,,,,,,,,,,,,
"0BEC9B68","Nodes",1117289.750000,1678485.500000,1313.064347,"Default Known Flow Node",69.999969,0.579999,1000.000000,0.000000,"Known Flow",0.000000,0.000000,2.16999993085665e-07,40.000000,0.579999,1000.000000,0.000000,0.000000,13.000000,0.000000,0.515374,0.579999,,,,7.513348,7.513348,,16.800279,,,,,,903.822387,0.066146,0.000000,0.000000,0.000000,,-459.670013,1000.000000,,0.000000,0.000000,,,,0.047079,"SETFLOW",0.000000,0.997565,0.000000,,,,,"","",,,,7.513348,,0.000000,,0.000000,,,0.000000,0.000000,"",,,0.000000,,-1.000000,,0.000000,0.000000,-1.000000,-1.000000,,,,,,,,,,,"",,,,,,,,,,"Volumetric",,,,,,,,,,-0.042413,,,,,,,,,,-0.042413,-0.001017,,,,,,,,,,,,
"0BEC9B11","Nodes",1118171.000000,1678486.120000,1313.064347,"Default Known Flow Node",69.999969,0.579999,1000.000000,0.000000,"Known Flow",0.000000,0.000000,2.16999993085665e-07,40.000000,0.579999,1000.000000,0.000000,0.000000,13.000000,0.000000,0.515372,0.579999,,,,7.195841,7.195841,,16.800279,,,,,,903.822387,0.066146,0.000000,0.000000,0.000000,,-459.670013,1000.000000,,0.000000,0.000000,,,,0.047043,"UNDEFINED",0.000000,0.997567,0.000000,,,,,"","",,,,7.195841,,0.000000,,0.000000,,,0.000000,0.000000,"",,,0.000000,,-1.000000,,0.000000,0.000000,-1.000000,-1.000000,,,,,,,,,,,"",,,,,,,,,,"Volumetric",,,,,,,,,,0.000000,,,,,,,,,,0.000000,0.000000,,,,,,,,,,,,
"0BEC9B0C","Nodes",1117647.120000,1678492.370000,1313.064347,"Default Known Flow Node",69.999969,0.579999,1000.000000,0.000000,"Known Flow",0.000000,0.000000,2.16999993085665e-07,40.000000,0.579999,1000.000000,0.000000,0.000000,13.000000,0.000000,0.515373,0.579999,,,,7.291469,7.291469,,16.800279,,,,,,903.822387,0.066146,0.000000,0.000000,0.000000,,-459.670013,1000.000000,,0.000000,0.000000,,,,0.047054,"SETFLOW",0.000000,0.997567,0.000000,,,,,"","",,,,7.291469,,0.000000,,0.000000,,,0.000000,0.000000,"",,,0.000000,,-1.000000,,0.000000,0.000000,-1.000000,-1.000000,,,,,,,,,,,"",,,,,,,,,,"Volumetric",,,,,,,,,,-0.634521,,,,,,,,,,-0.634521,-0.015228,,,,,,,,,,,,
"0BEC9B66","Nodes",1117528.000000,1678491.000000,1313.064347,"Default Known Flow Node",69.999969,0.579999,1000.000000,0.000000,"Known Flow",0.000000,0.000000,2.16999993085665e-07,40.000000,0.579999,1000.000000,0.000000,0.000000,13.000000,0.000000,0.515373,0.579999,,,,7.365235,7.365235,,16.800279,,,,,,903.822387,0.066146,0.000000,0.000000,0.000000,,-459.670013,1000.000000,,0.000000,0.000000,,,,0.047062,"UNDEFINED",0.000000,0.997566,0.000000,,,,,"","",,,,7.365235,,0.000000,,0.000000,,,0.000000,0.000000,"",,,0.000000,,-1.000000,,0.000000,0.000000,-1.000000,-1.000000,,,,,,,,,,,"",,,,,,,,,,"Volumetric",,,,,,,,,,0.000000,,,,,,,,,,0.000000,0.000000,,,,,,,,,,,,
"0BEC9B84","Nodes",1118239.786706,1678573.182238,1313.064347,"Default Known Flow Node",69.999969,0.579999,1000.000000,0.000000,"Known Flow",0.000000,0.000000,2.16999993085665e-07,40.000000,0.579999,1000.000000,0.000000,0.000000,13.000000,0.000000,0.515372,0.579999,,,,7.202015,7.202015,,16.800279,,,,,,903.822387,0.066146,0.000000,0.000000,0.000000,,-459.670013,1000.000000,,0.000000,0.000000,,,,0.047044,"UNDEFINED",0.000000,0.997567,0.000000,,,,,"","",,,,7.202015,,0.000000,,0.000000,,,0.000000,0.000000,"",,,0.000000,,-1.000000,,0.000000,0.000000,0.000000,-1.000000,,,,,,,,,,,"",,,,,,,,,,"Volumetric",,,,,,,,,,0.000000,,,,,,,,,,0.000000,0.000000,,,,,,,,,,,,
"0BEC47D0","Nodes",1118906.120000,1667582.500000,1313.064347,"Default Known Flow Node",69.999969,0.579999,1000.000000,0.000000,"Known Flow",0.000000,0.000000,2.16999993085665e-07,40.000000,0.579999,1000.000000,0.000000,0.000000,13.000000,0.000000,0.515368,0.579999,,,,6.406819,6.406819,,16.800279,,,,,,903.822387,0.066147,0.000000,0.000000,0.000000,,-459.670013,1000.000000,,0.000000,0.000000,,,,0.046953,"SETFLOW",0.000000,0.997572,0.000000,,,,,"","",,,,6.406819,,0.000000,,0.000000,,,0.000000,0.000000,"",,,0.000000,,-1.000000,,0.000000,0.000000,-1.000000,-1.000000,,,,,,,,,,,"",,,,,,,,,,"Volumetric",,,,,,,,,,-0.182636,,,,,,,,,,-0.182636,-0.004383,,,,,,,,,,,,
"0BEC47CF","Nodes",1118926.000000,1667691.500000,1313.064347,"Default Known Flow Node",69.999969,0.579999,1000.000000,0.000000,"Known Flow",0.000000,0.000000,2.16999993085665e-07,40.000000,0.579999,1000.000000,0.000000,0.000000,13.000000,0.000000,0.515368,0.579999,,,,6.539759,6.539759,,16.800279,,,,,,903.822387,0.066147,0.000000,0.000000,0.000000,,-459.670013,1000.000000,,0.000000,0.000000,,,,0.046969,"SETFLOW",0.000000,0.997571,0.000000,,,,,"","",,,,6.539759,,0.000000,,0.000000,,,0.000000,0.000000,"",,,0.000000,,-1.000000,,0.000000,0.000000,-1.000000,-1.000000,,,,,,,,,,,"",,,,,,,,,,"Volumetric",,,,,,,,,,-0.129401,,,,,,,,,,-0.129401,-0.003105,,,,,,,,,,,,
"0BEC47CE","Nodes",1118940.620000,1667723.120000,1313.064347,"Default Known Flow Node",69.999969,0.579999,1000.000000,0.000000,"Known Flow",0.000000,0.000000,2.16999993085665e-07,40.000000,0.579999,1000.000000,0.000000,0.000000,13.000000,0.000000,0.515369,0.579999,,,,6.602751,6.602751,,16.800279,,,,,,903.822387,0.066147,0.000000,0.000000,0.000000,,-459.670013,1000.000000,,0.000000,0.000000,,,,0.046976,"SETFLOW",0.000000,0.997571,0.000000,,,,,"","",,,,6.602751,,0.000000,,0.000000,,,0.000000,0.000000,"",,,0.000000,,-1.000000,,0.000000,0.000000,-1.000000,-1.000000,,,,,,,,,,,"",,,,,,,,,,"Volumetric",,,,,,,,,,-0.110810,,,,,,,,,,-0.110810,-0.002659,,,,,,,,,,,,
"0BEC47FD","Nodes",1119260.000000,1667668.120000,1313.064347,"Default Known Flow Node",69.999969,0.579999,1000.000000,0.000000,"Known Flow",0.000000,0.000000,2.16999993085665e-07,40.000000,0.579999,1000.000000,0.000000,0.000000,13.000000,0.000000,0.515369,0.579999,,,,6.613878,6.613878,,16.800279,,,,,,903.822387,0.066147,0.000000,0.000000,0.000000,,-459.670013,1000.000000,,0.000000,0.000000,,,,0.046977,"SETFLOW",0.000000,0.997571,0.000000,,,,,"","",,,,6.613878,,0.000000,,0.000000,,,0.000000,0.000000,"",,,0.000000,,-1.000000,,0.000000,0.000000,-1.000000,-1.000000,,,,,,,,,,,"",,,,,,,,,,"Volumetric",,,,,,,,,,-0.052415,,,,,,,,,,-0.052415,-0.001257,,,,,,,,,,,,
"0BEC47B3","Nodes",1118537.500000,1667795.250000,1313.064347,"Default Known Flow Node",69.999969,0.579999,1000.000000,0.000000,"Known Flow",0.000000,0.000000,2.16999993085665e-07,40.000000,0.579999,1000.000000,0.000000,0.000000,13.000000,0.000000,0.515373,0.579999,,,,7.294488,7.294488,,16.800279,,,,,,903.822387,0.066146,0.000000,0.000000,0.000000,,-459.670013,1000.000000,,0.000000,0.000000,,,,0.047054,"SETFLOW",0.000000,0.997567,0.000000,,,,,"","",,,,7.294488,,0.000000,,0.000000,,,0.000000,0.000000,"",,,0.000000,,-1.000000,,0.000000,0.000000,-1.000000,-1.000000,,,,,,,,,,,"",,,,,,,,,,"Volumetric",,,,,,,,,,-0.096309,,,,,,,,,,-0.096309,-0.002311,,,,,,,,,,,,
"0BEC47B4","Nodes",1118515.250000,1667672.370000,1313.064347,"Default Known Flow Node",69.999969,0.579999,1000.000000,0.000000,"Known Flow",0.000000,0.000000,2.16999993085665e-07,40.000000,0.579999,1000.000000,0.000000,0.000000,13.000000,0.000000,0.515373,0.579999,,,,7.294855,7.294855,,16.800279,,,,,,903.822387,0.066146,0.000000,0.000000,0.000000,,-459.670013,1000.000000,,0.000000,0.000000,,,,0.047054,"UNDEFINED",0.000000,0.997567,0.000000,,,,,"","",,,,7.294855,,0.000000,,0.000000,,,0.000000,0.000000,"",,,0.000000,,-1.000000,,0.000000,0.000000,-1.000000,-1.000000,,,,,,,,,,,"",,,,,,,,,,"Volumetric",,,,,,,,,,0.000000,,,,,,,,,,0.000000,0.000000,,,,,,,,,,,,
"0BEC47CD","Nodes",1118935.000000,1667724.120000,1313.064347,"Default Known Flow Node",69.999969,0.579999,1000.000000,0.000000,"Known Flow",0.000000,0.000000,2.16999993085665e-07,40.000000,0.579999,1000.000000,0.000000,0.000000,13.000000,0.000000,0.515369,0.579999,,,,6.602487,6.602487,,16.800279,,,,,,903.822387,0.066147,0.000000,0.000000,0.000000,,-459.670013,1000.000000,,0.000000,0.000000,,,,0.046976,"UNDEFINED",0.000000,0.997571,0.000000,,,,,"","",,,,6.602487,,0.000000,,0.000000,,,0.000000,0.000000,"",,,0.000000,,-1.000000,,0.000000,0.000000,-1.000000,-1.000000,,,,,,,,,,,"",,,,,,,,,,"Volumetric",,,,,,,,,,0.000000,,,,,,,,,,0.000000,0.000000,,,,,,,,,,,,
"0BEC47CB","Nodes",1118940.120000,1667751.620000,1313.064347,"Default Known Flow Node",69.999969,0.579999,1000.000000,0.000000,"Known Flow",0.000000,0.000000,2.16999993085665e-07,40.000000,0.579999,1000.000000,0.000000,0.000000,13.000000,0.000000,0.515369,0.579999,,,,6.647488,6.647488,,16.800279,,,,,,903.822387,0.066147,0.000000,0.000000,0.000000,,-459.670013,1000.000000,,0.000000,0.000000,,,,0.046981,"UNDEFINED",0.000000,0.997570,0.000000,,,,,"","",,,,6.647488,,0.000000,,0.000000,,,0.000000,0.000000,"",,,0.000000,,-1.000000,,0.000000,0.000000,-1.000000,-1.000000,,,,,,,,,,,"",,,,,,,,,,"Volumetric",,,,,,,,,,0.000000,,,,,,,,,,0.000000,0.000000,,,,,,,,,,,,
"0BEC47CA","Nodes",1118946.620000,1667802.500000,1313.064347,"Default Known Flow Node",69.999969,0.579999,1000.000000,0.000000,"Known Flow",0.000000,0.000000,2.16999993085665e-07,40.000000,0.579999,1000.000000,0.000000,0.000000,13.000000,0.000000,0.515370,0.579999,,,,6.731049,6.731049,,16.800279,,,,,,903.822387,0.066147,0.000000,0.000000,0.000000,,-459.670013,1000.000000,,0.000000,0.000000,,,,0.046990,"UNDEFINED",0.000000,0.997570,0.000000,,,,,"","",,,,6.731049,,0.000000,,0.000000,,,0.000000,0.000000,"",,,0.000000,,-1.000000,,0.000000,0.000000,-1.000000,-1.000000,,,,,,,,,,,"",,,,,,,,,,"Volumetric",,,,,,,,,,0.000000,,,,,,,,,,0.000000,0.000000,,,,,,,,,,,,
"0BEC47CC","Nodes",1118935.750000,1667753.000000,1313.064347,"Default Known Flow Node",69.999969,0.579999,1000.000000,0.000000,"Known Flow",0.000000,0.000000,2.16999993085665e-07,40.000000,0.579999,1000.000000,0.000000,0.000000,13.000000,0.000000,0.515369,0.579999,,,,6.647488,6.647488,,16.800279,,,,,,903.822387,0.066147,0.000000,0.000000,0.000000,,-459.670013,1000.000000,,0.000000,0.000000,,,,0.046981,"UNDEFINED",0.000000,0.997570,0.000000,,,,,"","",,,,6.647488,,0.000000,,0.000000,,,0.000000,0.000000,"",,,0.000000,,-1.000000,,0.000000,0.000000,-1.000000,-1.000000,,,,,,,,,,,"",,,,,,,,,,"Volumetric",,,,,,,,,,0.000000,,,,,,,,,,0.000000,0.000000,,,,,,,,,,,,
"0BEC47B1","Nodes",1118545.370000,1667824.250000,1313.064347,"Default Known Flow Node",69.999969,0.579999,1000.000000,0.000000,"Known Flow",0.000000,0.000000,2.16999993085665e-07,40.000000,0.579999,1000.000000,0.000000,0.000000,13.000000,0.000000,0.515373,0.579999,,,,7.267197,7.267197,,16.800279,,,,,,903.822387,0.066146,0.000000,0.000000,0.000000,,-459.670013,1000.000000,,0.000000,0.000000,,,,0.047051,"UNDEFINED",0.000000,0.997567,0.000000,,,,,"","",,,,7.267197,,0.000000,,0.000000,,,0.000000,0.000000,"",,,0.000000,,-1.000000,,0.000000,0.000000,-1.000000,-1.000000,,,,,,,,,,,"",,,,,,,,,,"Volumetric",,,,,,,,,,0.000000,,,,,,,,,,0.000000,0.000000,,,,,,,,,,,,
"0BEC47C7","Nodes",1118953.500000,1667831.750000,1313.064347,"Default Known Flow Node",69.999969,0.579999,1000.000000,0.000000,"Known Flow",0.000000,0.000000,2.16999993085665e-07,40.000000,0.579999,1000.000000,0.000000,0.000000,13.000000,0.000000,0.515370,0.579999,,,,6.762170,6.762170,,16.800279,,,,,,903.822387,0.066147,0.000000,0.000000,0.000000,,-459.670013,1000.000000,,0.000000,0.000000,,,,0.046994,"UNDEFINED",0.000000,0.997570,0.000000,,,,,"","",,,,6.762170,,0.000000,,0.000000,,,0.000000,0.000000,"",,,0.000000,,-1.000000,,0.000000,0.000000,-1.000000,-1.000000,,,,,,,,,,,"",,,,,,,,,,"Volumetric",,,,,,,,,,0.000000,,,,,,,,,,0.000000,0.000000,,,,,,,,,,,,
"0BEC47B2","Nodes",1118549.120000,1667823.750000,1313.064347,"Default Known Flow Node",69.999969,0.579999,1000.000000,0.000000,"Known Flow",0.000000,0.000000,2.16999993085665e-07,40.000000,0.579999,1000.000000,0.000000,0.000000,13.000000,0.000000,0.515373,0.579999,,,,7.267197,7.267197,,16.800279,,,,,,903.822387,0.066146,0.000000,0.000000,0.000000,,-459.670013,1000.000000,,0.000000,0.000000,,,,0.047051,"UNDEFINED",0.000000,0.997567,0.000000,,,,,"","",,,,7.267197,,0.000000,,0.000000,,,0.000000,0.000000,"",,,0.000000,,-1.000000,,0.000000,0.000000,-1.000000,-1.000000,,,,,,,,,,,"",,,,,,,,,,"Volumetric",,,,,,,,,,0.000000,,,,,,,,,,0.000000,0.000000,,,,,,,,,,,,
"0BEC47B0","Nodes",1118546.370000,1667829.000000,1313.064347,"Default Known Flow Node",69.999969,0.579999,1000.000000,0.000000,"Known Flow",0.000000,0.000000,2.16999993085665e-07,40.000000,0.579999,1000.000000,0.000000,0.000000,13.000000,0.000000,0.515373,0.579999,,,,7.264398,7.264398,,16.800279,,,,,,903.822387,0.066146,0.000000,0.000000,0.000000,,-459.670013,1000.000000,,0.000000,0.000000,,,,0.047051,"UNDEFINED",0.000000,0.997567,0.000000,,,,,"","",,,,7.264398,,0.000000,,0.000000,,,0.000000,0.000000,"",,,0.000000,,-1.000000,,0.000000,0.000000,-1.000000,-1.000000,,,,,,,,,,,"",,,,,,,,,,"Volumetric",,,,,,,,,,0.000000,,,,,,,,,,0.000000,0.000000,,,,,,,,,,,,
"0BEC47C6","Nodes",1118988.750000,1668035.120000,1313.064347,"Default Known Flow Node",69.999969,0.579999,1000.000000,0.000000,"Known Flow",0.000000,0.000000,2.16999993085665e-07,40.000000,0.579999,1000.000000,0.000000,0.000000,13.000000,0.000000,0.515371,0.579999,,,,6.984717,6.984717,,16.800279,,,,,,903.822387,0.066147,0.000000,0.000000,0.000000,,-459.670013,1000.000000,,0.000000,0.000000,,,,0.047019,"UNDEFINED",0.000000,0.997568,0.000000,,,,,"","",,,,6.984717,,0.000000,,0.000000,,,0.000000,0.000000,"",,,0.000000,,-1.000000,,0.000000,0.000000,-1.000000,-1.000000,,,,,,,,,,,"",,,,,,,,,,"Volumetric",,,,,,,,,,0.000000,,,,,,,,,,0.000000,0.000000,,,,,,,,,,,,
"0BEC47C8","Nodes",1118994.250000,1668040.120000,1313.064347,"Default Known Flow Node",69.999969,0.579999,1000.000000,0.000000,"Known Flow",0.000000,0.000000,2.16999993085665e-07,40.000000,0.579999,1000.000000,0.000000,0.000000,13.000000,0.000000,0.515371,0.579999,,,,6.990921,6.990921,,16.800279,,,,,,903.822387,0.066147,0.000000,0.000000,0.000000,,-459.670013,1000.000000,,0.000000,0.000000,,,,0.047020,"SETFLOW",0.000000,0.997568,0.000000,,,,,"","",,,,6.990921,,0.000000,,0.000000,,,0.000000,0.000000,"",,,0.000000,,-1.000000,,0.000000,0.000000,-1.000000,-1.000000,,,,,,,,,,,"",,,,,,,,,,"Volumetric",,,,,,,,,,-0.188713,,,,,,,,,,-0.188713,-0.004529,,,,,,,,,,,,
"0BEC47C9","Nodes",1119201.250000,1668005.500000,1313.064347,"Default Known Flow Node",69.999969,0.579999,1000.000000,0.000000,"Known Flow",0.000000,0.000000,2.16999993085665e-07,40.000000,0.579999,1000.000000,0.000000,0.000000,13.000000,0.000000,0.515371,0.579999,,,,6.990537,6.990537,,16.800279,,,,,,903.822387,0.066147,0.000000,0.000000,0.000000,,-459.670013,1000.000000,,0.000000,0.000000,,,,0.047020,"SETFLOW",0.000000,0.997568,0.000000,,,,,"","",,,,6.990537,,0.000000,,0.000000,,,0.000000,0.000000,"",,,0.000000,,-1.000000,,0.000000,0.000000,-1.000000,-1.000000,,,,,,,,,,,"",,,,,,,,,,"Volumetric",,,,,,,,,,-0.147747,,,,,,,,,,-0.147747,-0.003545,,,,,,,,,,,,
"0BEC47C5","Nodes",1118989.750000,1668040.870000,1313.064347,"Default Known Flow Node",69.999969,0.579999,1000.000000,0.000000,"Known Flow",0.000000,0.000000,2.16999993085665e-07,40.000000,0.579999,1000.000000,0.000000,0.000000,13.000000,0.000000,0.515371,0.579999,,,,6.990938,6.990938,,16.800279,,,,,,903.822387,0.066147,0.000000,0.000000,0.000000,,-459.670013,1000.000000,,0.000000,0.000000,,,,0.047020,"UNDEFINED",0.000000,0.997568,0.000000,,,,,"","",,,,6.990938,,0.000000,,0.000000,,,0.000000,0.000000,"",,,0.000000,,-1.000000,,0.000000,0.000000,-1.000000,-1.000000,,,,,,,,,,,"",,,,,,,,,,"Volumetric",,,,,,,,,,0.000000,,,,,,,,,,0.000000,0.000000,,,,,,,,,,,,
"0BEC47C4","Nodes",1118991.120000,1668048.500000,1313.064347,"Default Known Flow Node",69.999969,0.579999,1000.000000,0.000000,"Known Flow",0.000000,0.000000,2.16999993085665e-07,40.000000,0.579999,1000.000000,0.000000,0.000000,13.000000,0.000000,0.515371,0.579999,,,,6.999517,6.999517,,16.800279,,,,,,903.822387,0.066147,0.000000,0.000000,0.000000,,-459.670013,1000.000000,,0.000000,0.000000,,,,0.047021,"UNDEFINED",0.000000,0.997568,0.000000,,,,,"","",,,,6.999517,,0.000000,,0.000000,,,0.000000,0.000000,"",,,0.000000,,-1.000000,,0.000000,0.000000,-1.000000,-1.000000,,,,,,,,,,,"",,,,,,,,,,"Volumetric",,,,,,,,,,0.000000,,,,,,,,,,0.000000,0.000000,,,,,,,,,,,,
"2FB27C31","Nodes",1118996.250000,1668078.870000,1313.064347,"Default Known Flow Node",69.999969,0.579999,1000.000000,0.000000,"Known Flow",0.000000,0.000000,2.16999993085665e-07,40.000000,0.579999,1000.000000,0.000000,0.000000,13.000000,0.000000,0.515371,0.579999,,,,7.033077,7.033077,,16.800279,,,,,,903.822387,0.066147,0.000000,0.000000,0.000000,,-459.670013,1000.000000,,0.000000,0.000000,,,,0.047025,"SETFLOW",0.000000,0.997568,0.000000,,,,,"","",,,,7.033077,,0.000000,,0.000000,,,0.000000,0.000000,"",,,0.000000,,-1.000000,,0.000000,0.000000,-1.000000,-1.000000,,,,,,,,,,,"",,,,,,,,,,"Volumetric",,,,,,,,,,-1.727972,,,,,,,,,,-1.727972,-0.041471,,,,,,,,,,,,
"3W5","Nodes",1118997.750000,1668086.750000,1313.064347,"Default Known Flow Node",69.999969,0.579999,1000.000000,0.000000,"Known Flow",0.000000,0.000000,2.16999993085665e-07,40.000000,0.579999,1000.000000,0.000000,0.000000,13.000000,0.000000,0.515371,0.579999,,,,7.048693,7.048693,,16.800279,,,,,,903.822387,0.066147,0.000000,0.000000,0.000000,,-459.670013,1000.000000,,0.000000,0.000000,,,,0.047026,"UNDEFINED",0.000000,0.997568,0.000000,,,,,"","",,,,7.048693,,0.000000,,0.000000,,,0.000000,0.000000,"",,,0.000000,"HOLIDAY HOUSE OWNERS, CSS94, Firm Mar-07",-1.000000,,0.000000,0.000000,-1.000000,-1.000000,,,,,,,,,,,"",,,,,,,,,,"Volumetric",,,,,,,,,,0.000000,,,,,,,,,,0.000000,0.000000,,,,,,,,,,,,
"0BEC47C3","Nodes",1119002.250000,1668110.500000,1313.064347,"Default Known Flow Node",69.999969,0.579999,1000.000000,0.000000,"Known Flow",0.000000,0.000000,2.16999993085665e-07,40.000000,0.579999,1000.000000,0.000000,0.000000,13.000000,0.000000,0.515372,0.579999,,,,7.080559,7.080559,,16.800279,,,,,,903.822387,0.066147,0.000000,0.000000,0.000000,,-459.670013,1000.000000,,0.000000,0.000000,,,,0.047030,"UNDEFINED",0.000000,0.997568,0.000000,,,,,"","",,,,7.080559,,0.000000,,0.000000,,,0.000000,0.000000,"",,,0.000000,"Holiday House Owners, CSS 94",-1.000000,,0.000000,0.000000,-1.000000,-1.000000,,,,,,,,,,,"",,,,,,,,,,"Volumetric",,,,,,,,,,0.000000,,,,,,,,,,0.000000,0.000000,,,,,,,,,,,,
"0BEC47C2","Nodes",1119005.000000,1668125.750000,1313.064347,"Default Known Flow Node",69.999969,0.579999,1000.000000,0.000000,"Known Flow",0.000000,0.000000,2.16999993085665e-07,40.000000,0.579999,1000.000000,0.000000,0.000000,13.000000,0.000000,0.515372,0.579999,,,,7.109836,7.109836,,16.800279,,,,,,903.822387,0.066147,0.000000,0.000000,0.000000,,-459.670013,1000.000000,,0.000000,0.000000,,,,0.047033,"UNDEFINED",0.000000,0.997568,0.000000,,,,,"","",,,,7.109836,,0.000000,,0.000000,,,0.000000,0.000000,"",,,0.000000,,-1.000000,,0.000000,0.000000,-1.000000,-1.000000,,,,,,,,,,,"",,,,,,,,,,"Volumetric",,,,,,,,,,0.000000,,,,,,,,,,0.000000,0.000000,,,,,,,,,,,,
"2FB873A4","Nodes",1119009.250000,1668149.370000,1313.064347,"Default Known Flow Node",69.999969,0.579999,1000.000000,0.000000,"Known Flow",0.000000,0.000000,2.16999993085665e-07,40.000000,0.579999,1000.000000,0.000000,0.000000,13.000000,0.000000,0.515372,0.579999,,,,7.141697,7.141697,,16.800279,,,,,,903.822387,0.066146,0.000000,0.000000,0.000000,,-459.670013,1000.000000,,0.000000,0.000000,,,,0.047037,"SETFLOW",0.000000,0.997568,0.000000,,,,,"","",,,,7.141697,,0.000000,,0.000000,,,0.000000,0.000000,"",,,0.000000,,-1.000000,,0.000000,0.000000,-1.000000,-1.000000,,,,,,,,,,,"",,,,,,,,,,"Volumetric",,,,,,,,,,-0.415035,,,,,,,,,,-0.415035,-0.009960,,,,,,,,,,,,
"2FB873A3","Nodes",1119011.620000,1668162.500000,1313.064347,"Default Known Flow Node",69.999969,0.579999,1000.000000,0.000000,"Known Flow",0.000000,0.000000,2.16999993085665e-07,40.000000,0.579999,1000.000000,0.000000,0.000000,13.000000,0.000000,0.515372,0.579999,,,,7.168019,7.168019,,16.800279,,,,,,903.822387,0.066146,0.000000,0.000000,0.000000,,-459.670013,1000.000000,,0.000000,0.000000,,,,0.047040,"SETFLOW",0.000000,0.997567,0.000000,,,,,"","",,,,7.168019,,0.000000,,0.000000,,,0.000000,0.000000,"",,,0.000000,,-1.000000,,0.000000,0.000000,-1.000000,-1.000000,,,,,,,,,,,"",,,,,,,,,,"Volumetric",,,,,,,,,,-0.415035,,,,,,,,,,-0.415035,-0.009960,,,,,,,,,,,,
"0BEC47C1","Nodes",1119012.250000,1668166.370000,1313.064347,"Default Known Flow Node",69.999969,0.579999,1000.000000,0.000000,"Known Flow",0.000000,0.000000,2.16999993085665e-07,40.000000,0.579999,1000.000000,0.000000,0.000000,13.000000,0.000000,0.515372,0.579999,,,,7.173755,7.173755,,16.800279,,,,,,903.822387,0.066146,0.000000,0.000000,0.000000,,-459.670013,1000.000000,,0.000000,0.000000,,,,0.047041,"UNDEFINED",0.000000,0.997567,0.000000,,,,,"","",,,,7.173755,,0.000000,,0.000000,,,0.000000,0.000000,"",,,0.000000,,-1.000000,,0.000000,0.000000,-1.000000,-1.000000,,,,,,,,,,,"",,,,,,,,,,"Volumetric",,,,,,,,,,0.000000,,,,,,,,,,0.000000,0.000000,,,,,,,,,,,,
"0BEC47C0","Nodes",1119013.000000,1668170.500000,1313.064347,"Default Known Flow Node",69.999969,0.579999,1000.000000,0.000000,"Known Flow",0.000000,0.000000,2.16999993085665e-07,40.000000,0.579999,1000.000000,0.000000,0.000000,13.000000,0.000000,0.515372,0.579999,,,,7.179199,7.179199,,16.800279,,,,,,903.822387,0.066146,0.000000,0.000000,0.000000,,-459.670013,1000.000000,,0.000000,0.000000,,,,0.047041,"SETFLOW",0.000000,0.997567,0.000000,,,,,"","",,,,7.179199,,0.000000,,0.000000,,,0.000000,0.000000,"",,,0.000000,,-1.000000,,0.000000,0.000000,-1.000000,-1.000000,,,,,,,,,,,"",,,,,,,,,,"Volumetric",,,,,,,,,,-0.024848,,,,,,,,,,-0.024848,-0.000596,,,,,,,,,,,,
"2FB20880","Nodes",1119021.500000,1668217.000000,1313.064347,"Default Known Flow Node",69.999969,0.579999,1000.000000,0.000000,"Known Flow",0.000000,0.000000,2.16999993085665e-07,40.000000,0.579999,1000.000000,0.000000,0.000000,13.000000,0.000000,0.515372,0.579999,,,,7.246747,7.246747,,16.800279,,,,,,903.822387,0.066146,0.000000,0.000000,0.000000,,-459.670013,1000.000000,,0.000000,0.000000,,,,0.047049,"SETFLOW",0.000000,0.997567,0.000000,,,,,"","",,,,7.246747,,0.000000,,0.000000,,,0.000000,0.000000,"",,,0.000000,,-1.000000,,0.000000,0.000000,-1.000000,-1.000000,,,,,,,,,,,"",,,,,,,,,,"Volumetric",,,,,,,,,,-1.727972,,,,,,,,,,-1.727972,-0.041471,,,,,,,,,,,,
"3W4","Nodes",1119022.750000,1668224.000000,1313.064347,"Default Known Flow Node",69.999969,0.579999,1000.000000,0.000000,"Known Flow",0.000000,0.000000,2.16999993085665e-07,40.000000,0.579999,1000.000000,0.000000,0.000000,13.000000,0.000000,0.515373,0.579999,,,,7.263732,7.263732,,16.800279,,,,,,903.822387,0.066146,0.000000,0.000000,0.000000,,-459.670013,1000.000000,,0.000000,0.000000,,,,0.047051,"SETFLOW",0.000000,0.997567,0.000000,,,,,"","",,,,7.263732,,0.000000,,0.000000,,,0.000000,0.000000,"",,,0.000000,"Blair House Owners, 143-40 Roosevelt Ave, IT to Firm, 2/20/14",-1.000000,,0.000000,0.000000,-1.000000,-1.000000,,,,,,,,,,,"",,,,,,,,,,"Volumetric",,,,,,,,,,-2.014737,,,,,,,,,,-2.014737,-0.048353,,,,,,,,,,,,
"0BEC47BF","Nodes",1119044.620000,1668343.870000,1313.064347,"Default Known Flow Node",69.999969,0.579999,1000.000000,0.000000,"Known Flow",0.000000,0.000000,2.16999993085665e-07,40.000000,0.579999,1000.000000,0.000000,0.000000,13.000000,0.000000,0.515374,0.579999,,,,7.488401,7.488401,,16.800279,,,,,,903.822387,0.066146,0.000000,0.000000,0.000000,,-459.670013,1000.000000,,0.000000,0.000000,,,,0.047076,"UNDEFINED",0.000000,0.997566,0.000000,,,,,"","",,,,7.488401,,0.000000,,0.000000,,,0.000000,0.000000,"",,,0.000000,,-1.000000,,0.000000,0.000000,-1.000000,-1.000000,,,,,,,,,,,"",,,,,,,,,,"Volumetric",,,,,,,,,,0.000000,,,,,,,,,,0.000000,0.000000,,,,,,,,,,,,
"2FC17C78","Nodes",1119032.430163,1668277.057213,1313.064347,"Default Known Flow Node",69.999969,0.579999,1000.000000,0.000000,"Known Flow",0.000000,0.000000,2.16999993085665e-07,40.000000,0.579999,1000.000000,0.000000,0.000000,13.000000,0.000000,0.515373,0.579999,,,,7.356566,7.356566,,16.800279,,,,,,903.822387,0.066146,0.000000,0.000000,0.000000,,-459.670013,1000.000000,,0.000000,0.000000,,,,0.047061,"UNDEFINED",0.000000,0.997566,0.000000,,,,,"","",,,,7.356566,,0.000000,,0.000000,,,0.000000,0.000000,"",,,0.000000,,-1.000000,,0.000000,0.000000,0.000000,-1.000000,,,,,,,,,,,"",,,,,,,,,,"Volumetric",,,,,,,,,,0.000000,,,,,,,,,,0.000000,0.000000,,,,,,,,,,,,
"0BEC47BE","Nodes",1119045.250000,1668347.750000,1313.064347,"Default Known Flow Node",69.999969,0.579999,1000.000000,0.000000,"Known Flow",0.000000,0.000000,2.16999993085665e-07,40.000000,0.579999,1000.000000,0.000000,0.000000,13.000000,0.000000,0.515374,0.579999,,,,7.495774,7.495774,,16.800279,,,,,,903.822387,0.066146,0.000000,0.000000,0.000000,,-459.670013,1000.000000,,0.000000,0.000000,,,,0.047077,"SETFLOW",0.000000,0.997565,0.000000,,,,,"","",,,,7.495774,,0.000000,,0.000000,,,0.000000,0.000000,"",,,0.000000,,-1.000000,,0.000000,0.000000,-1.000000,-1.000000,,,,,,,,,,,"",,,,,,,,,,"Volumetric",,,,,,,,,,-0.051040,,,,,,,,,,-0.051039,-0.001224,,,,,,,,,,,,
"0BEC47BC","Nodes",1119059.500000,1668425.250000,1313.064347,"Default Known Flow Node",69.999969,0.579999,1000.000000,0.000000,"Known Flow",0.000000,0.000000,2.16999993085665e-07,40.000000,0.579999,1000.000000,0.000000,0.000000,13.000000,0.000000,0.515375,0.579999,,,,7.651782,7.651782,,16.800279,,,,,,903.822387,0.066146,0.000000,0.000000,0.000000,,-459.670013,1000.000000,,0.000000,0.000000,,,,0.047095,"UNDEFINED",0.000000,0.997565,0.000000,,,,,"","",,,,7.651782,,0.000000,,0.000000,,,0.000000,0.000000,"",,,0.000000,,-1.000000,,0.000000,0.000000,-1.000000,-1.000000,,,,,,,,,,,"",,,,,,,,,,"Volumetric",,,,,,,,,,0.000000,,,,,,,,,,0.000000,0.000000,,,,,,,,,,,,
"0BEC47BD","Nodes",1119064.750000,1668423.870000,1313.064347,"Default Known Flow Node",69.999969,0.579999,1000.000000,0.000000,"Known Flow",0.000000,0.000000,2.16999993085665e-07,40.000000,0.579999,1000.000000,0.000000,0.000000,13.000000,0.000000,0.515375,0.579999,,,,7.651782,7.651782,,16.800279,,,,,,903.822387,0.066146,0.000000,0.000000,0.000000,,-459.670013,1000.000000,,0.000000,0.000000,,,,0.047095,"UNDEFINED",0.000000,0.997565,0.000000,,,,,"","",,,,7.651782,,0.000000,,0.000000,,,0.000000,0.000000,"",,,0.000000,,-1.000000,,0.000000,0.000000,-1.000000,-1.000000,,,,,,,,,,,"",,,,,,,,,,"Volumetric",,,,,,,,,,0.000000,,,,,,,,,,0.000000,0.000000,,,,,,,,,,,,
"0BEC47BB","Nodes",1119064.500000,1668453.750000,1313.064347,"Default Known Flow Node",69.999969,0.579999,1000.000000,0.000000,"Known Flow",0.000000,0.000000,2.16999993085665e-07,40.000000,0.579999,1000.000000,0.000000,0.000000,13.000000,0.000000,0.515375,0.579999,,,,7.709036,7.709036,,16.800279,,,,,,903.822387,0.066146,0.000000,0.000000,0.000000,,-459.670013,1000.000000,,0.000000,0.000000,,,,0.047101,"UNDEFINED",0.000000,0.997564,0.000000,,,,,"","",,,,7.709036,,0.000000,,0.000000,,,0.000000,0.000000,"",,,0.000000,,-1.000000,,0.000000,0.000000,-1.000000,-1.000000,,,,,,,,,,,"",,,,,,,,,,"Volumetric",,,,,,,,,,0.000000,,,,,,,,,,0.000000,0.000000,,,,,,,,,,,,
"0BEC47B9","Nodes",1119065.870000,1668461.120000,1313.064347,"Default Known Flow Node",69.999969,0.579999,1000.000000,0.000000,"Known Flow",0.000000,0.000000,2.16999993085665e-07,40.000000,0.579999,1000.000000,0.000000,0.000000,13.000000,0.000000,0.515375,0.579999,,,,7.723830,7.723830,,16.800279,,,,,,903.822387,0.066146,0.000000,0.000000,0.000000,,-459.670013,1000.000000,,0.000000,0.000000,,,,0.047103,"UNDEFINED",0.000000,0.997564,0.000000,,,,,"","",,,,7.723830,,0.000000,,0.000000,,,0.000000,0.000000,"",,,0.000000,,-1.000000,,0.000000,0.000000,-1.000000,-1.000000,,,,,,,,,,,"",,,,,,,,,,"Volumetric",,,,,,,,,,0.000000,,,,,,,,,,0.000000,0.000000,,,,,,,,,,,,
"0BEC47BA","Nodes",1119059.370000,1668458.620000,1313.064347,"Default Known Flow Node",69.999969,0.579999,1000.000000,0.000000,"Known Flow",0.000000,0.000000,2.16999993085665e-07,40.000000,0.579999,1000.000000,0.000000,0.000000,13.000000,0.000000,0.515375,0.579999,,,,7.769504,7.769504,,16.800279,,,,,,903.822387,0.066146,0.000000,0.000000,0.000000,,-459.670013,1000.000000,,0.000000,0.000000,,,,0.047108,"SETFLOW",0.000000,0.997564,0.000000,,,,,"","",,,,7.769504,,0.000000,,0.000000,,,0.000000,0.000000,"",,,0.000000,"38-34 Parson Blvd AC= 0, Q= 10.34 mcfh, Firm",-1.000000,,0.000000,0.000000,-1.000000,-1.000000,,,,,,,,,,,"",,,"",,,,,,,"Volumetric",,,"Volumetric",,,,,,,0.000000,,,-10.340000,,,,,,,0.000000,0.000000,,,,,,,,,,,,
"0BEC47B8","Nodes",1119067.620000,1668471.500000,1313.064347,"Default Known Flow Node",69.999969,0.579999,1000.000000,0.000000,"Known Flow",0.000000,0.000000,2.16999993085665e-07,40.000000,0.579999,1000.000000,0.000000,0.000000,13.000000,0.000000,0.515375,0.579999,,,,7.724979,7.724979,,16.800279,,,,,,903.822387,0.066146,0.000000,0.000000,0.000000,,-459.670013,1000.000000,,0.000000,0.000000,,,,0.047103,"UNDEFINED",0.000000,0.997564,0.000000,,,,,"","",,,,7.724979,,0.000000,,0.000000,,,0.000000,0.000000,"",,,0.000000,,-1.000000,,0.000000,0.000000,-1.000000,-1.000000,,,,,,,,,,,"",,,,,,,,,,"Volumetric",,,,,,,,,,0.000000,,,,,,,,,,0.000000,0.000000,,,,,,,,,,,,
"0BEC47B7","Nodes",1119073.870000,1668506.750000,1313.064347,"Default Known Flow Node",69.999969,0.579999,1000.000000,0.000000,"Known Flow",0.000000,0.000000,2.16999993085665e-07,40.000000,0.579999,1000.000000,0.000000,0.000000,13.000000,0.000000,0.515375,0.579999,,,,7.731517,7.731517,,16.800279,,,,,,903.822387,0.066146,0.000000,0.000000,0.000000,,-459.670013,1000.000000,,0.000000,0.000000,,,,0.047104,"UNDEFINED",0.000000,0.997564,0.000000,,,,,"","",,,,7.731517,,0.000000,,0.000000,,,0.000000,0.000000,"",,,0.000000,,-1.000000,,0.000000,0.000000,-1.000000,-1.000000,,,,,,,,,,,"",,,,,,,,,,"Volumetric",,,,,,,,,,0.000000,,,,,,,,,,0.000000,0.000000,,,,,,,,,,,,
"0BEC47D6","Nodes",1118952.120000,1668477.870000,1313.064347,"Default Known Flow Node",69.999969,0.579999,1000.000000,0.000000,"Known Flow",0.000000,0.000000,2.16999993085665e-07,40.000000,0.579999,1000.000000,0.000000,0.000000,13.000000,0.000000,0.515375,0.579999,,,,7.771908,7.771908,,16.800279,,,,,,903.822387,0.066146,0.000000,0.000000,0.000000,,-459.670013,1000.000000,,0.000000,0.000000,,,,0.047109,"UNDEFINED",0.000000,0.997564,0.000000,,,,,"","",,,,7.771908,,0.000000,,0.000000,,,0.000000,0.000000,"",,,0.000000,,-1.000000,,0.000000,0.000000,-1.000000,-1.000000,,,,,,,,,,,"",,,,,,,,,,"Volumetric",,,,,,,,,,0.000000,,,,,,,,,,0.000000,0.000000,,,,,,,,,,,,
"0BEC47B6","Nodes",1119077.500000,1668527.620000,1313.064347,"Default Known Flow Node",69.999969,0.579999,1000.000000,0.000000,"Known Flow",0.000000,0.000000,2.16999993085665e-07,40.000000,0.579999,1000.000000,0.000000,0.000000,13.000000,0.000000,0.515375,0.579999,,,,7.733854,7.733854,,16.800279,,,,,,903.822387,0.066146,0.000000,0.000000,0.000000,,-459.670013,1000.000000,,0.000000,0.000000,,,,0.047104,"SETFLOW",0.000000,0.997564,0.000000,,,,,"","",,,,7.733854,,0.000000,,0.000000,,,0.000000,0.000000,"",,,0.000000,,-1.000000,,0.000000,0.000000,-1.000000,-1.000000,,,,,,,,,,,"",,,,,,,,,,"Volumetric",,,,,,,,,,-2.657907,,,,,,,,,,-2.657907,-0.063789,,,,,,,,,,,,
"3W41","Nodes",1118770.500000,1668510.750000,1313.064347,"Default Known Flow Node",69.999969,0.579999,1000.000000,0.000000,"Known Flow",0.000000,0.000000,2.16999993085665e-07,40.000000,0.579999,1000.000000,0.000000,0.000000,13.000000,0.000000,0.515375,0.579999,,,,7.776303,7.776303,,16.800279,,,,,,903.822387,0.066146,0.000000,0.000000,0.000000,,-459.670013,1000.000000,,0.000000,0.000000,,,,0.047109,"SETFLOW",0.000000,0.997564,0.000000,,,,,"","",,,,7.776303,,0.000000,,0.000000,,,0.000000,0.000000,"",,,0.000000,"Cameo Owners, 143-55 41 Ave, IT to Firm, 2/20/14",-1.000000,,0.000000,0.000000,-1.000000,-1.000000,,,,,,,,,,,"",,,,,,,,,,"Volumetric",,,,,,,,,,-1.914000,,,,,,,,,,-1.914000,-0.045936,,,,,,,,,,,,
"0BEC47AC","Nodes",1118672.370000,1668514.120000,1313.064347,"Default Known Flow Node",69.999969,0.579999,1000.000000,0.000000,"Known Flow",0.000000,0.000000,2.16999993085665e-07,40.000000,0.579999,1000.000000,0.000000,0.000000,13.000000,0.000000,0.515374,0.579999,,,,7.578521,7.578521,,16.800279,,,,,,903.822387,0.066146,0.000000,0.000000,0.000000,,-459.670013,1000.000000,,0.000000,0.000000,,,,0.047087,"UNDEFINED",0.000000,0.997565,0.000000,,,,,"","",,,,7.578521,,0.000000,,0.000000,,,0.000000,0.000000,"",,,0.000000,,-1.000000,,0.000000,0.000000,-1.000000,-1.000000,,,,,,,,,,,"",,,,,,,,,,"Volumetric",,,,,,,,,,0.000000,,,,,,,,,,0.000000,0.000000,,,,,,,,,,,,
"0BEC47AD","Nodes",1118671.870000,1668511.370000,1313.064347,"Default Known Flow Node",69.999969,0.579999,1000.000000,0.000000,"Known Flow",0.000000,0.000000,2.16999993085665e-07,40.000000,0.579999,1000.000000,0.000000,0.000000,13.000000,0.000000,0.515374,0.579999,,,,7.578521,7.578521,,16.800279,,,,,,903.822387,0.066146,0.000000,0.000000,0.000000,,-459.670013,1000.000000,,0.000000,0.000000,,,,0.047087,"SETFLOW",0.000000,0.997565,0.000000,,,,,"","",,,,7.578521,,0.000000,,0.000000,,,0.000000,0.000000,"",,,0.000000,,-1.000000,,0.000000,0.000000,-1.000000,-1.000000,,,,,,,,,,,"",,,,,,,,,,"Volumetric",,,,,,,,,,-0.435115,,,,,,,,,,-0.435115,-0.010442,,,,,,,,,,,,
"0BEC47D8","Nodes",1118590.500000,1668525.500000,1313.064347,"Default Known Flow Node",69.999969,0.579999,1000.000000,0.000000,"Known Flow",0.000000,0.000000,2.16999993085665e-07,40.000000,0.579999,1000.000000,0.000000,0.000000,13.000000,0.000000,0.515375,0.579999,,,,7.778199,7.778199,,16.800279,,,,,,903.822387,0.066146,0.000000,0.000000,0.000000,,-459.670013,1000.000000,,0.000000,0.000000,,,,0.047109,"UNDEFINED",0.000000,0.997564,0.000000,,,,,"","",,,,7.778199,,0.000000,,0.000000,,,0.000000,0.000000,"",,,0.000000,,-1.000000,,0.000000,0.000000,-1.000000,-1.000000,,,,,,,,,,,"",,,,,,,,,,"Volumetric",,,,,,,,,,0.000000,,,,,,,,,,0.000000,0.000000,,,,,,,,,,,,
"3W11","Nodes",1119081.500000,1668550.870000,1313.064347,"Default Known Flow Node",69.999969,0.579999,1000.000000,0.000000,"Known Flow",0.000000,0.000000,2.16999993085665e-07,40.000000,0.579999,1000.000000,0.000000,0.000000,13.000000,0.000000,0.515375,0.579999,,,,7.739569,7.739569,,16.800279,,,,,,903.822387,0.066146,0.000000,0.000000,0.000000,,-459.670013,1000.000000,,0.000000,0.000000,,,,0.047105,"SETFLOW",0.000000,0.997564,0.000000,,,,,"","",,,,7.739569,,0.000000,,0.000000,,,0.000000,0.000000,"",,,0.000000,"ROOSEVELT EQUITIES",-1.000000,,0.000000,0.000000,-1.000000,-1.000000,,,,,,,,,,,"",,,,"",,,,,,"Volumetric",,,,"Volumetric",,,,,,0.000000,,,,-1.734999,,,,,,0.000000,0.000000,,,,,,,,,,,,
"0BEC25C8","Nodes",1118643.750000,1668532.120000,1313.064347,"Default Known Flow Node",69.999969,0.579999,1000.000000,0.000000,"Known Flow",0.000000,0.000000,2.16999993085665e-07,40.000000,0.579999,1000.000000,0.000000,0.000000,13.000000,0.000000,0.515375,0.579999,,,,7.788597,7.788597,,16.800279,,,,,,903.822387,0.066146,0.000000,0.000000,0.000000,,-459.670013,1000.000000,,0.000000,0.000000,,,,0.047110,"SETFLOW",0.000000,0.997564,0.000000,,,,,"","",,,,7.788597,,0.000000,,0.000000,,,0.000000,0.000000,"",,,0.000000,,-1.000000,,0.000000,0.000000,-1.000000,-1.000000,,,,,,,,,,,"",,,,,,,,,,"Volumetric",,,,,,,,,,-1.127983,,,,,,,,,,-1.127983,-0.027071,,,,,,,,,,,,
"3W20","Nodes",1118643.870000,1668534.120000,1313.064347,"Default Known Flow Node",69.999969,0.579999,1000.000000,0.000000,"Known Flow",0.000000,0.000000,2.16999993085665e-07,40.000000,0.579999,1000.000000,0.000000,0.000000,13.000000,0.000000,0.515375,0.579999,,,,7.788597,7.788597,,16.800279,,,,,,903.822387,0.066146,0.000000,0.000000,0.000000,,-459.670013,1000.000000,,0.000000,0.000000,,,,0.047110,"SETFLOW",0.000000,0.997564,0.000000,,,,,"","",,,,7.788597,,0.000000,,0.000000,,,0.000000,0.000000,"",,,0.000000,"SHOREHAM APTS INC",-1.000000,,0.000000,0.000000,-1.000000,-1.000000,,,,,,,,,,,"",,,,"",,,,,,"Volumetric",,,,"Volumetric",,,,,,0.000000,,,,-1.791262,,,,,,0.000000,0.000000,,,,,,,,,,,,
"0BEC47D9","Nodes",1118592.750000,1668541.000000,1313.064347,"Default Known Flow Node",69.999969,0.579999,1000.000000,0.000000,"Known Flow",0.000000,0.000000,2.16999993085665e-07,40.000000,0.579999,1000.000000,0.000000,0.000000,13.000000,0.000000,0.515376,0.579999,,,,7.816680,7.816680,,16.800279,,,,,,903.822387,0.066146,0.000000,0.000000,0.000000,,-459.670013,1000.000000,,0.000000,0.000000,,,,0.047114,"SETFLOW",0.000000,0.997564,0.000000,,,,,"","",,,,7.816680,,0.000000,,0.000000,,,0.000000,0.000000,"",,,0.000000,,-1.000000,,0.000000,0.000000,-1.000000,-1.000000,,,,,,,,,,,"",,,,,,,,,,"Volumetric",,,,,,,,,,-0.072094,,,,,,,,,,-0.072094,-0.001730,,,,,,,,,,,,
"2FBFF7B7","Nodes",1118303.291909,1668590.947726,1313.064347,"Default Known Flow Node",69.999969,0.579999,1000.000000,0.000000,"Known Flow",0.000000,0.000000,2.16999993085665e-07,40.000000,0.579999,1000.000000,0.000000,0.000000,13.000000,0.000000,0.515378,0.579999,,,,8.166117,8.166117,,16.800279,,,,,,903.822387,0.066146,0.000000,0.000000,0.000000,,-459.670013,1000.000000,,0.000000,0.000000,,,,0.047153,"UNDEFINED",0.000000,0.997562,0.000000,,,,,"","",,,,8.166117,,0.000000,,0.000000,,,0.000000,0.000000,"",,,0.000000,,-1.000000,,0.000000,0.000000,0.000000,-1.000000,,,,,,,,,,,"",,,,,,,,,,"Volumetric",,,,,,,,,,0.000000,,,,,,,,,,0.000000,0.000000,,,,,,,,,,,,
"0BEC47FC","Nodes",1119093.620000,1668620.000000,1313.064347,"Default Known Flow Node",69.999969,0.579999,1000.000000,0.000000,"Known Flow",0.000000,0.000000,2.16999993085665e-07,40.000000,0.579999,1000.000000,0.000000,0.000000,13.000000,0.000000,0.515375,0.579999,,,,7.756043,7.756043,,16.800279,,,,,,903.822387,0.066146,0.000000,0.000000,0.000000,,-459.670013,1000.000000,,0.000000,0.000000,,,,0.047107,"SETFLOW",0.000000,0.997564,0.000000,,,,,"","",,,,7.756043,,0.000000,,0.000000,,,0.000000,0.000000,"",,,0.000000,,-1.000000,,0.000000,0.000000,-1.000000,-1.000000,,,,,,,,,,,"",,,,,,,,,,"Volumetric",,,,,,,,,,-0.119306,,,,,,,,,,-0.119306,-0.002863,,,,,,,,,,,,
"0BEC47FF","Nodes",1118338.651659,1668619.399556,1313.064347,"Default Known Flow Node",69.999969,0.579999,1000.000000,0.000000,"Known Flow",0.000000,0.000000,2.16999993085665e-07,40.000000,0.579999,1000.000000,0.000000,0.000000,13.000000,0.000000,0.515377,0.579999,,,,8.039231,8.039231,,16.800279,,,,,,903.822387,0.066146,0.000000,0.000000,0.000000,,-459.670013,1000.000000,,0.000000,0.000000,,,,0.047139,"UNDEFINED",0.000000,0.997562,0.000000,,,,,"","",,,,8.039231,,0.000000,,0.000000,,,0.000000,0.000000,"",,,0.000000,"V68157",-1.000000,,0.000000,0.000000,-1.000000,-1.000000,,,,,,,,,,,"",,,,,,,,,,"Volumetric",,,,,,,,,,0.000000,,,,,,,,,,0.000000,0.000000,,,,,,,,,,,,
"2FBEB437","Nodes",1118332.104462,1668583.110142,1313.064347,"Default Known Flow Node",69.999969,0.579999,1000.000000,0.000000,"Known Flow",0.000000,0.000000,2.16999993085665e-07,40.000000,0.579999,1000.000000,0.000000,0.000000,13.000000,0.000000,0.515377,0.579999,,,,8.057684,8.057684,,16.800279,,,,,,903.822387,0.066146,0.000000,0.000000,0.000000,,-459.670013,1000.000000,,0.000000,0.000000,,,,0.047141,"UNDEFINED",0.000000,0.997562,0.000000,,,,,"","",,,,8.057684,,0.000000,,0.000000,,,0.000000,0.000000,"",,,0.000000,,-1.000000,,0.000000,0.000000,0.000000,-1.000000,,,,,,,,,,,"",,,,,,,,,,"Volumetric",,,,,,,,,,0.000000,,,,,,,,,,0.000000,0.000000,,,,,,,,,,,,
"2FB8563C","Nodes",1118347.144938,1668666.177260,1313.064347,"Default Known Flow Node",69.999969,0.579999,1000.000000,0.000000,"Known Flow",0.000000,0.000000,2.16999993085665e-07,40.000000,0.579999,1000.000000,0.000000,0.000000,13.000000,0.000000,0.515377,0.579999,,,,8.017659,8.017659,,16.800279,,,,,,903.822387,0.066146,0.000000,0.000000,0.000000,,-459.670013,1000.000000,,0.000000,0.000000,,,,0.047136,"SETFLOW",0.000000,0.997562,0.000000,,,,,"","",,,,8.017659,,0.000000,,0.000000,,,0.000000,0.000000,"",,,0.000000,,-1.000000,,0.000000,0.000000,-1.000000,-1.000000,,,,,,,,,,,"",,,,,,,,,,"Volumetric",,,,,,,,,,-0.286302,,,,,,,,,,-0.286302,-0.006871,,,,,,,,,,,,
"2FB8563B","Nodes",1118350.000000,1668678.500000,1313.064347,"Default Known Flow Node",69.999969,0.579999,1000.000000,0.000000,"Known Flow",0.000000,0.000000,2.16999993085665e-07,40.000000,0.579999,1000.000000,0.000000,0.000000,13.000000,0.000000,0.515377,0.579999,,,,7.984268,7.984268,,16.800279,,,,,,903.822387,0.066146,0.000000,0.000000,0.000000,,-459.670013,1000.000000,,0.000000,0.000000,,,,0.047133,"SETFLOW",0.000000,0.997563,0.000000,,,,,"","",,,,7.984268,,0.000000,,0.000000,,,0.000000,0.000000,"",,,0.000000,,-1.000000,,0.000000,0.000000,-1.000000,-1.000000,,,,,,,,,,,"",,,,,,,,,,"Volumetric",,,,,,,,,,-0.586561,,,,,,,,,,-0.586561,-0.014077,,,,,,,,,,,,
"Q3No452","Nodes",1118348.960029,1668673.185446,1313.064347,"Default Known Flow Node",69.999969,0.579999,1000.000000,0.000000,"Known Flow",0.000000,0.000000,2.16999993085665e-07,40.000000,0.579999,1000.000000,0.000000,0.000000,13.000000,0.000000,0.515377,0.579999,,,,7.997111,7.997111,,16.800279,,,,,,903.822387,0.066146,0.000000,0.000000,0.000000,,-459.670013,1000.000000,,0.000000,0.000000,,,,0.047134,"UNDEFINED",0.000000,0.997563,0.000000,,,,,"","",,,,7.997111,,0.000000,,0.000000,,,0.000000,0.000000,"",,,0.000000,,-1.000000,,0.000000,0.000000,0.000000,-1.000000,,,,,,,,,,,"",,,,,,,,,,"Volumetric",,,,,,,,,,0.000000,,,,,,,,,,0.000000,0.000000,,,,,,,,,,,,
"0BEC482A","Nodes",1119114.250000,1668745.750000,1313.064347,"Default Known Flow Node",69.999969,0.579999,1000.000000,0.000000,"Known Flow",0.000000,0.000000,2.16999993085665e-07,40.000000,0.579999,1000.000000,0.000000,0.000000,13.000000,0.000000,0.515375,0.579999,,,,7.787007,7.787007,,16.800279,,,,,,903.822387,0.066146,0.000000,0.000000,0.000000,,-459.670013,1000.000000,,0.000000,0.000000,,,,0.047110,"SETFLOW",0.000000,0.997564,0.000000,,,,,"","",,,,7.787007,,0.000000,,0.000000,,,0.000000,0.000000,"",,,0.000000,,-1.000000,,0.000000,0.000000,-1.000000,-1.000000,,,,,,,,,,,"",,,,,,,,,,"Volumetric",,,,,,,,,,-0.051040,,,,,,,,,,-0.051039,-0.001224,,,,,,,,,,,,
"0BEC482B","Nodes",1119115.585208,1668753.944225,1313.064347,"Default Known Flow Node",69.999969,0.579999,1000.000000,0.000000,"Known Flow",0.000000,0.000000,2.16999993085665e-07,40.000000,0.579999,1000.000000,0.000000,0.000000,13.000000,0.000000,0.515375,0.579999,,,,7.789481,7.789481,,16.800279,,,,,,903.822387,0.066146,0.000000,0.000000,0.000000,,-459.670013,1000.000000,,0.000000,0.000000,,,,0.047111,"SETFLOW",0.000000,0.997564,0.000000,,,,,"","",,,,7.789481,,0.000000,,0.000000,,,0.000000,0.000000,"",,,0.000000,,-1.000000,,0.000000,0.000000,-1.000000,-1.000000,,,,,,,,,,,"",,,,,,,,,,"Volumetric",,,,,,,,,,-0.058058,,,,,,,,,,-0.058058,-0.001393,,,,,,,,,,,,
"2FC16F1B","Nodes",1119121.807926,1668789.495697,1313.064347,"Default Known Flow Node",69.999969,0.579999,1000.000000,0.000000,"Known Flow",0.000000,0.000000,2.16999993085665e-07,40.000000,0.579999,1000.000000,0.000000,0.000000,13.000000,0.000000,0.515375,0.579999,,,,7.797013,7.797013,,16.800279,,,,,,903.822387,0.066146,0.000000,0.000000,0.000000,,-459.670013,1000.000000,,0.000000,0.000000,,,,0.047111,"UNDEFINED",0.000000,0.997564,0.000000,,,,,"","",,,,7.797013,,0.000000,,0.000000,,,0.000000,0.000000,"",,,0.000000,,-1.000000,,0.000000,0.000000,0.000000,-1.000000,,,,,,,,,,,"",,,,,,,,,,"Volumetric",,,,,,,,,,0.000000,,,,,,,,,,0.000000,0.000000,,,,,,,,,,,,
"2FB82631","Nodes",1119150.870000,1668949.120000,1313.064347,"Default Known Flow Node",69.999969,0.579999,1000.000000,0.000000,"Known Flow",0.000000,0.000000,2.16999993085665e-07,40.000000,0.579999,1000.000000,0.000000,0.000000,13.000000,0.000000,0.515376,0.579999,,,,7.837184,7.837184,,16.800279,,,,,,903.822387,0.066146,0.000000,0.000000,0.000000,,-459.670013,1000.000000,,0.000000,0.000000,,,,0.047116,"SETFLOW",0.000000,0.997563,0.000000,,,,,"","",,,,7.837184,,0.000000,,0.000000,,,0.000000,0.000000,"",,,0.000000,,-1.000000,,0.000000,0.000000,-1.000000,-1.000000,,,,,,,,,,,"",,,,,,,,,,"Volumetric",,,,,,,,,,-0.311344,,,,,,,,,,-0.311344,-0.007472,,,,,,,,,,,,
"2FB82632","Nodes",1119153.750000,1668965.120000,1313.064347,"Default Known Flow Node",69.999969,0.579999,1000.000000,0.000000,"Known Flow",0.000000,0.000000,2.16999993085665e-07,40.000000,0.579999,1000.000000,0.000000,0.000000,13.000000,0.000000,0.515376,0.579999,,,,7.843925,7.843925,,16.800279,,,,,,903.822387,0.066146,0.000000,0.000000,0.000000,,-459.670013,1000.000000,,0.000000,0.000000,,,,0.047117,"SETFLOW",0.000000,0.997563,0.000000,,,,,"","",,,,7.843925,,0.000000,,0.000000,,,0.000000,0.000000,"",,,0.000000,,-1.000000,,0.000000,0.000000,-1.000000,-1.000000,,,,,,,,,,,"",,,,,,,,,,"Volumetric",,,,,,,,,,-0.743269,,,,,,,,,,-0.743269,-0.017838,,,,,,,,,,,,
"2FB24FB9","Nodes",1118480.620000,1669281.000000,1313.064347,"Default Known Flow Node",69.999969,0.579999,1000.000000,0.000000,"Known Flow",0.000000,0.000000,2.16999993085665e-07,40.000000,0.579999,1000.000000,0.000000,0.000000,13.000000,0.000000,0.515371,0.579999,,,,7.021483,7.021483,,16.800279,,,,,,903.822387,0.066147,0.000000,0.000000,0.000000,,-459.670013,1000.000000,,0.000000,0.000000,,,,0.047023,"UNDEFINED",0.000000,0.997568,0.000000,,,,,"","",,,,7.021483,,0.000000,,0.000000,,,0.000000,0.000000,"",,,0.000000,,-1.000000,,0.000000,0.000000,-1.000000,-1.000000,,,,,,,,,,,"",,,,,,,,,,"Volumetric",,,,,,,,,,0.000000,,,,,,,,,,0.000000,0.000000,,,,,,,,,,,,
"0BEC4803","Nodes",1118480.500000,1669279.870000,1313.064347,"Default Known Flow Node",69.999969,0.579999,1000.000000,0.000000,"Known Flow",0.000000,0.000000,2.16999993085665e-07,40.000000,0.579999,1000.000000,0.000000,0.000000,13.000000,0.000000,0.515371,0.579999,,,,7.021483,7.021483,,16.800279,,,,,,903.822387,0.066147,0.000000,0.000000,0.000000,,-459.670013,1000.000000,,0.000000,0.000000,,,,0.047023,"UNDEFINED",0.000000,0.997568,0.000000,,,,,"","",,,,7.021483,,0.000000,,0.000000,,,0.000000,0.000000,"",,,0.000000,,-1.000000,,0.000000,0.000000,-1.000000,-1.000000,,,,,,,,,,,"",,,,,,,,,,"Volumetric",,,,,,,,,,0.000000,,,,,,,,,,0.000000,0.000000,,,,,,,,,,,,
"0BEC4816","Nodes",1118481.250000,1669284.000000,1313.064347,"Default Known Flow Node",69.999969,0.579999,1000.000000,0.000000,"Known Flow",0.000000,0.000000,2.16999993085665e-07,40.000000,0.579999,1000.000000,0.000000,0.000000,13.000000,0.000000,0.515371,0.579999,,,,7.017773,7.017773,,16.800279,,,,,,903.822387,0.066147,0.000000,0.000000,0.000000,,-459.670013,1000.000000,,0.000000,0.000000,,,,0.047023,"UNDEFINED",0.000000,0.997568,0.000000,,,,,"","",,,,7.017773,,0.000000,,0.000000,,,0.000000,0.000000,"",,,0.000000,,-1.000000,,0.000000,0.000000,-1.000000,-1.000000,,,,,,,,,,,"",,,,,,,,,,"Volumetric",,,,,,,,,,0.000000,,,,,,,,,,0.000000,0.000000,,,,,,,,,,,,
"2FB91401","Nodes",1118487.000000,1669316.000000,1313.064347,"Default Known Flow Node",69.999969,0.579999,1000.000000,0.000000,"Known Flow",0.000000,0.000000,2.16999993085665e-07,40.000000,0.579999,1000.000000,0.000000,0.000000,13.000000,0.000000,0.515371,0.579999,,,,6.976959,6.976959,,16.800279,,,,,,903.822387,0.066147,0.000000,0.000000,0.000000,,-459.670013,1000.000000,,0.000000,0.000000,,,,0.047018,"UNDEFINED",0.000000,0.997569,0.000000,,,,,"","",,,,6.976959,,0.000000,,0.000000,,,0.000000,0.000000,"",,,0.000000,,-1.000000,,0.000000,0.000000,-1.000000,-1.000000,,,,,,,,,,,"",,,,,,,,,,"Volumetric",,,,,,,,,,0.000000,,,,,,,,,,0.000000,0.000000,,,,,,,,,,,,
"0BEC4817","Nodes",1118460.120000,1669284.620000,1313.064347,"Default Known Flow Node",69.999969,0.579999,1000.000000,0.000000,"Known Flow",0.000000,0.000000,2.16999993085665e-07,40.000000,0.579999,1000.000000,0.000000,0.000000,13.000000,0.000000,0.515371,0.579999,,,,7.047452,7.047452,,16.800279,,,,,,903.822387,0.066147,0.000000,0.000000,0.000000,,-459.670013,1000.000000,,0.000000,0.000000,,,,0.047026,"SETFLOW",0.000000,0.997568,0.000000,,,,,"","",,,,7.047452,,0.000000,,0.000000,,,0.000000,0.000000,"",,,0.000000,,-1.000000,,0.000000,0.000000,-1.000000,-1.000000,,,,,,,,,,,"",,,,,,,,,,"Volumetric",,,,,,,,,,-0.333514,,,,,,,,,,-0.333514,-0.008004,,,,,,,,,,,,
"0BEC4818","Nodes",1118460.620000,1669286.870000,1313.064347,"Default Known Flow Node",69.999969,0.579999,1000.000000,0.000000,"Known Flow",0.000000,0.000000,2.16999993085665e-07,40.000000,0.579999,1000.000000,0.000000,0.000000,13.000000,0.000000,0.515371,0.579999,,,,7.047452,7.047452,,16.800279,,,,,,903.822387,0.066147,0.000000,0.000000,0.000000,,-459.670013,1000.000000,,0.000000,0.000000,,,,0.047026,"UNDEFINED",0.000000,0.997568,0.000000,,,,,"","",,,,7.047452,,0.000000,,0.000000,,,0.000000,0.000000,"",,,0.000000,,-1.000000,,0.000000,0.000000,-1.000000,-1.000000,,,,,,,,,,,"",,,,,,,,,,"Volumetric",,,,,,,,,,0.000000,,,,,,,,,,0.000000,0.000000,,,,,,,,,,,,
"2FB91400","Nodes",1118488.120000,1669322.000000,1313.064347,"Default Known Flow Node",69.999969,0.579999,1000.000000,0.000000,"Known Flow",0.000000,0.000000,2.16999993085665e-07,40.000000,0.579999,1000.000000,0.000000,0.000000,13.000000,0.000000,0.515371,0.579999,,,,6.975401,6.975401,,16.800279,,,,,,903.822387,0.066147,0.000000,0.000000,0.000000,,-459.670013,1000.000000,,0.000000,0.000000,,,,0.047018,"SETFLOW",0.000000,0.997569,0.000000,,,,,"","",,,,6.975401,,0.000000,,0.000000,,,0.000000,0.000000,"",,,0.000000,,-1.000000,,0.000000,0.000000,-1.000000,-1.000000,,,,,,,,,,,"",,,,,,,,,,"Volumetric",,,,,,,,,,-0.053113,,,,,,,,,,-0.053113,-0.001274,,,,,,,,,,,,
"2FB24FBC","Nodes",1118543.750000,1669626.370000,1313.064347,"Default Known Flow Node",69.999969,0.579999,1000.000000,0.000000,"Known Flow",0.000000,0.000000,2.16999993085665e-07,40.000000,0.579999,1000.000000,0.000000,0.000000,13.000000,0.000000,0.515369,0.579999,,,,6.596042,6.596042,,16.800279,,,,,,903.822387,0.066147,0.000000,0.000000,0.000000,,-459.670013,1000.000000,,0.000000,0.000000,,,,0.046975,"UNDEFINED",0.000000,0.997571,0.000000,,,,,"","",,,,6.596042,,0.000000,,0.000000,,,0.000000,0.000000,"",,,0.000000,"144-77 Barclay Ave AC= 0, Q= 3.149 mcfh, Firm",-1.000000,,0.000000,0.000000,-1.000000,-1.000000,,,,,,,,,,,"",,,,,,,,,,"Volumetric",,,,,,,,,,0.000000,,,,,,,,,,0.000000,0.000000,,,,,,,,,,,,
"2FC15374","Nodes",1118492.440776,1669345.640388,1313.064347,"Default Known Flow Node",69.999969,0.579999,1000.000000,0.000000,"Known Flow",0.000000,0.000000,2.16999993085665e-07,40.000000,0.579999,1000.000000,0.000000,0.000000,13.000000,0.000000,0.515371,0.579999,,,,6.938113,6.938113,,16.800279,,,,,,903.822387,0.066147,0.000000,0.000000,0.000000,,-459.670013,1000.000000,,0.000000,0.000000,,,,0.047014,"UNDEFINED",0.000000,0.997569,0.000000,,,,,"","",,,,6.938113,,0.000000,,0.000000,,,0.000000,0.000000,"",,,0.000000,,-1.000000,,0.000000,0.000000,0.000000,-1.000000,,,,,,,,,,,"",,,,,,,,,,"Volumetric",,,,,,,,,,0.000000,,,,,,,,,,0.000000,0.000000,,,,,,,,,,,,
"0BEC482D","Nodes",1119251.500000,1669509.250000,1313.064347,"Default Known Flow Node",69.999969,0.579999,1000.000000,0.000000,"Known Flow",0.000000,0.000000,2.16999993085665e-07,40.000000,0.579999,1000.000000,0.000000,0.000000,13.000000,0.000000,0.515377,0.579999,,,,8.034740,8.034740,,16.800279,,,,,,903.822387,0.066146,0.000000,0.000000,0.000000,,-459.670013,1000.000000,,0.000000,0.000000,,,,0.047138,"SETFLOW",0.000000,0.997562,0.000000,,,,,"","",,,,8.034740,,0.000000,,0.000000,,,0.000000,0.000000,"",,,0.000000,,-1.000000,,0.000000,0.000000,-1.000000,-1.000000,,,,,,,,,,,"",,,,,,,,,,"Volumetric",,,,,,,,,,-0.186738,,,,,,,,,,-0.186738,-0.004481,,,,,,,,,,,,
"0BEC4849","Nodes",1119260.000000,1669508.000000,1313.064347,"Default Known Flow Node",69.999969,0.579999,1000.000000,0.000000,"Known Flow",0.000000,0.000000,2.16999993085665e-07,40.000000,0.579999,1000.000000,0.000000,0.000000,13.000000,0.000000,0.515377,0.579999,,,,8.035965,8.035965,,16.800279,,,,,,903.822387,0.066146,0.000000,0.000000,0.000000,,-459.670013,1000.000000,,0.000000,0.000000,,,,0.047139,"UNDEFINED",0.000000,0.997562,0.000000,,,,,"","",,,,8.035965,,0.000000,,0.000000,,,0.000000,0.000000,"",,,0.000000,,-1.000000,,0.000000,0.000000,-1.000000,-1.000000,,,,,,,,,,,"",,,,,,,,,,"Volumetric",,,,,,,,,,0.000000,,,,,,,,,,0.000000,0.000000,,,,,,,,,,,,
"0BEC482C","Nodes",1119248.149715,1669489.189626,1313.064347,"Default Known Flow Node",69.999969,0.579999,1000.000000,0.000000,"Known Flow",0.000000,0.000000,2.16999993085665e-07,40.000000,0.579999,1000.000000,0.000000,0.000000,13.000000,0.000000,0.515377,0.579999,,,,8.027839,8.027839,,16.800279,,,,,,903.822387,0.066146,0.000000,0.000000,0.000000,,-459.670013,1000.000000,,0.000000,0.000000,,,,0.047138,"SETFLOW",0.000000,0.997562,0.000000,,,,,"","",,,,8.027839,,0.000000,,0.000000,,,0.000000,0.000000,"",,,0.000000,,-1.000000,,0.000000,0.000000,-1.000000,-1.000000,,,,,,,,,,,"",,,,,,,,,,"Volumetric",,,,,,,,,,-0.541830,,,,,,,,,,-0.541830,-0.013003,,,,,,,,,,,,
"2FB20810","Nodes",1119130.750000,1669531.500000,1313.064347,"Default Known Flow Node",69.999969,0.579999,1000.000000,0.000000,"Known Flow",0.000000,0.000000,2.16999993085665e-07,40.000000,0.579999,1000.000000,0.000000,0.000000,13.000000,0.000000,0.515377,0.579999,,,,8.034661,8.034661,,16.800279,,,,,,903.822387,0.066146,0.000000,0.000000,0.000000,,-459.670013,1000.000000,,0.000000,0.000000,,,,0.047138,"SETFLOW",0.000000,0.997562,0.000000,,,,,"","",,,,8.034661,,0.000000,,0.000000,,,0.000000,0.000000,"",,,0.000000,,-1.000000,,0.000000,0.000000,-1.000000,-1.000000,,,,,,,,,,,"",,,,,,,,,,"Volumetric",,,,,,,,,,-0.237050,,,,,,,,,,-0.237050,-0.005689,,,,,,,,,,,,
"0BEC4848","Nodes",1119260.000000,1669550.250000,1313.064347,"Default Known Flow Node",69.999969,0.579999,1000.000000,0.000000,"Known Flow",0.000000,0.000000,2.16999993085665e-07,40.000000,0.579999,1000.000000,0.000000,0.000000,13.000000,0.000000,0.515377,0.579999,,,,8.038140,8.038140,,16.800279,,,,,,903.822387,0.066146,0.000000,0.000000,0.000000,,-459.670013,1000.000000,,0.000000,0.000000,,,,0.047139,"SETFLOW",0.000000,0.997562,0.000000,,,,,"","",,,,8.038140,,0.000000,,0.000000,,,0.000000,0.000000,"",,,0.000000,,-1.000000,,0.000000,0.000000,-1.000000,-1.000000,,,,,,,,,,,"",,,,,,,,,,"Volumetric",,,,,,,,,,-0.013545,,,,,,,,,,-0.013545,-0.000325,,,,,,,,,,,,
"0BEC481E","Nodes",1118858.120000,1669583.250000,1313.064347,"Default Known Flow Node",69.999969,0.579999,1000.000000,0.000000,"Known Flow",0.000000,0.000000,2.16999993085665e-07,40.000000,0.579999,1000.000000,0.000000,0.000000,13.000000,0.000000,0.515368,0.579999,,,,6.539569,6.539569,,16.800279,,,,,,903.822387,0.066147,0.000000,0.000000,0.000000,,-459.670013,1000.000000,,0.000000,0.000000,,,,0.046969,"SETFLOW",0.000000,0.997571,0.000000,,,,,"","",,,,6.539569,,0.000000,,0.000000,,,0.000000,0.000000,"",,,0.000000,,-1.000000,,0.000000,0.000000,-1.000000,-1.000000,,,,,,,,,,,"",,,,,,,,,,"Volumetric",,,,,,,,,,-0.021494,,,,,,,,,,-0.021494,-0.000515,,,,,,,,,,,,
"0BEC481F","Nodes",1118864.750000,1669581.870000,1313.064347,"Default Known Flow Node",69.999969,0.579999,1000.000000,0.000000,"Known Flow",0.000000,0.000000,2.16999993085665e-07,40.000000,0.579999,1000.000000,0.000000,0.000000,13.000000,0.000000,0.515368,0.579999,,,,6.539568,6.539568,,16.800279,,,,,,903.822387,0.066147,0.000000,0.000000,0.000000,,-459.670013,1000.000000,,0.000000,0.000000,,,,0.046969,"SETFLOW",0.000000,0.997571,0.000000,,,,,"","",,,,6.539568,,0.000000,,0.000000,,,0.000000,0.000000,"",,,0.000000,,-1.000000,,0.000000,0.000000,-1.000000,-1.000000,,,,,,,,,,,"",,,,,,,,,,"Volumetric",,,,,,,,,,-0.081882,,,,,,,,,,-0.081882,-0.001965,,,,,,,,,,,,
"0BEC481D","Nodes",1118850.870000,1669584.370000,1313.064347,"Default Known Flow Node",69.999969,0.579999,1000.000000,0.000000,"Known Flow",0.000000,0.000000,2.16999993085665e-07,40.000000,0.579999,1000.000000,0.000000,0.000000,13.000000,0.000000,0.515368,0.579999,,,,6.541012,6.541012,,16.800279,,,,,,903.822387,0.066147,0.000000,0.000000,0.000000,,-459.670013,1000.000000,,0.000000,0.000000,,,,0.046969,"SETFLOW",0.000000,0.997571,0.000000,,,,,"","",,,,6.541012,,0.000000,,0.000000,,,0.000000,0.000000,"",,,0.000000,,-1.000000,,0.000000,0.000000,-1.000000,-1.000000,,,,,,,,,,,"",,,,,,,,,,"Volumetric",,,,,,,,,,-0.545029,,,,,,,,,,-0.545029,-0.013080,,,,,,,,,,,,
"0BEC481C","Nodes",1118835.370000,1669587.000000,1313.064347,"Default Known Flow Node",69.999969,0.579999,1000.000000,0.000000,"Known Flow",0.000000,0.000000,2.16999993085665e-07,40.000000,0.579999,1000.000000,0.000000,0.000000,13.000000,0.000000,0.515369,0.579999,,,,6.547005,6.547005,,16.800279,,,,,,903.822387,0.066147,0.000000,0.000000,0.000000,,-459.670013,1000.000000,,0.000000,0.000000,,,,0.046969,"UNDEFINED",0.000000,0.997571,0.000000,,,,,"","",,,,6.547005,,0.000000,,0.000000,,,0.000000,0.000000,"",,,0.000000,,-1.000000,,0.000000,0.000000,-1.000000,-1.000000,,,,,,,,,,,"",,,,,,,,,,"Volumetric",,,,,,,,,,0.000000,,,,,,,,,,0.000000,0.000000,,,,,,,,,,,,
"0BEC481B","Nodes",1118831.370000,1669587.870000,1313.064347,"Default Known Flow Node",69.999969,0.579999,1000.000000,0.000000,"Known Flow",0.000000,0.000000,2.16999993085665e-07,40.000000,0.579999,1000.000000,0.000000,0.000000,13.000000,0.000000,0.515369,0.579999,,,,6.547946,6.547946,,16.800279,,,,,,903.822387,0.066147,0.000000,0.000000,0.000000,,-459.670013,1000.000000,,0.000000,0.000000,,,,0.046969,"UNDEFINED",0.000000,0.997571,0.000000,,,,,"","",,,,6.547946,,0.000000,,0.000000,,,0.000000,0.000000,"",,,0.000000,,-1.000000,,0.000000,0.000000,-1.000000,-1.000000,,,,,,,,,,,"",,,,,,,,,,"Volumetric",,,,,,,,,,0.000000,,,,,,,,,,0.000000,0.000000,,,,,,,,,,,,
"0BEC481A","Nodes",1118813.250000,1669591.500000,1313.064347,"Default Known Flow Node",69.999969,0.579999,1000.000000,0.000000,"Known Flow",0.000000,0.000000,2.16999993085665e-07,40.000000,0.579999,1000.000000,0.000000,0.000000,13.000000,0.000000,0.515369,0.579999,,,,6.550199,6.550199,,16.800279,,,,,,903.822387,0.066147,0.000000,0.000000,0.000000,,-459.670013,1000.000000,,0.000000,0.000000,,,,0.046970,"UNDEFINED",0.000000,0.997571,0.000000,,,,,"","",,,,6.550199,,0.000000,,0.000000,,,0.000000,0.000000,"",,,0.000000,,-1.000000,,0.000000,0.000000,-1.000000,-1.000000,,,,,,,,,,,"",,,,,,,,,,"Volumetric",,,,,,,,,,0.000000,,,,,,,,,,0.000000,0.000000,,,,,,,,,,,,
"2FB24FBD","Nodes",1118544.120000,1669628.870000,1313.064347,"Default Known Flow Node",69.999969,0.579999,1000.000000,0.000000,"Known Flow",0.000000,0.000000,2.16999993085665e-07,40.000000,0.579999,1000.000000,0.000000,0.000000,13.000000,0.000000,0.515369,0.579999,,,,6.593641,6.593641,,16.800279,,,,,,903.822387,0.066147,0.000000,0.000000,0.000000,,-459.670013,1000.000000,,0.000000,0.000000,,,,0.046975,"UNDEFINED",0.000000,0.997571,0.000000,,,,,"","",,,,6.593641,,0.000000,,0.000000,,,0.000000,0.000000,"",,,0.000000,,-1.000000,,0.000000,0.000000,-1.000000,-1.000000,,,,,,,,,,,"",,,,,,,,,,"Volumetric",,,,,,,,,,0.000000,,,,,,,,,,0.000000,0.000000,,,,,,,,,,,,
"2FB27C40","Nodes",1118545.500000,1669636.500000,1313.064347,"Default Known Flow Node",69.999969,0.579999,1000.000000,0.000000,"Known Flow",0.000000,0.000000,2.16999993085665e-07,40.000000,0.579999,1000.000000,0.000000,0.000000,13.000000,0.000000,0.515369,0.579999,,,,6.584035,6.584035,,16.800279,,,,,,903.822387,0.066147,0.000000,0.000000,0.000000,,-459.670013,1000.000000,,0.000000,0.000000,,,,0.046974,"UNDEFINED",0.000000,0.997571,0.000000,,,,,"","",,,,6.584035,,0.000000,,0.000000,,,0.000000,0.000000,"",,,0.000000,,-1.000000,,0.000000,0.000000,-1.000000,-1.000000,,,,,,,,,,,"",,,,,,,,,,"Volumetric",,,,,,,,,,0.000000,,,,,,,,,,0.000000,0.000000,,,,,,,,,,,,
"0BEC4814","Nodes",1118546.500000,1669641.370000,1313.064347,"Default Known Flow Node",69.999969,0.579999,1000.000000,0.000000,"Known Flow",0.000000,0.000000,2.16999993085665e-07,40.000000,0.579999,1000.000000,0.000000,0.000000,13.000000,0.000000,0.515369,0.579999,,,,6.582774,6.582774,,16.800279,,,,,,903.822387,0.066147,0.000000,0.000000,0.000000,,-459.670013,1000.000000,,0.000000,0.000000,,,,0.046973,"UNDEFINED",0.000000,0.997571,0.000000,,,,,"","",,,,6.582774,,0.000000,,0.000000,,,0.000000,0.000000,"",,,0.000000,,-1.000000,,0.000000,0.000000,-1.000000,-1.000000,,,,,,,,,,,"",,,,,,,,,,"Volumetric",,,,,,,,,,0.000000,,,,,,,,,,0.000000,0.000000,,,,,,,,,,,,
"2FB27C3F","Nodes",1118568.370000,1669637.250000,1313.064347,"Default Known Flow Node",69.999969,0.579999,1000.000000,0.000000,"Known Flow",0.000000,0.000000,2.16999993085665e-07,40.000000,0.579999,1000.000000,0.000000,0.000000,13.000000,0.000000,0.515369,0.579999,,,,6.578557,6.578557,,16.800279,,,,,,903.822387,0.066147,0.000000,0.000000,0.000000,,-459.670013,1000.000000,,0.000000,0.000000,,,,0.046973,"SETFLOW",0.000000,0.997571,0.000000,,,,,"","",,,,6.578557,,0.000000,,0.000000,,,0.000000,0.000000,"",,,0.000000,,-1.000000,,0.000000,0.000000,-1.000000,-1.000000,,,,,,,,,,,"",,,,,,,,,,"Volumetric",,,,,,,,,,-0.083072,,,,,,,,,,-0.083072,-0.001993,,,,,,,,,,,,
"2FB282CF","Nodes",1118538.750000,1669642.870000,1313.064347,"Default Known Flow Node",69.999969,0.579999,1000.000000,0.000000,"Known Flow",0.000000,0.000000,2.16999993085665e-07,40.000000,0.579999,1000.000000,0.000000,0.000000,13.000000,0.000000,0.515369,0.579999,,,,6.586494,6.586494,,16.800279,,,,,,903.822387,0.066147,0.000000,0.000000,0.000000,,-459.670013,1000.000000,,0.000000,0.000000,,,,0.046974,"UNDEFINED",0.000000,0.997571,0.000000,,,,,"","",,,,6.586494,,0.000000,,0.000000,,,0.000000,0.000000,"",,,0.000000,,-1.000000,,0.000000,0.000000,-1.000000,-1.000000,,,,,,,,,,,"",,,,,,,,,,"Volumetric",,,,,,,,,,0.000000,,,,,,,,,,0.000000,0.000000,,,,,,,,,,,,
"2FB282CE","Nodes",1118488.370000,1669652.750000,1313.064347,"Default Known Flow Node",69.999969,0.579999,1000.000000,0.000000,"Known Flow",0.000000,0.000000,2.16999993085665e-07,40.000000,0.579999,1000.000000,0.000000,0.000000,13.000000,0.000000,0.515369,0.579999,,,,6.610213,6.610213,,16.800279,,,,,,903.822387,0.066147,0.000000,0.000000,0.000000,,-459.670013,1000.000000,,0.000000,0.000000,,,,0.046977,"SETFLOW",0.000000,0.997571,0.000000,,,,,"","",,,,6.610213,,0.000000,,0.000000,,,0.000000,0.000000,"",,,0.000000,,-1.000000,,0.000000,0.000000,-1.000000,-1.000000,,,,,,,,,,,"",,,,,,,,,,"Volumetric",,,,,,,,,,-0.276352,,,,,,,,,,-0.276352,-0.006632,,,,,,,,,,,,
"0BEC4815","Nodes",1118547.870000,1669648.120000,1313.064347,"Default Known Flow Node",69.999969,0.579999,1000.000000,0.000000,"Known Flow",0.000000,0.000000,2.16999993085665e-07,40.000000,0.579999,1000.000000,0.000000,0.000000,13.000000,0.000000,0.515369,0.579999,,,,6.577957,6.577957,,16.800279,,,,,,903.822387,0.066147,0.000000,0.000000,0.000000,,-459.670013,1000.000000,,0.000000,0.000000,,,,0.046973,"SETFLOW",0.000000,0.997571,0.000000,,,,,"","",,,,6.577957,,0.000000,,0.000000,,,0.000000,0.000000,"",,,0.000000,,-1.000000,,0.000000,0.000000,-1.000000,-1.000000,,,,,,,,,,,"",,,,,,,,,,"Volumetric",,,,,,,,,,-1.591361,,,,,,,,,,-1.591361,-0.038192,,,,,,,,,,,,
"0BEC480F","Nodes",1118277.620000,1669694.000000,1313.064347,"Default Known Flow Node",69.999969,0.579999,1000.000000,0.000000,"Known Flow",0.000000,0.000000,2.16999993085665e-07,40.000000,0.579999,1000.000000,0.000000,0.000000,13.000000,0.000000,0.515369,0.579999,,,,6.681500,6.681500,,16.800279,,,,,,903.822387,0.066147,0.000000,0.000000,0.000000,,-459.670013,1000.000000,,0.000000,0.000000,,,,0.046985,"SETFLOW",0.000000,0.997570,0.000000,,,,,"","",,,,6.681500,,0.000000,,0.000000,,,0.000000,0.000000,"",,,0.000000,,-1.000000,,0.000000,0.000000,-1.000000,-1.000000,,,,,,,,,,,"",,,,,,,,,,"Volumetric",,,,,,,,,,-0.212280,,,,,,,,,,-0.212280,-0.005094,,,,,,,,,,,,
"2FC11E51","Nodes",1118333.493255,1669683.063953,1313.064347,"Default Known Flow Node",69.999969,0.579999,1000.000000,0.000000,"Known Flow",0.000000,0.000000,2.16999993085665e-07,40.000000,0.579999,1000.000000,0.000000,0.000000,13.000000,0.000000,0.515369,0.579999,,,,6.663743,6.663743,,16.800279,,,,,,903.822387,0.066147,0.000000,0.000000,0.000000,,-459.670013,1000.000000,,0.000000,0.000000,,,,0.046983,"UNDEFINED",0.000000,0.997570,0.000000,,,,,"","",,,,6.663743,,0.000000,,0.000000,,,0.000000,0.000000,"",,,0.000000,,-1.000000,,0.000000,0.000000,0.000000,-1.000000,,,,,,,,,,,"",,,,,,,,,,"Volumetric",,,,,,,,,,0.000000,,,,,,,,,,0.000000,0.000000,,,,,,,,,,,,
"3W38","Nodes",1118255.120000,1669698.870000,1313.064347,"Default Known Flow Node",69.999969,0.579999,1000.000000,0.000000,"Known Flow",0.000000,0.000000,2.16999993085665e-07,40.000000,0.579999,1000.000000,0.000000,0.000000,13.000000,0.000000,0.515369,0.579999,,,,6.688973,6.688973,,16.800279,,,,,,903.822387,0.066147,0.000000,0.000000,0.000000,,-459.670013,1000.000000,,0.000000,0.000000,,,,0.046985,"SETFLOW",0.000000,0.997570,0.000000,,,,,"","",,,,6.688973,,0.000000,,0.000000,,,0.000000,0.000000,"",,,0.000000,"H S BROTHERS II CORP",-1.000000,,0.000000,0.000000,-1.000000,-1.000000,,,,,,,,,,,"",,,,"",,,,,,"Volumetric",,,,"Volumetric",,,,,,0.000000,,,,-0.899999,,,,,,0.000000,0.000000,,,,,,,,,,,,
"0BEC4811","Nodes",1118254.500000,1669695.870000,1313.064347,"Default Known Flow Node",69.999969,0.579999,1000.000000,0.000000,"Known Flow",0.000000,0.000000,2.16999993085665e-07,40.000000,0.579999,1000.000000,0.000000,0.000000,13.000000,0.000000,0.515369,0.579999,,,,6.688973,6.688973,,16.800279,,,,,,903.822387,0.066147,0.000000,0.000000,0.000000,,-459.670013,1000.000000,,0.000000,0.000000,,,,0.046985,"UNDEFINED",0.000000,0.997570,0.000000,,,,,"","",,,,6.688973,,0.000000,,0.000000,,,0.000000,0.000000,"",,,0.000000,,-1.000000,,0.000000,0.000000,-1.000000,-1.000000,,,,,,,,,,,"",,,,,,,,,,"Volumetric",,,,,,,,,,0.000000,,,,,,,,,,0.000000,0.000000,,,,,,,,,,,,
"0BEC480D","Nodes",1118246.000000,1669700.870000,1313.064347,"Default Known Flow Node",69.999969,0.579999,1000.000000,0.000000,"Known Flow",0.000000,0.000000,2.16999993085665e-07,40.000000,0.579999,1000.000000,0.000000,0.000000,13.000000,0.000000,0.515369,0.579999,,,,6.691898,6.691898,,16.800279,,,,,,903.822387,0.066147,0.000000,0.000000,0.000000,,-459.670013,1000.000000,,0.000000,0.000000,,,,0.046986,"UNDEFINED",0.000000,0.997570,0.000000,,,,,"","",,,,6.691898,,0.000000,,0.000000,,,0.000000,0.000000,"",,,0.000000,,-1.000000,,0.000000,0.000000,-1.000000,-1.000000,,,,,,,,,,,"",,,,,,,,,,"Volumetric",,,,,,,,,,0.000000,,,,,,,,,,0.000000,0.000000,,,,,,,,,,,,
"0BEC4813","Nodes",1118245.250000,1669696.500000,1313.064347,"Default Known Flow Node",69.999969,0.579999,1000.000000,0.000000,"Known Flow",0.000000,0.000000,2.16999993085665e-07,40.000000,0.579999,1000.000000,0.000000,0.000000,13.000000,0.000000,0.515369,0.579999,,,,6.691898,6.691898,,16.800279,,,,,,903.822387,0.066147,0.000000,0.000000,0.000000,,-459.670013,1000.000000,,0.000000,0.000000,,,,0.046986,"UNDEFINED",0.000000,0.997570,0.000000,,,,,"","",,,,6.691898,,0.000000,,0.000000,,,0.000000,0.000000,"",,,0.000000,,-1.000000,,0.000000,0.000000,-1.000000,-1.000000,,,,,,,,,,,"",,,,,,,,,,"Volumetric",,,,,,,,,,0.000000,,,,,,,,,,0.000000,0.000000,,,,,,,,,,,,
"0BEC4810","Nodes",1118255.870000,1669702.250000,1313.064347,"Default Known Flow Node",69.999969,0.579999,1000.000000,0.000000,"Known Flow",0.000000,0.000000,2.16999993085665e-07,40.000000,0.579999,1000.000000,0.000000,0.000000,13.000000,0.000000,0.515369,0.579999,,,,6.688973,6.688973,,16.800279,,,,,,903.822387,0.066147,0.000000,0.000000,0.000000,,-459.670013,1000.000000,,0.000000,0.000000,,,,0.046985,"UNDEFINED",0.000000,0.997570,0.000000,,,,,"","",,,,6.688973,,0.000000,,0.000000,,,0.000000,0.000000,"",,,0.000000,,-1.000000,,0.000000,0.000000,-1.000000,-1.000000,,,,,,,,,,,"",,,,,,,,,,"Volumetric",,,,,,,,,,0.000000,,,,,,,,,,0.000000,0.000000,,,,,,,,,,,,
"0BEC4812","Nodes",1118247.120000,1669705.750000,1313.064347,"Default Known Flow Node",69.999969,0.579999,1000.000000,0.000000,"Known Flow",0.000000,0.000000,2.16999993085665e-07,40.000000,0.579999,1000.000000,0.000000,0.000000,13.000000,0.000000,0.515369,0.579999,,,,6.691898,6.691898,,16.800279,,,,,,903.822387,0.066147,0.000000,0.000000,0.000000,,-459.670013,1000.000000,,0.000000,0.000000,,,,0.046986,"UNDEFINED",0.000000,0.997570,0.000000,,,,,"","",,,,6.691898,,0.000000,,0.000000,,,0.000000,0.000000,"",,,0.000000,,-1.000000,,0.000000,0.000000,-1.000000,-1.000000,,,,,,,,,,,"",,,,,,,,,,"Volumetric",,,,,,,,,,0.000000,,,,,,,,,,0.000000,0.000000,,,,,,,,,,,,
"0BEC4845","Nodes",1118255.120000,1670000.000000,1313.064347,"Default Known Flow Node",69.999969,0.579999,1000.000000,0.000000,"Known Flow",0.000000,0.000000,2.16999993085665e-07,40.000000,0.579999,1000.000000,0.000000,0.000000,13.000000,0.000000,0.515369,0.579999,,,,6.562507,6.562507,,16.800279,,,,,,903.822387,0.066147,0.000000,0.000000,0.000000,,-459.670013,1000.000000,,0.000000,0.000000,,,,0.046971,"SETFLOW",0.000000,0.997571,0.000000,,,,,"","",,,,6.562507,,0.000000,,0.000000,,,0.000000,0.000000,"",,,0.000000,,-1.000000,,0.000000,0.000000,-1.000000,-1.000000,,,,,,,,,,,"",,,,,,,,,,"Volumetric",,,,,,,,,,-0.298358,,,,,,,,,,-0.298358,-0.007160,,,,,,,,,,,,
"0BEC4846","Nodes",1118610.500000,1670000.000000,1313.064347,"Default Known Flow Node",69.999969,0.579999,1000.000000,0.000000,"Known Flow",0.000000,0.000000,2.16999993085665e-07,40.000000,0.579999,1000.000000,0.000000,0.000000,13.000000,0.000000,0.515368,0.579999,,,,6.472999,6.472999,,16.800279,,,,,,903.822387,0.066147,0.000000,0.000000,0.000000,,-459.670013,1000.000000,,0.000000,0.000000,,,,0.046961,"SETFLOW",0.000000,0.997571,0.000000,,,,,"","",,,,6.472999,,0.000000,,0.000000,,,0.000000,0.000000,"",,,0.000000,,-1.000000,,0.000000,0.000000,-1.000000,-1.000000,,,,,,,,,,,"",,,,,,,,,,"Volumetric",,,,,,,,,,-1.507946,,,,,,,,,,-1.507946,-0.036190,,,,,,,,,,,,
"R5880","Nodes",1118573.834257,1669793.997422,1313.064347,"Default Known Flow Node",69.999969,0.579999,1000.000000,0.000000,"Known Flow",0.000000,0.000000,2.16999993085665e-07,40.000000,0.579999,1000.000000,0.000000,0.000000,13.000000,0.000000,0.515368,0.579999,,,,6.490426,6.490426,,16.800279,,,,,,903.822387,0.066147,0.000000,0.000000,0.000000,,-459.670013,1000.000000,,0.000000,0.000000,,,,0.046963,"SETFLOW",0.000000,0.997571,0.000000,,,,,"","",,,,6.490426,,0.000000,,0.000000,,,0.000000,0.000000,"",,,0.000000,"147-14 Barclay Ave",-1.000000,,0.000000,0.000000,0.000000,-1.000000,,,,,,,,,,,"",,,,,,,,,,"Volumetric",,,,,,,,,,-3.368954,,,,,,,,,,-3.368954,-0.080854,,,,,,,,,,,,
"0BEC5038","Nodes",1118617.750000,1670042.370000,1313.064347,"Default Known Flow Node",69.999969,0.579999,1000.000000,0.000000,"Known Flow",0.000000,0.000000,2.16999993085665e-07,40.000000,0.579999,1000.000000,0.000000,0.000000,13.000000,0.000000,0.515368,0.579999,,,,6.472929,6.472929,,16.800279,,,,,,903.822387,0.066147,0.000000,0.000000,0.000000,,-459.670013,1000.000000,,0.000000,0.000000,,,,0.046961,"SETFLOW",0.000000,0.997571,0.000000,,,,,"","",,,,6.472929,,0.000000,,0.000000,,,0.000000,0.000000,"",,,0.000000,,-1.000000,,0.000000,0.000000,-1.000000,-1.000000,,,,,,,,,,,"",,,,,,,,,,"Volumetric",,,,,,,,,,-2.172037,,,,,,,,,,-2.172037,-0.052128,,,,,,,,,,,,
"2FB82FBB","Nodes",1118662.370000,1670291.000000,1313.064347,"Default Known Flow Node",69.999969,0.579999,1000.000000,0.000000,"Known Flow",0.000000,0.000000,2.16999993085665e-07,40.000000,0.579999,1000.000000,0.000000,0.000000,13.000000,0.000000,0.515368,0.579999,,,,6.504555,6.504555,,16.800279,,,,,,903.822387,0.066147,0.000000,0.000000,0.000000,,-459.670013,1000.000000,,0.000000,0.000000,,,,0.046965,"SETFLOW",0.000000,0.997571,0.000000,,,,,"","",,,,6.504555,,0.000000,,0.000000,,,0.000000,0.000000,"",,,0.000000,,-1.000000,,0.000000,0.000000,-1.000000,-1.000000,,,,,,,,,,,"",,,,,,,,,,"Volumetric",,,,,,,,,,-0.844501,,,,,,,,,,-0.844501,-0.020268,,,,,,,,,,,,
"0BEC5030","Nodes",1119247.500000,1670180.870000,1313.064347,"Default Known Flow Node",69.999969,0.579999,1000.000000,0.000000,"Known Flow",0.000000,0.000000,2.16999993085665e-07,40.000000,0.579999,1000.000000,0.000000,0.000000,13.000000,0.000000,0.515378,0.579999,,,,8.235157,8.235157,,16.800279,,,,,,903.822387,0.066146,0.000000,0.000000,0.000000,,-459.670013,1000.000000,,0.000000,0.000000,,,,0.047161,"UNDEFINED",0.000000,0.997561,0.000000,,,,,"","",,,,8.235157,,0.000000,,0.000000,,,0.000000,0.000000,"",,,0.000000,,-1.000000,,0.000000,0.000000,-1.000000,-1.000000,,,,,,,,,,,"",,,,,,,,,,"Volumetric",,,,,,,,,,0.000000,,,,,,,,,,0.000000,0.000000,,,,,,,,,,,,
"0BEC508C","Nodes",1119260.000000,1670178.500000,1313.064347,"Default Known Flow Node",69.999969,0.579999,1000.000000,0.000000,"Known Flow",0.000000,0.000000,2.16999993085665e-07,40.000000,0.579999,1000.000000,0.000000,0.000000,13.000000,0.000000,0.515378,0.579999,,,,8.235157,8.235157,,16.800279,,,,,,903.822387,0.066146,0.000000,0.000000,0.000000,,-459.670013,1000.000000,,0.000000,0.000000,,,,0.047161,"SETFLOW",0.000000,0.997561,0.000000,,,,,"","",,,,8.235157,,0.000000,,0.000000,,,0.000000,0.000000,"",,,0.000000,,-1.000000,,0.000000,0.000000,-1.000000,-1.000000,,,,,,,,,,,"",,,,,,,,,,"Volumetric",,,,,,,,,,-0.415505,,,,,,,,,,-0.415505,-0.009972,,,,,,,,,,,,
"0BEC503D","Nodes",1118979.370000,1670233.370000,1313.064347,"Default Known Flow Node",69.999969,0.579999,1000.000000,0.000000,"Known Flow",0.000000,0.000000,2.16999993085665e-07,40.000000,0.579999,1000.000000,0.000000,0.000000,13.000000,0.000000,0.515368,0.579999,,,,6.493471,6.493471,,16.800279,,,,,,903.822387,0.066147,0.000000,0.000000,0.000000,,-459.670013,1000.000000,,0.000000,0.000000,,,,0.046963,"UNDEFINED",0.000000,0.997571,0.000000,,,,,"","",,,,6.493471,,0.000000,,0.000000,,,0.000000,0.000000,"",,,0.000000,,-1.000000,,0.000000,0.000000,-1.000000,-1.000000,,,,,,,,,,,"",,,,,,,,,,"Volumetric",,,,,,,,,,0.000000,,,,,,,,,,0.000000,0.000000,,,,,,,,,,,,
"0BEC5035","Nodes",1118950.120000,1670239.370000,1313.064347,"Default Known Flow Node",69.999969,0.579999,1000.000000,0.000000,"Known Flow",0.000000,0.000000,2.16999993085665e-07,40.000000,0.579999,1000.000000,0.000000,0.000000,13.000000,0.000000,0.515368,0.579999,,,,6.496738,6.496738,,16.800279,,,,,,903.822387,0.066147,0.000000,0.000000,0.000000,,-459.670013,1000.000000,,0.000000,0.000000,,,,0.046964,"UNDEFINED",0.000000,0.997571,0.000000,,,,,"","",,,,6.496738,,0.000000,,0.000000,,,0.000000,0.000000,"",,,0.000000,"149-06 41 Ave, Q= 1.495 mcfh, Firm",-1.000000,,0.000000,0.000000,-1.000000,-1.000000,,,,,,,,,,,"",,,,,,,,,,"Volumetric",,,,,,,,,,0.000000,,,,,,,,,,0.000000,0.000000,,,,,,,,,,,,
"2FB85E07","Nodes",1118931.500000,1670243.000000,1313.064347,"Default Known Flow Node",69.999969,0.579999,1000.000000,0.000000,"Known Flow",0.000000,0.000000,2.16999993085665e-07,40.000000,0.579999,1000.000000,0.000000,0.000000,13.000000,0.000000,0.515368,0.579999,,,,6.497165,6.497165,,16.800279,,,,,,903.822387,0.066147,0.000000,0.000000,0.000000,,-459.670013,1000.000000,,0.000000,0.000000,,,,0.046964,"UNDEFINED",0.000000,0.997571,0.000000,,,,,"","",,,,6.497165,,0.000000,,0.000000,,,0.000000,0.000000,"",,,0.000000,,-1.000000,,0.000000,0.000000,-1.000000,-1.000000,,,,,,,,,,,"",,,,,,,,,,"Volumetric",,,,,,,,,,0.000000,,,,,,,,,,0.000000,0.000000,,,,,,,,,,,,
"2FB85E08","Nodes",1118893.500000,1670250.250000,1313.064347,"Default Known Flow Node",69.999969,0.579999,1000.000000,0.000000,"Known Flow",0.000000,0.000000,2.16999993085665e-07,40.000000,0.579999,1000.000000,0.000000,0.000000,13.000000,0.000000,0.515368,0.579999,,,,6.498402,6.498402,,16.800279,,,,,,903.822387,0.066147,0.000000,0.000000,0.000000,,-459.670013,1000.000000,,0.000000,0.000000,,,,0.046964,"SETFLOW",0.000000,0.997571,0.000000,,,,,"","",,,,6.498402,,0.000000,,0.000000,,,0.000000,0.000000,"",,,0.000000,,-1.000000,,0.000000,0.000000,-1.000000,-1.000000,,,,,,,,,,,"",,,,,,,,,,"Volumetric",,,,,,,,,,-0.036763,,,,,,,,,,-0.036763,-0.000882,,,,,,,,,,,,
"2FB82FBA","Nodes",1118784.620000,1670271.370000,1313.064347,"Default Known Flow Node",69.999969,0.579999,1000.000000,0.000000,"Known Flow",0.000000,0.000000,2.16999993085665e-07,40.000000,0.579999,1000.000000,0.000000,0.000000,13.000000,0.000000,0.515368,0.579999,,,,6.501647,6.501647,,16.800279,,,,,,903.822387,0.066147,0.000000,0.000000,0.000000,,-459.670013,1000.000000,,0.000000,0.000000,,,,0.046964,"SETFLOW",0.000000,0.997571,0.000000,,,,,"","",,,,6.501647,,0.000000,,0.000000,,,0.000000,0.000000,"",,,0.000000,,-1.000000,,0.000000,0.000000,-1.000000,-1.000000,,,,,,,,,,,"",,,,,,,,,,"Volumetric",,,,,,,,,,-0.135565,,,,,,,,,,-0.135565,-0.003253,,,,,,,,,,,,
"0BEC5036","Nodes",1118663.250000,1670295.500000,1313.064347,"Default Known Flow Node",69.999969,0.579999,1000.000000,0.000000,"Known Flow",0.000000,0.000000,2.16999993085665e-07,40.000000,0.579999,1000.000000,0.000000,0.000000,13.000000,0.000000,0.515368,0.579999,,,,6.511713,6.511713,,16.800279,,,,,,903.822387,0.066147,0.000000,0.000000,0.000000,,-459.670013,1000.000000,,0.000000,0.000000,,,,0.046965,"UNDEFINED",0.000000,0.997571,0.000000,,,,,"","",,,,6.511713,,0.000000,,0.000000,,,0.000000,0.000000,"",,,0.000000,,-1.000000,,0.000000,0.000000,-1.000000,-1.000000,,,,,,,,,,,"",,,,,,,,,,"Volumetric",,,,,,,,,,0.000000,,,,,,,,,,0.000000,0.000000,,,,,,,,,,,,
"2FB82FB9","Nodes",1118668.870000,1670294.250000,1313.064347,"Default Known Flow Node",69.999969,0.579999,1000.000000,0.000000,"Known Flow",0.000000,0.000000,2.16999993085665e-07,40.000000,0.579999,1000.000000,0.000000,0.000000,13.000000,0.000000,0.515368,0.579999,,,,6.511060,6.511060,,16.800279,,,,,,903.822387,0.066147,0.000000,0.000000,0.000000,,-459.670013,1000.000000,,0.000000,0.000000,,,,0.046965,"SETFLOW",0.000000,0.997571,0.000000,,,,,"","",,,,6.511060,,0.000000,,0.000000,,,0.000000,0.000000,"",,,0.000000,,-1.000000,,0.000000,0.000000,-1.000000,-1.000000,,,,,,,,,,,"",,,,,,,,,,"Volumetric",,,,,,,,,,-0.109141,,,,,,,,,,-0.109141,-0.002619,,,,,,,,,,,,
"2FB82FBE","Nodes",1118632.620000,1670302.500000,1313.064347,"Default Known Flow Node",69.999969,0.579999,1000.000000,0.000000,"Known Flow",0.000000,0.000000,2.16999993085665e-07,40.000000,0.579999,1000.000000,0.000000,0.000000,13.000000,0.000000,0.515368,0.579999,,,,6.513772,6.513772,,16.800279,,,,,,903.822387,0.066147,0.000000,0.000000,0.000000,,-459.670013,1000.000000,,0.000000,0.000000,,,,0.046966,"SETFLOW",0.000000,0.997571,0.000000,,,,,"","",,,,6.513772,,0.000000,,0.000000,,,0.000000,0.000000,"",,,0.000000,,-1.000000,,0.000000,0.000000,-1.000000,-1.000000,,,,,,,,,,,"",,,,,,,,,,"Volumetric",,,,,,,,,,-0.109141,,,,,,,,,,-0.109141,-0.002619,,,,,,,,,,,,
"2FB82FC7","Nodes",1118667.120000,1670316.500000,1313.064347,"Default Known Flow Node",69.999969,0.579999,1000.000000,0.000000,"Known Flow",0.000000,0.000000,2.16999993085665e-07,40.000000,0.579999,1000.000000,0.000000,0.000000,13.000000,0.000000,0.515368,0.579999,,,,6.512121,6.512121,,16.800279,,,,,,903.822387,0.066147,0.000000,0.000000,0.000000,,-459.670013,1000.000000,,0.000000,0.000000,,,,0.046965,"UNDEFINED",0.000000,0.997571,0.000000,,,,,"","",,,,6.512121,,0.000000,,0.000000,,,0.000000,0.000000,"",,,0.000000,,-1.000000,,0.000000,0.000000,-1.000000,-1.000000,,,,,,,,,,,"",,,,,,,,,,"Volumetric",,,,,,,,,,0.000000,,,,,,,,,,0.000000,0.000000,,,,,,,,,,,,
"2FB82FC8","Nodes",1118667.120000,1670317.500000,1313.064347,"Default Known Flow Node",69.999969,0.579999,1000.000000,0.000000,"Known Flow",0.000000,0.000000,2.16999993085665e-07,40.000000,0.579999,1000.000000,0.000000,0.000000,13.000000,0.000000,0.515368,0.579999,,,,6.512121,6.512121,,16.800279,,,,,,903.822387,0.066147,0.000000,0.000000,0.000000,,-459.670013,1000.000000,,0.000000,0.000000,,,,0.046965,"UNDEFINED",0.000000,0.997571,0.000000,,,,,"","",,,,6.512121,,0.000000,,0.000000,,,0.000000,0.000000,"",,,0.000000,,-1.000000,,0.000000,0.000000,-1.000000,-1.000000,,,,,,,,,,,"",,,,,,,,,,"Volumetric",,,,,,,,,,0.000000,,,,,,,,,,0.000000,0.000000,,,,,,,,,,,,
"0BEC5039","Nodes",1118679.250000,1670382.370000,1313.064347,"Default Known Flow Node",69.999969,0.579999,1000.000000,0.000000,"Known Flow",0.000000,0.000000,2.16999993085665e-07,40.000000,0.579999,1000.000000,0.000000,0.000000,13.000000,0.000000,0.515368,0.579999,,,,6.513422,6.513422,,16.800279,,,,,,903.822387,0.066147,0.000000,0.000000,0.000000,,-459.670013,1000.000000,,0.000000,0.000000,,,,0.046966,"SETFLOW",0.000000,0.997571,0.000000,,,,,"","",,,,6.513422,,0.000000,,0.000000,,,0.000000,0.000000,"",,,0.000000,,-1.000000,,0.000000,0.000000,-1.000000,-1.000000,,,,,,,,,,,"",,,,,,,,,,"Volumetric",,,,,,,,,,-0.079815,,,,,,,,,,-0.079815,-0.001915,,,,,,,,,,,,
"0BEC503A","Nodes",1118697.750000,1670486.750000,1313.064347,"Default Known Flow Node",69.999969,0.579999,1000.000000,0.000000,"Known Flow",0.000000,0.000000,2.16999993085665e-07,40.000000,0.579999,1000.000000,0.000000,0.000000,13.000000,0.000000,0.515368,0.579999,,,,6.516812,6.516812,,16.800279,,,,,,903.822387,0.066147,0.000000,0.000000,0.000000,,-459.670013,1000.000000,,0.000000,0.000000,,,,0.046966,"SETFLOW",0.000000,0.997571,0.000000,,,,,"","",,,,6.516812,,0.000000,,0.000000,,,0.000000,0.000000,"",,,0.000000,,-1.000000,,0.000000,0.000000,-1.000000,-1.000000,,,,,,,,,,,"",,,,,,,,,,"Volumetric",,,,,,,,,,-0.139072,,,,,,,,,,-0.139072,-0.003337,,,,,,,,,,,,
"0BEC503E","Nodes",1118998.250000,1670498.620000,1313.064347,"Default Known Flow Node",69.999969,0.579999,1000.000000,0.000000,"Known Flow",0.000000,0.000000,2.16999993085665e-07,40.000000,0.579999,1000.000000,0.000000,0.000000,13.000000,0.000000,0.515368,0.579999,,,,6.502083,6.502083,,16.800279,,,,,,903.822387,0.066147,0.000000,0.000000,0.000000,,-459.670013,1000.000000,,0.000000,0.000000,,,,0.046964,"UNDEFINED",0.000000,0.997571,0.000000,,,,,"","",,,,6.502083,,0.000000,,0.000000,,,0.000000,0.000000,"",,,0.000000,"149-20 41 Ave, Q= 1.119 mcfh, Firm",-1.000000,,0.000000,0.000000,-1.000000,-1.000000,,,,,,,,,,,"",,,,,,,,,,"Volumetric",,,,,,,,,,0.000000,,,,,,,,,,0.000000,0.000000,,,,,,,,,,,,
"0BEC503F","Nodes",1119000.500000,1670513.120000,1313.064347,"Default Known Flow Node",69.999969,0.579999,1000.000000,0.000000,"Known Flow",0.000000,0.000000,2.16999993085665e-07,40.000000,0.579999,1000.000000,0.000000,0.000000,13.000000,0.000000,0.515368,0.579999,,,,6.502482,6.502482,,16.800279,,,,,,903.822387,0.066147,0.000000,0.000000,0.000000,,-459.670013,1000.000000,,0.000000,0.000000,,,,0.046964,"UNDEFINED",0.000000,0.997571,0.000000,,,,,"","",,,,6.502482,,0.000000,,0.000000,,,0.000000,0.000000,"",,,0.000000,,-1.000000,,0.000000,0.000000,-1.000000,-1.000000,,,,,,,,,,,"",,,,,,,,,,"Volumetric",,,,,,,,,,0.000000,,,,,,,,,,0.000000,0.000000,,,,,,,,,,,,
"0BEC5044","Nodes",1119100.120000,1670531.870000,1313.064347,"Default Known Flow Node",69.999969,0.579999,1000.000000,0.000000,"Known Flow",0.000000,0.000000,2.16999993085665e-07,40.000000,0.579999,1000.000000,0.000000,0.000000,13.000000,0.000000,0.515368,0.579999,,,,6.502673,6.502673,,16.800279,,,,,,903.822387,0.066147,0.000000,0.000000,0.000000,,-459.670013,1000.000000,,0.000000,0.000000,,,,0.046964,"UNDEFINED",0.000000,0.997571,0.000000,,,,,"","",,,,6.502673,,0.000000,,0.000000,,,0.000000,0.000000,"",,,0.000000,,-1.000000,,0.000000,0.000000,-1.000000,-1.000000,,,,,,,,,,,"",,,,,,,,,,"Volumetric",,,,,,,,,,0.000000,,,,,,,,,,0.000000,0.000000,,,,,,,,,,,,
"0BEC5045","Nodes",1119102.250000,1670531.250000,1313.064347,"Default Known Flow Node",69.999969,0.579999,1000.000000,0.000000,"Known Flow",0.000000,0.000000,2.16999993085665e-07,40.000000,0.579999,1000.000000,0.000000,0.000000,13.000000,0.000000,0.515368,0.579999,,,,6.502673,6.502673,,16.800279,,,,,,903.822387,0.066147,0.000000,0.000000,0.000000,,-459.670013,1000.000000,,0.000000,0.000000,,,,0.046964,"UNDEFINED",0.000000,0.997571,0.000000,,,,,"","",,,,6.502673,,0.000000,,0.000000,,,0.000000,0.000000,"",,,0.000000,,-1.000000,,0.000000,0.000000,-1.000000,-1.000000,,,,,,,,,,,"",,,,,,,,,,"Volumetric",,,,,,,,,,0.000000,,,,,,,,,,0.000000,0.000000,,,,,,,,,,,,
"0BEC5041","Nodes",1119018.250000,1670549.500000,1313.064347,"Default Known Flow Node",69.999969,0.579999,1000.000000,0.000000,"Known Flow",0.000000,0.000000,2.16999993085665e-07,40.000000,0.579999,1000.000000,0.000000,0.000000,13.000000,0.000000,0.515368,0.579999,,,,6.502673,6.502673,,16.800279,,,,,,903.822387,0.066147,0.000000,0.000000,0.000000,,-459.670013,1000.000000,,0.000000,0.000000,,,,0.046964,"UNDEFINED",0.000000,0.997571,0.000000,,,,,"","",,,,6.502673,,0.000000,,0.000000,,,0.000000,0.000000,"",,,0.000000,,-1.000000,,0.000000,0.000000,-1.000000,-1.000000,,,,,,,,,,,"",,,,,,,,,,"Volumetric",,,,,,,,,,0.000000,,,,,,,,,,0.000000,0.000000,,,,,,,,,,,,
"2FB214EF","Nodes",1119100.870000,1670535.750000,1313.064347,"Default Known Flow Node",69.999969,0.579999,1000.000000,0.000000,"Known Flow",0.000000,0.000000,2.16999993085665e-07,40.000000,0.579999,1000.000000,0.000000,0.000000,13.000000,0.000000,0.515368,0.579999,,,,6.502673,6.502673,,16.800279,,,,,,903.822387,0.066147,0.000000,0.000000,0.000000,,-459.670013,1000.000000,,0.000000,0.000000,,,,0.046964,"UNDEFINED",0.000000,0.997571,0.000000,,,,,"","",,,,6.502673,,0.000000,,0.000000,,,0.000000,0.000000,"",,,0.000000,,-1.000000,,0.000000,0.000000,-1.000000,-1.000000,,,,,,,,,,,"",,,,,,,,,,"Volumetric",,,,,,,,,,0.000000,,,,,,,,,,0.000000,0.000000,,,,,,,,,,,,
"0BEC5040","Nodes",1119007.370000,1670551.620000,1313.064347,"Default Known Flow Node",69.999969,0.579999,1000.000000,0.000000,"Known Flow",0.000000,0.000000,2.16999993085665e-07,40.000000,0.579999,1000.000000,0.000000,0.000000,13.000000,0.000000,0.515368,0.579999,,,,6.502673,6.502673,,16.800279,,,,,,903.822387,0.066147,0.000000,0.000000,0.000000,,-459.670013,1000.000000,,0.000000,0.000000,,,,0.046964,"UNDEFINED",0.000000,0.997571,0.000000,,,,,"","",,,,6.502673,,0.000000,,0.000000,,,0.000000,0.000000,"",,,0.000000,"149-08 41 Ave, Q= 1.643 mcfh, Firm",-1.000000,,0.000000,0.000000,-1.000000,-1.000000,,,,,,,,,,,"",,,,,,,,,,"Volumetric",,,,,,,,,,0.000000,,,,,,,,,,0.000000,0.000000,,,,,,,,,,,,
"2FB82FCA","Nodes",1118998.620000,1670553.370000,1313.064347,"Default Known Flow Node",69.999969,0.579999,1000.000000,0.000000,"Known Flow",0.000000,0.000000,2.16999993085665e-07,40.000000,0.579999,1000.000000,0.000000,0.000000,13.000000,0.000000,0.515368,0.579999,,,,6.502648,6.502648,,16.800279,,,,,,903.822387,0.066147,0.000000,0.000000,0.000000,,-459.670013,1000.000000,,0.000000,0.000000,,,,0.046964,"UNDEFINED",0.000000,0.997571,0.000000,,,,,"","",,,,6.502648,,0.000000,,0.000000,,,0.000000,0.000000,"",,,0.000000,,-1.000000,,0.000000,0.000000,-1.000000,-1.000000,,,,,,,,,,,"",,,,,,,,,,"Volumetric",,,,,,,,,,0.000000,,,,,,,,,,0.000000,0.000000,,,,,,,,,,,,
"2FB82FC9","Nodes",1118994.620000,1670555.120000,1313.064347,"Default Known Flow Node",69.999969,0.579999,1000.000000,0.000000,"Known Flow",0.000000,0.000000,2.16999993085665e-07,40.000000,0.579999,1000.000000,0.000000,0.000000,13.000000,0.000000,0.515368,0.579999,,,,6.502633,6.502633,,16.800279,,,,,,903.822387,0.066147,0.000000,0.000000,0.000000,,-459.670013,1000.000000,,0.000000,0.000000,,,,0.046964,"UNDEFINED",0.000000,0.997571,0.000000,,,,,"","",,,,6.502633,,0.000000,,0.000000,,,0.000000,0.000000,"",,,0.000000,,-1.000000,,0.000000,0.000000,-1.000000,-1.000000,,,,,,,,,,,"",,,,,,,,,,"Volumetric",,,,,,,,,,0.000000,,,,,,,,,,0.000000,0.000000,,,,,,,,,,,,
"0BEC5042","Nodes",1119008.870000,1670559.250000,1313.064347,"Default Known Flow Node",69.999969,0.579999,1000.000000,0.000000,"Known Flow",0.000000,0.000000,2.16999993085665e-07,40.000000,0.579999,1000.000000,0.000000,0.000000,13.000000,0.000000,0.515368,0.579999,,,,6.502823,6.502823,,16.800279,,,,,,903.822387,0.066147,0.000000,0.000000,0.000000,,-459.670013,1000.000000,,0.000000,0.000000,,,,0.046964,"UNDEFINED",0.000000,0.997571,0.000000,,,,,"","",,,,6.502823,,0.000000,,0.000000,,,0.000000,0.000000,"",,,0.000000,,-1.000000,,0.000000,0.000000,-1.000000,-1.000000,,,,,,,,,,,"",,,,,,,,,,"Volumetric",,,,,,,,,,0.000000,,,,,,,,,,0.000000,0.000000,,,,,,,,,,,,
"2FB82FC5","Nodes",1118719.500000,1670606.620000,1313.064347,"Default Known Flow Node",69.999969,0.579999,1000.000000,0.000000,"Known Flow",0.000000,0.000000,2.16999993085665e-07,40.000000,0.579999,1000.000000,0.000000,0.000000,13.000000,0.000000,0.515368,0.579999,,,,6.517889,6.517889,,16.800279,,,,,,903.822387,0.066147,0.000000,0.000000,0.000000,,-459.670013,1000.000000,,0.000000,0.000000,,,,0.046966,"SETFLOW",0.000000,0.997571,0.000000,,,,,"","",,,,6.517889,,0.000000,,0.000000,,,0.000000,0.000000,"",,,0.000000,,-1.000000,,0.000000,0.000000,-1.000000,-1.000000,,,,,,,,,,,"",,,,,,,,,,"Volumetric",,,,,,,,,,-0.046357,,,,,,,,,,-0.046357,-0.001112,,,,,,,,,,,,
"0BEC5043","Nodes",1118994.620000,1670554.120000,1313.064347,"Default Known Flow Node",69.999969,0.579999,1000.000000,0.000000,"Known Flow",0.000000,0.000000,2.16999993085665e-07,40.000000,0.579999,1000.000000,0.000000,0.000000,13.000000,0.000000,0.515368,0.579999,,,,6.502633,6.502633,,16.800279,,,,,,903.822387,0.066147,0.000000,0.000000,0.000000,,-459.670013,1000.000000,,0.000000,0.000000,,,,0.046964,"SETFLOW",0.000000,0.997571,0.000000,,,,,"","",,,,6.502633,,0.000000,,0.000000,,,0.000000,0.000000,"",,,0.000000,,-1.000000,,0.000000,0.000000,-1.000000,-1.000000,,,,,,,,,,,"",,,,,,,,,,"Volumetric",,,,,,,,,,-1.513595,,,,,,,,,,-1.513595,-0.036326,,,,,,,,,,,,
"2FB82FC2","Nodes",1118733.870000,1670609.120000,1313.064347,"Default Known Flow Node",69.999969,0.579999,1000.000000,0.000000,"Known Flow",0.000000,0.000000,2.16999993085665e-07,40.000000,0.579999,1000.000000,0.000000,0.000000,13.000000,0.000000,0.515368,0.579999,,,,6.515780,6.515780,,16.800279,,,,,,903.822387,0.066147,0.000000,0.000000,0.000000,,-459.670013,1000.000000,,0.000000,0.000000,,,,0.046966,"SETFLOW",0.000000,0.997571,0.000000,,,,,"","",,,,6.515780,,0.000000,,0.000000,,,0.000000,0.000000,"",,,0.000000,"41-13 149 Pl, Firm (S08-31662-Q)",-1.000000,,0.000000,0.000000,-1.000000,-1.000000,,,,,,,,,,,,,,,,"",,,,,,,,,,"Volumetric",,,,,,,,,,-1.120834,,,,,-1.120834,-0.026900,,,,,,,,,,,,
"2FB82FC3","Nodes",1118730.250000,1670609.870000,1313.064347,"Default Known Flow Node",69.999969,0.579999,1000.000000,0.000000,"Known Flow",0.000000,0.000000,2.16999993085665e-07,40.000000,0.579999,1000.000000,0.000000,0.000000,13.000000,0.000000,0.515368,0.579999,,,,6.516398,6.516398,,16.800279,,,,,,903.822387,0.066147,0.000000,0.000000,0.000000,,-459.670013,1000.000000,,0.000000,0.000000,,,,0.046966,"UNDEFINED",0.000000,0.997571,0.000000,,,,,"","",,,,6.516398,,0.000000,,0.000000,,,0.000000,0.000000,"",,,0.000000,,-1.000000,,0.000000,0.000000,-1.000000,-1.000000,,,,,,,,,,,"",,,,,,,,,,"Volumetric",,,,,,,,,,0.000000,,,,,,,,,,0.000000,0.000000,,,,,,,,,,,,
"2FB82FC1","Nodes",1118682.620000,1670620.620000,1313.064347,"Default Known Flow Node",69.999969,0.579999,1000.000000,0.000000,"Known Flow",0.000000,0.000000,2.16999993085665e-07,40.000000,0.579999,1000.000000,0.000000,0.000000,13.000000,0.000000,0.515368,0.579999,,,,6.519526,6.519526,,16.800279,,,,,,903.822387,0.066147,0.000000,0.000000,0.000000,,-459.670013,1000.000000,,0.000000,0.000000,,,,0.046966,"UNDEFINED",0.000000,0.997571,0.000000,,,,,"","",,,,6.519526,,0.000000,,0.000000,,,0.000000,0.000000,"",,,0.000000,,-1.000000,,0.000000,0.000000,-1.000000,-1.000000,,,,,,,,,,,"",,,,,,,,,,"Volumetric",,,,,,,,,,0.000000,,,,,,,,,,0.000000,0.000000,,,,,,,,,,,,
"0BEC503B","Nodes",1118720.500000,1670612.000000,1313.064347,"Default Known Flow Node",69.999969,0.579999,1000.000000,0.000000,"Known Flow",0.000000,0.000000,2.16999993085665e-07,40.000000,0.579999,1000.000000,0.000000,0.000000,13.000000,0.000000,0.515368,0.579999,,,,6.517944,6.517944,,16.800279,,,,,,903.822387,0.066147,0.000000,0.000000,0.000000,,-459.670013,1000.000000,,0.000000,0.000000,,,,0.046966,"UNDEFINED",0.000000,0.997571,0.000000,,,,,"","",,,,6.517944,,0.000000,,0.000000,,,0.000000,0.000000,"",,,0.000000,,-1.000000,,0.000000,0.000000,-1.000000,-1.000000,,,,,,,,,,,"",,,,,,,,,,"Volumetric",,,,,,,,,,0.000000,,,,,,,,,,0.000000,0.000000,,,,,,,,,,,,
"2FB82FC4","Nodes",1118730.250000,1670610.870000,1313.064347,"Default Known Flow Node",69.999969,0.579999,1000.000000,0.000000,"Known Flow",0.000000,0.000000,2.16999993085665e-07,40.000000,0.579999,1000.000000,0.000000,0.000000,13.000000,0.000000,0.515368,0.579999,,,,6.516398,6.516398,,16.800279,,,,,,903.822387,0.066147,0.000000,0.000000,0.000000,,-459.670013,1000.000000,,0.000000,0.000000,,,,0.046966,"UNDEFINED",0.000000,0.997571,0.000000,,,,,"","",,,,6.516398,,0.000000,,0.000000,,,0.000000,0.000000,"",,,0.000000,,-1.000000,,0.000000,0.000000,-1.000000,-1.000000,,,,,,,,,,,"",,,,,,,,,,"Volumetric",,,,,,,,,,0.000000,,,,,,,,,,0.000000,0.000000,,,,,,,,,,,,
"2FB80013","Nodes",1118721.870000,1670620.120000,1313.064347,"Default Known Flow Node",69.999969,0.579999,1000.000000,0.000000,"Known Flow",0.000000,0.000000,2.16999993085665e-07,40.000000,0.579999,1000.000000,0.000000,0.000000,13.000000,0.000000,0.515368,0.579999,,,,6.518763,6.518763,,16.800279,,,,,,903.822387,0.066147,0.000000,0.000000,0.000000,,-459.670013,1000.000000,,0.000000,0.000000,,,,0.046966,"UNDEFINED",0.000000,0.997571,0.000000,,,,,"","",,,,6.518763,,0.000000,,0.000000,,,0.000000,0.000000,"",,,0.000000,,-1.000000,,0.000000,0.000000,-1.000000,-1.000000,,,,,,,,,,,"",,,,,,,,,,"Volumetric",,,,,,,,,,0.000000,,,,,,,,,,0.000000,0.000000,,,,,,,,,,,,
"2FB82FC6","Nodes",1118719.500000,1670607.620000,1313.064347,"Default Known Flow Node",69.999969,0.579999,1000.000000,0.000000,"Known Flow",0.000000,0.000000,2.16999993085665e-07,40.000000,0.579999,1000.000000,0.000000,0.000000,13.000000,0.000000,0.515368,0.579999,,,,6.517889,6.517889,,16.800279,,,,,,903.822387,0.066147,0.000000,0.000000,0.000000,,-459.670013,1000.000000,,0.000000,0.000000,,,,0.046966,"UNDEFINED",0.000000,0.997571,0.000000,,,,,"","",,,,6.517889,,0.000000,,0.000000,,,0.000000,0.000000,"",,,0.000000,,-1.000000,,0.000000,0.000000,-1.000000,-1.000000,,,,,,,,,,,"",,,,,,,,,,"Volumetric",,,,,,,,,,0.000000,,,,,,,,,,0.000000,0.000000,,,,,,,,,,,,
"2FB82FBF","Nodes",1118678.370000,1670620.370000,1313.064347,"Default Known Flow Node",69.999969,0.579999,1000.000000,0.000000,"Known Flow",0.000000,0.000000,2.16999993085665e-07,40.000000,0.579999,1000.000000,0.000000,0.000000,13.000000,0.000000,0.515368,0.579999,,,,6.519688,6.519688,,16.800279,,,,,,903.822387,0.066147,0.000000,0.000000,0.000000,,-459.670013,1000.000000,,0.000000,0.000000,,,,0.046966,"SETFLOW",0.000000,0.997571,0.000000,,,,,"","",,,,6.519688,,0.000000,,0.000000,,,0.000000,0.000000,"",,,0.000000,,-1.000000,,0.000000,0.000000,-1.000000,-1.000000,,,,,,,,,,,"",,,,,,,,,,"Volumetric",,,,,,,,,,-0.128995,,,,,,,,,,-0.128995,-0.003095,,,,,,,,,,,,
"2FB82FC0","Nodes",1118682.620000,1670619.620000,1313.064347,"Default Known Flow Node",69.999969,0.579999,1000.000000,0.000000,"Known Flow",0.000000,0.000000,2.16999993085665e-07,40.000000,0.579999,1000.000000,0.000000,0.000000,13.000000,0.000000,0.515368,0.579999,,,,6.519526,6.519526,,16.800279,,,,,,903.822387,0.066147,0.000000,0.000000,0.000000,,-459.670013,1000.000000,,0.000000,0.000000,,,,0.046966,"UNDEFINED",0.000000,0.997571,0.000000,,,,,"","",,,,6.519526,,0.000000,,0.000000,,,0.000000,0.000000,"",,,0.000000,,-1.000000,,0.000000,0.000000,-1.000000,-1.000000,,,,,,,,,,,"",,,,,,,,,,"Volumetric",,,,,,,,,,0.000000,,,,,,,,,,0.000000,0.000000,,,,,,,,,,,,
"2FB280D5","Nodes",1118751.370000,1670791.250000,1313.064347,"Default Known Flow Node",69.999969,0.579999,1000.000000,0.000000,"Known Flow",0.000000,0.000000,2.16999993085665e-07,40.000000,0.579999,1000.000000,0.000000,0.000000,13.000000,0.000000,0.515368,0.579999,,,,6.519667,6.519667,,16.800279,,,,,,903.822387,0.066147,0.000000,0.000000,0.000000,,-459.670013,1000.000000,,0.000000,0.000000,,,,0.046966,"SETFLOW",0.000000,0.997571,0.000000,,,,,"","",,,,6.519667,,0.000000,,0.000000,,,0.000000,0.000000,"",,,0.000000,,-1.000000,,0.000000,0.000000,-1.000000,-1.000000,,,,,,,,,,,"",,,,,,,,,,"Volumetric",,,,,,,,,,-0.059060,,,,,,,,,,-0.059060,-0.001417,,,,,,,,,,,,
"2FB80014","Nodes",1118721.870000,1670621.120000,1313.064347,"Default Known Flow Node",69.999969,0.579999,1000.000000,0.000000,"Known Flow",0.000000,0.000000,2.16999993085665e-07,40.000000,0.579999,1000.000000,0.000000,0.000000,13.000000,0.000000,0.515368,0.579999,,,,6.518763,6.518763,,16.800279,,,,,,903.822387,0.066147,0.000000,0.000000,0.000000,,-459.670013,1000.000000,,0.000000,0.000000,,,,0.046966,"SETFLOW",0.000000,0.997571,0.000000,,,,,"","",,,,6.518763,,0.000000,,0.000000,,,0.000000,0.000000,"",,,0.000000,,-1.000000,,0.000000,0.000000,-1.000000,-1.000000,,,,,,,,,,,"",,,,,,,,,,"Volumetric",,,,,,,,,,-0.108839,,,,,,,,,,-0.108839,-0.002612,,,,,,,,,,,,
"2FB82FCC","Nodes",1118434.120000,1670670.250000,1313.064347,"Default Known Flow Node",69.999969,0.579999,1000.000000,0.000000,"Known Flow",0.000000,0.000000,2.16999993085665e-07,40.000000,0.579999,1000.000000,0.000000,0.000000,13.000000,0.000000,0.515368,0.579999,,,,6.531914,6.531914,,16.800279,,,,,,903.822387,0.066147,0.000000,0.000000,0.000000,,-459.670013,1000.000000,,0.000000,0.000000,,,,0.046968,"SETFLOW",0.000000,0.997571,0.000000,,,,,"","",,,,6.531914,,0.000000,,0.000000,,,0.000000,0.000000,"",,,0.000000,,-1.000000,,0.000000,0.000000,-1.000000,-1.000000,,,,,,,,,,,"",,,,,,,,,,"Volumetric",,,,,,,,,,-0.492253,,,,,,,,,,-0.492253,-0.011814,,,,,,,,,,,,
"2FB82FD3","Nodes",1118380.000000,1670665.250000,1313.064347,"Default Known Flow Node",69.999969,0.579999,1000.000000,0.000000,"Known Flow",0.000000,0.000000,2.16999993085665e-07,40.000000,0.579999,1000.000000,0.000000,0.000000,13.000000,0.000000,0.515368,0.579999,,,,6.536680,6.536680,,16.800279,,,,,,903.822387,0.066147,0.000000,0.000000,0.000000,,-459.670013,1000.000000,,0.000000,0.000000,,,,0.046968,"UNDEFINED",0.000000,0.997571,0.000000,,,,,"","",,,,6.536680,,0.000000,,0.000000,,,0.000000,0.000000,"",,,0.000000,,-1.000000,,0.000000,0.000000,-1.000000,-1.000000,,,,,,,,,,,"",,,,,,,,,,"Volumetric",,,,,,,,,,0.000000,,,,,,,,,,0.000000,0.000000,,,,,,,,,,,,
"2FB82FCE","Nodes",1118376.370000,1670642.370000,1313.064347,"Default Known Flow Node",69.999969,0.579999,1000.000000,0.000000,"Known Flow",0.000000,0.000000,2.16999993085665e-07,40.000000,0.579999,1000.000000,0.000000,0.000000,13.000000,0.000000,0.515368,0.579999,,,,6.536780,6.536780,,16.800279,,,,,,903.822387,0.066147,0.000000,0.000000,0.000000,,-459.670013,1000.000000,,0.000000,0.000000,,,,0.046968,"SETFLOW",0.000000,0.997571,0.000000,,,,,"","",,,,6.536780,,0.000000,,0.000000,,,0.000000,0.000000,"",,,0.000000,,-1.000000,,0.000000,0.000000,-1.000000,-1.000000,,,,,,,,,,,"",,,,,,,,,,"Volumetric",,,,,,,,,,-0.287867,,,,,,,,,,-0.287867,-0.006908,,,,,,,,,,,,
"0BEC505B","Nodes",1118382.370000,1670679.500000,1313.064347,"Default Known Flow Node",69.999969,0.579999,1000.000000,0.000000,"Known Flow",0.000000,0.000000,2.16999993085665e-07,40.000000,0.579999,1000.000000,0.000000,0.000000,13.000000,0.000000,0.515368,0.579999,,,,6.536643,6.536643,,16.800279,,,,,,903.822387,0.066147,0.000000,0.000000,0.000000,,-459.670013,1000.000000,,0.000000,0.000000,,,,0.046968,"UNDEFINED",0.000000,0.997571,0.000000,,,,,"","",,,,6.536643,,0.000000,,0.000000,,,0.000000,0.000000,"",,,0.000000,,-1.000000,,0.000000,0.000000,-1.000000,-1.000000,,,,,,,,,,,"",,,,,,,,,,"Volumetric",,,,,,,,,,0.000000,,,,,,,,,,0.000000,0.000000,,,,,,,,,,,,
"2FB82FD2","Nodes",1118380.000000,1670664.250000,1313.064347,"Default Known Flow Node",69.999969,0.579999,1000.000000,0.000000,"Known Flow",0.000000,0.000000,2.16999993085665e-07,40.000000,0.579999,1000.000000,0.000000,0.000000,13.000000,0.000000,0.515368,0.579999,,,,6.536680,6.536680,,16.800279,,,,,,903.822387,0.066147,0.000000,0.000000,0.000000,,-459.670013,1000.000000,,0.000000,0.000000,,,,0.046968,"UNDEFINED",0.000000,0.997571,0.000000,,,,,"","",,,,6.536680,,0.000000,,0.000000,,,0.000000,0.000000,"",,,0.000000,,-1.000000,,0.000000,0.000000,-1.000000,-1.000000,,,,,,,,,,,"",,,,,,,,,,"Volumetric",,,,,,,,,,0.000000,,,,,,,,,,0.000000,0.000000,,,,,,,,,,,,
"2FB82FCB","Nodes",1118434.120000,1670669.250000,1313.064347,"Default Known Flow Node",69.999969,0.579999,1000.000000,0.000000,"Known Flow",0.000000,0.000000,2.16999993085665e-07,40.000000,0.579999,1000.000000,0.000000,0.000000,13.000000,0.000000,0.515368,0.579999,,,,6.531914,6.531914,,16.800279,,,,,,903.822387,0.066147,0.000000,0.000000,0.000000,,-459.670013,1000.000000,,0.000000,0.000000,,,,0.046968,"UNDEFINED",0.000000,0.997571,0.000000,,,,,"","",,,,6.531914,,0.000000,,0.000000,,,0.000000,0.000000,"",,,0.000000,,-1.000000,,0.000000,0.000000,-1.000000,-1.000000,,,,,,,,,,,"",,,,,,,,,,"Volumetric",,,,,,,,,,0.000000,,,,,,,,,,0.000000,0.000000,,,,,,,,,,,,
"2FB82FCF","Nodes",1118383.620000,1670687.500000,1313.064347,"Default Known Flow Node",69.999969,0.579999,1000.000000,0.000000,"Known Flow",0.000000,0.000000,2.16999993085665e-07,40.000000,0.579999,1000.000000,0.000000,0.000000,13.000000,0.000000,0.515368,0.579999,,,,6.536426,6.536426,,16.800279,,,,,,903.822387,0.066147,0.000000,0.000000,0.000000,,-459.670013,1000.000000,,0.000000,0.000000,,,,0.046968,"SETFLOW",0.000000,0.997571,0.000000,,,,,"","",,,,6.536426,,0.000000,,0.000000,,,0.000000,0.000000,"",,,0.000000,,-1.000000,,0.000000,0.000000,-1.000000,-1.000000,,,,,,,,,,,"",,,,,,,,,,"Volumetric",,,,,,,,,,-0.377561,,,,,,,,,,-0.377561,-0.009061,,,,,,,,,,,,
"2FB82FD0","Nodes",1118371.620000,1670681.750000,1313.064347,"Default Known Flow Node",69.999969,0.579999,1000.000000,0.000000,"Known Flow",0.000000,0.000000,2.16999993085665e-07,40.000000,0.579999,1000.000000,0.000000,0.000000,13.000000,0.000000,0.515368,0.579999,,,,6.539816,6.539816,,16.800279,,,,,,903.822387,0.066147,0.000000,0.000000,0.000000,,-459.670013,1000.000000,,0.000000,0.000000,,,,0.046969,"UNDEFINED",0.000000,0.997571,0.000000,,,,,"","",,,,6.539816,,0.000000,,0.000000,,,0.000000,0.000000,"",,,0.000000,,-1.000000,,0.000000,0.000000,-1.000000,-1.000000,,,,,,,,,,,"",,,,,,,,,,"Volumetric",,,,,,,,,,0.000000,,,,,,,,,,0.000000,0.000000,,,,,,,,,,,,
"2FB82FD1","Nodes",1118371.620000,1670682.750000,1313.064347,"Default Known Flow Node",69.999969,0.579999,1000.000000,0.000000,"Known Flow",0.000000,0.000000,2.16999993085665e-07,40.000000,0.579999,1000.000000,0.000000,0.000000,13.000000,0.000000,0.515368,0.579999,,,,6.539816,6.539816,,16.800279,,,,,,903.822387,0.066147,0.000000,0.000000,0.000000,,-459.670013,1000.000000,,0.000000,0.000000,,,,0.046969,"UNDEFINED",0.000000,0.997571,0.000000,,,,,"","",,,,6.539816,,0.000000,,0.000000,,,0.000000,0.000000,"",,,0.000000,,-1.000000,,0.000000,0.000000,-1.000000,-1.000000,,,,,,,,,,,"",,,,,,,,,,"Volumetric",,,,,,,,,,0.000000,,,,,,,,,,0.000000,0.000000,,,,,,,,,,,,
"2FB82FCD","Nodes",1118362.856175,1670680.821755,1313.064347,"Default Known Flow Node",69.999969,0.579999,1000.000000,0.000000,"Known Flow",0.000000,0.000000,2.16999993085665e-07,40.000000,0.579999,1000.000000,0.000000,0.000000,13.000000,0.000000,0.515369,0.579999,,,,6.542405,6.542405,,16.800279,,,,,,903.822387,0.066147,0.000000,0.000000,0.000000,,-459.670013,1000.000000,,0.000000,0.000000,,,,0.046969,"SETFLOW",0.000000,0.997571,0.000000,,,,,"","",,,,6.542405,,0.000000,,0.000000,,,0.000000,0.000000,"",,,0.000000,,-1.000000,,0.000000,0.000000,-1.000000,-1.000000,,,,,,,,,,,"",,,,,,,,,,"Volumetric",,,,,,,,,,-0.098784,,,,,,,,,,-0.098784,-0.002370,,,,,,,,,,,,
"0BEC505A","Nodes",1118425.000000,1670936.250000,1313.064347,"Default Known Flow Node",69.999969,0.579999,1000.000000,0.000000,"Known Flow",0.000000,0.000000,2.16999993085665e-07,40.000000,0.579999,1000.000000,0.000000,0.000000,13.000000,0.000000,0.515368,0.579999,,,,6.531400,6.531400,,16.800279,,,,,,903.822387,0.066147,0.000000,0.000000,0.000000,,-459.670013,1000.000000,,0.000000,0.000000,,,,0.046968,"SETFLOW",0.000000,0.997571,0.000000,,,,,"","",,,,6.531400,,0.000000,,0.000000,,,0.000000,0.000000,"",,,0.000000,,-1.000000,,0.000000,0.000000,-1.000000,-1.000000,,,,,,,,,,,"",,,,,,,,,,"Volumetric",,,,,,,,,,-0.810650,,,,,,,,,,-0.810650,-0.019455,,,,,,,,,,,,
"2FB9B2F0","Nodes",1119036.370000,1670706.870000,1313.064347,"Default Known Flow Node",69.999969,0.579999,1000.000000,0.000000,"Known Flow",0.000000,0.000000,2.16999993085665e-07,40.000000,0.579999,1000.000000,0.000000,0.000000,13.000000,0.000000,0.515368,0.579999,,,,6.512874,6.512874,,16.800279,,,,,,903.822387,0.066147,0.000000,0.000000,0.000000,,-459.670013,1000.000000,,0.000000,0.000000,,,,0.046965,"UNDEFINED",0.000000,0.997571,0.000000,,,,,"","",,,,6.512874,,0.000000,,0.000000,,,0.000000,0.000000,"",,,0.000000,,-1.000000,,0.000000,0.000000,-1.000000,-1.000000,,,,,,,,,,,"",,,,,,,,,,"Volumetric",,,,,,,,,,0.000000,,,,,,,,,,0.000000,0.000000,,,,,,,,,,,,
"2FB9B2EF","Nodes",1119036.750000,1670708.870000,1313.064347,"Default Known Flow Node",69.999969,0.579999,1000.000000,0.000000,"Known Flow",0.000000,0.000000,2.16999993085665e-07,40.000000,0.579999,1000.000000,0.000000,0.000000,13.000000,0.000000,0.515368,0.579999,,,,6.512874,6.512874,,16.800279,,,,,,903.822387,0.066147,0.000000,0.000000,0.000000,,-459.670013,1000.000000,,0.000000,0.000000,,,,0.046965,"UNDEFINED",0.000000,0.997571,0.000000,,,,,"","",,,,6.512874,,0.000000,,0.000000,,,0.000000,0.000000,"",,,0.000000,,-1.000000,,0.000000,0.000000,-1.000000,-1.000000,,,,,,,,,,,"",,,,,,,,,,"Volumetric",,,,,,,,,,0.000000,,,,,,,,,,0.000000,0.000000,,,,,,,,,,,,
"0BEC5070","Nodes",1119175.620000,1670784.120000,1313.064347,"Default Known Flow Node",69.999969,0.579999,1000.000000,0.000000,"Known Flow",0.000000,0.000000,2.16999993085665e-07,40.000000,0.579999,1000.000000,0.000000,0.000000,13.000000,0.000000,0.515377,0.579999,,,,8.092862,8.092862,,16.800279,,,,,,903.822387,0.066146,0.000000,0.000000,0.000000,,-459.670013,1000.000000,,0.000000,0.000000,,,,0.047145,"UNDEFINED",0.000000,0.997562,0.000000,,,,,"","",,,,8.092862,,0.000000,,0.000000,,,0.000000,0.000000,"",,,0.000000,,-1.000000,,0.000000,0.000000,-1.000000,-1.000000,,,,,,,,,,,"",,,,,,,,,,"Volumetric",,,,,,,,,,0.000000,,,,,,,,,,0.000000,0.000000,,,,,,,,,,,,
"0BEC5033","Nodes",1119235.370000,1670771.620000,1313.064347,"Default Known Flow Node",69.999969,0.579999,1000.000000,0.000000,"Known Flow",0.000000,0.000000,2.16999993085665e-07,40.000000,0.579999,1000.000000,0.000000,0.000000,13.000000,0.000000,0.515378,0.579999,,,,8.165155,8.165155,,16.800279,,,,,,903.822387,0.066146,0.000000,0.000000,0.000000,,-459.670013,1000.000000,,0.000000,0.000000,,,,0.047153,"UNDEFINED",0.000000,0.997562,0.000000,,,,,"","",,,,8.165155,,0.000000,,0.000000,,,0.000000,0.000000,"",,,0.000000,,-1.000000,,0.000000,0.000000,-1.000000,-1.000000,,,,,,,,,,,"",,,,,,,,,,"Volumetric",,,,,,,,,,0.000000,,,,,,,,,,0.000000,0.000000,,,,,,,,,,,,
"0BEC508E","Nodes",1119260.000000,1670766.500000,1313.064347,"Default Known Flow Node",69.999969,0.579999,1000.000000,0.000000,"Known Flow",0.000000,0.000000,2.16999993085665e-07,40.000000,0.579999,1000.000000,0.000000,0.000000,13.000000,0.000000,0.515378,0.579999,,,,8.187995,8.187995,,16.800279,,,,,,903.822387,0.066146,0.000000,0.000000,0.000000,,-459.670013,1000.000000,,0.000000,0.000000,,,,0.047156,"UNDEFINED",0.000000,0.997561,0.000000,,,,,"","",,,,8.187995,,0.000000,,0.000000,,,0.000000,0.000000,"",,,0.000000,,-1.000000,,0.000000,0.000000,-1.000000,-1.000000,,,,,,,,,,,"",,,,,,,,,,"Volumetric",,,,,,,,,,0.000000,,,,,,,,,,0.000000,0.000000,,,,,,,,,,,,
"0BEC5047","Nodes",1119048.250000,1670772.120000,1313.064347,"Default Known Flow Node",69.999969,0.579999,1000.000000,0.000000,"Known Flow",0.000000,0.000000,2.16999993085665e-07,40.000000,0.579999,1000.000000,0.000000,0.000000,13.000000,0.000000,0.515368,0.579999,,,,6.518675,6.518675,,16.800279,,,,,,903.822387,0.066147,0.000000,0.000000,0.000000,,-459.670013,1000.000000,,0.000000,0.000000,,,,0.046966,"UNDEFINED",0.000000,0.997571,0.000000,,,,,"","",,,,6.518675,,0.000000,,0.000000,,,0.000000,0.000000,"",,,0.000000,,-1.000000,,0.000000,0.000000,-1.000000,-1.000000,,,,,,,,,,,"",,,,,,,,,,"Volumetric",,,,,,,,,,0.000000,,,,,,,,,,0.000000,0.000000,,,,,,,,,,,,
"0BEC5048","Nodes",1119051.250000,1670771.250000,1313.064347,"Default Known Flow Node",69.999969,0.579999,1000.000000,0.000000,"Known Flow",0.000000,0.000000,2.16999993085665e-07,40.000000,0.579999,1000.000000,0.000000,0.000000,13.000000,0.000000,0.515368,0.579999,,,,6.518675,6.518675,,16.800279,,,,,,903.822387,0.066147,0.000000,0.000000,0.000000,,-459.670013,1000.000000,,0.000000,0.000000,,,,0.046966,"UNDEFINED",0.000000,0.997571,0.000000,,,,,"","",,,,6.518675,,0.000000,,0.000000,,,0.000000,0.000000,"",,,0.000000,,-1.000000,,0.000000,0.000000,-1.000000,-1.000000,,,,,,,,,,,"",,,,,,,,,,"Volumetric",,,,,,,,,,0.000000,,,,,,,,,,0.000000,0.000000,,,,,,,,,,,,
"0BEC506F","Nodes",1119159.620000,1670816.620000,1313.064347,"Default Known Flow Node",69.999969,0.579999,1000.000000,0.000000,"Known Flow",0.000000,0.000000,2.16999993085665e-07,40.000000,0.579999,1000.000000,0.000000,0.000000,13.000000,0.000000,0.515377,0.579999,,,,8.044283,8.044283,,16.800279,,,,,,903.822387,0.066146,0.000000,0.000000,0.000000,,-459.670013,1000.000000,,0.000000,0.000000,,,,0.047139,"UNDEFINED",0.000000,0.997562,0.000000,,,,,"","",,,,8.044283,,0.000000,,0.000000,,,0.000000,0.000000,"",,,0.000000,,-1.000000,,0.000000,0.000000,-1.000000,-1.000000,,,,,,,,,,,"",,,,,,,,,,"Volumetric",,,,,,,,,,0.000000,,,,,,,,,,0.000000,0.000000,,,,,,,,,,,,
"0BEC504B","Nodes",1118751.120000,1670868.870000,1313.064347,"Default Known Flow Node",69.999969,0.579999,1000.000000,0.000000,"Known Flow",0.000000,0.000000,2.16999993085665e-07,40.000000,0.579999,1000.000000,0.000000,0.000000,13.000000,0.000000,0.515368,0.579999,,,,6.529433,6.529433,,16.800279,,,,,,903.822387,0.066147,0.000000,0.000000,0.000000,,-459.670013,1000.000000,,0.000000,0.000000,,,,0.046967,"SETFLOW",0.000000,0.997571,0.000000,,,,,"","",,,,6.529433,,0.000000,,0.000000,,,0.000000,0.000000,"",,,0.000000,,-1.000000,,0.000000,0.000000,-1.000000,-1.000000,,,,,,,,,,,"",,,,,,,,,,"Volumetric",,,,,,,,,,-0.103745,,,,,,,,,,-0.103745,-0.002489,,,,,,,,,,,,
"0BEC5049","Nodes",1119056.370000,1670806.120000,1313.064347,"Default Known Flow Node",69.999969,0.579999,1000.000000,0.000000,"Known Flow",0.000000,0.000000,2.16999993085665e-07,40.000000,0.579999,1000.000000,0.000000,0.000000,13.000000,0.000000,0.515368,0.579999,,,,6.521950,6.521950,,16.800279,,,,,,903.822387,0.066147,0.000000,0.000000,0.000000,,-459.670013,1000.000000,,0.000000,0.000000,,,,0.046967,"UNDEFINED",0.000000,0.997571,0.000000,,,,,"","",,,,6.521950,,0.000000,,0.000000,,,0.000000,0.000000,"",,,0.000000,,-1.000000,,0.000000,0.000000,-1.000000,-1.000000,,,,,,,,,,,"",,,,,,,,,,"Volumetric",,,,,,,,,,0.000000,,,,,,,,,,0.000000,0.000000,,,,,,,,,,,,
"0BEC504A","Nodes",1119058.750000,1670806.000000,1313.064347,"Default Known Flow Node",69.999969,0.579999,1000.000000,0.000000,"Known Flow",0.000000,0.000000,2.16999993085665e-07,40.000000,0.579999,1000.000000,0.000000,0.000000,13.000000,0.000000,0.515368,0.579999,,,,6.521950,6.521950,,16.800279,,,,,,903.822387,0.066147,0.000000,0.000000,0.000000,,-459.670013,1000.000000,,0.000000,0.000000,,,,0.046967,"UNDEFINED",0.000000,0.997571,0.000000,,,,,"","",,,,6.521950,,0.000000,,0.000000,,,0.000000,0.000000,"",,,0.000000,,-1.000000,,0.000000,0.000000,-1.000000,-1.000000,,,,,,,,,,,"",,,,,,,,,,"Volumetric",,,,,,,,,,0.000000,,,,,,,,,,0.000000,0.000000,,,,,,,,,,,,
"2FB280D6","Nodes",1119035.120000,1670810.500000,1313.064347,"Default Known Flow Node",69.999969,0.579999,1000.000000,0.000000,"Known Flow",0.000000,0.000000,2.16999993085665e-07,40.000000,0.579999,1000.000000,0.000000,0.000000,13.000000,0.000000,0.515368,0.579999,,,,6.524008,6.524008,,16.800279,,,,,,903.822387,0.066147,0.000000,0.000000,0.000000,,-459.670013,1000.000000,,0.000000,0.000000,,,,0.046967,"UNDEFINED",0.000000,0.997571,0.000000,,,,,"","",,,,6.524008,,0.000000,,0.000000,,,0.000000,0.000000,"",,,0.000000,,-1.000000,,0.000000,0.000000,-1.000000,-1.000000,,,,,,,,,,,"",,,,,,,,,,"Volumetric",,,,,,,,,,0.000000,,,,,,,,,,0.000000,0.000000,,,,,,,,,,,,
"0BEC506E","Nodes",1119147.120000,1670911.870000,1313.064347,"Default Known Flow Node",69.999969,0.579999,1000.000000,0.000000,"Known Flow",0.000000,0.000000,2.16999993085665e-07,40.000000,0.579999,1000.000000,0.000000,0.000000,13.000000,0.000000,0.515376,0.579999,,,,7.962561,7.962561,,16.800279,,,,,,903.822387,0.066146,0.000000,0.000000,0.000000,,-459.670013,1000.000000,,0.000000,0.000000,,,,0.047130,"UNDEFINED",0.000000,0.997563,0.000000,,,,,"","",,,,7.962561,,0.000000,,0.000000,,,0.000000,0.000000,"",,,0.000000,"150-15 41 Ave, Q= 1.36 mcfh, Firm",-1.000000,,0.000000,0.000000,-1.000000,-1.000000,,,,,,,,,,,"",,,,,,,,,,"Volumetric",,,,,,,,,,0.000000,,,,,,,,,,0.000000,0.000000,,,,,,,,,,,,
"2FB280D2","Nodes",1118722.370000,1670875.120000,1313.064347,"Default Known Flow Node",69.999969,0.579999,1000.000000,0.000000,"Known Flow",0.000000,0.000000,2.16999993085665e-07,40.000000,0.579999,1000.000000,0.000000,0.000000,13.000000,0.000000,0.515368,0.579999,,,,6.529520,6.529520,,16.800279,,,,,,903.822387,0.066147,0.000000,0.000000,0.000000,,-459.670013,1000.000000,,0.000000,0.000000,,,,0.046967,"SETFLOW",0.000000,0.997571,0.000000,,,,,"","",,,,6.529520,,0.000000,,0.000000,,,0.000000,0.000000,"",,,0.000000,,-1.000000,,0.000000,0.000000,-1.000000,-1.000000,,,,,,,,,,,"",,,,,,,,,,"Volumetric",,,,,,,,,,-0.249990,,,,,,,,,,-0.249990,-0.005999,,,,,,,,,,,,
"0BEC506D","Nodes",1119171.120000,1671035.250000,1313.064347,"Default Known Flow Node",69.999969,0.579999,1000.000000,0.000000,"Known Flow",0.000000,0.000000,2.16999993085665e-07,40.000000,0.579999,1000.000000,0.000000,0.000000,13.000000,0.000000,0.515376,0.579999,,,,7.837350,7.837350,,16.800279,,,,,,903.822387,0.066146,0.000000,0.000000,0.000000,,-459.670013,1000.000000,,0.000000,0.000000,,,,0.047116,"UNDEFINED",0.000000,0.997563,0.000000,,,,,"","",,,,7.837350,,0.000000,,0.000000,,,0.000000,0.000000,"",,,0.000000,,-1.000000,,0.000000,0.000000,-1.000000,-1.000000,,,,,,,,,,,"",,,,,,,,,,"Volumetric",,,,,,,,,,0.000000,,,,,,,,,,0.000000,0.000000,,,,,,,,,,,,
"2FB280D3","Nodes",1118772.870000,1670922.870000,1313.064347,"Default Known Flow Node",69.999969,0.579999,1000.000000,0.000000,"Known Flow",0.000000,0.000000,2.16999993085665e-07,40.000000,0.579999,1000.000000,0.000000,0.000000,13.000000,0.000000,0.515368,0.579999,,,,6.540279,6.540279,,16.800279,,,,,,903.822387,0.066147,0.000000,0.000000,0.000000,,-459.670013,1000.000000,,0.000000,0.000000,,,,0.046969,"SETFLOW",0.000000,0.997571,0.000000,,,,,"","",,,,6.540279,,0.000000,,0.000000,,,0.000000,0.000000,"",,,0.000000,,-1.000000,,0.000000,0.000000,-1.000000,-1.000000,,,,,,,,,,,"",,,,,,,,,,"Volumetric",,,,,,,,,,-0.006249,,,,,,,,,,-0.006249,-0.000149,,,,,,,,,,,,
"2FB28110","Nodes",1118428.620000,1670935.500000,1313.064347,"Default Known Flow Node",69.999969,0.579999,1000.000000,0.000000,"Known Flow",0.000000,0.000000,2.16999993085665e-07,40.000000,0.579999,1000.000000,0.000000,0.000000,13.000000,0.000000,0.515368,0.579999,,,,6.531228,6.531228,,16.800279,,,,,,903.822387,0.066147,0.000000,0.000000,0.000000,,-459.670013,1000.000000,,0.000000,0.000000,,,,0.046968,"SETFLOW",0.000000,0.997571,0.000000,,,,,"","",,,,6.531228,,0.000000,,0.000000,,,0.000000,0.000000,"",,,0.000000,,-1.000000,,0.000000,0.000000,-1.000000,-1.000000,,,,,,,,,,,"",,,,,,,,,,"Volumetric",,,,,,,,,,-0.911556,,,,,,,,,,-0.911556,-0.021877,,,,,,,,,,,,
"0BEC506C","Nodes",1119178.870000,1671076.250000,1313.064347,"Default Known Flow Node",69.999969,0.579999,1000.000000,0.000000,"Known Flow",0.000000,0.000000,2.16999993085665e-07,40.000000,0.579999,1000.000000,0.000000,0.000000,13.000000,0.000000,0.515375,0.579999,,,,7.789871,7.789871,,16.800279,,,,,,903.822387,0.066146,0.000000,0.000000,0.000000,,-459.670013,1000.000000,,0.000000,0.000000,,,,0.047111,"UNDEFINED",0.000000,0.997564,0.000000,,,,,"","",,,,7.789871,,0.000000,,0.000000,,,0.000000,0.000000,"",,,0.000000,,-1.000000,,0.000000,0.000000,-1.000000,-1.000000,,,,,,,,,,,"",,,,,,,,,,"Volumetric",,,,,,,,,,0.000000,,,,,,,,,,0.000000,0.000000,,,,,,,,,,,,
"0BEC504C","Nodes",1118795.750000,1671050.620000,1313.064347,"Default Known Flow Node",69.999969,0.579999,1000.000000,0.000000,"Known Flow",0.000000,0.000000,2.16999993085665e-07,40.000000,0.579999,1000.000000,0.000000,0.000000,13.000000,0.000000,0.515369,0.579999,,,,6.552746,6.552746,,16.800279,,,,,,903.822387,0.066147,0.000000,0.000000,0.000000,,-459.670013,1000.000000,,0.000000,0.000000,,,,0.046970,"SETFLOW",0.000000,0.997571,0.000000,,,,,"","",,,,6.552746,,0.000000,,0.000000,,,0.000000,0.000000,"",,,0.000000,,-1.000000,,0.000000,0.000000,-1.000000,-1.000000,,,,,,,,,,,"",,,,,,,,,,"Volumetric",,,,,,,,,,-0.029998,,,,,,,,,,-0.029998,-0.000719,,,,,,,,,,,,
"0BEC506B","Nodes",1119195.000000,1671162.120000,1313.064347,"Default Known Flow Node",69.999969,0.579999,1000.000000,0.000000,"Known Flow",0.000000,0.000000,2.16999993085665e-07,40.000000,0.579999,1000.000000,0.000000,0.000000,13.000000,0.000000,0.515375,0.579999,,,,7.703384,7.703384,,16.800279,,,,,,903.822387,0.066146,0.000000,0.000000,0.000000,,-459.670013,1000.000000,,0.000000,0.000000,,,,0.047101,"UNDEFINED",0.000000,0.997564,0.000000,,,,,"","",,,,7.703384,,0.000000,,0.000000,,,0.000000,0.000000,"",,,0.000000,,-1.000000,,0.000000,0.000000,-1.000000,-1.000000,,,,,,,,,,,"",,,,,,,,,,"Volumetric",,,,,,,,,,0.000000,,,,,,,,,,0.000000,0.000000,,,,,,,,,,,,
"0BEC5068","Nodes",1119196.250000,1671182.620000,1313.064347,"Default Known Flow Node",69.999969,0.579999,1000.000000,0.000000,"Known Flow",0.000000,0.000000,2.16999993085665e-07,40.000000,0.579999,1000.000000,0.000000,0.000000,13.000000,0.000000,0.515375,0.579999,,,,7.686346,7.686346,,16.800279,,,,,,903.822387,0.066146,0.000000,0.000000,0.000000,,-459.670013,1000.000000,,0.000000,0.000000,,,,0.047099,"UNDEFINED",0.000000,0.997564,0.000000,,,,,"","",,,,7.686346,,0.000000,,0.000000,,,0.000000,0.000000,"",,,0.000000,,-1.000000,,0.000000,0.000000,-1.000000,-1.000000,,,,,,,,,,,"",,,,,,,,,,"Volumetric",,,,,,,,,,0.000000,,,,,,,,,,0.000000,0.000000,,,,,,,,,,,,
"0BEC5054","Nodes",1118471.620000,1671195.000000,1313.064347,"Default Known Flow Node",69.999969,0.579999,1000.000000,0.000000,"Known Flow",0.000000,0.000000,2.16999993085665e-07,40.000000,0.579999,1000.000000,0.000000,0.000000,13.000000,0.000000,0.515368,0.579999,,,,6.530946,6.530946,,16.800279,,,,,,903.822387,0.066147,0.000000,0.000000,0.000000,,-459.670013,1000.000000,,0.000000,0.000000,,,,0.046968,"SETFLOW",0.000000,0.997571,0.000000,,,,,"","",,,,6.530946,,0.000000,,0.000000,,,0.000000,0.000000,"",,,0.000000,,-1.000000,,0.000000,0.000000,-1.000000,-1.000000,,,,,,,,,,,"",,,,,,,,,,"Volumetric",,,,,,,,,,-0.029998,,,,,,,,,,-0.029998,-0.000719,,,,,,,,,,,,
"0BEC5057","Nodes",1118464.750000,1671162.620000,1313.064347,"Default Known Flow Node",69.999969,0.579999,1000.000000,0.000000,"Known Flow",0.000000,0.000000,2.16999993085665e-07,40.000000,0.579999,1000.000000,0.000000,0.000000,13.000000,0.000000,0.515368,0.579999,,,,6.531486,6.531486,,16.800279,,,,,,903.822387,0.066147,0.000000,0.000000,0.000000,,-459.670013,1000.000000,,0.000000,0.000000,,,,0.046968,"SETFLOW",0.000000,0.997571,0.000000,,,,,"","",,,,6.531486,,0.000000,,0.000000,,,0.000000,0.000000,"",,,0.000000,,-1.000000,,0.000000,0.000000,-1.000000,-1.000000,,,,,,,,,,,"",,,,,,,,,,"Volumetric",,,,,,,,,,-0.171811,,,,,,,,,,-0.171811,-0.004123,,,,,,,,,,,,
"0BEC5069","Nodes",1119215.370000,1671183.250000,1313.064347,"Default Known Flow Node",69.999969,0.579999,1000.000000,0.000000,"Known Flow",0.000000,0.000000,2.16999993085665e-07,40.000000,0.579999,1000.000000,0.000000,0.000000,13.000000,0.000000,0.515375,0.579999,,,,7.726711,7.726711,,16.800279,,,,,,903.822387,0.066146,0.000000,0.000000,0.000000,,-459.670013,1000.000000,,0.000000,0.000000,,,,0.047103,"UNDEFINED",0.000000,0.997564,0.000000,,,,,"","",,,,7.726711,,0.000000,,0.000000,,,0.000000,0.000000,"",,,0.000000,,-1.000000,,0.000000,0.000000,-1.000000,-1.000000,,,,,,,,,,,"",,,,,,,,,,"Volumetric",,,,,,,,,,0.000000,,,,,,,,,,0.000000,0.000000,,,,,,,,,,,,
"0BEC508F","Nodes",1119260.000000,1671184.500000,1313.064347,"Default Known Flow Node",69.999969,0.579999,1000.000000,0.000000,"Known Flow",0.000000,0.000000,2.16999993085665e-07,40.000000,0.579999,1000.000000,0.000000,0.000000,13.000000,0.000000,0.515376,0.579999,,,,7.845313,7.845313,,16.800279,,,,,,903.822387,0.066146,0.000000,0.000000,0.000000,,-459.670013,1000.000000,,0.000000,0.000000,,,,0.047117,"UNDEFINED",0.000000,0.997563,0.000000,,,,,"","",,,,7.845313,,0.000000,,0.000000,,,0.000000,0.000000,"",,,0.000000,,-1.000000,,0.000000,0.000000,-1.000000,-1.000000,,,,,,,,,,,"",,,,,,,,,,"Volumetric",,,,,,,,,,0.000000,,,,,,,,,,0.000000,0.000000,,,,,,,,,,,,
"0BEC5034","Nodes",1119240.750000,1671184.000000,1313.064347,"Default Known Flow Node",69.999969,0.579999,1000.000000,0.000000,"Known Flow",0.000000,0.000000,2.16999993085665e-07,40.000000,0.579999,1000.000000,0.000000,0.000000,13.000000,0.000000,0.515375,0.579999,,,,7.796317,7.796317,,16.800279,,,,,,903.822387,0.066146,0.000000,0.000000,0.000000,,-459.670013,1000.000000,,0.000000,0.000000,,,,0.047111,"UNDEFINED",0.000000,0.997564,0.000000,,,,,"","",,,,7.796317,,0.000000,,0.000000,,,0.000000,0.000000,"",,,0.000000,,-1.000000,,0.000000,0.000000,-1.000000,-1.000000,,,,,,,,,,,"",,,,,,,,,,"Volumetric",,,,,,,,,,0.000000,,,,,,,,,,0.000000,0.000000,,,,,,,,,,,,
"0BEC504D","Nodes",1118821.000000,1671189.750000,1313.064347,"Default Known Flow Node",69.999969,0.579999,1000.000000,0.000000,"Known Flow",0.000000,0.000000,2.16999993085665e-07,40.000000,0.579999,1000.000000,0.000000,0.000000,13.000000,0.000000,0.515369,0.579999,,,,6.680624,6.680624,,16.800279,,,,,,903.822387,0.066147,0.000000,0.000000,0.000000,,-459.670013,1000.000000,,0.000000,0.000000,,,,0.046985,"SETFLOW",0.000000,0.997570,0.000000,,,,,"","",,,,6.680624,,0.000000,,0.000000,,,0.000000,0.000000,"",,,0.000000,,-1.000000,,0.000000,0.000000,-1.000000,-1.000000,,,,,,,,,,,"",,,,,,,,,,"Volumetric",,,,,,,,,,-0.029998,,,,,,,,,,-0.029998,-0.000719,,,,,,,,,,,,
"0BEC5058","Nodes",1118450.000000,1671180.500000,1313.064347,"Default Known Flow Node",69.999969,0.579999,1000.000000,0.000000,"Known Flow",0.000000,0.000000,2.16999993085665e-07,40.000000,0.579999,1000.000000,0.000000,0.000000,13.000000,0.000000,0.515369,0.579999,,,,6.547577,6.547577,,16.800279,,,,,,903.822387,0.066147,0.000000,0.000000,0.000000,,-459.670013,1000.000000,,0.000000,0.000000,,,,0.046969,"UNDEFINED",0.000000,0.997571,0.000000,,,,,"","",,,,6.547577,,0.000000,,0.000000,,,0.000000,0.000000,"",,,0.000000,,-1.000000,,0.000000,0.000000,-1.000000,-1.000000,,,,,,,,,,,"",,,,,,,,,,"Volumetric",,,,,,,,,,0.000000,,,,,,,,,,0.000000,0.000000,,,,,,,,,,,,
"0BEC5059","Nodes",1118433.120000,1671183.000000,1313.064347,"Default Known Flow Node",69.999969,0.579999,1000.000000,0.000000,"Known Flow",0.000000,0.000000,2.16999993085665e-07,40.000000,0.579999,1000.000000,0.000000,0.000000,13.000000,0.000000,0.515369,0.579999,,,,6.548187,6.548187,,16.800279,,,,,,903.822387,0.066147,0.000000,0.000000,0.000000,,-459.670013,1000.000000,,0.000000,0.000000,,,,0.046970,"SETFLOW",0.000000,0.997571,0.000000,,,,,"","",,,,6.548187,,0.000000,,0.000000,,,0.000000,0.000000,"",,,0.000000,,-1.000000,,0.000000,0.000000,-1.000000,-1.000000,,,,,,,,,,,"",,,,,,,,,,"Volumetric",,,,,,,,,,-0.179311,,,,,,,,,,-0.179311,-0.004303,,,,,,,,,,,,
"0BEC5052","Nodes",1118787.620000,1671200.500000,1313.064347,"Default Known Flow Node",69.999969,0.579999,1000.000000,0.000000,"Known Flow",0.000000,0.000000,2.16999993085665e-07,40.000000,0.579999,1000.000000,0.000000,0.000000,13.000000,0.000000,0.515369,0.579999,,,,6.668405,6.668405,,16.800279,,,,,,903.822387,0.066147,0.000000,0.000000,0.000000,,-459.670013,1000.000000,,0.000000,0.000000,,,,0.046983,"SETFLOW",0.000000,0.997570,0.000000,,,,,"","",,,,6.668405,,0.000000,,0.000000,,,0.000000,0.000000,"",,,0.000000,,-1.000000,,0.000000,0.000000,-1.000000,-1.000000,,,,,,,,,,,"",,,,,,,,,,"Volumetric",,,,,,,,,,-0.021249,,,,,,,,,,-0.021249,-0.000509,,,,,,,,,,,,
"0BEC5051","Nodes",1118793.370000,1671200.620000,1313.064347,"Default Known Flow Node",69.999969,0.579999,1000.000000,0.000000,"Known Flow",0.000000,0.000000,2.16999993085665e-07,40.000000,0.579999,1000.000000,0.000000,0.000000,13.000000,0.000000,0.515369,0.579999,,,,6.671033,6.671033,,16.800279,,,,,,903.822387,0.066147,0.000000,0.000000,0.000000,,-459.670013,1000.000000,,0.000000,0.000000,,,,0.046983,"SETFLOW",0.000000,0.997570,0.000000,,,,,"","",,,,6.671033,,0.000000,,0.000000,,,0.000000,0.000000,"",,,0.000000,,-1.000000,,0.000000,0.000000,-1.000000,-1.000000,,,,,,,,,,,"",,,,,,,,,,"Volumetric",,,,,,,,,,-0.021249,,,,,,,,,,-0.021249,-0.000509,,,,,,,,,,,,
"0BEC5050","Nodes",1118796.000000,1671200.870000,1313.064347,"Default Known Flow Node",69.999969,0.579999,1000.000000,0.000000,"Known Flow",0.000000,0.000000,2.16999993085665e-07,40.000000,0.579999,1000.000000,0.000000,0.000000,13.000000,0.000000,0.515369,0.579999,,,,6.673366,6.673366,,16.800279,,,,,,903.822387,0.066147,0.000000,0.000000,0.000000,,-459.670013,1000.000000,,0.000000,0.000000,,,,0.046984,"UNDEFINED",0.000000,0.997570,0.000000,,,,,"","",,,,6.673366,,0.000000,,0.000000,,,0.000000,0.000000,"",,,0.000000,,-1.000000,,0.000000,0.000000,-1.000000,-1.000000,,,,,,,,,,,"",,,,,,,,,,"Volumetric",,,,,,,,,,0.000000,,,,,,,,,,0.000000,0.000000,,,,,,,,,,,,
"0BEC504E","Nodes",1118813.370000,1671200.870000,1313.064347,"Default Known Flow Node",69.999969,0.579999,1000.000000,0.000000,"Known Flow",0.000000,0.000000,2.16999993085665e-07,40.000000,0.579999,1000.000000,0.000000,0.000000,13.000000,0.000000,0.515369,0.579999,,,,6.683945,6.683945,,16.800279,,,,,,903.822387,0.066147,0.000000,0.000000,0.000000,,-459.670013,1000.000000,,0.000000,0.000000,,,,0.046985,"SETFLOW",0.000000,0.997570,0.000000,,,,,"","",,,,6.683945,,0.000000,,0.000000,,,0.000000,0.000000,"",,,0.000000,,-1.000000,,0.000000,0.000000,-1.000000,-1.000000,,,,,,,,,,,"",,,,,,,,,,"Volumetric",,,,,,,,,,-0.422483,,,,,,,,,,-0.422483,-0.010139,,,,,,,,,,,,
"0BEC504F","Nodes",1118807.500000,1671200.750000,1313.064347,"Default Known Flow Node",69.999969,0.579999,1000.000000,0.000000,"Known Flow",0.000000,0.000000,2.16999993085665e-07,40.000000,0.579999,1000.000000,0.000000,0.000000,13.000000,0.000000,0.515369,0.579999,,,,6.682699,6.682699,,16.800279,,,,,,903.822387,0.066147,0.000000,0.000000,0.000000,,-459.670013,1000.000000,,0.000000,0.000000,,,,0.046985,"UNDEFINED",0.000000,0.997570,0.000000,,,,,"","",,,,6.682699,,0.000000,,0.000000,,,0.000000,0.000000,"",,,0.000000,,-1.000000,,0.000000,0.000000,-1.000000,-1.000000,,,,,,,,,,,"",,,,,,,,,,"Volumetric",,,,,,,,,,0.000000,,,,,,,,,,0.000000,0.000000,,,,,,,,,,,,
"0BEC5055","Nodes",1118473.250000,1671203.370000,1313.064347,"Default Known Flow Node",69.999969,0.579999,1000.000000,0.000000,"Known Flow",0.000000,0.000000,2.16999993085665e-07,40.000000,0.579999,1000.000000,0.000000,0.000000,13.000000,0.000000,0.515368,0.579999,,,,6.528245,6.528245,,16.800279,,,,,,903.822387,0.066147,0.000000,0.000000,0.000000,,-459.670013,1000.000000,,0.000000,0.000000,,,,0.046967,"UNDEFINED",0.000000,0.997571,0.000000,,,,,"","",,,,6.528245,,0.000000,,0.000000,,,0.000000,0.000000,"",,,0.000000,,-1.000000,,0.000000,0.000000,-1.000000,-1.000000,,,,,,,,,,,"",,,,,,,,,,"Volumetric",,,,,,,,,,0.000000,,,,,,,,,,0.000000,0.000000,,,,,,,,,,,,
"0BEC5053","Nodes",1119197.500000,1671219.750000,1313.064347,"Default Known Flow Node",69.999969,0.579999,1000.000000,0.000000,"Known Flow",0.000000,0.000000,2.16999993085665e-07,40.000000,0.579999,1000.000000,0.000000,0.000000,13.000000,0.000000,0.515374,0.579999,,,,7.564376,7.564376,,16.800279,,,,,,903.822387,0.066146,0.000000,0.000000,0.000000,,-459.670013,1000.000000,,0.000000,0.000000,,,,0.047085,"UNDEFINED",0.000000,0.997565,0.000000,,,,,"","",,,,7.564376,,0.000000,,0.000000,,,0.000000,0.000000,"",,,0.000000,,-1.000000,,0.000000,0.000000,-1.000000,-1.000000,,,,,,,,,,,"",,,,,,,,,,"Volumetric",,,,,,,,,,0.000000,,,,,,,,,,0.000000,0.000000,,,,,,,,,,,,
"0BEC506A","Nodes",1119191.620000,1671208.250000,1313.064347,"Default Known Flow Node",69.999969,0.579999,1000.000000,0.000000,"Known Flow",0.000000,0.000000,2.16999993085665e-07,40.000000,0.579999,1000.000000,0.000000,0.000000,13.000000,0.000000,0.515374,0.579999,,,,7.542281,7.542281,,16.800279,,,,,,903.822387,0.066146,0.000000,0.000000,0.000000,,-459.670013,1000.000000,,0.000000,0.000000,,,,0.047082,"UNDEFINED",0.000000,0.997565,0.000000,,,,,"","",,,,7.542281,,0.000000,,0.000000,,,0.000000,0.000000,"",,,0.000000,,-1.000000,,0.000000,0.000000,-1.000000,-1.000000,,,,,,,,,,,"",,,,,,,,,,"Volumetric",,,,,,,,,,0.000000,,,,,,,,,,0.000000,0.000000,,,,,,,,,,,,
"0BEC5067","Nodes",1119188.620000,1671208.500000,1313.064347,"Default Known Flow Node",69.999969,0.579999,1000.000000,0.000000,"Known Flow",0.000000,0.000000,2.16999993085665e-07,40.000000,0.579999,1000.000000,0.000000,0.000000,13.000000,0.000000,0.515374,0.579999,,,,7.509815,7.509815,,16.800279,,,,,,903.822387,0.066146,0.000000,0.000000,0.000000,,-459.670013,1000.000000,,0.000000,0.000000,,,,0.047079,"UNDEFINED",0.000000,0.997565,0.000000,,,,,"","",,,,7.509815,,0.000000,,0.000000,,,0.000000,0.000000,"",,,0.000000,,-1.000000,,0.000000,0.000000,-1.000000,-1.000000,,,,,,,,,,,"",,,,,,,,,,"Volumetric",,,,,,,,,,0.000000,,,,,,,,,,0.000000,0.000000,,,,,,,,,,,,
"0BEC5066","Nodes",1119057.500000,1671221.500000,1313.064347,"Default Known Flow Node",69.999969,0.579999,1000.000000,0.000000,"Known Flow",0.000000,0.000000,2.16999993085665e-07,40.000000,0.579999,1000.000000,0.000000,0.000000,13.000000,0.000000,0.515372,0.579999,,,,7.200611,7.200611,,16.800279,,,,,,903.822387,0.066146,0.000000,0.000000,0.000000,,-459.670013,1000.000000,,0.000000,0.000000,,,,0.047044,"UNDEFINED",0.000000,0.997567,0.000000,,,,,"","",,,,7.200611,,0.000000,,0.000000,,,0.000000,0.000000,"",,,0.000000,,-1.000000,,0.000000,0.000000,-1.000000,-1.000000,,,,,,,,,,,"",,,,,,,,,,"Volumetric",,,,,,,,,,0.000000,,,,,,,,,,0.000000,0.000000,,,,,,,,,,,,
"0BEC5056","Nodes",1118475.000000,1671214.000000,1313.064347,"Default Known Flow Node",69.999969,0.579999,1000.000000,0.000000,"Known Flow",0.000000,0.000000,2.16999993085665e-07,40.000000,0.579999,1000.000000,0.000000,0.000000,13.000000,0.000000,0.515368,0.579999,,,,6.524943,6.524943,,16.800279,,,,,,903.822387,0.066147,0.000000,0.000000,0.000000,,-459.670013,1000.000000,,0.000000,0.000000,,,,0.046967,"SETFLOW",0.000000,0.997571,0.000000,,,,,"","",,,,6.524943,,0.000000,,0.000000,,,0.000000,0.000000,"",,,0.000000,,-1.000000,,0.000000,0.000000,-1.000000,-1.000000,,,,,,,,,,,"",,,,,,,,,,"Volumetric",,,,,,,,,,-0.115450,,,,,,,,,,-0.115450,-0.002770,,,,,,,,,,,,
"0BEC5091","Nodes",1119164.370000,1671380.000000,1313.064347,"Default Known Flow Node",69.999969,0.579999,1000.000000,0.000000,"Known Flow",0.000000,0.000000,2.16999993085665e-07,40.000000,0.579999,1000.000000,0.000000,0.000000,13.000000,0.000000,0.515376,0.579999,,,,7.823116,7.823116,,16.800279,,,,,,903.822387,0.066146,0.000000,0.000000,0.000000,,-459.670013,1000.000000,,0.000000,0.000000,,,,0.047114,"UNDEFINED",0.000000,0.997564,0.000000,,,,,"","",,,,7.823116,,0.000000,,0.000000,,,0.000000,0.000000,"",,,0.000000,,-1.000000,,0.000000,0.000000,-1.000000,-1.000000,,,,,,,,,,,"",,,,,,,,,,"Volumetric",,,,,,,,,,0.000000,,,,,,,,,,0.000000,0.000000,,,,,,,,,,,,
"0BEC5065","Nodes",1118989.750000,1671220.620000,1313.064347,"Default Known Flow Node",69.999969,0.579999,1000.000000,0.000000,"Known Flow",0.000000,0.000000,2.16999993085665e-07,40.000000,0.579999,1000.000000,0.000000,0.000000,13.000000,0.000000,0.515372,0.579999,,,,7.100978,7.100978,,16.800279,,,,,,903.822387,0.066147,0.000000,0.000000,0.000000,,-459.670013,1000.000000,,0.000000,0.000000,,,,0.047032,"UNDEFINED",0.000000,0.997568,0.000000,,,,,"","",,,,7.100978,,0.000000,,0.000000,,,0.000000,0.000000,"",,,0.000000,,-1.000000,,0.000000,0.000000,-1.000000,-1.000000,,,,,,,,,,,"",,,,,,,,,,"Volumetric",,,,,,,,,,0.000000,,,,,,,,,,0.000000,0.000000,,,,,,,,,,,,
"2FB1A1F0","Nodes",1118991.870000,1671220.620000,1313.064347,"Default Known Flow Node",69.999969,0.579999,1000.000000,0.000000,"Known Flow",0.000000,0.000000,2.16999993085665e-07,40.000000,0.579999,1000.000000,0.000000,0.000000,13.000000,0.000000,0.515372,0.579999,,,,7.103908,7.103908,,16.800279,,,,,,903.822387,0.066147,0.000000,0.000000,0.000000,,-459.670013,1000.000000,,0.000000,0.000000,,,,0.047033,"UNDEFINED",0.000000,0.997568,0.000000,,,,,"","",,,,7.103908,,0.000000,,0.000000,,,0.000000,0.000000,"",,,0.000000,,-1.000000,,0.000000,0.000000,-1.000000,-1.000000,,,,,,,,,,,"",,,,,,,,,,"Volumetric",,,,,,,,,,0.000000,,,,,,,,,,0.000000,0.000000,,,,,,,,,,,,
"2FB1A1F1","Nodes",1119055.120000,1671221.500000,1313.064347,"Default Known Flow Node",69.999969,0.579999,1000.000000,0.000000,"Known Flow",0.000000,0.000000,2.16999993085665e-07,40.000000,0.579999,1000.000000,0.000000,0.000000,13.000000,0.000000,0.515372,0.579999,,,,7.197680,7.197680,,16.800279,,,,,,903.822387,0.066146,0.000000,0.000000,0.000000,,-459.670013,1000.000000,,0.000000,0.000000,,,,0.047043,"UNDEFINED",0.000000,0.997567,0.000000,,,,,"","",,,,7.197680,,0.000000,,0.000000,,,0.000000,0.000000,"",,,0.000000,,-1.000000,,0.000000,0.000000,-1.000000,-1.000000,,,,,,,,,,,"",,,,,,,,,,"Volumetric",,,,,,,,,,0.000000,,,,,,,,,,0.000000,0.000000,,,,,,,,,,,,
"0BEC4F8B","Nodes",1118233.750000,1671233.750000,1313.064347,"Default Known Flow Node",69.999969,0.579999,1000.000000,0.000000,"Known Flow",0.000000,0.000000,2.16999993085665e-07,40.000000,0.579999,1000.000000,0.000000,0.000000,13.000000,0.000000,0.515369,0.579999,,,,6.556693,6.556693,,16.800279,,,,,,903.822387,0.066147,0.000000,0.000000,0.000000,,-459.670013,1000.000000,,0.000000,0.000000,,,,0.046970,"SETFLOW",0.000000,0.997571,0.000000,,,,,"","",,,,6.556693,,0.000000,,0.000000,,,0.000000,0.000000,"",,,0.000000,,-1.000000,,0.000000,0.000000,-1.000000,-1.000000,,,,,,,,,,,"",,,,,,,,,,"Volumetric",,,,,,,,,,-0.217567,,,,,,,,,,-0.217567,-0.005221,,,,,,,,,,,,
"0BEC5092","Nodes",1118499.250000,1671380.000000,1313.064347,"Default Known Flow Node",69.999969,0.579999,1000.000000,0.000000,"Known Flow",0.000000,0.000000,2.16999993085665e-07,40.000000,0.579999,1000.000000,0.000000,0.000000,13.000000,0.000000,0.515368,0.579999,,,,6.494468,6.494468,,16.800279,,,,,,903.822387,0.066147,0.000000,0.000000,0.000000,,-459.670013,1000.000000,,0.000000,0.000000,,,,0.046963,"SETFLOW",0.000000,0.997571,0.000000,,,,,"","",,,,6.494468,,0.000000,,0.000000,,,0.000000,0.000000,"",,,0.000000,,-1.000000,,0.000000,0.000000,-1.000000,-1.000000,,,,,,,,,,,"",,,,,,,,,,"Volumetric",,,,,,,,,,-0.250899,,,,,,,,,,-0.250899,-0.006021,,,,,,,,,,,,
"0BEC5090","Nodes",1118795.120000,1671380.000000,1313.064347,"Default Known Flow Node",69.999969,0.579999,1000.000000,0.000000,"Known Flow",0.000000,0.000000,2.16999993085665e-07,40.000000,0.579999,1000.000000,0.000000,0.000000,13.000000,0.000000,0.515369,0.579999,,,,6.657071,6.657071,,16.800279,,,,,,903.822387,0.066147,0.000000,0.000000,0.000000,,-459.670013,1000.000000,,0.000000,0.000000,,,,0.046982,"SETFLOW",0.000000,0.997570,0.000000,,,,,"","",,,,6.657071,,0.000000,,0.000000,,,0.000000,0.000000,"",,,0.000000,,-1.000000,,0.000000,0.000000,-1.000000,-1.000000,,,,,,,,,,,"",,,,,,,,,,"Volumetric",,,,,,,,,,-0.052497,,,,,,,,,,-0.052497,-0.001259,,,,,,,,,,,,
"0BEC50DA","Nodes",1119181.130193,1671570.918307,1313.064347,"Default Known Flow Node",69.999969,0.579999,1000.000000,0.000000,"Known Flow",0.000000,0.000000,2.16999993085665e-07,40.000000,0.579999,1000.000000,0.000000,0.000000,13.000000,0.000000,0.515377,0.579999,,,,8.091577,8.091577,,16.800279,,,,,,903.822387,0.066146,0.000000,0.000000,0.000000,,-459.670013,1000.000000,,0.000000,0.000000,,,,0.047145,"SETFLOW",0.000000,0.997562,0.000000,,,,,"","",,,,8.091577,,0.000000,,0.000000,,,0.000000,0.000000,"",,,0.000000,,-1.000000,,0.000000,0.000000,-1.000000,-1.000000,,,,,,,,,,,"",,,,,,,,,,"Volumetric",,,,,,,,,,-0.004124,,,,,,,,,,-0.004124,-0.000098,,,,,,,,,,,,
"Q3No46","Nodes",1119173.052127,1671566.932927,1313.064347,"Default Known Flow Node",69.999969,0.579999,1000.000000,0.000000,"Known Flow",0.000000,0.000000,2.16999993085665e-07,40.000000,0.579999,1000.000000,0.000000,0.000000,13.000000,0.000000,0.515377,0.579999,,,,8.086712,8.086712,,16.800279,,,,,,903.822387,0.066146,0.000000,0.000000,0.000000,,-459.670013,1000.000000,,0.000000,0.000000,,,,0.047144,"UNDEFINED",0.000000,0.997562,0.000000,,,,,"","",,,,8.086712,,0.000000,,0.000000,,,0.000000,0.000000,"",,,0.000000,,-1.000000,,0.000000,0.000000,0.000000,-1.000000,,,,,,,,,,,"",,,,,,,,,,"Volumetric",,,,,,,,,,0.000000,,,,,,,,,,0.000000,0.000000,,,,,,,,,,,,
"Q3No48","Nodes",1119129.811664,1671515.876041,1313.064347,"Default Known Flow Node",69.999969,0.579999,1000.000000,0.000000,"Known Flow",0.000000,0.000000,2.16999993085665e-07,40.000000,0.579999,1000.000000,0.000000,0.000000,13.000000,0.000000,0.515377,0.579999,,,,8.043864,8.043864,,16.800279,,,,,,903.822387,0.066146,0.000000,0.000000,0.000000,,-459.670013,1000.000000,,0.000000,0.000000,,,,0.047139,"UNDEFINED",0.000000,0.997562,0.000000,,,,,"","",,,,8.043864,,0.000000,,0.000000,,,0.000000,0.000000,"",,,0.000000,,-1.000000,,0.000000,0.000000,0.000000,-1.000000,,,,,,,,,,,"",,,,,,,,,,"Volumetric",,,,,,,,,,0.000000,,,,,,,,,,0.000000,0.000000,,,,,,,,,,,,
"0BEC50C3","Nodes",1118509.250000,1671575.250000,1313.064347,"Default Known Flow Node",69.999969,0.579999,1000.000000,0.000000,"Known Flow",0.000000,0.000000,2.16999993085665e-07,40.000000,0.579999,1000.000000,0.000000,0.000000,13.000000,0.000000,0.515368,0.579999,,,,6.461261,6.461261,,16.800279,,,,,,903.822387,0.066147,0.000000,0.000000,0.000000,,-459.670013,1000.000000,,0.000000,0.000000,,,,0.046960,"SETFLOW",0.000000,0.997572,0.000000,,,,,"","",,,,6.461261,,0.000000,,0.000000,,,0.000000,0.000000,"",,,0.000000,,-1.000000,,0.000000,0.000000,-1.000000,-1.000000,,,,,,,,,,,"",,,,,,,,,,"Volumetric",,,,,,,,,,-0.094097,,,,,,,,,,-0.094097,-0.002258,,,,,,,,,,,,
"0BEC50C4","Nodes",1118512.620000,1671575.250000,1313.064347,"Default Known Flow Node",69.999969,0.579999,1000.000000,0.000000,"Known Flow",0.000000,0.000000,2.16999993085665e-07,40.000000,0.579999,1000.000000,0.000000,0.000000,13.000000,0.000000,0.515368,0.579999,,,,6.461261,6.461261,,16.800279,,,,,,903.822387,0.066147,0.000000,0.000000,0.000000,,-459.670013,1000.000000,,0.000000,0.000000,,,,0.046960,"UNDEFINED",0.000000,0.997572,0.000000,,,,,"","",,,,6.461261,,0.000000,,0.000000,,,0.000000,0.000000,"",,,0.000000,,-1.000000,,0.000000,0.000000,-1.000000,-1.000000,,,,,,,,,,,"",,,,,,,,,,"Volumetric",,,,,,,,,,0.000000,,,,,,,,,,0.000000,0.000000,,,,,,,,,,,,
"0BEC50C1","Nodes",1118798.750000,1671581.750000,1313.064347,"Default Known Flow Node",69.999969,0.579999,1000.000000,0.000000,"Known Flow",0.000000,0.000000,2.16999993085665e-07,40.000000,0.579999,1000.000000,0.000000,0.000000,13.000000,0.000000,0.515369,0.579999,,,,6.642035,6.642035,,16.800279,,,,,,903.822387,0.066147,0.000000,0.000000,0.000000,,-459.670013,1000.000000,,0.000000,0.000000,,,,0.046980,"SETFLOW",0.000000,0.997570,0.000000,,,,,"","",,,,6.642035,,0.000000,,0.000000,,,0.000000,0.000000,"",,,0.000000,,-1.000000,,0.000000,0.000000,-1.000000,-1.000000,,,,,,,,,,,"",,,,,,,,,,"Volumetric",,,,,,,,,,-0.019124,,,,,,,,,,-0.019124,-0.000458,,,,,,,,,,,,
"0BEC50C0","Nodes",1118798.870000,1671584.500000,1313.064347,"Default Known Flow Node",69.999969,0.579999,1000.000000,0.000000,"Known Flow",0.000000,0.000000,2.16999993085665e-07,40.000000,0.579999,1000.000000,0.000000,0.000000,13.000000,0.000000,0.515369,0.579999,,,,6.640486,6.640486,,16.800279,,,,,,903.822387,0.066147,0.000000,0.000000,0.000000,,-459.670013,1000.000000,,0.000000,0.000000,,,,0.046980,"SETFLOW",0.000000,0.997570,0.000000,,,,,"","",,,,6.640486,,0.000000,,0.000000,,,0.000000,0.000000,"",,,0.000000,,-1.000000,,0.000000,0.000000,-1.000000,-1.000000,,,,,,,,,,,"",,,,,,,,,,"Volumetric",,,,,,,,,,-0.058435,,,,,,,,,,-0.058435,-0.001402,,,,,,,,,,,,
"0BEC50BF","Nodes",1118723.120000,1671909.620000,1313.064347,"Default Known Flow Node",69.999969,0.579999,1000.000000,0.000000,"Known Flow",0.000000,0.000000,2.16999993085665e-07,40.000000,0.579999,1000.000000,0.000000,0.000000,13.000000,0.000000,0.515368,0.579999,,,,6.477215,6.477215,,16.800279,,,,,,903.822387,0.066147,0.000000,0.000000,0.000000,,-459.670013,1000.000000,,0.000000,0.000000,,,,0.046961,"SETFLOW",0.000000,0.997571,0.000000,,,,,"","",,,,6.477215,,0.000000,,0.000000,,,0.000000,0.000000,"",,,0.000000,,-1.000000,,0.000000,0.000000,-1.000000,-1.000000,,,,,,,,,,,"",,,,,,,,,,"Volumetric",,,,,,,,,,-0.040042,,,,,,,,,,-0.040042,-0.000961,,,,,,,,,,,,
"0BEC50C8","Nodes",1119051.458256,1671846.708637,1313.064347,"Default Known Flow Node",69.999969,0.579999,1000.000000,0.000000,"Known Flow",0.000000,0.000000,2.16999993085665e-07,40.000000,0.579999,1000.000000,0.000000,0.000000,13.000000,0.000000,0.515377,0.579999,,,,8.039202,8.039202,,16.800279,,,,,,903.822387,0.066146,0.000000,0.000000,0.000000,,-459.670013,1000.000000,,0.000000,0.000000,,,,0.047139,"SETFLOW",0.000000,0.997562,0.000000,,,,,"","",,,,8.039202,,0.000000,,0.000000,,,0.000000,0.000000,"",,,0.000000,,-1.000000,,0.000000,0.000000,-1.000000,-1.000000,,,,,,,,,,,"",,,,,,,,,,"Volumetric",,,,,,,,,,-0.482675,,,,,,,,,,-0.482675,-0.011584,,,,,,,,,,,,
"2FB27E07","Nodes",1119053.965362,1671836.169127,1313.064347,"Default Known Flow Node",69.999969,0.579999,1000.000000,0.000000,"Known Flow",0.000000,0.000000,2.16999993085665e-07,40.000000,0.579999,1000.000000,0.000000,0.000000,13.000000,0.000000,0.515377,0.579999,,,,8.039461,8.039461,,16.800279,,,,,,903.822387,0.066146,0.000000,0.000000,0.000000,,-459.670013,1000.000000,,0.000000,0.000000,,,,0.047139,"SETFLOW",0.000000,0.997562,0.000000,,,,,"","",,,,8.039461,,0.000000,,0.000000,,,0.000000,0.000000,"",,,0.000000,,-1.000000,,0.000000,0.000000,-1.000000,-1.000000,,,,,,,,,,,"",,,,,,,,,,"Volumetric",,,,,,,,,,-0.565653,,,,,,,,,,-0.565653,-0.013575,,,,,,,,,,,,
"2FBB3A97","Nodes",1118340.870000,1671658.620000,1313.064347,"Default Known Flow Node",69.999969,0.579999,1000.000000,0.000000,"Known Flow",0.000000,0.000000,2.16999993085665e-07,40.000000,0.579999,1000.000000,0.000000,0.000000,13.000000,0.000000,0.515368,0.579999,,,,6.531487,6.531487,,16.800279,,,,,,903.822387,0.066147,0.000000,0.000000,0.000000,,-459.670013,1000.000000,,0.000000,0.000000,,,,0.046968,"SETFLOW",0.000000,0.997571,0.000000,,,,,"","",,,,6.531487,,0.000000,,0.000000,,,0.000000,0.000000,"",,,0.000000,,-1.000000,,0.000000,0.000000,-1.000000,-1.000000,,,,,,,,,,,"",,,,,,,,,,"Volumetric",,,,,,,,,,-0.083107,,,,,,,,,,-0.083107,-0.001994,,,,,,,,,,,,
"0BEC50C6","Nodes",1118467.000000,1671692.620000,1313.064347,"Default Known Flow Node",69.999969,0.579999,1000.000000,0.000000,"Known Flow",0.000000,0.000000,2.16999993085665e-07,40.000000,0.579999,1000.000000,0.000000,0.000000,13.000000,0.000000,0.515368,0.579999,,,,6.461224,6.461224,,16.800279,,,,,,903.822387,0.066147,0.000000,0.000000,0.000000,,-459.670013,1000.000000,,0.000000,0.000000,,,,0.046960,"SETFLOW",0.000000,0.997572,0.000000,,,,,"","",,,,6.461224,,0.000000,,0.000000,,,0.000000,0.000000,"",,,0.000000,,-1.000000,,0.000000,0.000000,-1.000000,-1.000000,,,,,,,,,,,"",,,,,,,,,,"Volumetric",,,,,,,,,,-0.005494,,,,,,,,,,-0.005494,-0.000131,,,,,,,,,,,,
"0BEC50C5","Nodes",1118500.120000,1671702.370000,1313.064347,"Default Known Flow Node",69.999969,0.579999,1000.000000,0.000000,"Known Flow",0.000000,0.000000,2.16999993085665e-07,40.000000,0.579999,1000.000000,0.000000,0.000000,13.000000,0.000000,0.515368,0.579999,,,,6.440136,6.440136,,16.800279,,,,,,903.822387,0.066147,0.000000,0.000000,0.000000,,-459.670013,1000.000000,,0.000000,0.000000,,,,0.046957,"SETFLOW",0.000000,0.997572,0.000000,,,,,"","",,,,6.440136,,0.000000,,0.000000,,,0.000000,0.000000,"",,,0.000000,,-1.000000,,0.000000,0.000000,-1.000000,-1.000000,,,,,,,,,,,"",,,,,,,,,,"Volumetric",,,,,,,,,,-0.100965,,,,,,,,,,-0.100965,-0.002423,,,,,,,,,,,,
"0BEC50CA","Nodes",1119050.769996,1671855.642964,1313.064347,"Default Known Flow Node",69.999969,0.579999,1000.000000,0.000000,"Known Flow",0.000000,0.000000,2.16999993085665e-07,40.000000,0.579999,1000.000000,0.000000,0.000000,13.000000,0.000000,0.515377,0.579999,,,,8.039036,8.039036,,16.800279,,,,,,903.822387,0.066146,0.000000,0.000000,0.000000,,-459.670013,1000.000000,,0.000000,0.000000,,,,0.047139,"SETFLOW",0.000000,0.997562,0.000000,,,,,"","",,,,8.039036,,0.000000,,0.000000,,,0.000000,0.000000,"",,,0.000000,,-1.000000,,0.000000,0.000000,-1.000000,-1.000000,,,,,,,,,,,"",,,,,,,,,,"Volumetric",,,,,,,,,,-0.362298,,,,,,,,,,-0.362298,-0.008695,,,,,,,,,,,,
"0BEC50C7","Nodes",1119256.500000,1671902.000000,1313.064347,"Default Known Flow Node",69.999969,0.579999,1000.000000,0.000000,"Known Flow",0.000000,0.000000,2.16999993085665e-07,40.000000,0.579999,1000.000000,0.000000,0.000000,13.000000,0.000000,0.515377,0.579999,,,,8.041985,8.041985,,16.800279,,,,,,903.822387,0.066146,0.000000,0.000000,0.000000,,-459.670013,1000.000000,,0.000000,0.000000,,,,0.047139,"SETFLOW",0.000000,0.997562,0.000000,,,,,"","",,,,8.041985,,0.000000,,0.000000,,,0.000000,0.000000,"",,,0.000000,,-1.000000,,0.000000,0.000000,-1.000000,-1.000000,,,,,,,,,,,"",,,,,,,,,,"Volumetric",,,,,,,,,,-0.319056,,,,,,,,,,-0.319056,-0.007657,,,,,,,,,,,,
"Q3No50","Nodes",1119094.140985,1671856.774647,1313.064347,"Default Known Flow Node",69.999969,0.579999,1000.000000,0.000000,"Known Flow",0.000000,0.000000,2.16999993085665e-07,40.000000,0.579999,1000.000000,0.000000,0.000000,13.000000,0.000000,0.515377,0.579999,,,,8.039380,8.039380,,16.800279,,,,,,903.822387,0.066146,0.000000,0.000000,0.000000,,-459.670013,1000.000000,,0.000000,0.000000,,,,0.047139,"UNDEFINED",0.000000,0.997562,0.000000,,,,,"","",,,,8.039380,,0.000000,,0.000000,,,0.000000,0.000000,"",,,0.000000,,-1.000000,,0.000000,0.000000,0.000000,-1.000000,,,,,,,,,,,"",,,,,,,,,,"Volumetric",,,,,,,,,,0.000000,,,,,,,,,,0.000000,0.000000,,,,,,,,,,,,
"0BEC50C9","Nodes",1119000.898686,1672064.515515,1313.064347,"Default Known Flow Node",69.999969,0.579999,1000.000000,0.000000,"Known Flow",0.000000,0.000000,2.16999993085665e-07,40.000000,0.579999,1000.000000,0.000000,0.000000,13.000000,0.000000,0.515377,0.579999,,,,8.038088,8.038088,,16.800279,,,,,,903.822387,0.066146,0.000000,0.000000,0.000000,,-459.670013,1000.000000,,0.000000,0.000000,,,,0.047139,"SETFLOW",0.000000,0.997562,0.000000,,,,,"","",,,,8.038088,,0.000000,,0.000000,,,0.000000,0.000000,"",,,0.000000,,-1.000000,,0.000000,0.000000,-1.000000,-1.000000,,,,,,,,,,,"",,,,,,,,,,"Volumetric",,,,,,,,,,-0.360303,,,,,,,,,,-0.360303,-0.008647,,,,,,,,,,,,
"Q3No53","Nodes",1119007.723887,1672035.929998,1313.064347,"Default Known Flow Node",69.999969,0.579999,1000.000000,0.000000,"Known Flow",0.000000,0.000000,2.16999993085665e-07,40.000000,0.579999,1000.000000,0.000000,0.000000,13.000000,0.000000,0.515377,0.579999,,,,8.038213,8.038213,,16.800279,,,,,,903.822387,0.066146,0.000000,0.000000,0.000000,,-459.670013,1000.000000,,0.000000,0.000000,,,,0.047139,"UNDEFINED",0.000000,0.997562,0.000000,,,,,"","",,,,8.038213,,0.000000,,0.000000,,,0.000000,0.000000,"",,,0.000000,,-1.000000,,0.000000,0.000000,0.000000,-1.000000,,,,,,,,,,,"",,,,,,,,,,"Volumetric",,,,,,,,,,0.000000,,,,,,,,,,0.000000,0.000000,,,,,,,,,,,,
"0BEC50DB","Nodes",1119260.000000,1671906.120000,1313.064347,"Default Known Flow Node",69.999969,0.579999,1000.000000,0.000000,"Known Flow",0.000000,0.000000,2.16999993085665e-07,40.000000,0.579999,1000.000000,0.000000,0.000000,13.000000,0.000000,0.515377,0.579999,,,,8.042376,8.042376,,16.800279,,,,,,903.822387,0.066146,0.000000,0.000000,0.000000,,-459.670013,1000.000000,,0.000000,0.000000,,,,0.047139,"UNDEFINED",0.000000,0.997562,0.000000,,,,,"","",,,,8.042376,,0.000000,,0.000000,,,0.000000,0.000000,"",,,0.000000,,-1.000000,,0.000000,0.000000,-1.000000,-1.000000,,,,,,,,,,,"",,,,,,,,,,"Volumetric",,,,,,,,,,0.000000,,,,,,,,,,0.000000,0.000000,,,,,,,,,,,,
"0BEC50BE","Nodes",1118713.000000,1671952.750000,1313.064347,"Default Known Flow Node",69.999969,0.579999,1000.000000,0.000000,"Known Flow",0.000000,0.000000,2.16999993085665e-07,40.000000,0.579999,1000.000000,0.000000,0.000000,13.000000,0.000000,0.515368,0.579999,,,,6.456513,6.456513,,16.800279,,,,,,903.822387,0.066147,0.000000,0.000000,0.000000,,-459.670013,1000.000000,,0.000000,0.000000,,,,0.046959,"UNDEFINED",0.000000,0.997572,0.000000,,,,,"","",,,,6.456513,,0.000000,,0.000000,,,0.000000,0.000000,"",,,0.000000,,-1.000000,,0.000000,0.000000,-1.000000,-1.000000,,,,,,,,,,,"",,,,,,,,,,"Volumetric",,,,,,,,,,0.000000,,,,,,,,,,0.000000,0.000000,,,,,,,,,,,,
"0BEC50BD","Nodes",1118704.620000,1671970.620000,1313.064347,"Default Known Flow Node",69.999969,0.579999,1000.000000,0.000000,"Known Flow",0.000000,0.000000,2.16999993085665e-07,40.000000,0.579999,1000.000000,0.000000,0.000000,13.000000,0.000000,0.515368,0.579999,,,,6.446163,6.446163,,16.800279,,,,,,903.822387,0.066147,0.000000,0.000000,0.000000,,-459.670013,1000.000000,,0.000000,0.000000,,,,0.046958,"SETFLOW",0.000000,0.997572,0.000000,,,,,"","",,,,6.446163,,0.000000,,0.000000,,,0.000000,0.000000,"",,,0.000000,,-1.000000,,0.000000,0.000000,-1.000000,-1.000000,,,,,,,,,,,"",,,,,,,,,,"Volumetric",,,,,,,,,,-0.118617,,,,,,,,,,-0.118617,-0.002846,,,,,,,,,,,,
"0BEC50B6","Nodes",1118449.120000,1671955.370000,1313.064347,"Default Known Flow Node",69.999969,0.579999,1000.000000,0.000000,"Known Flow",0.000000,0.000000,2.16999993085665e-07,40.000000,0.579999,1000.000000,0.000000,0.000000,13.000000,0.000000,0.515368,0.579999,,,,6.364084,6.364084,,16.800279,,,,,,903.822387,0.066147,0.000000,0.000000,0.000000,,-459.670013,1000.000000,,0.000000,0.000000,,,,0.046949,"SETFLOW",0.000000,0.997572,0.000000,,,,,"","",,,,6.364084,,0.000000,,0.000000,,,0.000000,0.000000,"",,,0.000000,,-1.000000,,0.000000,0.000000,-1.000000,-1.000000,,,,,,,,,,,"",,,,,,,,,,"Volumetric",,,,,,,,,,-0.224957,,,,,,,,,,-0.224957,-0.005398,,,,,,,,,,,,
"0BEC50BC","Nodes",1118706.000000,1671981.500000,1313.064347,"Default Known Flow Node",69.999969,0.579999,1000.000000,0.000000,"Known Flow",0.000000,0.000000,2.16999993085665e-07,40.000000,0.579999,1000.000000,0.000000,0.000000,13.000000,0.000000,0.515368,0.579999,,,,6.439465,6.439465,,16.800279,,,,,,903.822387,0.066147,0.000000,0.000000,0.000000,,-459.670013,1000.000000,,0.000000,0.000000,,,,0.046957,"SETFLOW",0.000000,0.997572,0.000000,,,,,"","",,,,6.439465,,0.000000,,0.000000,,,0.000000,0.000000,"",,,0.000000,,-1.000000,,0.000000,0.000000,-1.000000,-1.000000,,,,,,,,,,,"",,,,,,,,,,"Volumetric",,,,,,,,,,-0.115724,,,,,,,,,,-0.115724,-0.002777,,,,,,,,,,,,
"0BEC50BA","Nodes",1118697.620000,1672020.620000,1313.064347,"Default Known Flow Node",69.999969,0.579999,1000.000000,0.000000,"Known Flow",0.000000,0.000000,2.16999993085665e-07,40.000000,0.579999,1000.000000,0.000000,0.000000,13.000000,0.000000,0.515368,0.579999,,,,6.424711,6.424711,,16.800279,,,,,,903.822387,0.066147,0.000000,0.000000,0.000000,,-459.670013,1000.000000,,0.000000,0.000000,,,,0.046955,"SETFLOW",0.000000,0.997572,0.000000,,,,,"","",,,,6.424711,,0.000000,,0.000000,,,0.000000,0.000000,"",,,0.000000,,-1.000000,,0.000000,0.000000,-1.000000,-1.000000,,,,,,,,,,,"",,,,,,,,,,"Volumetric",,,,,,,,,,-0.040540,,,,,,,,,,-0.040540,-0.000972,,,,,,,,,,,,
"0BEC50B9","Nodes",1118635.250000,1672004.250000,1313.064347,"Default Known Flow Node",69.999969,0.579999,1000.000000,0.000000,"Known Flow",0.000000,0.000000,2.16999993085665e-07,40.000000,0.579999,1000.000000,0.000000,0.000000,13.000000,0.000000,0.515368,0.579999,,,,6.402705,6.402705,,16.800279,,,,,,903.822387,0.066147,0.000000,0.000000,0.000000,,-459.670013,1000.000000,,0.000000,0.000000,,,,0.046953,"SETFLOW",0.000000,0.997572,0.000000,,,,,"","",,,,6.402705,,0.000000,,0.000000,,,0.000000,0.000000,"",,,0.000000,,-1.000000,,0.000000,0.000000,-1.000000,-1.000000,,,,,,,,,,,"",,,,,,,,,,"Volumetric",,,,,,,,,,-0.089926,,,,,,,,,,-0.089926,-0.002158,,,,,,,,,,,,
"0BEC50BB","Nodes",1118760.500000,1672036.370000,1313.064347,"Default Known Flow Node",69.999969,0.579999,1000.000000,0.000000,"Known Flow",0.000000,0.000000,2.16999993085665e-07,40.000000,0.579999,1000.000000,0.000000,0.000000,13.000000,0.000000,0.515368,0.579999,,,,6.424609,6.424609,,16.800279,,,,,,903.822387,0.066147,0.000000,0.000000,0.000000,,-459.670013,1000.000000,,0.000000,0.000000,,,,0.046955,"SETFLOW",0.000000,0.997572,0.000000,,,,,"","",,,,6.424609,,0.000000,,0.000000,,,0.000000,0.000000,"",,,0.000000,,-1.000000,,0.000000,0.000000,-1.000000,-1.000000,,,,,,,,,,,"",,,,,,,,,,"Volumetric",,,,,,,,,,-0.034643,,,,,,,,,,-0.034643,-0.000831,,,,,,,,,,,,
"0BEC50B7","Nodes",1118377.250000,1672155.750000,1313.064347,"Default Known Flow Node",69.999969,0.579999,1000.000000,0.000000,"Known Flow",0.000000,0.000000,2.16999993085665e-07,40.000000,0.579999,1000.000000,0.000000,0.000000,13.000000,0.000000,0.515367,0.579999,,,,6.288219,6.288219,,16.800279,,,,,,903.822387,0.066147,0.000000,0.000000,0.000000,,-459.670013,1000.000000,,0.000000,0.000000,,,,0.046940,"SETFLOW",0.000000,0.997573,0.000000,,,,,"","",,,,6.288219,,0.000000,,0.000000,,,0.000000,0.000000,"",,,0.000000,,-1.000000,,0.000000,0.000000,-1.000000,-1.000000,,,,,,,,,,,"",,,,,,,,,,"Volumetric",,,,,,,,,,-0.199016,,,,,,,,,,-0.199016,-0.004776,,,,,,,,,,,,
"2FB82ECE","Nodes",1118363.370000,1672184.620000,1313.064347,"Default Known Flow Node",69.999969,0.579999,1000.000000,0.000000,"Known Flow",0.000000,0.000000,2.16999993085665e-07,40.000000,0.579999,1000.000000,0.000000,0.000000,13.000000,0.000000,0.515368,0.579999,,,,6.389623,6.389623,,16.800279,,,,,,903.822387,0.066147,0.000000,0.000000,0.000000,,-459.670013,1000.000000,,0.000000,0.000000,,,,0.046951,"UNDEFINED",0.000000,0.997572,0.000000,,,,,"","",,,,6.389623,,0.000000,,0.000000,,,0.000000,0.000000,"",,,0.000000,,-1.000000,,0.000000,0.000000,-1.000000,-1.000000,,,,,,,,,,,"",,,,,,,,,,"Volumetric",,,,,,,,,,0.000000,,,,,,,,,,0.000000,0.000000,,,,,,,,,,,,
"0BEC50A4","Nodes",1118367.370000,1672185.750000,1313.064347,"Default Known Flow Node",69.999969,0.579999,1000.000000,0.000000,"Known Flow",0.000000,0.000000,2.16999993085665e-07,40.000000,0.579999,1000.000000,0.000000,0.000000,13.000000,0.000000,0.515368,0.579999,,,,6.389183,6.389183,,16.800279,,,,,,903.822387,0.066147,0.000000,0.000000,0.000000,,-459.670013,1000.000000,,0.000000,0.000000,,,,0.046951,"SETFLOW",0.000000,0.997572,0.000000,,,,,"","",,,,6.389183,,0.000000,,0.000000,,,0.000000,0.000000,"",,,0.000000,,-1.000000,,0.000000,0.000000,-1.000000,-1.000000,,,,,,,,,,,"",,,,,,,,,,"Volumetric",,,,,,,,,,-0.415723,,,,,,,,,,-0.415723,-0.009977,,,,,,,,,,,,
"0BEC50B8","Nodes",1118377.250000,1672156.750000,1313.064347,"Default Known Flow Node",69.999969,0.579999,1000.000000,0.000000,"Known Flow",0.000000,0.000000,2.16999993085665e-07,40.000000,0.579999,1000.000000,0.000000,0.000000,13.000000,0.000000,0.515367,0.579999,,,,6.288219,6.288219,,16.800279,,,,,,903.822387,0.066147,0.000000,0.000000,0.000000,,-459.670013,1000.000000,,0.000000,0.000000,,,,0.046940,"SETFLOW",0.000000,0.997573,0.000000,,,,,"","",,,,6.288219,,0.000000,,0.000000,,,0.000000,0.000000,"",,,0.000000,"Control Node",-1.000000,,0.000000,0.000000,-1.000000,-1.000000,,,,,,,,,,,"",,,,,,,,,,"Volumetric",,,,,,,,,,-41.000000,,,,,,,,,,-41.000000,-0.984000,,,,,,,,,,,,
"0BEC50A3","Nodes",1118275.750000,1672435.750000,1313.064347,"Default Known Flow Node",69.999969,0.579999,1000.000000,0.000000,"Known Flow",0.000000,0.000000,2.16999993085665e-07,40.000000,0.579999,1000.000000,0.000000,0.000000,13.000000,0.000000,0.515372,0.579999,,,,7.217435,7.217435,,16.800279,,,,,,903.822387,0.066146,0.000000,0.000000,0.000000,,-459.670013,1000.000000,,0.000000,0.000000,,,,0.047046,"SETFLOW",0.000000,0.997567,0.000000,,,,,"","",,,,7.217435,,0.000000,,0.000000,,,0.000000,0.000000,"",,,0.000000,,-1.000000,,0.000000,0.000000,-1.000000,-1.000000,,,,,,,,,,,"",,,,,,,,,,"Volumetric",,,,,,,,,,-0.178541,,,,,,,,,,-0.178541,-0.004285,,,,,,,,,,,,
"0BEC50A6","Nodes",1118599.500000,1672268.370000,1313.064347,"Default Known Flow Node",69.999969,0.579999,1000.000000,0.000000,"Known Flow",0.000000,0.000000,2.16999993085665e-07,40.000000,0.579999,1000.000000,0.000000,0.000000,13.000000,0.000000,0.515368,0.579999,,,,6.387627,6.387627,,16.800279,,,,,,903.822387,0.066147,0.000000,0.000000,0.000000,,-459.670013,1000.000000,,0.000000,0.000000,,,,0.046951,"SETFLOW",0.000000,0.997572,0.000000,,,,,"","",,,,6.387627,,0.000000,,0.000000,,,0.000000,0.000000,"",,,0.000000,,-1.000000,,0.000000,0.000000,-1.000000,-1.000000,,,,,,,,,,,"",,,,,,,,,,"Volumetric",,,,,,,,,,-0.094348,,,,,,,,,,-0.094348,-0.002264,,,,,,,,,,,,
"0BEC50A7","Nodes",1118641.250000,1672279.120000,1313.064347,"Default Known Flow Node",69.999969,0.579999,1000.000000,0.000000,"Known Flow",0.000000,0.000000,2.16999993085665e-07,40.000000,0.579999,1000.000000,0.000000,0.000000,13.000000,0.000000,0.515368,0.579999,,,,6.387546,6.387546,,16.800279,,,,,,903.822387,0.066147,0.000000,0.000000,0.000000,,-459.670013,1000.000000,,0.000000,0.000000,,,,0.046951,"SETFLOW",0.000000,0.997572,0.000000,,,,,"","",,,,6.387546,,0.000000,,0.000000,,,0.000000,0.000000,"",,,0.000000,,-1.000000,,0.000000,0.000000,-1.000000,-1.000000,,,,,,,,,,,"",,,,,,,,,,"Volumetric",,,,,,,,,,-0.027026,,,,,,,,,,-0.027026,-0.000648,,,,,,,,,,,,
"0BEC50A8","Nodes",1118714.620000,1672299.000000,1313.064347,"Default Known Flow Node",69.999969,0.579999,1000.000000,0.000000,"Known Flow",0.000000,0.000000,2.16999993085665e-07,40.000000,0.579999,1000.000000,0.000000,0.000000,13.000000,0.000000,0.515368,0.579999,,,,6.387495,6.387495,,16.800279,,,,,,903.822387,0.066147,0.000000,0.000000,0.000000,,-459.670013,1000.000000,,0.000000,0.000000,,,,0.046951,"SETFLOW",0.000000,0.997572,0.000000,,,,,"","",,,,6.387495,,0.000000,,0.000000,,,0.000000,0.000000,"",,,0.000000,,-1.000000,,0.000000,0.000000,-1.000000,-1.000000,,,,,,,,,,,"",,,,,,,,,,"Volumetric",,,,,,,,,,-0.014741,,,,,,,,,,-0.014741,-0.000353,,,,,,,,,,,,
"0BEC50A9","Nodes",1118744.750000,1672180.120000,1313.064347,"Default Known Flow Node",69.999969,0.579999,1000.000000,0.000000,"Known Flow",0.000000,0.000000,2.16999993085665e-07,40.000000,0.579999,1000.000000,0.000000,0.000000,13.000000,0.000000,0.515368,0.579999,,,,6.387495,6.387495,,16.800279,,,,,,903.822387,0.066147,0.000000,0.000000,0.000000,,-459.670013,1000.000000,,0.000000,0.000000,,,,0.046951,"UNDEFINED",0.000000,0.997572,0.000000,,,,,"","",,,,6.387495,,0.000000,,0.000000,,,0.000000,0.000000,"",,,0.000000,,-1.000000,,0.000000,0.000000,-1.000000,-1.000000,,,,,,,,,,,"",,,,,,,,,,"Volumetric",,,,,,,,,,0.000000,,,,,,,,,,0.000000,0.000000,,,,,,,,,,,,
"0BEC50AA","Nodes",1118709.370000,1672320.500000,1313.064347,"Default Known Flow Node",69.999969,0.579999,1000.000000,0.000000,"Known Flow",0.000000,0.000000,2.16999993085665e-07,40.000000,0.579999,1000.000000,0.000000,0.000000,13.000000,0.000000,0.515368,0.579999,,,,6.387495,6.387495,,16.800279,,,,,,903.822387,0.066147,0.000000,0.000000,0.000000,,-459.670013,1000.000000,,0.000000,0.000000,,,,0.046951,"UNDEFINED",0.000000,0.997572,0.000000,,,,,"","",,,,6.387495,,0.000000,,0.000000,,,0.000000,0.000000,"",,,0.000000,,-1.000000,,0.000000,0.000000,-1.000000,-1.000000,,,,,,,,,,,"",,,,,,,,,,"Volumetric",,,,,,,,,,0.000000,,,,,,,,,,0.000000,0.000000,,,,,,,,,,,,
"0BEC50B2","Nodes",1118834.370000,1672325.000000,1313.064347,"Default Known Flow Node",69.999969,0.579999,1000.000000,0.000000,"Known Flow",0.000000,0.000000,2.16999993085665e-07,40.000000,0.579999,1000.000000,0.000000,0.000000,13.000000,0.000000,0.515381,0.579999,,,,8.728906,8.728906,,16.800279,,,,,,903.822387,0.066145,0.000000,0.000000,0.000000,,-459.670013,1000.000000,,0.000000,0.000000,,,,0.047217,"UNDEFINED",0.000000,0.997558,0.000000,,,,,"","",,,,8.728906,,0.000000,,0.000000,,,0.000000,0.000000,"",,,0.000000,,-1.000000,,0.000000,0.000000,-1.000000,-1.000000,,,,,,,,,,,"",,,,,,,,,,"Volumetric",,,,,,,,,,0.000000,,,,,,,,,,0.000000,0.000000,,,,,,,,,,,,
"0BEC50B3","Nodes",1118858.370000,1672331.250000,1313.064347,"Default Known Flow Node",69.999969,0.579999,1000.000000,0.000000,"Known Flow",0.000000,0.000000,2.16999993085665e-07,40.000000,0.579999,1000.000000,0.000000,0.000000,13.000000,0.000000,0.515381,0.579999,,,,8.728906,8.728906,,16.800279,,,,,,903.822387,0.066145,0.000000,0.000000,0.000000,,-459.670013,1000.000000,,0.000000,0.000000,,,,0.047217,"SETFLOW",0.000000,0.997558,0.000000,,,,,"","",,,,8.728906,,0.000000,,0.000000,,,0.000000,0.000000,"",,,0.000000,,-1.000000,,0.000000,0.000000,-1.000000,-1.000000,,,,,,,,,,,"",,,,,,,,,,"Volumetric",,,,,,,,,,-0.133496,,,,,,,,,,-0.133496,-0.003203,,,,,,,,,,,,
"0BEC50B4","Nodes",1119248.620000,1672431.620000,1313.064347,"Default Known Flow Node",69.999969,0.579999,1000.000000,0.000000,"Known Flow",0.000000,0.000000,2.16999993085665e-07,40.000000,0.579999,1000.000000,0.000000,0.000000,13.000000,0.000000,0.515381,0.579999,,,,8.731424,8.731424,,16.800279,,,,,,903.822387,0.066145,0.000000,0.000000,0.000000,,-459.670013,1000.000000,,0.000000,0.000000,,,,0.047218,"UNDEFINED",0.000000,0.997558,0.000000,,,,,"","",,,,8.731424,,0.000000,,0.000000,,,0.000000,0.000000,"",,,0.000000,,-1.000000,,0.000000,0.000000,-1.000000,-1.000000,,,,,,,,,,,"",,,,,,,,,,"Volumetric",,,,,,,,,,0.000000,,,,,,,,,,0.000000,0.000000,,,,,,,,,,,,
"0BEC50B5","Nodes",1119231.500000,1672427.250000,1313.064347,"Default Known Flow Node",69.999969,0.579999,1000.000000,0.000000,"Known Flow",0.000000,0.000000,2.16999993085665e-07,40.000000,0.579999,1000.000000,0.000000,0.000000,13.000000,0.000000,0.515381,0.579999,,,,8.731233,8.731233,,16.800279,,,,,,903.822387,0.066145,0.000000,0.000000,0.000000,,-459.670013,1000.000000,,0.000000,0.000000,,,,0.047218,"SETFLOW",0.000000,0.997558,0.000000,,,,,"","",,,,8.731233,,0.000000,,0.000000,,,0.000000,0.000000,"",,,0.000000,,-1.000000,,0.000000,0.000000,-1.000000,-1.000000,,,,,,,,,,,"",,,,,,,,,,"Volumetric",,,,,,,,,,-0.100736,,,,,,,,,,-0.100736,-0.002417,,,,,,,,,,,,
"0BEC50D9","Nodes",1119260.000000,1672434.620000,1313.064347,"Default Known Flow Node",69.999969,0.579999,1000.000000,0.000000,"Known Flow",0.000000,0.000000,2.16999993085665e-07,40.000000,0.579999,1000.000000,0.000000,0.000000,13.000000,0.000000,0.515381,0.579999,,,,8.731587,8.731587,,16.800279,,,,,,903.822387,0.066145,0.000000,0.000000,0.000000,,-459.670013,1000.000000,,0.000000,0.000000,,,,0.047218,"UNDEFINED",0.000000,0.997558,0.000000,,,,,"","",,,,8.731587,,0.000000,,0.000000,,,0.000000,0.000000,"",,,0.000000,,-1.000000,,0.000000,0.000000,-1.000000,-1.000000,,,,,,,,,,,"",,,,,,,,,,"Volumetric",,,,,,,,,,0.000000,,,,,,,,,,0.000000,0.000000,,,,,,,,,,,,
"0BEC50A2","Nodes",1118270.370000,1672450.120000,1313.064347,"Default Known Flow Node",69.999969,0.579999,1000.000000,0.000000,"Known Flow",0.000000,0.000000,2.16999993085665e-07,40.000000,0.579999,1000.000000,0.000000,0.000000,13.000000,0.000000,0.515372,0.579999,,,,7.260762,7.260762,,16.800279,,,,,,903.822387,0.066146,0.000000,0.000000,0.000000,,-459.670013,1000.000000,,0.000000,0.000000,,,,0.047050,"UNDEFINED",0.000000,0.997567,0.000000,,,,,"","",,,,7.260762,,0.000000,,0.000000,,,0.000000,0.000000,"",,,0.000000,,-1.000000,,0.000000,0.000000,-1.000000,-1.000000,,,,,,,,,,,"",,,,,,,,,,"Volumetric",,,,,,,,,,0.000000,,,,,,,,,,0.000000,0.000000,,,,,,,,,,,,
"0BEC50A1","Nodes",1118268.500000,1672455.370000,1313.064347,"Default Known Flow Node",69.999969,0.579999,1000.000000,0.000000,"Known Flow",0.000000,0.000000,2.16999993085665e-07,40.000000,0.579999,1000.000000,0.000000,0.000000,13.000000,0.000000,0.515373,0.579999,,,,7.279628,7.279628,,16.800279,,,,,,903.822387,0.066146,0.000000,0.000000,0.000000,,-459.670013,1000.000000,,0.000000,0.000000,,,,0.047053,"SETFLOW",0.000000,0.997567,0.000000,,,,,"","",,,,7.279628,,0.000000,,0.000000,,,0.000000,0.000000,"",,,0.000000,,-1.000000,,0.000000,0.000000,-1.000000,-1.000000,,,,,,,,,,,"",,,,,,,,,,"Volumetric",,,,,,,,,,-0.325961,,,,,,,,,,-0.325961,-0.007823,,,,,,,,,,,,
"0BEC4FC6","Nodes",1118240.000000,1672447.750000,1313.064347,"Default Known Flow Node",69.999969,0.579999,1000.000000,0.000000,"Known Flow",0.000000,0.000000,2.16999993085665e-07,40.000000,0.579999,1000.000000,0.000000,0.000000,13.000000,0.000000,0.515373,0.579999,,,,7.279608,7.279608,,16.800279,,,,,,903.822387,0.066146,0.000000,0.000000,0.000000,,-459.670013,1000.000000,,0.000000,0.000000,,,,0.047053,"SETFLOW",0.000000,0.997567,0.000000,,,,,"","",,,,7.279608,,0.000000,,0.000000,,,0.000000,0.000000,"",,,0.000000,,-1.000000,,0.000000,0.000000,-1.000000,-1.000000,,,,,,,,,,,"",,,,,,,,,,"Volumetric",,,,,,,,,,-0.398033,,,,,,,,,,-0.398033,-0.009552,,,,,,,,,,,,
"0BEC50A5","Nodes",1118497.750000,1672515.250000,1313.064347,"Default Known Flow Node",69.999969,0.579999,1000.000000,0.000000,"Known Flow",0.000000,0.000000,2.16999993085665e-07,40.000000,0.579999,1000.000000,0.000000,0.000000,13.000000,0.000000,0.515375,0.579999,,,,7.659576,7.659576,,16.800279,,,,,,903.822387,0.066146,0.000000,0.000000,0.000000,,-459.670013,1000.000000,,0.000000,0.000000,,,,0.047096,"SETFLOW",0.000000,0.997565,0.000000,,,,,"","",,,,7.659576,,0.000000,,0.000000,,,0.000000,0.000000,"",,,0.000000,,-1.000000,,0.000000,0.000000,-1.000000,-1.000000,,,,,,,,,,,"",,,,,,,,,,"Volumetric",,,,,,,,,,-0.262079,,,,,,,,,,-0.262079,-0.006289,,,,,,,,,,,,
"0BEC50AB","Nodes",1118976.500000,1672639.120000,1313.064347,"Default Known Flow Node",69.999969,0.579999,1000.000000,0.000000,"Known Flow",0.000000,0.000000,2.16999993085665e-07,40.000000,0.579999,1000.000000,0.000000,0.000000,13.000000,0.000000,0.515379,0.579999,,,,8.423012,8.423012,,16.800279,,,,,,903.822387,0.066146,0.000000,0.000000,0.000000,,-459.670013,1000.000000,,0.000000,0.000000,,,,0.047183,"SETFLOW",0.000000,0.997560,0.000000,,,,,"","",,,,8.423012,,0.000000,,0.000000,,,0.000000,0.000000,"",,,0.000000,,-1.000000,,0.000000,0.000000,-1.000000,-1.000000,,,,,,,,,,,"",,,,,,,,,,"Volumetric",,,,,,,,,,-0.221129,,,,,,,,,,-0.221129,-0.005307,,,,,,,,,,,,
"2FB282FD","Nodes",1119059.750000,1672661.000000,1313.064347,"Default Known Flow Node",69.999969,0.579999,1000.000000,0.000000,"Known Flow",0.000000,0.000000,2.16999993085665e-07,40.000000,0.579999,1000.000000,0.000000,0.000000,13.000000,0.000000,0.515380,0.579999,,,,8.566332,8.566332,,16.800279,,,,,,903.822387,0.066145,0.000000,0.000000,0.000000,,-459.670013,1000.000000,,0.000000,0.000000,,,,0.047199,"SETFLOW",0.000000,0.997559,0.000000,,,,,"","",,,,8.566332,,0.000000,,0.000000,,,0.000000,0.000000,"",,,0.000000,"157-26 Northern Blvd AC= 0, Q= 3.430 mcfh, Firm",-1.000000,,0.000000,0.000000,-1.000000,-1.000000,,,,,,,,,,,"",,,"",,,,,,,"Volumetric",,,"Volumetric",,,,,,,0.000000,,,-3.429999,,,,,,,0.000000,0.000000,,,,,,,,,,,,
"2FB282FE","Nodes",1119069.750000,1672663.500000,1313.064347,"Default Known Flow Node",69.999969,0.579999,1000.000000,0.000000,"Known Flow",0.000000,0.000000,2.16999993085665e-07,40.000000,0.579999,1000.000000,0.000000,0.000000,13.000000,0.000000,0.515380,0.579999,,,,8.590506,8.590506,,16.800279,,,,,,903.822387,0.066145,0.000000,0.000000,0.000000,,-459.670013,1000.000000,,0.000000,0.000000,,,,0.047202,"SETFLOW",0.000000,0.997559,0.000000,,,,,"","",,,,8.590506,,0.000000,,0.000000,,,0.000000,0.000000,"",,,0.000000,,-1.000000,,0.000000,0.000000,-1.000000,-1.000000,,,,,,,,,,,"",,,,,,,,,,"Volumetric",,,,,,,,,,-0.346436,,,,,,,,,,-0.346436,-0.008314,,,,,,,,,,,,
"0BEC50AC","Nodes",1119093.500000,1672669.620000,1313.064347,"Default Known Flow Node",69.999969,0.579999,1000.000000,0.000000,"Known Flow",0.000000,0.000000,2.16999993085665e-07,40.000000,0.579999,1000.000000,0.000000,0.000000,13.000000,0.000000,0.515380,0.579999,,,,8.633384,8.633384,,16.800279,,,,,,903.822387,0.066145,0.000000,0.000000,0.000000,,-459.670013,1000.000000,,0.000000,0.000000,,,,0.047206,"UNDEFINED",0.000000,0.997559,0.000000,,,,,"","",,,,8.633384,,0.000000,,0.000000,,,0.000000,0.000000,"",,,0.000000,,-1.000000,,0.000000,0.000000,-1.000000,-1.000000,,,,,,,,,,,"",,,,,,,,,,"Volumetric",,,,,,,,,,0.000000,,,,,,,,,,0.000000,0.000000,,,,,,,,,,,,
"0BEC50AD","Nodes",1119097.370000,1672670.620000,1313.064347,"Default Known Flow Node",69.999969,0.579999,1000.000000,0.000000,"Known Flow",0.000000,0.000000,2.16999993085665e-07,40.000000,0.579999,1000.000000,0.000000,0.000000,13.000000,0.000000,0.515380,0.579999,,,,8.646309,8.646309,,16.800279,,,,,,903.822387,0.066145,0.000000,0.000000,0.000000,,-459.670013,1000.000000,,0.000000,0.000000,,,,0.047208,"UNDEFINED",0.000000,0.997559,0.000000,,,,,"","",,,,8.646309,,0.000000,,0.000000,,,0.000000,0.000000,"",,,0.000000,,-1.000000,,0.000000,0.000000,-1.000000,-1.000000,,,,,,,,,,,"",,,,,,,,,,"Volumetric",,,,,,,,,,0.000000,,,,,,,,,,0.000000,0.000000,,,,,,,,,,,,
"0BEC50AE","Nodes",1119102.750000,1672672.000000,1313.064347,"Default Known Flow Node",69.999969,0.579999,1000.000000,0.000000,"Known Flow",0.000000,0.000000,2.16999993085665e-07,40.000000,0.579999,1000.000000,0.000000,0.000000,13.000000,0.000000,0.515380,0.579999,,,,8.656599,8.656599,,16.800279,,,,,,903.822387,0.066145,0.000000,0.000000,0.000000,,-459.670013,1000.000000,,0.000000,0.000000,,,,0.047209,"UNDEFINED",0.000000,0.997559,0.000000,,,,,"","",,,,8.656599,,0.000000,,0.000000,,,0.000000,0.000000,"",,,0.000000,,-1.000000,,0.000000,0.000000,-1.000000,-1.000000,,,,,,,,,,,"",,,,,,,,,,"Volumetric",,,,,,,,,,0.000000,,,,,,,,,,0.000000,0.000000,,,,,,,,,,,,
"0BEC50B0","Nodes",1119124.620000,1672675.870000,1313.064347,"Default Known Flow Node",69.999969,0.579999,1000.000000,0.000000,"Known Flow",0.000000,0.000000,2.16999993085665e-07,40.000000,0.579999,1000.000000,0.000000,0.000000,13.000000,0.000000,0.515381,0.579999,,,,8.717703,8.717703,,16.800279,,,,,,903.822387,0.066145,0.000000,0.000000,0.000000,,-459.670013,1000.000000,,0.000000,0.000000,,,,0.047216,"UNDEFINED",0.000000,0.997558,0.000000,,,,,"","",,,,8.717703,,0.000000,,0.000000,,,0.000000,0.000000,"",,,0.000000,,-1.000000,,0.000000,0.000000,-1.000000,-1.000000,,,,,,,,,,,"",,,,,,,,,,"Volumetric",,,,,,,,,,0.000000,,,,,,,,,,0.000000,0.000000,,,,,,,,,,,,
"0BEC50AF","Nodes",1119121.500000,1672673.750000,1313.064347,"Default Known Flow Node",69.999969,0.579999,1000.000000,0.000000,"Known Flow",0.000000,0.000000,2.16999993085665e-07,40.000000,0.579999,1000.000000,0.000000,0.000000,13.000000,0.000000,0.515381,0.579999,,,,8.711242,8.711242,,16.800279,,,,,,903.822387,0.066145,0.000000,0.000000,0.000000,,-459.670013,1000.000000,,0.000000,0.000000,,,,0.047215,"UNDEFINED",0.000000,0.997558,0.000000,,,,,"","",,,,8.711242,,0.000000,,0.000000,,,0.000000,0.000000,"",,,0.000000,,-1.000000,,0.000000,0.000000,-1.000000,-1.000000,,,,,,,,,,,"",,,,,,,,,,"Volumetric",,,,,,,,,,0.000000,,,,,,,,,,0.000000,0.000000,,,,,,,,,,,,
"0BEC509E","Nodes",1119155.620000,1672688.000000,1313.064347,"Default Known Flow Node",69.999969,0.579999,1000.000000,0.000000,"Known Flow",0.000000,0.000000,2.16999993085665e-07,40.000000,0.579999,1000.000000,0.000000,0.000000,13.000000,0.000000,0.515381,0.579999,,,,8.717779,8.717779,,16.800279,,,,,,903.822387,0.066145,0.000000,0.000000,0.000000,,-459.670013,1000.000000,,0.000000,0.000000,,,,0.047216,"UNDEFINED",0.000000,0.997558,0.000000,,,,,"","",,,,8.717779,,0.000000,,0.000000,,,0.000000,0.000000,"",,,0.000000,,-1.000000,,0.000000,0.000000,-1.000000,-1.000000,,,,,,,,,,,"",,,,,,,,,,"Volumetric",,,,,,,,,,0.000000,,,,,,,,,,0.000000,0.000000,,,,,,,,,,,,
"0BEC509F","Nodes",1119131.250000,1672675.250000,1313.064347,"Default Known Flow Node",69.999969,0.579999,1000.000000,0.000000,"Known Flow",0.000000,0.000000,2.16999993085665e-07,40.000000,0.579999,1000.000000,0.000000,0.000000,13.000000,0.000000,0.515381,0.579999,,,,8.717719,8.717719,,16.800279,,,,,,903.822387,0.066145,0.000000,0.000000,0.000000,,-459.670013,1000.000000,,0.000000,0.000000,,,,0.047216,"UNDEFINED",0.000000,0.997558,0.000000,,,,,"","",,,,8.717719,,0.000000,,0.000000,,,0.000000,0.000000,"",,,0.000000,,-1.000000,,0.000000,0.000000,-1.000000,-1.000000,,,,,,,,,,,"",,,,,,,,,,"Volumetric",,,,,,,,,,0.000000,,,,,,,,,,0.000000,0.000000,,,,,,,,,,,,
"0BEC50B1","Nodes",1119126.120000,1672679.120000,1313.064347,"Default Known Flow Node",69.999969,0.579999,1000.000000,0.000000,"Known Flow",0.000000,0.000000,2.16999993085665e-07,40.000000,0.579999,1000.000000,0.000000,0.000000,13.000000,0.000000,0.515381,0.579999,,,,8.726884,8.726884,,16.800279,,,,,,903.822387,0.066145,0.000000,0.000000,0.000000,,-459.670013,1000.000000,,0.000000,0.000000,,,,0.047217,"SETFLOW",0.000000,0.997558,0.000000,,,,,"","",,,,8.726884,,0.000000,,0.000000,,,0.000000,0.000000,"",,,0.000000,,-1.000000,,0.000000,0.000000,-1.000000,-1.000000,,,,,,,,,,,"",,,,,,,,,,"Volumetric",,,,,,,,,,-0.040949,,,,,,,,,,-0.040949,-0.000982,,,,,,,,,,,,
"0BEC509C","Nodes",1119131.000000,1672680.620000,1313.064347,"Default Known Flow Node",69.999969,0.579999,1000.000000,0.000000,"Known Flow",0.000000,0.000000,2.16999993085665e-07,40.000000,0.579999,1000.000000,0.000000,0.000000,13.000000,0.000000,0.515381,0.579999,,,,8.735015,8.735015,,16.800279,,,,,,903.822387,0.066145,0.000000,0.000000,0.000000,,-459.670013,1000.000000,,0.000000,0.000000,,,,0.047218,"UNDEFINED",0.000000,0.997558,0.000000,,,,,"","",,,,8.735015,,0.000000,,0.000000,,,0.000000,0.000000,"",,,0.000000,,-1.000000,,0.000000,0.000000,-1.000000,-1.000000,,,,,,,,,,,"",,,,,,,,,,"Volumetric",,,,,,,,,,0.000000,,,,,,,,,,0.000000,0.000000,,,,,,,,,,,,
"0BEC50D5","Nodes",1119083.120000,1672760.000000,1313.064347,"Default Known Flow Node",69.999969,0.579999,1000.000000,0.000000,"Known Flow",0.000000,0.000000,2.16999993085665e-07,40.000000,0.579999,1000.000000,0.000000,0.000000,13.000000,0.000000,0.515381,0.579999,,,,8.744621,8.744621,,16.800279,,,,,,903.822387,0.066145,0.000000,0.000000,0.000000,,-459.670013,1000.000000,,0.000000,0.000000,,,,0.047219,"SETFLOW",0.000000,0.997558,0.000000,,,,,"","",,,,8.744621,,0.000000,,0.000000,,,0.000000,0.000000,"",,,0.000000,,-1.000000,,0.000000,0.000000,-1.000000,-1.000000,,,,,,,,,,,"",,,,,,,,,,"Volumetric",,,,,,,,,,-0.053234,,,,,,,,,,-0.053234,-0.001277,,,,,,,,,,,,
"0BEC50D6","Nodes",1119260.000000,1672463.500000,1313.064347,"Default Known Flow Node",69.999969,0.579999,1000.000000,0.000000,"Known Flow",0.000000,0.000000,2.16999993085665e-07,40.000000,0.579999,1000.000000,0.000000,0.000000,13.000000,0.000000,0.515381,0.579999,,,,8.732119,8.732119,,16.800279,,,,,,903.822387,0.066145,0.000000,0.000000,0.000000,,-459.670013,1000.000000,,0.000000,0.000000,,,,0.047218,"UNDEFINED",0.000000,0.997558,0.000000,,,,,"","",,,,8.732119,,0.000000,,0.000000,,,0.000000,0.000000,"",,,0.000000,,-1.000000,,0.000000,0.000000,-1.000000,-1.000000,,,,,,,,,,,"",,,,,,,,,,"Volumetric",,,,,,,,,,0.000000,,,,,,,,,,0.000000,0.000000,,,,,,,,,,,,
"0BEC509D","Nodes",1119196.370000,1672700.000000,1313.064347,"Default Known Flow Node",69.999969,0.579999,1000.000000,0.000000,"Known Flow",0.000000,0.000000,2.16999993085665e-07,40.000000,0.579999,1000.000000,0.000000,0.000000,13.000000,0.000000,0.515381,0.579999,,,,8.717935,8.717935,,16.800279,,,,,,903.822387,0.066145,0.000000,0.000000,0.000000,,-459.670013,1000.000000,,0.000000,0.000000,,,,0.047216,"SETFLOW",0.000000,0.997558,0.000000,,,,,"","",,,,8.717935,,0.000000,,0.000000,,,0.000000,0.000000,"",,,0.000000,,-1.000000,,0.000000,0.000000,-1.000000,-1.000000,,,,,,,,,,,"",,,,,,,,,,"Volumetric",,,,,,,,,,-0.009008,,,,,,,,,,-0.009008,-0.000216,,,,,,,,,,,,
"0BEC50D7","Nodes",1119259.750000,1672715.750000,1313.064347,"Default Known Flow Node",69.999969,0.579999,1000.000000,0.000000,"Known Flow",0.000000,0.000000,2.16999993085665e-07,40.000000,0.579999,1000.000000,0.000000,0.000000,13.000000,0.000000,0.515381,0.579999,,,,8.718076,8.718076,,16.800279,,,,,,903.822387,0.066145,0.000000,0.000000,0.000000,,-459.670013,1000.000000,,0.000000,0.000000,,,,0.047216,"SETFLOW",0.000000,0.997558,0.000000,,,,,"","",,,,8.718076,,0.000000,,0.000000,,,0.000000,0.000000,"",,,0.000000,,-1.000000,,0.000000,0.000000,-1.000000,-1.000000,,,,,,,,,,,"",,,,,,,,,,"Volumetric",,,,,,,,,,-0.031121,,,,,,,,,,-0.031121,-0.000746,,,,,,,,,,,,
"0BEC50A0","Nodes",1118349.750000,1672747.000000,1313.064347,"Default Known Flow Node",69.999969,0.579999,1000.000000,0.000000,"Known Flow",0.000000,0.000000,2.16999993085665e-07,40.000000,0.579999,1000.000000,0.000000,0.000000,13.000000,0.000000,0.515373,0.579999,,,,7.372845,7.372845,,16.800279,,,,,,903.822387,0.066146,0.000000,0.000000,0.000000,,-459.670013,1000.000000,,0.000000,0.000000,,,,0.047063,"SETFLOW",0.000000,0.997566,0.000000,,,,,"","",,,,7.372845,,0.000000,,0.000000,,,0.000000,0.000000,"",,,0.000000,,-1.000000,,0.000000,0.000000,-1.000000,-1.000000,,,,,,,,,,,"",,,,,,,,,,"Volumetric",,,,,,,,,,-0.102374,,,,,,,,,,-0.102374,-0.002456,,,,,,,,,,,,
"0BEC50D8","Nodes",1118401.120000,1672760.000000,1313.064347,"Default Known Flow Node",69.999969,0.579999,1000.000000,0.000000,"Known Flow",0.000000,0.000000,2.16999993085665e-07,40.000000,0.579999,1000.000000,0.000000,0.000000,13.000000,0.000000,0.515373,0.579999,,,,7.372451,7.372451,,16.800279,,,,,,903.822387,0.066146,0.000000,0.000000,0.000000,,-459.670013,1000.000000,,0.000000,0.000000,,,,0.047063,"SETFLOW",0.000000,0.997566,0.000000,,,,,"","",,,,7.372451,,0.000000,,0.000000,,,0.000000,0.000000,"",,,0.000000,,-1.000000,,0.000000,0.000000,-1.000000,-1.000000,,,,,,,,,,,"",,,,,,,,,,"Volumetric",,,,,,,,,,-0.094184,,,,,,,,,,-0.094184,-0.002260,,,,,,,,,,,,
"0BEC5122","Nodes",1118479.370000,1672777.370000,1313.064347,"Default Known Flow Node",69.999969,0.579999,1000.000000,0.000000,"Known Flow",0.000000,0.000000,2.16999993085665e-07,40.000000,0.579999,1000.000000,0.000000,0.000000,13.000000,0.000000,0.515373,0.579999,,,,7.372217,7.372217,,16.800279,,,,,,903.822387,0.066146,0.000000,0.000000,0.000000,,-459.670013,1000.000000,,0.000000,0.000000,,,,0.047063,"SETFLOW",0.000000,0.997566,0.000000,,,,,"","",,,,7.372217,,0.000000,,0.000000,,,0.000000,0.000000,"",,,0.000000,,-1.000000,,0.000000,0.000000,-1.000000,-1.000000,,,,,,,,,,,"",,,,,,,,,,"Volumetric",,,,,,,,,,-0.036035,,,,,,,,,,-0.036035,-0.000864,,,,,,,,,,,,
"0BEC50F3","Nodes",1118991.870000,1672908.750000,1313.064347,"Default Known Flow Node",69.999969,0.579999,1000.000000,0.000000,"Known Flow",0.000000,0.000000,2.16999993085665e-07,40.000000,0.579999,1000.000000,0.000000,0.000000,13.000000,0.000000,0.515381,0.579999,,,,8.762648,8.762648,,16.800279,,,,,,903.822387,0.066145,0.000000,0.000000,0.000000,,-459.670013,1000.000000,,0.000000,0.000000,,,,0.047221,"SETFLOW",0.000000,0.997558,0.000000,,,,,"","",,,,8.762648,,0.000000,,0.000000,,,0.000000,0.000000,"",,,0.000000,,-1.000000,,0.000000,0.000000,-1.000000,-1.000000,,,,,,,,,,,"",,,,,,,,,,"Volumetric",,,,,,,,,,-0.356264,,,,,,,,,,-0.356264,-0.008550,,,,,,,,,,,,
"0BEC5121","Nodes",1118581.620000,1672803.000000,1313.064347,"Default Known Flow Node",69.999969,0.579999,1000.000000,0.000000,"Known Flow",0.000000,0.000000,2.16999993085665e-07,40.000000,0.579999,1000.000000,0.000000,0.000000,13.000000,0.000000,0.515373,0.579999,,,,7.372057,7.372057,,16.800279,,,,,,903.822387,0.066146,0.000000,0.000000,0.000000,,-459.670013,1000.000000,,0.000000,0.000000,,,,0.047063,"SETFLOW",0.000000,0.997566,0.000000,,,,,"","",,,,7.372057,,0.000000,,0.000000,,,0.000000,0.000000,"",,,0.000000,,-1.000000,,0.000000,0.000000,-1.000000,-1.000000,,,,,,,,,,,"",,,,,,,,,,"Volumetric",,,,,,,,,,-0.033578,,,,,,,,,,-0.033578,-0.000805,,,,,,,,,,,,
"0BEC50F0","Nodes",1118714.750000,1672838.370000,1313.064347,"Default Known Flow Node",69.999969,0.579999,1000.000000,0.000000,"Known Flow",0.000000,0.000000,2.16999993085665e-07,40.000000,0.579999,1000.000000,0.000000,0.000000,13.000000,0.000000,0.515380,0.579999,,,,8.532845,8.532845,,16.800279,,,,,,903.822387,0.066145,0.000000,0.000000,0.000000,,-459.670013,1000.000000,,0.000000,0.000000,,,,0.047195,"SETFLOW",0.000000,0.997559,0.000000,,,,,"","",,,,8.532845,,0.000000,,0.000000,,,0.000000,0.000000,"",,,0.000000,"40-19/21 159 St, Q = -2.65 mcfh, Firm DONE",-1.000000,,0.000000,0.000000,-1.000000,-1.000000,,,,,,,,,,,,,,,,"",,,,,,,,,,"Volumetric",,,,,,,,,,-2.650000,,,,,-2.650000,-0.063600,,,,,,,,,,,,
"0BEC50F1","Nodes",1118876.250000,1672879.620000,1313.064347,"Default Known Flow Node",69.999969,0.579999,1000.000000,0.000000,"Known Flow",0.000000,0.000000,2.16999993085665e-07,40.000000,0.579999,1000.000000,0.000000,0.000000,13.000000,0.000000,0.515380,0.579999,,,,8.684259,8.684259,,16.800279,,,,,,903.822387,0.066145,0.000000,0.000000,0.000000,,-459.670013,1000.000000,,0.000000,0.000000,,,,0.047212,"SETFLOW",0.000000,0.997559,0.000000,,,,,"","",,,,8.684259,,0.000000,,0.000000,,,0.000000,0.000000,"",,,0.000000,,-1.000000,,0.000000,0.000000,-1.000000,-1.000000,,,,,,,,,,,"",,,,,,,,,,"Volumetric",,,,,,,,,,-0.015560,,,,,,,,,,-0.015560,-0.000373,,,,,,,,,,,,
"0BEC50F2","Nodes",1118900.500000,1672885.250000,1313.064347,"Default Known Flow Node",69.999969,0.579999,1000.000000,0.000000,"Known Flow",0.000000,0.000000,2.16999993085665e-07,40.000000,0.579999,1000.000000,0.000000,0.000000,13.000000,0.000000,0.515381,0.579999,,,,8.708362,8.708362,,16.800279,,,,,,903.822387,0.066145,0.000000,0.000000,0.000000,,-459.670013,1000.000000,,0.000000,0.000000,,,,0.047215,"SETFLOW",0.000000,0.997558,0.000000,,,,,"","",,,,8.708362,,0.000000,,0.000000,,,0.000000,0.000000,"",,,0.000000,,-1.000000,,0.000000,0.000000,-1.000000,-1.000000,,,,,,,,,,,"",,,,,,,,,,"Volumetric",,,,,,,,,,-0.033578,,,,,,,,,,-0.033578,-0.000805,,,,,,,,,,,,
"0BEC50F6","Nodes",1118951.750000,1672897.870000,1313.064347,"Default Known Flow Node",69.999969,0.579999,1000.000000,0.000000,"Known Flow",0.000000,0.000000,2.16999993085665e-07,40.000000,0.579999,1000.000000,0.000000,0.000000,13.000000,0.000000,0.515381,0.579999,,,,8.719736,8.719736,,16.800279,,,,,,903.822387,0.066145,0.000000,0.000000,0.000000,,-459.670013,1000.000000,,0.000000,0.000000,,,,0.047216,"SETFLOW",0.000000,0.997558,0.000000,,,,,"","",,,,8.719736,,0.000000,,0.000000,,,0.000000,0.000000,"",,,0.000000,,-1.000000,,0.000000,0.000000,-1.000000,-1.000000,,,,,,,,,,,"",,,,,,,,,,"Volumetric",,,,,,,,,,-0.033578,,,,,,,,,,-0.033578,-0.000805,,,,,,,,,,,,
"0BEC50F7","Nodes",1118981.870000,1672905.870000,1313.064347,"Default Known Flow Node",69.999969,0.579999,1000.000000,0.000000,"Known Flow",0.000000,0.000000,2.16999993085665e-07,40.000000,0.579999,1000.000000,0.000000,0.000000,13.000000,0.000000,0.515381,0.579999,,,,8.749770,8.749770,,16.800279,,,,,,903.822387,0.066145,0.000000,0.000000,0.000000,,-459.670013,1000.000000,,0.000000,0.000000,,,,0.047220,"UNDEFINED",0.000000,0.997558,0.000000,,,,,"","",,,,8.749770,,0.000000,,0.000000,,,0.000000,0.000000,"",,,0.000000,,-1.000000,,0.000000,0.000000,-1.000000,-1.000000,,,,,,,,,,,"",,,,,,,,,,"Volumetric",,,,,,,,,,0.000000,,,,,,,,,,0.000000,0.000000,,,,,,,,,,,,
"0BEC50F8","Nodes",1118986.870000,1672907.250000,1313.064347,"Default Known Flow Node",69.999969,0.579999,1000.000000,0.000000,"Known Flow",0.000000,0.000000,2.16999993085665e-07,40.000000,0.579999,1000.000000,0.000000,0.000000,13.000000,0.000000,0.515381,0.579999,,,,8.757474,8.757474,,16.800279,,,,,,903.822387,0.066145,0.000000,0.000000,0.000000,,-459.670013,1000.000000,,0.000000,0.000000,,,,0.047221,"SETFLOW",0.000000,0.997558,0.000000,,,,,"","",,,,8.757474,,0.000000,,0.000000,,,0.000000,0.000000,"",,,0.000000,,-1.000000,,0.000000,0.000000,-1.000000,-1.000000,,,,,,,,,,,"",,,,,,,,,,"Volumetric",,,,,,,,,,-0.011465,,,,,,,,,,-0.011465,-0.000275,,,,,,,,,,,,
"0BEC50F4","Nodes",1118995.000000,1672910.000000,1313.064347,"Default Known Flow Node",69.999969,0.579999,1000.000000,0.000000,"Known Flow",0.000000,0.000000,2.16999993085665e-07,40.000000,0.579999,1000.000000,0.000000,0.000000,13.000000,0.000000,0.515381,0.579999,,,,8.762925,8.762925,,16.800279,,,,,,903.822387,0.066145,0.000000,0.000000,0.000000,,-459.670013,1000.000000,,0.000000,0.000000,,,,0.047221,"UNDEFINED",0.000000,0.997558,0.000000,,,,,"","",,,,8.762925,,0.000000,,0.000000,,,0.000000,0.000000,"",,,0.000000,,-1.000000,,0.000000,0.000000,-1.000000,-1.000000,,,,,,,,,,,"",,,,,,,,,,"Volumetric",,,,,,,,,,0.000000,,,,,,,,,,0.000000,0.000000,,,,,,,,,,,,
"0BEC50F5","Nodes",1119113.620000,1672939.370000,1313.064347,"Default Known Flow Node",69.999969,0.579999,1000.000000,0.000000,"Known Flow",0.000000,0.000000,2.16999993085665e-07,40.000000,0.579999,1000.000000,0.000000,0.000000,13.000000,0.000000,0.515381,0.579999,,,,8.769749,8.769749,,16.800279,,,,,,903.822387,0.066145,0.000000,0.000000,0.000000,,-459.670013,1000.000000,,0.000000,0.000000,,,,0.047222,"SETFLOW",0.000000,0.997558,0.000000,,,,,"","",,,,8.769749,,0.000000,,0.000000,,,0.000000,0.000000,"",,,0.000000,,-1.000000,,0.000000,0.000000,-1.000000,-1.000000,,,,,,,,,,,"",,,,,,,,,,"Volumetric",,,,,,,,,,-0.059786,,,,,,,,,,-0.059786,-0.001434,,,,,,,,,,,,
"0BEC50ED","Nodes",1118391.750000,1673024.370000,1313.064347,"Default Known Flow Node",69.999969,0.579999,1000.000000,0.000000,"Known Flow",0.000000,0.000000,2.16999993085665e-07,40.000000,0.579999,1000.000000,0.000000,0.000000,13.000000,0.000000,0.515375,0.579999,,,,7.680654,7.680654,,16.800279,,,,,,903.822387,0.066146,0.000000,0.000000,0.000000,,-459.670013,1000.000000,,0.000000,0.000000,,,,0.047098,"SETFLOW",0.000000,0.997564,0.000000,,,,,"","",,,,7.680654,,0.000000,,0.000000,,,0.000000,0.000000,"",,,0.000000,,-1.000000,,0.000000,0.000000,-1.000000,-1.000000,,,,,,,,,,,"",,,,,,,,,,"Volumetric",,,,,,,,,,-0.148238,,,,,,,,,,-0.148238,-0.003557,,,,,,,,,,,,
"0BEC50EE","Nodes",1118395.370000,1673025.370000,1313.064347,"Default Known Flow Node",69.999969,0.579999,1000.000000,0.000000,"Known Flow",0.000000,0.000000,2.16999993085665e-07,40.000000,0.579999,1000.000000,0.000000,0.000000,13.000000,0.000000,0.515375,0.579999,,,,7.680651,7.680651,,16.800279,,,,,,903.822387,0.066146,0.000000,0.000000,0.000000,,-459.670013,1000.000000,,0.000000,0.000000,,,,0.047098,"SETFLOW",0.000000,0.997564,0.000000,,,,,"","",,,,7.680651,,0.000000,,0.000000,,,0.000000,0.000000,"",,,0.000000,,-1.000000,,0.000000,0.000000,-1.000000,-1.000000,,,,,,,,,,,"",,,,,,,,,,"Volumetric",,,,,,,,,,-0.043406,,,,,,,,,,-0.043406,-0.001041,,,,,,,,,,,,
"0BEC50EF","Nodes",1118470.000000,1673047.500000,1313.064347,"Default Known Flow Node",69.999969,0.579999,1000.000000,0.000000,"Known Flow",0.000000,0.000000,2.16999993085665e-07,40.000000,0.579999,1000.000000,0.000000,0.000000,13.000000,0.000000,0.515375,0.579999,,,,7.680608,7.680608,,16.800279,,,,,,903.822387,0.066146,0.000000,0.000000,0.000000,,-459.670013,1000.000000,,0.000000,0.000000,,,,0.047098,"SETFLOW",0.000000,0.997564,0.000000,,,,,"","",,,,7.680608,,0.000000,,0.000000,,,0.000000,0.000000,"",,,0.000000,,-1.000000,,0.000000,0.000000,-1.000000,-1.000000,,,,,,,,,,,"",,,,,,,,,,"Volumetric",,,,,,,,,,-0.043406,,,,,,,,,,-0.043406,-0.001041,,,,,,,,,,,,
"0BEC511F","Nodes",1119009.870000,1673159.370000,1313.064347,"Default Known Flow Node",69.999969,0.579999,1000.000000,0.000000,"Known Flow",0.000000,0.000000,2.16999993085665e-07,40.000000,0.579999,1000.000000,0.000000,0.000000,13.000000,0.000000,0.515381,0.579999,,,,8.754764,8.754764,,16.800279,,,,,,903.822387,0.066145,0.000000,0.000000,0.000000,,-459.670013,1000.000000,,0.000000,0.000000,,,,0.047220,"SETFLOW",0.000000,0.997558,0.000000,,,,,"","",,,,8.754764,,0.000000,,0.000000,,,0.000000,0.000000,"",,,0.000000,,-1.000000,,0.000000,0.000000,-1.000000,-1.000000,,,,,,,,,,,"",,,,,,,,,,"Volumetric",,,,,,,,,,-0.199016,,,,,,,,,,-0.199016,-0.004776,,,,,,,,,,,,
"0BEC5120","Nodes",1118958.620000,1673145.870000,1313.064347,"Default Known Flow Node",69.999969,0.579999,1000.000000,0.000000,"Known Flow",0.000000,0.000000,2.16999993085665e-07,40.000000,0.579999,1000.000000,0.000000,0.000000,13.000000,0.000000,0.515381,0.579999,,,,8.754764,8.754764,,16.800279,,,,,,903.822387,0.066145,0.000000,0.000000,0.000000,,-459.670013,1000.000000,,0.000000,0.000000,,,,0.047220,"UNDEFINED",0.000000,0.997558,0.000000,,,,,"","",,,,8.754764,,0.000000,,0.000000,,,0.000000,0.000000,"",,,0.000000,,-1.000000,,0.000000,0.000000,-1.000000,-1.000000,,,,,,,,,,,"",,,,,,,,,,"Volumetric",,,,,,,,,,0.000000,,,,,,,,,,0.000000,0.000000,,,,,,,,,,,,
"0BEC511E","Nodes",1119028.000000,1673163.370000,1313.064347,"Default Known Flow Node",69.999969,0.579999,1000.000000,0.000000,"Known Flow",0.000000,0.000000,2.16999993085665e-07,40.000000,0.579999,1000.000000,0.000000,0.000000,13.000000,0.000000,0.515381,0.579999,,,,8.754881,8.754881,,16.800279,,,,,,903.822387,0.066145,0.000000,0.000000,0.000000,,-459.670013,1000.000000,,0.000000,0.000000,,,,0.047220,"SETFLOW",0.000000,0.997558,0.000000,,,,,"","",,,,8.754881,,0.000000,,0.000000,,,0.000000,0.000000,"",,,0.000000,,-1.000000,,0.000000,0.000000,-1.000000,-1.000000,,,,,,,,,,,"",,,,,,,,,,"Volumetric",,,,,,,,,,-0.229319,,,,,,,,,,-0.229319,-0.005503,,,,,,,,,,,,
"0BEC511D","Nodes",1119049.500000,1673168.750000,1313.064347,"Default Known Flow Node",69.999969,0.579999,1000.000000,0.000000,"Known Flow",0.000000,0.000000,2.16999993085665e-07,40.000000,0.579999,1000.000000,0.000000,0.000000,13.000000,0.000000,0.515381,0.579999,,,,8.755807,8.755807,,16.800279,,,,,,903.822387,0.066145,0.000000,0.000000,0.000000,,-459.670013,1000.000000,,0.000000,0.000000,,,,0.047220,"SETFLOW",0.000000,0.997558,0.000000,,,,,"","",,,,8.755807,,0.000000,,0.000000,,,0.000000,0.000000,"",,,0.000000,,-1.000000,,0.000000,0.000000,-1.000000,-1.000000,,,,,,,,,,,"",,,,,,,,,,"Volumetric",,,,,,,,,,-0.076985,,,,,,,,,,-0.076985,-0.001847,,,,,,,,,,,,
"0BEC511C","Nodes",1119164.620000,1673201.250000,1313.064347,"Default Known Flow Node",69.999969,0.579999,1000.000000,0.000000,"Known Flow",0.000000,0.000000,2.16999993085665e-07,40.000000,0.579999,1000.000000,0.000000,0.000000,13.000000,0.000000,0.515381,0.579999,,,,8.761965,8.761965,,16.800279,,,,,,903.822387,0.066145,0.000000,0.000000,0.000000,,-459.670013,1000.000000,,0.000000,0.000000,,,,0.047221,"SETFLOW",0.000000,0.997558,0.000000,,,,,"","",,,,8.761965,,0.000000,,0.000000,,,0.000000,0.000000,"",,,0.000000,,-1.000000,,0.000000,0.000000,-1.000000,-1.000000,,,,,,,,,,,"",,,,,,,,,,"Volumetric",,,,,,,,,,-0.081244,,,,,,,,,,-0.081244,-0.001949,,,,,,,,,,,,
"0BEC511B","Nodes",1119181.120000,1673205.750000,1313.064347,"Default Known Flow Node",69.999969,0.579999,1000.000000,0.000000,"Known Flow",0.000000,0.000000,2.16999993085665e-07,40.000000,0.579999,1000.000000,0.000000,0.000000,13.000000,0.000000,0.515381,0.579999,,,,8.763661,8.763661,,16.800279,,,,,,903.822387,0.066145,0.000000,0.000000,0.000000,,-459.670013,1000.000000,,0.000000,0.000000,,,,0.047221,"SETFLOW",0.000000,0.997558,0.000000,,,,,"","",,,,8.763661,,0.000000,,0.000000,,,0.000000,0.000000,"",,,0.000000,,-1.000000,,0.000000,0.000000,-1.000000,-1.000000,,,,,,,,,,,"",,,,,,,,,,"Volumetric",,,,,,,,,,-0.053726,,,,,,,,,,-0.053726,-0.001289,,,,,,,,,,,,
"2FB28013","Nodes",1119259.750000,1673230.250000,1313.064347,"Default Known Flow Node",69.999969,0.579999,1000.000000,0.000000,"Known Flow",0.000000,0.000000,2.16999993085665e-07,40.000000,0.579999,1000.000000,0.000000,0.000000,13.000000,0.000000,0.515381,0.579999,,,,8.772163,8.772163,,16.800279,,,,,,903.822387,0.066145,0.000000,0.000000,0.000000,,-459.670013,1000.000000,,0.000000,0.000000,,,,0.047222,"SETFLOW",0.000000,0.997558,0.000000,,,,,"","",,,,8.772163,,0.000000,,0.000000,,,0.000000,0.000000,"",,,0.000000,,-1.000000,,0.000000,0.000000,-1.000000,-1.000000,,,,,,,,,,,"",,,,,,,,,,"Volumetric",,,,,,,,,,-0.211629,,,,,,,,,,-0.211629,-0.005079,,,,,,,,,,,,
"0BEC50EC","Nodes",1118332.120000,1673289.370000,1313.064347,"Default Known Flow Node",69.999969,0.579999,1000.000000,0.000000,"Known Flow",0.000000,0.000000,2.16999993085665e-07,40.000000,0.579999,1000.000000,0.000000,0.000000,13.000000,0.000000,0.515375,0.579999,,,,7.727904,7.727904,,16.800279,,,,,,903.822387,0.066146,0.000000,0.000000,0.000000,,-459.670013,1000.000000,,0.000000,0.000000,,,,0.047104,"SETFLOW",0.000000,0.997564,0.000000,,,,,"","",,,,7.727904,,0.000000,,0.000000,,,0.000000,0.000000,"",,,0.000000,,-1.000000,,0.000000,0.000000,-1.000000,-1.000000,,,,,,,,,,,"",,,,,,,,,,"Volumetric",,,,,,,,,,-0.230138,,,,,,,,,,-0.230138,-0.005523,,,,,,,,,,,,
"0BEC5022","Nodes",1118326.000000,1673288.120000,1313.064347,"Default Known Flow Node",69.999969,0.579999,1000.000000,0.000000,"Known Flow",0.000000,0.000000,2.16999993085665e-07,40.000000,0.579999,1000.000000,0.000000,0.000000,13.000000,0.000000,0.515375,0.579999,,,,7.724833,7.724833,,16.800279,,,,,,903.822387,0.066146,0.000000,0.000000,0.000000,,-459.670013,1000.000000,,0.000000,0.000000,,,,0.047103,"SETFLOW",0.000000,0.997564,0.000000,,,,,"","",,,,7.724833,,0.000000,,0.000000,,,0.000000,0.000000,"",,,0.000000,,-1.000000,,0.000000,0.000000,-1.000000,-1.000000,,,,,,,,,,,"",,,,,,,,,,"Volumetric",,,,,,,,,,-0.118754,,,,,,,,,,-0.118754,-0.002850,,,,,,,,,,,,
"0BEC50F9","Nodes",1118713.500000,1673382.000000,1313.064347,"Default Known Flow Node",69.999969,0.579999,1000.000000,0.000000,"Known Flow",0.000000,0.000000,2.16999993085665e-07,40.000000,0.579999,1000.000000,0.000000,0.000000,13.000000,0.000000,0.515381,0.579999,,,,8.829365,8.829365,,16.800279,,,,,,903.822387,0.066145,0.000000,0.000000,0.000000,,-459.670013,1000.000000,,0.000000,0.000000,,,,0.047229,"SETFLOW",0.000000,0.997558,0.000000,,,,,"","",,,,8.829365,,0.000000,,0.000000,,,0.000000,0.000000,"",,,0.000000,,-1.000000,,0.000000,0.000000,-1.000000,-1.000000,,,,,,,,,,,"",,,,,,,,,,"Volumetric",,,,,,,,,,-0.570023,,,,,,,,,,-0.570023,-0.013680,,,,,,,,,,,,
"0BEC50FD","Nodes",1118652.500000,1673483.870000,1313.064347,"Default Known Flow Node",69.999969,0.579999,1000.000000,0.000000,"Known Flow",0.000000,0.000000,2.16999993085665e-07,40.000000,0.579999,1000.000000,0.000000,0.000000,13.000000,0.000000,0.515381,0.579999,,,,8.848039,8.848039,,16.800279,,,,,,903.822387,0.066145,0.000000,0.000000,0.000000,,-459.670013,1000.000000,,0.000000,0.000000,,,,0.047231,"SETFLOW",0.000000,0.997558,0.000000,,,,,"","",,,,8.848039,,0.000000,,0.000000,,,0.000000,0.000000,"",,,0.000000,,-1.000000,,0.000000,0.000000,-1.000000,-1.000000,,,,,,,,,,,"",,,,,,,,,,"Volumetric",,,,,,,,,,-0.226698,,,,,,,,,,-0.226698,-0.005440,,,,,,,,,,,,
"0BEC50FF","Nodes",1118650.750000,1673486.000000,1313.064347,"Default Known Flow Node",69.999969,0.579999,1000.000000,0.000000,"Known Flow",0.000000,0.000000,2.16999993085665e-07,40.000000,0.579999,1000.000000,0.000000,0.000000,13.000000,0.000000,0.515381,0.579999,,,,8.848039,8.848039,,16.800279,,,,,,903.822387,0.066145,0.000000,0.000000,0.000000,,-459.670013,1000.000000,,0.000000,0.000000,,,,0.047231,"UNDEFINED",0.000000,0.997558,0.000000,,,,,"","",,,,8.848039,,0.000000,,0.000000,,,0.000000,0.000000,"",,,0.000000,,-1.000000,,0.000000,0.000000,-1.000000,-1.000000,,,,,,,,,,,"",,,,,,,,,,"Volumetric",,,,,,,,,,0.000000,,,,,,,,,,0.000000,0.000000,,,,,,,,,,,,
"0BEC5100","Nodes",1118646.370000,1673492.370000,1313.064347,"Default Known Flow Node",69.999969,0.579999,1000.000000,0.000000,"Known Flow",0.000000,0.000000,2.16999993085665e-07,40.000000,0.579999,1000.000000,0.000000,0.000000,13.000000,0.000000,0.515381,0.579999,,,,8.848039,8.848039,,16.800279,,,,,,903.822387,0.066145,0.000000,0.000000,0.000000,,-459.670013,1000.000000,,0.000000,0.000000,,,,0.047231,"UNDEFINED",0.000000,0.997558,0.000000,,,,,"","",,,,8.848039,,0.000000,,0.000000,,,0.000000,0.000000,"",,,0.000000,,-1.000000,,0.000000,0.000000,-1.000000,-1.000000,,,,,,,,,,,"",,,,,,,,,,"Volumetric",,,,,,,,,,0.000000,,,,,,,,,,0.000000,0.000000,,,,,,,,,,,,
"0BEC5101","Nodes",1118644.000000,1673494.500000,1313.064347,"Default Known Flow Node",69.999969,0.579999,1000.000000,0.000000,"Known Flow",0.000000,0.000000,2.16999993085665e-07,40.000000,0.579999,1000.000000,0.000000,0.000000,13.000000,0.000000,0.515381,0.579999,,,,8.848034,8.848034,,16.800279,,,,,,903.822387,0.066145,0.000000,0.000000,0.000000,,-459.670013,1000.000000,,0.000000,0.000000,,,,0.047231,"SETFLOW",0.000000,0.997558,0.000000,,,,,"","",,,,8.848034,,0.000000,,0.000000,,,0.000000,0.000000,"",,,0.000000,,-1.000000,,0.000000,0.000000,-1.000000,-1.000000,,,,,,,,,,,"",,,,,,,,,,"Volumetric",,,,,,,,,,-0.018345,,,,,,,,,,-0.018345,-0.000440,,,,,,,,,,,,
"0BEC5104","Nodes",1118602.250000,1673529.250000,1313.064347,"Default Known Flow Node",69.999969,0.579999,1000.000000,0.000000,"Known Flow",0.000000,0.000000,2.16999993085665e-07,40.000000,0.579999,1000.000000,0.000000,0.000000,13.000000,0.000000,0.515381,0.579999,,,,8.848010,8.848010,,16.800279,,,,,,903.822387,0.066145,0.000000,0.000000,0.000000,,-459.670013,1000.000000,,0.000000,0.000000,,,,0.047231,"SETFLOW",0.000000,0.997558,0.000000,,,,,"","",,,,8.848010,,0.000000,,0.000000,,,0.000000,0.000000,"",,,0.000000,,-1.000000,,0.000000,0.000000,-1.000000,-1.000000,,,,,,,,,,,"",,,,,,,,,,"Volumetric",,,,,,,,,,-0.009172,,,,,,,,,,-0.009172,-0.000220,,,,,,,,,,,,
"0BEC50E9","Nodes",1118254.370000,1673544.870000,1313.064347,"Default Known Flow Node",69.999969,0.579999,1000.000000,0.000000,"Known Flow",0.000000,0.000000,2.16999993085665e-07,40.000000,0.579999,1000.000000,0.000000,0.000000,13.000000,0.000000,0.515377,0.579999,,,,8.031739,8.031739,,16.800279,,,,,,903.822387,0.066146,0.000000,0.000000,0.000000,,-459.670013,1000.000000,,0.000000,0.000000,,,,0.047138,"SETFLOW",0.000000,0.997562,0.000000,,,,,"","",,,,8.031739,,0.000000,,0.000000,,,0.000000,0.000000,"",,,0.000000,,-1.000000,,0.000000,0.000000,-1.000000,-1.000000,,,,,,,,,,,"",,,,,,,,,,"Volumetric",,,,,,,,,,-0.009827,,,,,,,,,,-0.009827,-0.000235,,,,,,,,,,,,
"0BEC5023","Nodes",1118238.870000,1673541.000000,1313.064347,"Default Known Flow Node",69.999969,0.579999,1000.000000,0.000000,"Known Flow",0.000000,0.000000,2.16999993085665e-07,40.000000,0.579999,1000.000000,0.000000,0.000000,13.000000,0.000000,0.515377,0.579999,,,,7.996336,7.996336,,16.800279,,,,,,903.822387,0.066146,0.000000,0.000000,0.000000,,-459.670013,1000.000000,,0.000000,0.000000,,,,0.047134,"SETFLOW",0.000000,0.997563,0.000000,,,,,"","",,,,7.996336,,0.000000,,0.000000,,,0.000000,0.000000,"",,,0.000000,,-1.000000,,0.000000,0.000000,-1.000000,-1.000000,,,,,,,,,,,"",,,,,,,,,,"Volumetric",,,,,,,,,,-0.288287,,,,,,,,,,-0.288287,-0.006918,,,,,,,,,,,,
"0BEC50EA","Nodes",1118266.000000,1673547.750000,1313.064347,"Default Known Flow Node",69.999969,0.579999,1000.000000,0.000000,"Known Flow",0.000000,0.000000,2.16999993085665e-07,40.000000,0.579999,1000.000000,0.000000,0.000000,13.000000,0.000000,0.515377,0.579999,,,,8.039616,8.039616,,16.800279,,,,,,903.822387,0.066146,0.000000,0.000000,0.000000,,-459.670013,1000.000000,,0.000000,0.000000,,,,0.047139,"SETFLOW",0.000000,0.997562,0.000000,,,,,"","",,,,8.039616,,0.000000,,0.000000,,,0.000000,0.000000,"",,,0.000000,,-1.000000,,0.000000,0.000000,-1.000000,-1.000000,,,,,,,,,,,"",,,,,,,,,,"Volumetric",,,,,,,,,,-0.017035,,,,,,,,,,-0.017035,-0.000408,,,,,,,,,,,,
"0BEC50E2","Nodes",1118477.000000,1673596.000000,1313.064347,"Default Known Flow Node",69.999969,0.579999,1000.000000,0.000000,"Known Flow",0.000000,0.000000,2.16999993085665e-07,40.000000,0.579999,1000.000000,0.000000,0.000000,13.000000,0.000000,0.515379,0.579999,,,,8.466388,8.466388,,16.800279,,,,,,903.822387,0.066146,0.000000,0.000000,0.000000,,-459.670013,1000.000000,,0.000000,0.000000,,,,0.047187,"SETFLOW",0.000000,0.997560,0.000000,,,,,"","",,,,8.466388,,0.000000,,0.000000,,,0.000000,0.000000,"",,,0.000000,,-1.000000,,0.000000,0.000000,-1.000000,-1.000000,,,,,,,,,,,"",,,,,,,,,,"Volumetric",,,,,,,,,,-0.009827,,,,,,,,,,-0.009827,-0.000235,,,,,,,,,,,,
"0BEC50E3","Nodes",1118463.500000,1673592.870000,1313.064347,"Default Known Flow Node",69.999969,0.579999,1000.000000,0.000000,"Known Flow",0.000000,0.000000,2.16999993085665e-07,40.000000,0.579999,1000.000000,0.000000,0.000000,13.000000,0.000000,0.515379,0.579999,,,,8.438620,8.438620,,16.800279,,,,,,903.822387,0.066146,0.000000,0.000000,0.000000,,-459.670013,1000.000000,,0.000000,0.000000,,,,0.047184,"SETFLOW",0.000000,0.997560,0.000000,,,,,"","",,,,8.438620,,0.000000,,0.000000,,,0.000000,0.000000,"",,,0.000000,,-1.000000,,0.000000,0.000000,-1.000000,-1.000000,,,,,,,,,,,"",,,,,,,,,,"Volumetric",,,,,,,,,,-0.009827,,,,,,,,,,-0.009827,-0.000235,,,,,,,,,,,,
"0BEC50E1","Nodes",1118567.370000,1673617.250000,1313.064347,"Default Known Flow Node",69.999969,0.579999,1000.000000,0.000000,"Known Flow",0.000000,0.000000,2.16999993085665e-07,40.000000,0.579999,1000.000000,0.000000,0.000000,13.000000,0.000000,0.515380,0.579999,,,,8.680107,8.680107,,16.800279,,,,,,903.822387,0.066145,0.000000,0.000000,0.000000,,-459.670013,1000.000000,,0.000000,0.000000,,,,0.047212,"UNDEFINED",0.000000,0.997559,0.000000,,,,,"","",,,,8.680107,,0.000000,,0.000000,,,0.000000,0.000000,"",,,0.000000,,-1.000000,,0.000000,0.000000,-1.000000,-1.000000,,,,,,,,,,,"",,,,,,,,,,"Volumetric",,,,,,,,,,0.000000,,,,,,,,,,0.000000,0.000000,,,,,,,,,,,,
"2FB2159A","Nodes",1118554.000000,1673628.870000,1313.064347,"Default Known Flow Node",69.999969,0.579999,1000.000000,0.000000,"Known Flow",0.000000,0.000000,2.16999993085665e-07,40.000000,0.579999,1000.000000,0.000000,0.000000,13.000000,0.000000,0.515380,0.579999,,,,8.680438,8.680438,,16.800279,,,,,,903.822387,0.066145,0.000000,0.000000,0.000000,,-459.670013,1000.000000,,0.000000,0.000000,,,,0.047212,"UNDEFINED",0.000000,0.997559,0.000000,,,,,"","",,,,8.680438,,0.000000,,0.000000,,,0.000000,0.000000,"",,,0.000000,,-1.000000,,0.000000,0.000000,-1.000000,-1.000000,,,,,,,,,,,"",,,,,,,,,,"Volumetric",,,,,,,,,,0.000000,,,,,,,,,,0.000000,0.000000,,,,,,,,,,,,
"0BEC5108","Nodes",1118585.620000,1673620.870000,1313.064347,"Default Known Flow Node",69.999969,0.579999,1000.000000,0.000000,"Known Flow",0.000000,0.000000,2.16999993085665e-07,40.000000,0.579999,1000.000000,0.000000,0.000000,13.000000,0.000000,0.515381,0.579999,,,,8.779137,8.779137,,16.800279,,,,,,903.822387,0.066145,0.000000,0.000000,0.000000,,-459.670013,1000.000000,,0.000000,0.000000,,,,0.047223,"SETFLOW",0.000000,0.997558,0.000000,,,,,"","",,,,8.779137,,0.000000,,0.000000,,,0.000000,0.000000,"",,,0.000000,,-1.000000,,0.000000,0.000000,-1.000000,-1.000000,,,,,,,,,,,"",,,,,,,,,,"Volumetric",,,,,,,,,,-0.005241,,,,,,,,,,-0.005241,-0.000125,,,,,,,,,,,,
"0BEC510A","Nodes",1118641.870000,1673633.750000,1313.064347,"Default Known Flow Node",69.999969,0.579999,1000.000000,0.000000,"Known Flow",0.000000,0.000000,2.16999993085665e-07,40.000000,0.579999,1000.000000,0.000000,0.000000,13.000000,0.000000,0.515381,0.579999,,,,8.881392,8.881392,,16.800279,,,,,,903.822387,0.066145,0.000000,0.000000,0.000000,,-459.670013,1000.000000,,0.000000,0.000000,,,,0.047235,"SETFLOW",0.000000,0.997557,0.000000,,,,,"","",,,,8.881392,,0.000000,,0.000000,,,0.000000,0.000000,"",,,0.000000,,-1.000000,,0.000000,0.000000,-1.000000,-1.000000,,,,,,,,,,,"",,,,,,,,,,"Volumetric",,,,,,,,,,-0.005241,,,,,,,,,,-0.005241,-0.000125,,,,,,,,,,,,
"0BEC510B","Nodes",1118648.620000,1673636.250000,1313.064347,"Default Known Flow Node",69.999969,0.579999,1000.000000,0.000000,"Known Flow",0.000000,0.000000,2.16999993085665e-07,40.000000,0.579999,1000.000000,0.000000,0.000000,13.000000,0.000000,0.515382,0.579999,,,,8.887293,8.887293,,16.800279,,,,,,903.822387,0.066145,0.000000,0.000000,0.000000,,-459.670013,1000.000000,,0.000000,0.000000,,,,0.047235,"UNDEFINED",0.000000,0.997557,0.000000,,,,,"","",,,,8.887293,,0.000000,,0.000000,,,0.000000,0.000000,"",,,0.000000,,-1.000000,,0.000000,0.000000,-1.000000,-1.000000,,,,,,,,,,,"",,,,,,,,,,"Volumetric",,,,,,,,,,0.000000,,,,,,,,,,0.000000,0.000000,,,,,,,,,,,,
"0BEC50FE","Nodes",1118707.750000,1673649.000000,1313.064347,"Default Known Flow Node",69.999969,0.579999,1000.000000,0.000000,"Known Flow",0.000000,0.000000,2.16999993085665e-07,40.000000,0.579999,1000.000000,0.000000,0.000000,13.000000,0.000000,0.515382,0.579999,,,,8.905988,8.905988,,16.800279,,,,,,903.822387,0.066145,0.000000,0.000000,0.000000,,-459.670013,1000.000000,,0.000000,0.000000,,,,0.047237,"UNDEFINED",0.000000,0.997557,0.000000,,,,,"","",,,,8.905988,,0.000000,,0.000000,,,0.000000,0.000000,"",,,0.000000,,-1.000000,,0.000000,0.000000,-1.000000,-1.000000,,,,,,,,,,,"",,,,,,,,,,"Volumetric",,,,,,,,,,0.000000,,,,,,,,,,0.000000,0.000000,,,,,,,,,,,,
"2FB1BDC0","Nodes",1118699.750000,1673649.620000,1313.064347,"Default Known Flow Node",69.999969,0.579999,1000.000000,0.000000,"Known Flow",0.000000,0.000000,2.16999993085665e-07,40.000000,0.579999,1000.000000,0.000000,0.000000,13.000000,0.000000,0.515382,0.579999,,,,8.905621,8.905621,,16.800279,,,,,,903.822387,0.066145,0.000000,0.000000,0.000000,,-459.670013,1000.000000,,0.000000,0.000000,,,,0.047237,"UNDEFINED",0.000000,0.997557,0.000000,,,,,"","",,,,8.905621,,0.000000,,0.000000,,,0.000000,0.000000,"",,,0.000000,,-1.000000,,0.000000,0.000000,-1.000000,-1.000000,,,,,,,,,,,"",,,,,,,,,,"Volumetric",,,,,,,,,,0.000000,,,,,,,,,,0.000000,0.000000,,,,,,,,,,,,
"0BEC510C","Nodes",1118680.000000,1673647.620000,1313.064347,"Default Known Flow Node",69.999969,0.579999,1000.000000,0.000000,"Known Flow",0.000000,0.000000,2.16999993085665e-07,40.000000,0.579999,1000.000000,0.000000,0.000000,13.000000,0.000000,0.515382,0.579999,,,,8.893963,8.893963,,16.800279,,,,,,903.822387,0.066145,0.000000,0.000000,0.000000,,-459.670013,1000.000000,,0.000000,0.000000,,,,0.047236,"SETFLOW",0.000000,0.997557,0.000000,,,,,"","",,,,8.893963,,0.000000,,0.000000,,,0.000000,0.000000,"",,,0.000000,,-1.000000,,0.000000,0.000000,-1.000000,-1.000000,,,,,,,,,,,"",,,,,,,,,,"Volumetric",,,,,,,,,,-0.003275,,,,,,,,,,-0.003276,-0.000078,,,,,,,,,,,,
"2FB1BDC1","Nodes",1118698.870000,1673652.870000,1313.064347,"Default Known Flow Node",69.999969,0.579999,1000.000000,0.000000,"Known Flow",0.000000,0.000000,2.16999993085665e-07,40.000000,0.579999,1000.000000,0.000000,0.000000,13.000000,0.000000,0.515382,0.579999,,,,8.901457,8.901457,,16.800279,,,,,,903.822387,0.066145,0.000000,0.000000,0.000000,,-459.670013,1000.000000,,0.000000,0.000000,,,,0.047237,"UNDEFINED",0.000000,0.997557,0.000000,,,,,"","",,,,8.901457,,0.000000,,0.000000,,,0.000000,0.000000,"",,,0.000000,,-1.000000,,0.000000,0.000000,-1.000000,-1.000000,,,,,,,,,,,"",,,,,,,,,,"Volumetric",,,,,,,,,,0.000000,,,,,,,,,,0.000000,0.000000,,,,,,,,,,,,
"0BEC5119","Nodes",1118767.870000,1673663.620000,1313.064347,"Default Known Flow Node",69.999969,0.579999,1000.000000,0.000000,"Known Flow",0.000000,0.000000,2.16999993085665e-07,40.000000,0.579999,1000.000000,0.000000,0.000000,13.000000,0.000000,0.515382,0.579999,,,,8.956296,8.956296,,16.800279,,,,,,903.822387,0.066145,0.000000,0.000000,0.000000,,-459.670013,1000.000000,,0.000000,0.000000,,,,0.047243,"SETFLOW",0.000000,0.997557,0.000000,,,,,"","",,,,8.956296,,0.000000,,0.000000,,,0.000000,0.000000,"",,,0.000000,,-1.000000,,0.000000,0.000000,-1.000000,-1.000000,,,,,,,,,,,"",,,,,,,,,,"Volumetric",,,,,,,,,,-0.019655,,,,,,,,,,-0.019655,-0.000471,,,,,,,,,,,,
"0BEC511A","Nodes",1118733.370000,1673653.870000,1313.064347,"Default Known Flow Node",69.999969,0.579999,1000.000000,0.000000,"Known Flow",0.000000,0.000000,2.16999993085665e-07,40.000000,0.579999,1000.000000,0.000000,0.000000,13.000000,0.000000,0.515382,0.579999,,,,8.935037,8.935037,,16.800279,,,,,,903.822387,0.066145,0.000000,0.000000,0.000000,,-459.670013,1000.000000,,0.000000,0.000000,,,,0.047241,"SETFLOW",0.000000,0.997557,0.000000,,,,,"","",,,,8.935037,,0.000000,,0.000000,,,0.000000,0.000000,"",,,0.000000,,-1.000000,,0.000000,0.000000,-1.000000,-1.000000,,,,,,,,,,,"",,,,,,,,,,"Volumetric",,,,,,,,,,-0.009827,,,,,,,,,,-0.009827,-0.000235,,,,,,,,,,,,
"0BEC5118","Nodes",1118787.870000,1673668.500000,1313.064347,"Default Known Flow Node",69.999969,0.579999,1000.000000,0.000000,"Known Flow",0.000000,0.000000,2.16999993085665e-07,40.000000,0.579999,1000.000000,0.000000,0.000000,13.000000,0.000000,0.515382,0.579999,,,,8.967266,8.967266,,16.800279,,,,,,903.822387,0.066145,0.000000,0.000000,0.000000,,-459.670013,1000.000000,,0.000000,0.000000,,,,0.047244,"SETFLOW",0.000000,0.997557,0.000000,,,,,"","",,,,8.967266,,0.000000,,0.000000,,,0.000000,0.000000,"",,,0.000000,,-1.000000,,0.000000,0.000000,-1.000000,-1.000000,,,,,,,,,,,"",,,,,,,,,,"Volumetric",,,,,,,,,,-0.009827,,,,,,,,,,-0.009827,-0.000235,,,,,,,,,,,,
"0BEC5117","Nodes",1118807.370000,1673674.370000,1313.064347,"Default Known Flow Node",69.999969,0.579999,1000.000000,0.000000,"Known Flow",0.000000,0.000000,2.16999993085665e-07,40.000000,0.579999,1000.000000,0.000000,0.000000,13.000000,0.000000,0.515382,0.579999,,,,8.979423,8.979423,,16.800279,,,,,,903.822387,0.066145,0.000000,0.000000,0.000000,,-459.670013,1000.000000,,0.000000,0.000000,,,,0.047246,"SETFLOW",0.000000,0.997557,0.000000,,,,,"","",,,,8.979423,,0.000000,,0.000000,,,0.000000,0.000000,"",,,0.000000,,-1.000000,,0.000000,0.000000,-1.000000,-1.000000,,,,,,,,,,,"",,,,,,,,,,"Volumetric",,,,,,,,,,-0.039311,,,,,,,,,,-0.039311,-0.000943,,,,,,,,,,,,
"2FB2159F","Nodes",1118499.500000,1673672.250000,1313.064347,"Default Known Flow Node",69.999969,0.579999,1000.000000,0.000000,"Known Flow",0.000000,0.000000,2.16999993085665e-07,40.000000,0.579999,1000.000000,0.000000,0.000000,13.000000,0.000000,0.515380,0.579999,,,,8.682326,8.682326,,16.800279,,,,,,903.822387,0.066145,0.000000,0.000000,0.000000,,-459.670013,1000.000000,,0.000000,0.000000,,,,0.047212,"SETFLOW",0.000000,0.997559,0.000000,,,,,"","",,,,8.682326,,0.000000,,0.000000,,,0.000000,0.000000,"",,,0.000000,,-1.000000,,0.000000,0.000000,-1.000000,-1.000000,,,,,,,,,,,"",,,,,,,,,,"Volumetric",,,,,,,,,,-0.015069,,,,,,,,,,-0.015069,-0.000361,,,,,,,,,,,,
"0BEC5138","Nodes",1119260.000000,1673790.620000,1313.064347,"Default Known Flow Node",69.999969,0.579999,1000.000000,0.000000,"Known Flow",0.000000,0.000000,2.16999993085665e-07,40.000000,0.579999,1000.000000,0.000000,0.000000,13.000000,0.000000,0.515383,0.579999,,,,9.223590,9.223590,,16.800279,,,,,,903.822387,0.066145,0.000000,0.000000,0.000000,,-459.670013,1000.000000,,0.000000,0.000000,,,,0.047273,"SETFLOW",0.000000,0.997555,0.000000,,,,,"","",,,,9.223590,,0.000000,,0.000000,,,0.000000,0.000000,"",,,0.000000,,-1.000000,,0.000000,0.000000,-1.000000,-1.000000,,,,,,,,,,,"",,,,,,,,,,"Volumetric",,,,,,,,,,-0.042587,,,,,,,,,,-0.042587,-0.001022,,,,,,,,,,,,
"0BEC510E","Nodes",1118654.000000,1673787.250000,1313.064347,"Default Known Flow Node",69.999969,0.579999,1000.000000,0.000000,"Known Flow",0.000000,0.000000,2.16999993085665e-07,40.000000,0.579999,1000.000000,0.000000,0.000000,13.000000,0.000000,0.515381,0.579999,,,,8.856030,8.856030,,16.800279,,,,,,903.822387,0.066145,0.000000,0.000000,0.000000,,-459.670013,1000.000000,,0.000000,0.000000,,,,0.047232,"SETFLOW",0.000000,0.997557,0.000000,,,,,"","",,,,8.856030,,0.000000,,0.000000,,,0.000000,0.000000,"",,,0.000000,,-1.000000,,0.000000,0.000000,-1.000000,-1.000000,,,,,,,,,,,"",,,,,,,,,,"Volumetric",,,,,,,,,,-0.003275,,,,,,,,,,-0.003276,-0.000078,,,,,,,,,,,,
"0BEC510F","Nodes",1118657.000000,1673911.500000,1313.064347,"Default Known Flow Node",69.999969,0.579999,1000.000000,0.000000,"Known Flow",0.000000,0.000000,2.16999993085665e-07,40.000000,0.579999,1000.000000,0.000000,0.000000,13.000000,0.000000,0.515381,0.579999,,,,8.846503,8.846503,,16.800279,,,,,,903.822387,0.066145,0.000000,0.000000,0.000000,,-459.670013,1000.000000,,0.000000,0.000000,,,,0.047231,"SETFLOW",0.000000,0.997558,0.000000,,,,,"","",,,,8.846503,,0.000000,,0.000000,,,0.000000,0.000000,"",,,0.000000,,-1.000000,,0.000000,0.000000,-1.000000,-1.000000,,,,,,,,,,,"",,,,,,,,,,"Volumetric",,,,,,,,,,-0.079279,,,,,,,,,,-0.079279,-0.001902,,,,,,,,,,,,
"0BEC5110","Nodes",1118629.000000,1673954.500000,1313.064347,"Default Known Flow Node",69.999969,0.579999,1000.000000,0.000000,"Known Flow",0.000000,0.000000,2.16999993085665e-07,40.000000,0.579999,1000.000000,0.000000,0.000000,13.000000,0.000000,0.515381,0.579999,,,,8.831256,8.831256,,16.800279,,,,,,903.822387,0.066145,0.000000,0.000000,0.000000,,-459.670013,1000.000000,,0.000000,0.000000,,,,0.047229,"SETFLOW",0.000000,0.997558,0.000000,,,,,"","",,,,8.831256,,0.000000,,0.000000,,,0.000000,0.000000,"",,,0.000000,,-1.000000,,0.000000,0.000000,-1.000000,-1.000000,,,,,,,,,,,"",,,,,,,,,,"Volumetric",,,,,,,,,,-0.052415,,,,,,,,,,-0.052415,-0.001257,,,,,,,,,,,,
"0BEC5111","Nodes",1119071.500000,1674018.750000,1313.064347,"Default Known Flow Node",69.999969,0.579999,1000.000000,0.000000,"Known Flow",0.000000,0.000000,2.16999993085665e-07,40.000000,0.579999,1000.000000,0.000000,0.000000,13.000000,0.000000,0.515382,0.579999,,,,8.960469,8.960469,,16.800279,,,,,,903.822387,0.066145,0.000000,0.000000,0.000000,,-459.670013,1000.000000,,0.000000,0.000000,,,,0.047244,"SETFLOW",0.000000,0.997557,0.000000,,,,,"","",,,,8.960469,,0.000000,,0.000000,,,0.000000,0.000000,"",,,0.000000,,-1.000000,,0.000000,0.000000,-1.000000,-1.000000,,,,,,,,,,,"",,,,,,,,,,"Volumetric",,,,,,,,,,-0.266010,,,,,,,,,,-0.266010,-0.006384,,,,,,,,,,,,
"0BEC5136","Nodes",1119260.000000,1674067.620000,1313.064347,"Default Known Flow Node",69.999969,0.579999,1000.000000,0.000000,"Known Flow",0.000000,0.000000,2.16999993085665e-07,40.000000,0.579999,1000.000000,0.000000,0.000000,13.000000,0.000000,0.515382,0.579999,,,,9.032325,9.032325,,16.800279,,,,,,903.822387,0.066145,0.000000,0.000000,0.000000,,-459.670013,1000.000000,,0.000000,0.000000,,,,0.047252,"SETFLOW",0.000000,0.997556,0.000000,,,,,"","",,,,9.032325,,0.000000,,0.000000,,,0.000000,0.000000,"",,,0.000000,,-1.000000,,0.000000,0.000000,-1.000000,-1.000000,,,,,,,,,,,"",,,,,,,,,,"Volumetric",,,,,,,,,,-0.052415,,,,,,,,,,-0.052415,-0.001257,,,,,,,,,,,,
"0BEC50DC","Nodes",1118399.745331,1674124.705747,1313.064347,"Default Known Flow Node",69.999969,0.579999,1000.000000,0.000000,"Known Flow",0.000000,0.000000,2.16999993085665e-07,40.000000,0.579999,1000.000000,0.000000,0.000000,13.000000,0.000000,0.515380,0.579999,,,,8.698050,8.698050,,16.800279,,,,,,903.822387,0.066145,0.000000,0.000000,0.000000,,-459.670013,1000.000000,,0.000000,0.000000,,,,0.047214,"UNDEFINED",0.000000,0.997558,0.000000,,,,,"","",,,,8.698050,,0.000000,,0.000000,,,0.000000,0.000000,"",,,0.000000,,-1.000000,,0.000000,0.000000,-1.000000,-1.000000,,,,,,,,,,,"",,,,,,,,,,"Volumetric",,,,,,,,,,0.000000,,,,,,,,,,0.000000,0.000000,,,,,,,,,,,,
"0BEC50DD","Nodes",1118404.803179,1674125.737398,1313.064347,"Default Known Flow Node",69.999969,0.579999,1000.000000,0.000000,"Known Flow",0.000000,0.000000,2.16999993085665e-07,40.000000,0.579999,1000.000000,0.000000,0.000000,13.000000,0.000000,0.515380,0.579999,,,,8.698684,8.698684,,16.800279,,,,,,903.822387,0.066145,0.000000,0.000000,0.000000,,-459.670013,1000.000000,,0.000000,0.000000,,,,0.047214,"UNDEFINED",0.000000,0.997558,0.000000,,,,,"","",,,,8.698684,,0.000000,,0.000000,,,0.000000,0.000000,"",,,0.000000,,-1.000000,,0.000000,0.000000,-1.000000,-1.000000,,,,,,,,,,,"",,,,,,,,,,"Volumetric",,,,,,,,,,0.000000,,,,,,,,,,0.000000,0.000000,,,,,,,,,,,,
"2FB2159D","Nodes",1118397.612766,1674130.429613,1313.064347,"Default Known Flow Node",69.999969,0.579999,1000.000000,0.000000,"Known Flow",0.000000,0.000000,2.16999993085665e-07,40.000000,0.579999,1000.000000,0.000000,0.000000,13.000000,0.000000,0.515380,0.579999,,,,8.697669,8.697669,,16.800279,,,,,,903.822387,0.066145,0.000000,0.000000,0.000000,,-459.670013,1000.000000,,0.000000,0.000000,,,,0.047214,"UNDEFINED",0.000000,0.997558,0.000000,,,,,"","",,,,8.697669,,0.000000,,0.000000,,,0.000000,0.000000,"",,,0.000000,,-1.000000,,0.000000,0.000000,-1.000000,-1.000000,,,,,,,,,,,"",,,,,,,,,,"Volumetric",,,,,,,,,,0.000000,,,,,,,,,,0.000000,0.000000,,,,,,,,,,,,
"0BEC5135","Nodes",1118653.370000,1674140.000000,1313.064347,"Default Known Flow Node",69.999969,0.579999,1000.000000,0.000000,"Known Flow",0.000000,0.000000,2.16999993085665e-07,40.000000,0.579999,1000.000000,0.000000,0.000000,13.000000,0.000000,0.515381,0.579999,,,,8.760344,8.760344,,16.800279,,,,,,903.822387,0.066145,0.000000,0.000000,0.000000,,-459.670013,1000.000000,,0.000000,0.000000,,,,0.047221,"SETFLOW",0.000000,0.997558,0.000000,,,,,"","",,,,8.760344,,0.000000,,0.000000,,,0.000000,0.000000,"",,,0.000000,,-1.000000,,0.000000,0.000000,-1.000000,-1.000000,,,,,,,,,,,"",,,,,,,,,,"Volumetric",,,,,,,,,,-0.045863,,,,,,,,,,-0.045863,-0.001100,,,,,,,,,,,,
"0BEC5E1D","Nodes",1118660.120000,1674184.000000,1313.064347,"Default Known Flow Node",69.999969,0.579999,1000.000000,0.000000,"Known Flow",0.000000,0.000000,2.16999993085665e-07,40.000000,0.579999,1000.000000,0.000000,0.000000,13.000000,0.000000,0.515381,0.579999,,,,8.747021,8.747021,,16.800279,,,,,,903.822387,0.066145,0.000000,0.000000,0.000000,,-459.670013,1000.000000,,0.000000,0.000000,,,,0.047219,"UNDEFINED",0.000000,0.997558,0.000000,,,,,"","",,,,8.747021,,0.000000,,0.000000,,,0.000000,0.000000,"",,,0.000000,,-1.000000,,0.000000,0.000000,-1.000000,-1.000000,,,,,,,,,,,"",,,,,,,,,,"Volumetric",,,,,,,,,,0.000000,,,,,,,,,,0.000000,0.000000,,,,,,,,,,,,
"0BEC5E15","Nodes",1118660.581218,1674186.306091,1313.064347,"Default Known Flow Node",69.999969,0.579999,1000.000000,0.000000,"Known Flow",0.000000,0.000000,2.16999993085665e-07,40.000000,0.579999,1000.000000,0.000000,0.000000,13.000000,0.000000,0.515381,0.579999,,,,8.746447,8.746447,,16.800279,,,,,,903.822387,0.066145,0.000000,0.000000,0.000000,,-459.670013,1000.000000,,0.000000,0.000000,,,,0.047219,"SETFLOW",0.000000,0.997558,0.000000,,,,,"","",,,,8.746447,,0.000000,,0.000000,,,0.000000,0.000000,"",,,0.000000,,-1.000000,,0.000000,0.000000,-1.000000,-1.000000,,,,,,,,,,,"",,,,,,,,,,"Volumetric",,,,,,,,,,-0.053071,,,,,,,,,,-0.053071,-0.001273,,,,,,,,,,,,
"0BEC5E53","Nodes",1119260.000000,1674340.370000,1313.064347,"Default Known Flow Node",69.999969,0.579999,1000.000000,0.000000,"Known Flow",0.000000,0.000000,2.16999993085665e-07,40.000000,0.579999,1000.000000,0.000000,0.000000,13.000000,0.000000,0.515381,0.579999,,,,8.854845,8.854845,,16.800279,,,,,,903.822387,0.066145,0.000000,0.000000,0.000000,,-459.670013,1000.000000,,0.000000,0.000000,,,,0.047232,"SETFLOW",0.000000,0.997557,0.000000,,,,,"","",,,,8.854845,,0.000000,,0.000000,,,0.000000,0.000000,"",,,0.000000,,-1.000000,,0.000000,0.000000,-1.000000,-1.000000,,,,,,,,,,,"",,,,,,,,,,"Volumetric",,,,,,,,,,-0.260114,,,,,,,,,,-0.260114,-0.006242,,,,,,,,,,,,
"0BEC5E11","Nodes",1118342.016807,1674378.637956,1313.064347,"Default Known Flow Node",69.999969,0.579999,1000.000000,0.000000,"Known Flow",0.000000,0.000000,2.16999993085665e-07,40.000000,0.579999,1000.000000,0.000000,0.000000,13.000000,0.000000,0.515380,0.579999,,,,8.681701,8.681701,,16.800279,,,,,,903.822387,0.066145,0.000000,0.000000,0.000000,,-459.670013,1000.000000,,0.000000,0.000000,,,,0.047212,"SETFLOW",0.000000,0.997559,0.000000,,,,,"","",,,,8.681701,,0.000000,,0.000000,,,0.000000,0.000000,"",,,0.000000,,-1.000000,,0.000000,0.000000,-1.000000,-1.000000,,,,,,,,,,,"",,,,,,,,,,"Volumetric",,,,,,,,,,-0.009827,,,,,,,,,,-0.009827,-0.000235,,,,,,,,,,,,
"0BEC5E14","Nodes",1118342.672975,1674370.782519,1313.064347,"Default Known Flow Node",69.999969,0.579999,1000.000000,0.000000,"Known Flow",0.000000,0.000000,2.16999993085665e-07,40.000000,0.579999,1000.000000,0.000000,0.000000,13.000000,0.000000,0.515380,0.579999,,,,8.682192,8.682192,,16.800279,,,,,,903.822387,0.066145,0.000000,0.000000,0.000000,,-459.670013,1000.000000,,0.000000,0.000000,,,,0.047212,"SETFLOW",0.000000,0.997559,0.000000,,,,,"","",,,,8.682192,,0.000000,,0.000000,,,0.000000,0.000000,"",,,0.000000,,-1.000000,,0.000000,0.000000,-1.000000,-1.000000,,,,,,,,,,,"",,,,,,,,,,"Volumetric",,,,,,,,,,-0.015069,,,,,,,,,,-0.015069,-0.000361,,,,,,,,,,,,
"Q3No107","Nodes",1118345.103254,1674379.444243,1313.064347,"Default Known Flow Node",69.999969,0.579999,1000.000000,0.000000,"Known Flow",0.000000,0.000000,2.16999993085665e-07,40.000000,0.579999,1000.000000,0.000000,0.000000,13.000000,0.000000,0.515380,0.579999,,,,8.681581,8.681581,,16.800279,,,,,,903.822387,0.066145,0.000000,0.000000,0.000000,,-459.670013,1000.000000,,0.000000,0.000000,,,,0.047212,"UNDEFINED",0.000000,0.997559,0.000000,,,,,"","",,,,8.681581,,0.000000,,0.000000,,,0.000000,0.000000,"",,,0.000000,,-1.000000,,0.000000,0.000000,0.000000,-1.000000,,,,,,,,,,,"",,,,,,,,,,"Volumetric",,,,,,,,,,0.000000,,,,,,,,,,0.000000,0.000000,,,,,,,,,,,,
"2FB21467","Nodes",1118452.500000,1674407.500000,1313.064347,"Default Known Flow Node",69.999969,0.579999,1000.000000,0.000000,"Known Flow",0.000000,0.000000,2.16999993085665e-07,40.000000,0.579999,1000.000000,0.000000,0.000000,13.000000,0.000000,0.515380,0.579999,,,,8.677117,8.677117,,16.800279,,,,,,903.822387,0.066145,0.000000,0.000000,0.000000,,-459.670013,1000.000000,,0.000000,0.000000,,,,0.047211,"SETFLOW",0.000000,0.997559,0.000000,,,,,"","",,,,8.677117,,0.000000,,0.000000,,,0.000000,0.000000,"",,,0.000000,,-1.000000,,0.000000,0.000000,-1.000000,-1.000000,,,,,,,,,,,"",,,,,,,,,,"Volumetric",,,,,,,,,,-0.028828,,,,,,,,,,-0.028828,-0.000691,,,,,,,,,,,,
"0BEC5E0A","Nodes",1118712.291090,1674479.676105,1313.064347,"Default Known Flow Node",69.999969,0.579999,1000.000000,0.000000,"Known Flow",0.000000,0.000000,2.16999993085665e-07,40.000000,0.579999,1000.000000,0.000000,0.000000,13.000000,0.000000,0.515380,0.579999,,,,8.661001,8.661001,,16.800279,,,,,,903.822387,0.066145,0.000000,0.000000,0.000000,,-459.670013,1000.000000,,0.000000,0.000000,,,,0.047210,"SETFLOW",0.000000,0.997559,0.000000,,,,,"","",,,,8.661001,,0.000000,,0.000000,,,0.000000,0.000000,"",,,0.000000,,-1.000000,,0.000000,0.000000,-1.000000,-1.000000,,,,,,,,,,,"",,,,,,,,,,"Volumetric",,,,,,,,,,-0.008517,,,,,,,,,,-0.008517,-0.000204,,,,,,,,,,,,
"2FB21468","Nodes",1118699.630510,1674473.956512,1313.064347,"Default Known Flow Node",69.999969,0.579999,1000.000000,0.000000,"Known Flow",0.000000,0.000000,2.16999993085665e-07,40.000000,0.579999,1000.000000,0.000000,0.000000,13.000000,0.000000,0.515380,0.579999,,,,8.662025,8.662025,,16.800279,,,,,,903.822387,0.066145,0.000000,0.000000,0.000000,,-459.670013,1000.000000,,0.000000,0.000000,,,,0.047210,"UNDEFINED",0.000000,0.997559,0.000000,,,,,"","",,,,8.662025,,0.000000,,0.000000,,,0.000000,0.000000,"",,,0.000000,,-1.000000,,0.000000,0.000000,-1.000000,-1.000000,,,,,,,,,,,"",,,,,,,,,,"Volumetric",,,,,,,,,,0.000000,,,,,,,,,,0.000000,0.000000,,,,,,,,,,,,
"2FB21469","Nodes",1118687.073255,1674466.738180,1313.064347,"Default Known Flow Node",69.999969,0.579999,1000.000000,0.000000,"Known Flow",0.000000,0.000000,2.16999993085665e-07,40.000000,0.579999,1000.000000,0.000000,0.000000,13.000000,0.000000,0.515380,0.579999,,,,8.662992,8.662992,,16.800279,,,,,,903.822387,0.066145,0.000000,0.000000,0.000000,,-459.670013,1000.000000,,0.000000,0.000000,,,,0.047210,"SETFLOW",0.000000,0.997559,0.000000,,,,,"","",,,,8.662992,,0.000000,,0.000000,,,0.000000,0.000000,"",,,0.000000,,-1.000000,,0.000000,0.000000,-1.000000,-1.000000,,,,,,,,,,,"",,,,,,,,,,"Volumetric",,,,,,,,,,-0.019655,,,,,,,,,,-0.019655,-0.000471,,,,,,,,,,,,
"0BEC5E09","Nodes",1118686.250000,1674740.370000,1313.064347,"Default Known Flow Node",69.999969,0.579999,1000.000000,0.000000,"Known Flow",0.000000,0.000000,2.16999993085665e-07,40.000000,0.579999,1000.000000,0.000000,0.000000,13.000000,0.000000,0.515380,0.579999,,,,8.565237,8.565237,,16.800279,,,,,,903.822387,0.066145,0.000000,0.000000,0.000000,,-459.670013,1000.000000,,0.000000,0.000000,,,,0.047199,"SETFLOW",0.000000,0.997559,0.000000,,,,,"","",,,,8.565237,,0.000000,,0.000000,,,0.000000,0.000000,"",,,0.000000,,-1.000000,,0.000000,0.000000,-1.000000,-1.000000,,,,,,,,,,,"",,,,,,,,,,"Volumetric",,,,,,,,,,-0.003275,,,,,,,,,,-0.003276,-0.000078,,,,,,,,,,,,
"Q3No743","Nodes",1118711.605415,1674503.466580,1313.064347,"Default Known Flow Node",69.999969,0.579999,1000.000000,0.000000,"Known Flow",0.000000,0.000000,2.16999993085665e-07,40.000000,0.579999,1000.000000,0.000000,0.000000,13.000000,0.000000,0.515380,0.579999,,,,8.654813,8.654813,,16.800279,,,,,,903.822387,0.066145,0.000000,0.000000,0.000000,,-459.670013,1000.000000,,0.000000,0.000000,,,,0.047209,"UNDEFINED",0.000000,0.997559,0.000000,,,,,"","",,,,8.654813,,0.000000,,0.000000,,,0.000000,0.000000,"",,,0.000000,,-1.000000,,0.000000,0.000000,0.000000,-1.000000,,,,,,,,,,,"",,,,,,,,,,"Volumetric",,,,,,,,,,0.000000,,,,,,,,,,0.000000,0.000000,,,,,,,,,,,,
"Q3No740","Nodes",1118700.182490,1674419.646569,1313.064347,"Default Known Flow Node",69.999969,0.579999,1000.000000,0.000000,"Known Flow",0.000000,0.000000,2.16999993085665e-07,40.000000,0.579999,1000.000000,0.000000,0.000000,13.000000,0.000000,0.515380,0.579999,,,,8.674331,8.674331,,16.800279,,,,,,903.822387,0.066145,0.000000,0.000000,0.000000,,-459.670013,1000.000000,,0.000000,0.000000,,,,0.047211,"UNDEFINED",0.000000,0.997559,0.000000,,,,,"","",,,,8.674331,,0.000000,,0.000000,,,0.000000,0.000000,"",,,0.000000,,-1.000000,,0.000000,0.000000,0.000000,-1.000000,,,,,,,,,,,"",,,,,,,,,,"Volumetric",,,,,,,,,,0.000000,,,,,,,,,,0.000000,0.000000,,,,,,,,,,,,
"0BEC5E16","Nodes",1118713.715489,1674479.884744,1313.064347,"Default Known Flow Node",69.999969,0.579999,1000.000000,0.000000,"Known Flow",0.000000,0.000000,2.16999993085665e-07,40.000000,0.579999,1000.000000,0.000000,0.000000,13.000000,0.000000,0.515380,0.579999,,,,8.661020,8.661020,,16.800279,,,,,,903.822387,0.066145,0.000000,0.000000,0.000000,,-459.670013,1000.000000,,0.000000,0.000000,,,,0.047210,"SETFLOW",0.000000,0.997559,0.000000,,,,,"","",,,,8.661020,,0.000000,,0.000000,,,0.000000,0.000000,"",,,0.000000,,-1.000000,,0.000000,0.000000,-1.000000,-1.000000,,,,,,,,,,,"",,,,,,,,,,"Volumetric",,,,,,,,,,-0.019655,,,,,,,,,,-0.019655,-0.000471,,,,,,,,,,,,
"Q3No744","Nodes",1118748.078259,1674489.517022,1313.064347,"Default Known Flow Node",69.999969,0.579999,1000.000000,0.000000,"Known Flow",0.000000,0.000000,2.16999993085665e-07,40.000000,0.579999,1000.000000,0.000000,0.000000,13.000000,0.000000,0.515380,0.579999,,,,8.661378,8.661378,,16.800279,,,,,,903.822387,0.066145,0.000000,0.000000,0.000000,,-459.670013,1000.000000,,0.000000,0.000000,,,,0.047210,"UNDEFINED",0.000000,0.997559,0.000000,,,,,"","",,,,8.661378,,0.000000,,0.000000,,,0.000000,0.000000,"",,,0.000000,,-1.000000,,0.000000,0.000000,0.000000,-1.000000,,,,,,,,,,,"",,,,,,,,,,"Volumetric",,,,,,,,,,0.000000,,,,,,,,,,0.000000,0.000000,,,,,,,,,,,,
"0BEC5E07","Nodes",1118685.500000,1674744.250000,1313.064347,"Default Known Flow Node",69.999969,0.579999,1000.000000,0.000000,"Known Flow",0.000000,0.000000,2.16999993085665e-07,40.000000,0.579999,1000.000000,0.000000,0.000000,13.000000,0.000000,0.515380,0.579999,,,,8.560831,8.560831,,16.800279,,,,,,903.822387,0.066145,0.000000,0.000000,0.000000,,-459.670013,1000.000000,,0.000000,0.000000,,,,0.047198,"SETFLOW",0.000000,0.997559,0.000000,,,,,"","",,,,8.560831,,0.000000,,0.000000,,,0.000000,0.000000,"",,,0.000000,,-1.000000,,0.000000,0.000000,-1.000000,-1.000000,,,,,,,,,,,"",,,,,,,,,,"Volumetric",,,,,,,,,,-0.110073,,,,,,,,,,-0.110073,-0.002641,,,,,,,,,,,,
"2FB826BF","Nodes",1118663.370000,1674832.000000,1313.064347,"Default Known Flow Node",69.999969,0.579999,1000.000000,0.000000,"Known Flow",0.000000,0.000000,2.16999993085665e-07,40.000000,0.579999,1000.000000,0.000000,0.000000,13.000000,0.000000,0.515379,0.579999,,,,8.481908,8.481908,,16.800279,,,,,,903.822387,0.066146,0.000000,0.000000,0.000000,,-459.670013,1000.000000,,0.000000,0.000000,,,,0.047189,"SETFLOW",0.000000,0.997560,0.000000,,,,,"","",,,,8.481908,,0.000000,,0.000000,,,0.000000,0.000000,"",,,0.000000,,-1.000000,,0.000000,0.000000,-1.000000,-1.000000,,,,,,,,,,,"",,,,,,,,,,"Volumetric",,,,,,,,,,-0.003275,,,,,,,,,,-0.003276,-0.000078,,,,,,,,,,,,
"2FB826BE","Nodes",1118654.370000,1674867.250000,1313.064347,"Default Known Flow Node",69.999969,0.579999,1000.000000,0.000000,"Known Flow",0.000000,0.000000,2.16999993085665e-07,40.000000,0.579999,1000.000000,0.000000,0.000000,13.000000,0.000000,0.515379,0.579999,,,,8.434971,8.434971,,16.800279,,,,,,903.822387,0.066146,0.000000,0.000000,0.000000,,-459.670013,1000.000000,,0.000000,0.000000,,,,0.047184,"SETFLOW",0.000000,0.997560,0.000000,,,,,"","",,,,8.434971,,0.000000,,0.000000,,,0.000000,0.000000,"",,,0.000000,,-1.000000,,0.000000,0.000000,-1.000000,-1.000000,,,,,,,,,,,"",,,,,,,,,,"Volumetric",,,,,,,,,,-0.009827,,,,,,,,,,-0.009827,-0.000235,,,,,,,,,,,,
"0BEC5E1C","Nodes",1119087.750000,1674849.370000,1313.064347,"Default Known Flow Node",69.999969,0.579999,1000.000000,0.000000,"Known Flow",0.000000,0.000000,2.16999993085665e-07,40.000000,0.579999,1000.000000,0.000000,0.000000,13.000000,0.000000,0.515380,0.579999,,,,8.533434,8.533434,,16.800279,,,,,,903.822387,0.066145,0.000000,0.000000,0.000000,,-459.670013,1000.000000,,0.000000,0.000000,,,,0.047195,"SETFLOW",0.000000,0.997559,0.000000,,,,,"","",,,,8.533434,,0.000000,,0.000000,,,0.000000,0.000000,"",,,0.000000,,-1.000000,,0.000000,0.000000,-1.000000,-1.000000,,,,,,,,,,,"",,,,,,,,,,"Volumetric",,,,,,,,,,-0.070761,,,,,,,,,,-0.070761,-0.001698,,,,,,,,,,,,
"0BEC5E17","Nodes",1119193.620000,1674877.250000,1313.064347,"Default Known Flow Node",69.999969,0.579999,1000.000000,0.000000,"Known Flow",0.000000,0.000000,2.16999993085665e-07,40.000000,0.579999,1000.000000,0.000000,0.000000,13.000000,0.000000,0.515380,0.579999,,,,8.527675,8.527675,,16.800279,,,,,,903.822387,0.066145,0.000000,0.000000,0.000000,,-459.670013,1000.000000,,0.000000,0.000000,,,,0.047194,"SETFLOW",0.000000,0.997559,0.000000,,,,,"","",,,,8.527675,,0.000000,,0.000000,,,0.000000,0.000000,"",,,0.000000,,-1.000000,,0.000000,0.000000,-1.000000,-1.000000,,,,,,,,,,,"",,,,,,,,,,"Volumetric",,,,,,,,,,-0.019000,,,,,,,,,,-0.019000,-0.000456,,,,,,,,,,,,
"0BEC5E06","Nodes",1118627.750000,1674972.120000,1313.064347,"Default Known Flow Node",69.999969,0.579999,1000.000000,0.000000,"Known Flow",0.000000,0.000000,2.16999993085665e-07,40.000000,0.579999,1000.000000,0.000000,0.000000,13.000000,0.000000,0.515379,0.579999,,,,8.342287,8.342287,,16.800279,,,,,,903.822387,0.066146,0.000000,0.000000,0.000000,,-459.670013,1000.000000,,0.000000,0.000000,,,,0.047173,"SETFLOW",0.000000,0.997561,0.000000,,,,,"","",,,,8.342287,,0.000000,,0.000000,,,0.000000,0.000000,"",,,0.000000,,-1.000000,,0.000000,0.000000,-1.000000,-1.000000,,,,,,,,,,,"",,,,,,,,,,"Volumetric",,,,,,,,,,-0.003275,,,,,,,,,,-0.003276,-0.000078,,,,,,,,,,,,
"0BEC5E55","Nodes",1119260.000000,1674894.500000,1313.064347,"Default Known Flow Node",69.999969,0.579999,1000.000000,0.000000,"Known Flow",0.000000,0.000000,2.16999993085665e-07,40.000000,0.579999,1000.000000,0.000000,0.000000,13.000000,0.000000,0.515380,0.579999,,,,8.524255,8.524255,,16.800279,,,,,,903.822387,0.066146,0.000000,0.000000,0.000000,,-459.670013,1000.000000,,0.000000,0.000000,,,,0.047194,"SETFLOW",0.000000,0.997559,0.000000,,,,,"","",,,,8.524255,,0.000000,,0.000000,,,0.000000,0.000000,"",,,0.000000,,-1.000000,,0.000000,0.000000,-1.000000,-1.000000,,,,,,,,,,,"",,,,,,,,,,"Volumetric",,,,,,,,,,-0.009827,,,,,,,,,,-0.009827,-0.000235,,,,,,,,,,,,
"0BEC5E04","Nodes",1118626.500000,1674977.000000,1313.064347,"Default Known Flow Node",69.999969,0.579999,1000.000000,0.000000,"Known Flow",0.000000,0.000000,2.16999993085665e-07,40.000000,0.579999,1000.000000,0.000000,0.000000,13.000000,0.000000,0.515379,0.579999,,,,8.337091,8.337091,,16.800279,,,,,,903.822387,0.066146,0.000000,0.000000,0.000000,,-459.670013,1000.000000,,0.000000,0.000000,,,,0.047173,"SETFLOW",0.000000,0.997561,0.000000,,,,,"","",,,,8.337091,,0.000000,,0.000000,,,0.000000,0.000000,"",,,0.000000,,-1.000000,,0.000000,0.000000,-1.000000,-1.000000,,,,,,,,,,,"",,,,,,,,,,"Volumetric",,,,,,,,,,-0.038001,,,,,,,,,,-0.038001,-0.000912,,,,,,,,,,,,
"0BEC5E05","Nodes",1118627.750000,1674971.120000,1313.064347,"Default Known Flow Node",69.999969,0.579999,1000.000000,0.000000,"Known Flow",0.000000,0.000000,2.16999993085665e-07,40.000000,0.579999,1000.000000,0.000000,0.000000,13.000000,0.000000,0.515379,0.579999,,,,8.342287,8.342287,,16.800279,,,,,,903.822387,0.066146,0.000000,0.000000,0.000000,,-459.670013,1000.000000,,0.000000,0.000000,,,,0.047173,"UNDEFINED",0.000000,0.997561,0.000000,,,,,"","",,,,8.342287,,0.000000,,0.000000,,,0.000000,0.000000,"",,,0.000000,,-1.000000,,0.000000,0.000000,-1.000000,-1.000000,,,,,,,,,,,"",,,,,,,,,,"Volumetric",,,,,,,,,,0.000000,,,,,,,,,,0.000000,0.000000,,,,,,,,,,,,
"0BEC5ED0","Nodes",1118620.250000,1675005.870000,1313.064347,"Default Known Flow Node",69.999969,0.579999,1000.000000,0.000000,"Known Flow",0.000000,0.000000,2.16999993085665e-07,40.000000,0.579999,1000.000000,0.000000,0.000000,13.000000,0.000000,0.515378,0.579999,,,,8.312885,8.312885,,16.800279,,,,,,903.822387,0.066146,0.000000,0.000000,0.000000,,-459.670013,1000.000000,,0.000000,0.000000,,,,0.047170,"UNDEFINED",0.000000,0.997561,0.000000,,,,,"","",,,,8.312885,,0.000000,,0.000000,,,0.000000,0.000000,"",,,0.000000,,-1.000000,,0.000000,0.000000,-1.000000,-1.000000,,,,,,,,,,,"",,,,,,,,,,"Volumetric",,,,,,,,,,0.000000,,,,,,,,,,0.000000,0.000000,,,,,,,,,,,,
"0BEC5E01","Nodes",1118414.500000,1674954.750000,1313.064347,"Default Known Flow Node",69.999969,0.579999,1000.000000,0.000000,"Known Flow",0.000000,0.000000,2.16999993085665e-07,40.000000,0.579999,1000.000000,0.000000,0.000000,13.000000,0.000000,0.515378,0.579999,,,,8.328020,8.328020,,16.800279,,,,,,903.822387,0.066146,0.000000,0.000000,0.000000,,-459.670013,1000.000000,,0.000000,0.000000,,,,0.047172,"UNDEFINED",0.000000,0.997561,0.000000,,,,,"","",,,,8.328020,,0.000000,,0.000000,,,0.000000,0.000000,"",,,0.000000,,-1.000000,,0.000000,0.000000,-1.000000,-1.000000,,,,,,,,,,,"",,,,,,,,,,"Volumetric",,,,,,,,,,0.000000,,,,,,,,,,0.000000,0.000000,,,,,,,,,,,,
"2FB2806A","Nodes",1118614.870000,1675004.500000,1313.064347,"Default Known Flow Node",69.999969,0.579999,1000.000000,0.000000,"Known Flow",0.000000,0.000000,2.16999993085665e-07,40.000000,0.579999,1000.000000,0.000000,0.000000,13.000000,0.000000,0.515378,0.579999,,,,8.314672,8.314672,,16.800279,,,,,,903.822387,0.066146,0.000000,0.000000,0.000000,,-459.670013,1000.000000,,0.000000,0.000000,,,,0.047170,"SETFLOW",0.000000,0.997561,0.000000,,,,,"","",,,,8.314672,,0.000000,,0.000000,,,0.000000,0.000000,"",,,0.000000,,-1.000000,,0.000000,0.000000,-1.000000,-1.000000,,,,,,,,,,,"",,,,,,,,,,"Volumetric",,,,,,,,,,-0.009827,,,,,,,,,,-0.009827,-0.000235,,,,,,,,,,,,
"0BEC5E00","Nodes",1118619.250000,1675009.500000,1313.064347,"Default Known Flow Node",69.999969,0.579999,1000.000000,0.000000,"Known Flow",0.000000,0.000000,2.16999993085665e-07,40.000000,0.579999,1000.000000,0.000000,0.000000,13.000000,0.000000,0.515378,0.579999,,,,8.309318,8.309318,,16.800279,,,,,,903.822387,0.066146,0.000000,0.000000,0.000000,,-459.670013,1000.000000,,0.000000,0.000000,,,,0.047170,"SETFLOW",0.000000,0.997561,0.000000,,,,,"","",,,,8.309318,,0.000000,,0.000000,,,0.000000,0.000000,"",,,0.000000,,-1.000000,,0.000000,0.000000,-1.000000,-1.000000,,,,,,,,,,,"",,,,,,,,,,"Volumetric",,,,,,,,,,-0.003275,,,,,,,,,,-0.003276,-0.000078,,,,,,,,,,,,
"2FB281C5","Nodes",1118624.120000,1675006.870000,1313.064347,"Default Known Flow Node",69.999969,0.579999,1000.000000,0.000000,"Known Flow",0.000000,0.000000,2.16999993085665e-07,40.000000,0.579999,1000.000000,0.000000,0.000000,13.000000,0.000000,0.515378,0.579999,,,,8.312540,8.312540,,16.800279,,,,,,903.822387,0.066146,0.000000,0.000000,0.000000,,-459.670013,1000.000000,,0.000000,0.000000,,,,0.047170,"SETFLOW",0.000000,0.997561,0.000000,,,,,"","",,,,8.312540,,0.000000,,0.000000,,,0.000000,0.000000,"",,,0.000000,,-1.000000,,0.000000,0.000000,-1.000000,-1.000000,,,,,,,,,,,"",,,,,,,,,,"Volumetric",,,,,,,,,,-0.098279,,,,,,,,,,-0.098279,-0.002358,,,,,,,,,,,,
"0BEC5DFF","Nodes",1118584.620000,1675156.620000,1313.064347,"Default Known Flow Node",69.999969,0.579999,1000.000000,0.000000,"Known Flow",0.000000,0.000000,2.16999993085665e-07,40.000000,0.579999,1000.000000,0.000000,0.000000,13.000000,0.000000,0.515378,0.579999,,,,8.169922,8.169922,,16.800279,,,,,,903.822387,0.066146,0.000000,0.000000,0.000000,,-459.670013,1000.000000,,0.000000,0.000000,,,,0.047154,"SETFLOW",0.000000,0.997562,0.000000,,,,,"","",,,,8.169922,,0.000000,,0.000000,,,0.000000,0.000000,"",,,0.000000,,-1.000000,,0.000000,0.000000,-1.000000,-1.000000,,,,,,,,,,,"",,,,,,,,,,"Volumetric",,,,,,,,,,-0.131695,,,,,,,,,,-0.131695,-0.003160,,,,,,,,,,,,
"0BEC5DFE","Nodes",1118583.000000,1675163.500000,1313.064347,"Default Known Flow Node",69.999969,0.579999,1000.000000,0.000000,"Known Flow",0.000000,0.000000,2.16999993085665e-07,40.000000,0.579999,1000.000000,0.000000,0.000000,13.000000,0.000000,0.515377,0.579999,,,,8.163771,8.163771,,16.800279,,,,,,903.822387,0.066146,0.000000,0.000000,0.000000,,-459.670013,1000.000000,,0.000000,0.000000,,,,0.047153,"SETFLOW",0.000000,0.997562,0.000000,,,,,"","",,,,8.163771,,0.000000,,0.000000,,,0.000000,0.000000,"",,,0.000000,,-1.000000,,0.000000,0.000000,-1.000000,-1.000000,,,,,,,,,,,"",,,,,,,,,,"Volumetric",,,,,,,,,,-0.127272,,,,,,,,,,-0.127272,-0.003054,,,,,,,,,,,,
"0BEC5DFD","Nodes",1118560.250000,1675259.620000,1313.064347,"Default Known Flow Node",69.999969,0.579999,1000.000000,0.000000,"Known Flow",0.000000,0.000000,2.16999993085665e-07,40.000000,0.579999,1000.000000,0.000000,0.000000,13.000000,0.000000,0.515377,0.579999,,,,8.153016,8.153016,,16.800279,,,,,,903.822387,0.066146,0.000000,0.000000,0.000000,,-459.670013,1000.000000,,0.000000,0.000000,,,,0.047152,"UNDEFINED",0.000000,0.997562,0.000000,,,,,"","",,,,8.153016,,0.000000,,0.000000,,,0.000000,0.000000,"",,,0.000000,,-1.000000,,0.000000,0.000000,-1.000000,-1.000000,,,,,,,,,,,"",,,,,,,,,,"Volumetric",,,,,,,,,,0.000000,,,,,,,,,,0.000000,0.000000,,,,,,,,,,,,
"2FB25D90","Nodes",1118250.870000,1675182.750000,1313.064347,"Default Known Flow Node",69.999969,0.579999,1000.000000,0.000000,"Known Flow",0.000000,0.000000,2.16999993085665e-07,40.000000,0.579999,1000.000000,0.000000,0.000000,13.000000,0.000000,0.515377,0.579999,,,,8.143433,8.143433,,16.800279,,,,,,903.822387,0.066146,0.000000,0.000000,0.000000,,-459.670013,1000.000000,,0.000000,0.000000,,,,0.047151,"SETFLOW",0.000000,0.997562,0.000000,,,,,"","",,,,8.143433,,0.000000,,0.000000,,,0.000000,0.000000,"",,,0.000000,,-1.000000,,0.000000,0.000000,-1.000000,-1.000000,,,,,,,,,,,"",,,,,,,,,,"Volumetric",,,,,,,,,,-0.015069,,,,,,,,,,-0.015069,-0.000361,,,,,,,,,,,,
"2FB281E9","Nodes",1119396.620000,1675207.750000,1313.064347,"Default Known Flow Node",69.999969,0.579999,1000.000000,0.000000,"Known Flow",0.000000,0.000000,2.16999993085665e-07,40.000000,0.579999,1000.000000,0.000000,0.000000,13.000000,0.000000,0.515378,0.579999,,,,8.296527,8.296527,,16.800279,,,,,,903.822387,0.066146,0.000000,0.000000,0.000000,,-459.670013,1000.000000,,0.000000,0.000000,,,,0.047168,"SETFLOW",0.000000,0.997561,0.000000,,,,,"","",,,,8.296527,,0.000000,,0.000000,,,0.000000,0.000000,"",,,0.000000,,-1.000000,,0.000000,0.000000,-1.000000,-1.000000,,,,,,,,,,,"",,,,,,,,,,"Volumetric",,,,,,,,,,-0.229974,,,,,,,,,,-0.229974,-0.005519,,,,,,,,,,,,
"0BEC5DFC","Nodes",1118559.370000,1675262.870000,1313.064347,"Default Known Flow Node",69.999969,0.579999,1000.000000,0.000000,"Known Flow",0.000000,0.000000,2.16999993085665e-07,40.000000,0.579999,1000.000000,0.000000,0.000000,13.000000,0.000000,0.515377,0.579999,,,,8.148979,8.148979,,16.800279,,,,,,903.822387,0.066146,0.000000,0.000000,0.000000,,-459.670013,1000.000000,,0.000000,0.000000,,,,0.047151,"UNDEFINED",0.000000,0.997562,0.000000,,,,,"","",,,,8.148979,,0.000000,,0.000000,,,0.000000,0.000000,"",,,0.000000,,-1.000000,,0.000000,0.000000,-1.000000,-1.000000,,,,,,,,,,,"",,,,,,,,,,"Volumetric",,,,,,,,,,0.000000,,,,,,,,,,0.000000,0.000000,,,,,,,,,,,,
"2FB25D8D","Nodes",1118565.870000,1675264.500000,1313.064347,"Default Known Flow Node",69.999969,0.579999,1000.000000,0.000000,"Known Flow",0.000000,0.000000,2.16999993085665e-07,40.000000,0.579999,1000.000000,0.000000,0.000000,13.000000,0.000000,0.515377,0.579999,,,,8.148826,8.148826,,16.800279,,,,,,903.822387,0.066146,0.000000,0.000000,0.000000,,-459.670013,1000.000000,,0.000000,0.000000,,,,0.047151,"UNDEFINED",0.000000,0.997562,0.000000,,,,,"","",,,,8.148826,,0.000000,,0.000000,,,0.000000,0.000000,"",,,0.000000,,-1.000000,,0.000000,0.000000,-1.000000,-1.000000,,,,,,,,,,,"",,,,,,,,,,"Volumetric",,,,,,,,,,0.000000,,,,,,,,,,0.000000,0.000000,,,,,,,,,,,,
"0BEC5DFB","Nodes",1118558.370000,1675267.000000,1313.064347,"Default Known Flow Node",69.999969,0.579999,1000.000000,0.000000,"Known Flow",0.000000,0.000000,2.16999993085665e-07,40.000000,0.579999,1000.000000,0.000000,0.000000,13.000000,0.000000,0.515377,0.579999,,,,8.144074,8.144074,,16.800279,,,,,,903.822387,0.066146,0.000000,0.000000,0.000000,,-459.670013,1000.000000,,0.000000,0.000000,,,,0.047151,"UNDEFINED",0.000000,0.997562,0.000000,,,,,"","",,,,8.144074,,0.000000,,0.000000,,,0.000000,0.000000,"",,,0.000000,,-1.000000,,0.000000,0.000000,-1.000000,-1.000000,,,,,,,,,,,"",,,,,,,,,,"Volumetric",,,,,,,,,,0.000000,,,,,,,,,,0.000000,0.000000,,,,,,,,,,,,
"2FB25D8C","Nodes",1118569.500000,1675265.500000,1313.064347,"Default Known Flow Node",69.999969,0.579999,1000.000000,0.000000,"Known Flow",0.000000,0.000000,2.16999993085665e-07,40.000000,0.579999,1000.000000,0.000000,0.000000,13.000000,0.000000,0.515377,0.579999,,,,8.148353,8.148353,,16.800279,,,,,,903.822387,0.066146,0.000000,0.000000,0.000000,,-459.670013,1000.000000,,0.000000,0.000000,,,,0.047151,"SETFLOW",0.000000,0.997562,0.000000,,,,,"","",,,,8.148353,,0.000000,,0.000000,,,0.000000,0.000000,"",,,0.000000,,-1.000000,,0.000000,0.000000,-1.000000,-1.000000,,,,,,,,,,,"",,,,,,,,,,"Volumetric",,,,,,,,,,-0.029483,,,,,,,,,,-0.029483,-0.000707,,,,,,,,,,,,
"0BEC5E19","Nodes",1118994.000000,1675371.750000,1313.064347,"Default Known Flow Node",69.999969,0.579999,1000.000000,0.000000,"Known Flow",0.000000,0.000000,2.16999993085665e-07,40.000000,0.579999,1000.000000,0.000000,0.000000,13.000000,0.000000,0.515377,0.579999,,,,8.099834,8.099834,,16.800279,,,,,,903.822387,0.066146,0.000000,0.000000,0.000000,,-459.670013,1000.000000,,0.000000,0.000000,,,,0.047146,"SETFLOW",0.000000,0.997562,0.000000,,,,,"","",,,,8.099834,,0.000000,,0.000000,,,0.000000,0.000000,"",,,0.000000,,-1.000000,,0.000000,0.000000,-1.000000,-1.000000,,,,,,,,,,,"",,,,,,,,,,"Volumetric",,,,,,,,,,-0.108107,,,,,,,,,,-0.108107,-0.002594,,,,,,,,,,,,
"0BF65A57","Nodes",1118304.419779,1675197.456624,1313.064347,"Default Known Flow Node",69.999969,0.579999,1000.000000,0.000000,"Known Flow",0.000000,0.000000,2.16999993085665e-07,40.000000,0.579999,1000.000000,0.000000,0.000000,13.000000,0.000000,0.515377,0.579999,,,,8.143545,8.143545,,16.800279,,,,,,903.822387,0.066146,0.000000,0.000000,0.000000,,-459.670013,1000.000000,,0.000000,0.000000,,,,0.047151,"SETFLOW",0.000000,0.997562,0.000000,,,,,"","",,,,8.143545,,0.000000,,0.000000,,,0.000000,0.000000,"",,,0.000000,"36-20 168 St, Q= 7.884 mcfh, Firm (S14-94142-Q)",-1.000000,,0.000000,0.000000,0.000000,-1.000000,,,,,,,,,,,"",,,"",,,,,,,"Volumetric",,,"Volumetric",,,,,,,0.000000,,,-7.884000,,,,,,,0.000000,0.000000,,,,,,,,,,,,
"0BEC5DF9","Nodes",1118557.250000,1675271.120000,1313.064347,"Default Known Flow Node",69.999969,0.579999,1000.000000,0.000000,"Known Flow",0.000000,0.000000,2.16999993085665e-07,40.000000,0.579999,1000.000000,0.000000,0.000000,13.000000,0.000000,0.515377,0.579999,,,,8.139203,8.139203,,16.800279,,,,,,903.822387,0.066146,0.000000,0.000000,0.000000,,-459.670013,1000.000000,,0.000000,0.000000,,,,0.047150,"SETFLOW",0.000000,0.997562,0.000000,,,,,"","",,,,8.139203,,0.000000,,0.000000,,,0.000000,0.000000,"",,,0.000000,,-1.000000,,0.000000,0.000000,-1.000000,-1.000000,,,,,,,,,,,"",,,,,,,,,,"Volumetric",,,,,,,,,,-0.024897,,,,,,,,,,-0.024897,-0.000597,,,,,,,,,,,,
"2FB25D8E","Nodes",1118554.000000,1675266.000000,1313.064347,"Default Known Flow Node",69.999969,0.579999,1000.000000,0.000000,"Known Flow",0.000000,0.000000,2.16999993085665e-07,40.000000,0.579999,1000.000000,0.000000,0.000000,13.000000,0.000000,0.515377,0.579999,,,,8.144071,8.144071,,16.800279,,,,,,903.822387,0.066146,0.000000,0.000000,0.000000,,-459.670013,1000.000000,,0.000000,0.000000,,,,0.047151,"SETFLOW",0.000000,0.997562,0.000000,,,,,"","",,,,8.144071,,0.000000,,0.000000,,,0.000000,0.000000,"",,,0.000000,,-1.000000,,0.000000,0.000000,-1.000000,-1.000000,,,,,,,,,,,"",,,,,,,,,,"Volumetric",,,,,,,,,,-0.024897,,,,,,,,,,-0.024897,-0.000597,,,,,,,,,,,,
"0BEC5E57","Nodes",1119260.000000,1675439.500000,1313.064347,"Default Known Flow Node",69.999969,0.579999,1000.000000,0.000000,"Known Flow",0.000000,0.000000,2.16999993085665e-07,40.000000,0.579999,1000.000000,0.000000,0.000000,13.000000,0.000000,0.515377,0.579999,,,,8.094688,8.094688,,16.800279,,,,,,903.822387,0.066146,0.000000,0.000000,0.000000,,-459.670013,1000.000000,,0.000000,0.000000,,,,0.047145,"SETFLOW",0.000000,0.997562,0.000000,,,,,"","",,,,8.094688,,0.000000,,0.000000,,,0.000000,0.000000,"",,,0.000000,,-1.000000,,0.000000,0.000000,-1.000000,-1.000000,,,,,,,,,,,"",,,,,,,,,,"Volumetric",,,,,,,,,,-0.021621,,,,,,,,,,-0.021621,-0.000518,,,,,,,,,,,,
"0BEC5E51","Nodes",1118466.120000,1675513.620000,1313.064347,"Default Known Flow Node",69.999969,0.579999,1000.000000,0.000000,"Known Flow",0.000000,0.000000,2.16999993085665e-07,40.000000,0.579999,1000.000000,0.000000,0.000000,13.000000,0.000000,0.515376,0.579999,,,,7.918533,7.918533,,16.800279,,,,,,903.822387,0.066146,0.000000,0.000000,0.000000,,-459.670013,1000.000000,,0.000000,0.000000,,,,0.047125,"SETFLOW",0.000000,0.997563,0.000000,,,,,"","",,,,7.918533,,0.000000,,0.000000,,,0.000000,0.000000,"",,,0.000000,,-1.000000,,0.000000,0.000000,-1.000000,-1.000000,,,,,,,,,,,"",,,,,,,,,,"Volumetric",,,,,,,,,,-0.114659,,,,,,,,,,-0.114659,-0.002751,,,,,,,,,,,,
"0BEC5E76","Nodes",1118523.120000,1675526.750000,1313.064347,"Default Known Flow Node",69.999969,0.579999,1000.000000,0.000000,"Known Flow",0.000000,0.000000,2.16999993085665e-07,40.000000,0.579999,1000.000000,0.000000,0.000000,13.000000,0.000000,0.515376,0.579999,,,,7.918819,7.918819,,16.800279,,,,,,903.822387,0.066146,0.000000,0.000000,0.000000,,-459.670013,1000.000000,,0.000000,0.000000,,,,0.047125,"SETFLOW",0.000000,0.997563,0.000000,,,,,"","",,,,7.918819,,0.000000,,0.000000,,,0.000000,0.000000,"",,,0.000000,,-1.000000,,0.000000,0.000000,-1.000000,-1.000000,,,,,,,,,,,"",,,,,,,,,,"Volumetric",,,,,,,,,,-0.010483,,,,,,,,,,-0.010483,-0.000251,,,,,,,,,,,,
"0BEC5E52","Nodes",1118525.000000,1675520.000000,1313.064347,"Default Known Flow Node",69.999969,0.579999,1000.000000,0.000000,"Known Flow",0.000000,0.000000,2.16999993085665e-07,40.000000,0.579999,1000.000000,0.000000,0.000000,13.000000,0.000000,0.515376,0.579999,,,,7.924417,7.924417,,16.800279,,,,,,903.822387,0.066146,0.000000,0.000000,0.000000,,-459.670013,1000.000000,,0.000000,0.000000,,,,0.047126,"SETFLOW",0.000000,0.997563,0.000000,,,,,"","",,,,7.924417,,0.000000,,0.000000,,,0.000000,0.000000,"",,,0.000000,,-1.000000,,0.000000,0.000000,-1.000000,-1.000000,,,,,,,,,,,"",,,,,,,,,,"Volumetric",,,,,,,,,,-0.026207,,,,,,,,,,-0.026207,-0.000628,,,,,,,,,,,,
"2FB28127","Nodes",1118516.620000,1675609.370000,1313.064347,"Default Known Flow Node",69.999969,0.579999,1000.000000,0.000000,"Known Flow",0.000000,0.000000,2.16999993085665e-07,40.000000,0.579999,1000.000000,0.000000,0.000000,13.000000,0.000000,0.515376,0.579999,,,,7.864867,7.864867,,16.800279,,,,,,903.822387,0.066146,0.000000,0.000000,0.000000,,-459.670013,1000.000000,,0.000000,0.000000,,,,0.047119,"SETFLOW",0.000000,0.997563,0.000000,,,,,"","",,,,7.864867,,0.000000,,0.000000,,,0.000000,0.000000,"",,,0.000000,,-1.000000,,0.000000,0.000000,-1.000000,-1.000000,,,,,,,,,,,"",,,,,,,,,,"Volumetric",,,,,,,,,,-0.010483,,,,,,,,,,-0.010483,-0.000251,,,,,,,,,,,,
"2FB25654","Nodes",1118816.000000,1675599.870000,1313.064347,"Default Known Flow Node",69.999969,0.579999,1000.000000,0.000000,"Known Flow",0.000000,0.000000,2.16999993085665e-07,40.000000,0.579999,1000.000000,0.000000,0.000000,13.000000,0.000000,0.515376,0.579999,,,,7.916207,7.916207,,16.800279,,,,,,903.822387,0.066146,0.000000,0.000000,0.000000,,-459.670013,1000.000000,,0.000000,0.000000,,,,0.047125,"SETFLOW",0.000000,0.997563,0.000000,,,,,"","",,,,7.916207,,0.000000,,0.000000,,,0.000000,0.000000,"",,,0.000000,,-1.000000,,0.000000,0.000000,-1.000000,-1.000000,,,,,,,,,,,"",,,,,,,,,,"Volumetric",,,,,,,,,,-0.029975,,,,,,,,,,-0.029975,-0.000719,,,,,,,,,,,,
"2FB25656","Nodes",1118817.750000,1675600.370000,1313.064347,"Default Known Flow Node",69.999969,0.579999,1000.000000,0.000000,"Known Flow",0.000000,0.000000,2.16999993085665e-07,40.000000,0.579999,1000.000000,0.000000,0.000000,13.000000,0.000000,0.515376,0.579999,,,,7.916072,7.916072,,16.800279,,,,,,903.822387,0.066146,0.000000,0.000000,0.000000,,-459.670013,1000.000000,,0.000000,0.000000,,,,0.047125,"SETFLOW",0.000000,0.997563,0.000000,,,,,"","",,,,7.916072,,0.000000,,0.000000,,,0.000000,0.000000,"",,,0.000000,,-1.000000,,0.000000,0.000000,-1.000000,-1.000000,,,,,,,,,,,"",,,,,,,,,,"Volumetric",,,,,,,,,,-0.338082,,,,,,,,,,-0.338082,-0.008113,,,,,,,,,,,,
"2FB28128","Nodes",1118514.000000,1675642.620000,1313.064347,"Default Known Flow Node",69.999969,0.579999,1000.000000,0.000000,"Known Flow",0.000000,0.000000,2.16999993085665e-07,40.000000,0.579999,1000.000000,0.000000,0.000000,13.000000,0.000000,0.515376,0.579999,,,,7.832187,7.832187,,16.800279,,,,,,903.822387,0.066146,0.000000,0.000000,0.000000,,-459.670013,1000.000000,,0.000000,0.000000,,,,0.047115,"SETFLOW",0.000000,0.997564,0.000000,,,,,"","",,,,7.832187,,0.000000,,0.000000,,,0.000000,0.000000,"",,,0.000000,,-1.000000,,0.000000,0.000000,-1.000000,-1.000000,,,,,,,,,,,"",,,,,,,,,,"Volumetric",,,,,,,,,,-0.022931,,,,,,,,,,-0.022931,-0.000550,,,,,,,,,,,,
"2FB25D86","Nodes",1118511.500000,1675676.120000,1313.064347,"Default Known Flow Node",69.999969,0.579999,1000.000000,0.000000,"Known Flow",0.000000,0.000000,2.16999993085665e-07,40.000000,0.579999,1000.000000,0.000000,0.000000,13.000000,0.000000,0.515376,0.579999,,,,7.810184,7.810184,,16.800279,,,,,,903.822387,0.066146,0.000000,0.000000,0.000000,,-459.670013,1000.000000,,0.000000,0.000000,,,,0.047113,"SETFLOW",0.000000,0.997564,0.000000,,,,,"","",,,,7.810184,,0.000000,,0.000000,,,0.000000,0.000000,"",,,0.000000,,-1.000000,,0.000000,0.000000,-1.000000,-1.000000,,,,,,,,,,,"",,,,,,,,,,"Volumetric",,,,,,,,,,-0.015724,,,,,,,,,,-0.015724,-0.000377,,,,,,,,,,,,
"2FB25D85","Nodes",1118510.500000,1675691.250000,1313.064347,"Default Known Flow Node",69.999969,0.579999,1000.000000,0.000000,"Known Flow",0.000000,0.000000,2.16999993085665e-07,40.000000,0.579999,1000.000000,0.000000,0.000000,13.000000,0.000000,0.515375,0.579999,,,,7.795403,7.795403,,16.800279,,,,,,903.822387,0.066146,0.000000,0.000000,0.000000,,-459.670013,1000.000000,,0.000000,0.000000,,,,0.047111,"SETFLOW",0.000000,0.997564,0.000000,,,,,"","",,,,7.795403,,0.000000,,0.000000,,,0.000000,0.000000,"",,,0.000000,,-1.000000,,0.000000,0.000000,-1.000000,-1.000000,,,,,,,,,,,"",,,,,,,,,,"Volumetric",,,,,,,,,,-0.008517,,,,,,,,,,-0.008517,-0.000204,,,,,,,,,,,,
"2FB82E97","Nodes",1119278.000000,1675723.500000,1313.064347,"Default Known Flow Node",69.999969,0.579999,1000.000000,0.000000,"Known Flow",0.000000,0.000000,2.16999993085665e-07,40.000000,0.579999,1000.000000,0.000000,0.000000,13.000000,0.000000,0.515376,0.579999,,,,7.895772,7.895772,,16.800279,,,,,,903.822387,0.066146,0.000000,0.000000,0.000000,,-459.670013,1000.000000,,0.000000,0.000000,,,,0.047123,"SETFLOW",0.000000,0.997563,0.000000,,,,,"","",,,,7.895772,,0.000000,,0.000000,,,0.000000,0.000000,"",,,0.000000,,-1.000000,,0.000000,0.000000,-1.000000,-1.000000,,,,,,,,,,,"",,,,,,,,,,"Volumetric",,,,,,,,,,-0.286485,,,,,,,,,,-0.286485,-0.006875,,,,,,,,,,,,
"0BEC5E73","Nodes",1118502.305885,1675789.877612,1313.064347,"Default Known Flow Node",69.999969,0.579999,1000.000000,0.000000,"Known Flow",0.000000,0.000000,2.16999993085665e-07,40.000000,0.579999,1000.000000,0.000000,0.000000,13.000000,0.000000,0.515375,0.579999,,,,7.717252,7.717252,,16.800279,,,,,,903.822387,0.066146,0.000000,0.000000,0.000000,,-459.670013,1000.000000,,0.000000,0.000000,,,,0.047102,"SETFLOW",0.000000,0.997564,0.000000,,,,,"","",,,,7.717252,,0.000000,,0.000000,,,0.000000,0.000000,"",,,0.000000,,-1.000000,,0.000000,0.000000,-1.000000,-1.000000,,,,,,,,,,,"",,,,,,,,,,"Volumetric",,,,,,,,,,-0.150695,,,,,,,,,,-0.150695,-0.003616,,,,,,,,,,,,
"Q3No413","Nodes",1118490.643958,1675787.048775,1313.064347,"Default Known Flow Node",69.999969,0.579999,1000.000000,0.000000,"Known Flow",0.000000,0.000000,2.16999993085665e-07,40.000000,0.579999,1000.000000,0.000000,0.000000,13.000000,0.000000,0.515375,0.579999,,,,7.717241,7.717241,,16.800279,,,,,,903.822387,0.066146,0.000000,0.000000,0.000000,,-459.670013,1000.000000,,0.000000,0.000000,,,,0.047102,"UNDEFINED",0.000000,0.997564,0.000000,,,,,"","",,,,7.717241,,0.000000,,0.000000,,,0.000000,0.000000,"",,,0.000000,,-1.000000,,0.000000,0.000000,0.000000,-1.000000,,,,,,,,,,,"",,,,,,,,,,"Volumetric",,,,,,,,,,0.000000,,,,,,,,,,0.000000,0.000000,,,,,,,,,,,,
"0BEC5E72","Nodes",1118498.669654,1676063.356282,1313.064347,"Default Known Flow Node",69.999969,0.579999,1000.000000,0.000000,"Known Flow",0.000000,0.000000,2.16999993085665e-07,40.000000,0.579999,1000.000000,0.000000,0.000000,13.000000,0.000000,0.515374,0.579999,,,,7.476921,7.476921,,16.800279,,,,,,903.822387,0.066146,0.000000,0.000000,0.000000,,-459.670013,1000.000000,,0.000000,0.000000,,,,0.047075,"SETFLOW",0.000000,0.997566,0.000000,,,,,"","",,,,7.476921,,0.000000,,0.000000,,,0.000000,0.000000,"",,,0.000000,,-1.000000,,0.000000,0.000000,-1.000000,-1.000000,,,,,,,,,,,"",,,,,,,,,,"Volumetric",,,,,,,,,,-0.278705,,,,,,,,,,-0.278705,-0.006688,,,,,,,,,,,,
"Q3No420","Nodes",1118497.377870,1676035.345635,1313.064347,"Default Known Flow Node",69.999969,0.579999,1000.000000,0.000000,"Known Flow",0.000000,0.000000,2.16999993085665e-07,40.000000,0.579999,1000.000000,0.000000,0.000000,13.000000,0.000000,0.515374,0.579999,,,,7.501487,7.501487,,16.800279,,,,,,903.822387,0.066146,0.000000,0.000000,0.000000,,-459.670013,1000.000000,,0.000000,0.000000,,,,0.047078,"UNDEFINED",0.000000,0.997565,0.000000,,,,,"","",,,,7.501487,,0.000000,,0.000000,,,0.000000,0.000000,"",,,0.000000,,-1.000000,,0.000000,0.000000,0.000000,-1.000000,,,,,,,,,,,"",,,,,,,,,,"Volumetric",,,,,,,,,,0.000000,,,,,,,,,,0.000000,0.000000,,,,,,,,,,,,
"Q3No416","Nodes",1118539.699937,1675799.051560,1313.064347,"Default Known Flow Node",69.999969,0.579999,1000.000000,0.000000,"Known Flow",0.000000,0.000000,2.16999993085665e-07,40.000000,0.579999,1000.000000,0.000000,0.000000,13.000000,0.000000,0.515375,0.579999,,,,7.717170,7.717170,,16.800279,,,,,,903.822387,0.066146,0.000000,0.000000,0.000000,,-459.670013,1000.000000,,0.000000,0.000000,,,,0.047102,"UNDEFINED",0.000000,0.997564,0.000000,,,,,"","",,,,7.717170,,0.000000,,0.000000,,,0.000000,0.000000,"",,,0.000000,,-1.000000,,0.000000,0.000000,0.000000,-1.000000,,,,,,,,,,,"",,,,,,,,,,"Volumetric",,,,,,,,,,0.000000,,,,,,,,,,0.000000,0.000000,,,,,,,,,,,,
"2FB82E7A","Nodes",1119064.370000,1675933.250000,1313.064347,"Default Known Flow Node",69.999969,0.579999,1000.000000,0.000000,"Known Flow",0.000000,0.000000,2.16999993085665e-07,40.000000,0.579999,1000.000000,0.000000,0.000000,13.000000,0.000000,0.515375,0.579999,,,,7.690818,7.690818,,16.800279,,,,,,903.822387,0.066146,0.000000,0.000000,0.000000,,-459.670013,1000.000000,,0.000000,0.000000,,,,0.047099,"SETFLOW",0.000000,0.997564,0.000000,,,,,"","",,,,7.690818,,0.000000,,0.000000,,,0.000000,0.000000,"",,,0.000000,,-1.000000,,0.000000,0.000000,-1.000000,-1.000000,,,,,,,,,,,"",,,,,,,,,,"Volumetric",,,,,,,,,,-0.179360,,,,,,,,,,-0.179360,-0.004304,,,,,,,,,,,,
"2FB82E7D","Nodes",1119220.000000,1675974.250000,1313.064347,"Default Known Flow Node",69.999969,0.579999,1000.000000,0.000000,"Known Flow",0.000000,0.000000,2.16999993085665e-07,40.000000,0.579999,1000.000000,0.000000,0.000000,13.000000,0.000000,0.515375,0.579999,,,,7.690193,7.690193,,16.800279,,,,,,903.822387,0.066146,0.000000,0.000000,0.000000,,-459.670013,1000.000000,,0.000000,0.000000,,,,0.047099,"SETFLOW",0.000000,0.997564,0.000000,,,,,"","",,,,7.690193,,0.000000,,0.000000,,,0.000000,0.000000,"",,,0.000000,,-1.000000,,0.000000,0.000000,-1.000000,-1.000000,,,,,,,,,,,"",,,,,,,,,,"Volumetric",,,,,,,,,,-0.037837,,,,,,,,,,-0.037837,-0.000908,,,,,,,,,,,,
"2FB82E7E","Nodes",1119220.000000,1675975.250000,1313.064347,"Default Known Flow Node",69.999969,0.579999,1000.000000,0.000000,"Known Flow",0.000000,0.000000,2.16999993085665e-07,40.000000,0.579999,1000.000000,0.000000,0.000000,13.000000,0.000000,0.515375,0.579999,,,,7.690193,7.690193,,16.800279,,,,,,903.822387,0.066146,0.000000,0.000000,0.000000,,-459.670013,1000.000000,,0.000000,0.000000,,,,0.047099,"UNDEFINED",0.000000,0.997564,0.000000,,,,,"","",,,,7.690193,,0.000000,,0.000000,,,0.000000,0.000000,"",,,0.000000,,-1.000000,,0.000000,0.000000,-1.000000,-1.000000,,,,,,,,,,,"",,,,,,,,,,"Volumetric",,,,,,,,,,0.000000,,,,,,,,,,0.000000,0.000000,,,,,,,,,,,,
"0BEC5E78","Nodes",1119224.870000,1675975.500000,1313.064347,"Default Known Flow Node",69.999969,0.579999,1000.000000,0.000000,"Known Flow",0.000000,0.000000,2.16999993085665e-07,40.000000,0.579999,1000.000000,0.000000,0.000000,13.000000,0.000000,0.515375,0.579999,,,,7.690176,7.690176,,16.800279,,,,,,903.822387,0.066146,0.000000,0.000000,0.000000,,-459.670013,1000.000000,,0.000000,0.000000,,,,0.047099,"UNDEFINED",0.000000,0.997564,0.000000,,,,,"","",,,,7.690176,,0.000000,,0.000000,,,0.000000,0.000000,"",,,0.000000,,-1.000000,,0.000000,0.000000,-1.000000,-1.000000,,,,,,,,,,,"",,,,,,,,,,"Volumetric",,,,,,,,,,0.000000,,,,,,,,,,0.000000,0.000000,,,,,,,,,,,,
"2FB82E7F","Nodes",1119229.750000,1675976.750000,1313.064347,"Default Known Flow Node",69.999969,0.579999,1000.000000,0.000000,"Known Flow",0.000000,0.000000,2.16999993085665e-07,40.000000,0.579999,1000.000000,0.000000,0.000000,13.000000,0.000000,0.515375,0.579999,,,,7.690076,7.690076,,16.800279,,,,,,903.822387,0.066146,0.000000,0.000000,0.000000,,-459.670013,1000.000000,,0.000000,0.000000,,,,0.047099,"UNDEFINED",0.000000,0.997564,0.000000,,,,,"","",,,,7.690076,,0.000000,,0.000000,,,0.000000,0.000000,"",,,0.000000,,-1.000000,,0.000000,0.000000,-1.000000,-1.000000,,,,,,,,,,,"",,,,,,,,,,"Volumetric",,,,,,,,,,0.000000,,,,,,,,,,0.000000,0.000000,,,,,,,,,,,,
"2FB28416","Nodes",1119259.500000,1675818.250000,1313.064347,"Default Known Flow Node",69.999969,0.579999,1000.000000,0.000000,"Known Flow",0.000000,0.000000,2.16999993085665e-07,40.000000,0.579999,1000.000000,0.000000,0.000000,13.000000,0.000000,0.515376,0.579999,,,,7.826296,7.826296,,16.800279,,,,,,903.822387,0.066146,0.000000,0.000000,0.000000,,-459.670013,1000.000000,,0.000000,0.000000,,,,0.047115,"SETFLOW",0.000000,0.997564,0.000000,,,,,"","",,,,7.826296,,0.000000,,0.000000,,,0.000000,0.000000,"",,,0.000000,,-1.000000,,0.000000,0.000000,-1.000000,-1.000000,,,,,,,,,,,"",,,,,,,,,,"Volumetric",,,,,,,,,,-0.010810,,,,,,,,,,-0.010810,-0.000259,,,,,,,,,,,,
"2FB26A0B","Nodes",1119220.620000,1675977.370000,1313.064347,"Default Known Flow Node",69.999969,0.579999,1000.000000,0.000000,"Known Flow",0.000000,0.000000,2.16999993085665e-07,40.000000,0.579999,1000.000000,0.000000,0.000000,13.000000,0.000000,0.515375,0.579999,,,,7.690236,7.690236,,16.800279,,,,,,903.822387,0.066146,0.000000,0.000000,0.000000,,-459.670013,1000.000000,,0.000000,0.000000,,,,0.047099,"SETFLOW",0.000000,0.997564,0.000000,,,,,"","",,,,7.690236,,0.000000,,0.000000,,,0.000000,0.000000,"",,,0.000000,,-1.000000,,0.000000,0.000000,-1.000000,-1.000000,,,,,,,,,,,"",,,,,,,,,,"Volumetric",,,,,,,,,,-0.063464,,,,,,,,,,-0.063464,-0.001523,,,,,,,,,,,,
"2FB82E7B","Nodes",1119223.370000,1675981.500000,1313.064347,"Default Known Flow Node",69.999969,0.579999,1000.000000,0.000000,"Known Flow",0.000000,0.000000,2.16999993085665e-07,40.000000,0.579999,1000.000000,0.000000,0.000000,13.000000,0.000000,0.515375,0.579999,,,,7.690203,7.690203,,16.800279,,,,,,903.822387,0.066146,0.000000,0.000000,0.000000,,-459.670013,1000.000000,,0.000000,0.000000,,,,0.047099,"UNDEFINED",0.000000,0.997564,0.000000,,,,,"","",,,,7.690203,,0.000000,,0.000000,,,0.000000,0.000000,"",,,0.000000,,-1.000000,,0.000000,0.000000,-1.000000,-1.000000,,,,,,,,,,,"",,,,,,,,,,"Volumetric",,,,,,,,,,0.000000,,,,,,,,,,0.000000,0.000000,,,,,,,,,,,,
"2FB82E80","Nodes",1119229.750000,1675977.750000,1313.064347,"Default Known Flow Node",69.999969,0.579999,1000.000000,0.000000,"Known Flow",0.000000,0.000000,2.16999993085665e-07,40.000000,0.579999,1000.000000,0.000000,0.000000,13.000000,0.000000,0.515375,0.579999,,,,7.690076,7.690076,,16.800279,,,,,,903.822387,0.066146,0.000000,0.000000,0.000000,,-459.670013,1000.000000,,0.000000,0.000000,,,,0.047099,"UNDEFINED",0.000000,0.997564,0.000000,,,,,"","",,,,7.690076,,0.000000,,0.000000,,,0.000000,0.000000,"",,,0.000000,,-1.000000,,0.000000,0.000000,-1.000000,-1.000000,,,,,,,,,,,"",,,,,,,,,,"Volumetric",,,,,,,,,,0.000000,,,,,,,,,,0.000000,0.000000,,,,,,,,,,,,
"0BEC5E9A","Nodes",1119260.000000,1675984.500000,1313.064347,"Default Known Flow Node",69.999969,0.579999,1000.000000,0.000000,"Known Flow",0.000000,0.000000,2.16999993085665e-07,40.000000,0.579999,1000.000000,0.000000,0.000000,13.000000,0.000000,0.515375,0.579999,,,,7.689458,7.689458,,16.800279,,,,,,903.822387,0.066146,0.000000,0.000000,0.000000,,-459.670013,1000.000000,,0.000000,0.000000,,,,0.047099,"SETFLOW",0.000000,0.997564,0.000000,,,,,"","",,,,7.689458,,0.000000,,0.000000,,,0.000000,0.000000,"",,,0.000000,,-1.000000,,0.000000,0.000000,-1.000000,-1.000000,,,,,,,,,,,"",,,,,,,,,,"Volumetric",,,,,,,,,,-0.047850,,,,,,,,,,-0.047850,-0.001148,,,,,,,,,,,,
"2FB14ABA","Nodes",1119162.000000,1676223.000000,1313.064347,"Default Known Flow Node",69.999969,0.579999,1000.000000,0.000000,"Known Flow",0.000000,0.000000,2.16999993085665e-07,40.000000,0.579999,1000.000000,0.000000,0.000000,13.000000,0.000000,0.515374,0.579999,,,,7.614901,7.614901,,16.800279,,,,,,903.822387,0.066146,0.000000,0.000000,0.000000,,-459.670013,1000.000000,,0.000000,0.000000,,,,0.047091,"SETFLOW",0.000000,0.997565,0.000000,,,,,"","",,,,7.614901,,0.000000,,0.000000,,,0.000000,0.000000,"",,,0.000000,,-1.000000,,0.000000,0.000000,-1.000000,-1.000000,,,,,,,,,,,"",,,,,,,,,,"Volumetric",,,,,,,,,,-0.077063,,,,,,,,,,-0.077063,-0.001849,,,,,,,,,,,,
"2FB82E7C","Nodes",1119223.370000,1675982.500000,1313.064347,"Default Known Flow Node",69.999969,0.579999,1000.000000,0.000000,"Known Flow",0.000000,0.000000,2.16999993085665e-07,40.000000,0.579999,1000.000000,0.000000,0.000000,13.000000,0.000000,0.515375,0.579999,,,,7.690203,7.690203,,16.800279,,,,,,903.822387,0.066146,0.000000,0.000000,0.000000,,-459.670013,1000.000000,,0.000000,0.000000,,,,0.047099,"UNDEFINED",0.000000,0.997564,0.000000,,,,,"","",,,,7.690203,,0.000000,,0.000000,,,0.000000,0.000000,"",,,0.000000,,-1.000000,,0.000000,0.000000,-1.000000,-1.000000,,,,,,,,,,,"",,,,,,,,,,"Volumetric",,,,,,,,,,0.000000,,,,,,,,,,0.000000,0.000000,,,,,,,,,,,,
"Q3No424","Nodes",1118487.014368,1676060.501539,1313.064347,"Default Known Flow Node",69.999969,0.579999,1000.000000,0.000000,"Known Flow",0.000000,0.000000,2.16999993085665e-07,40.000000,0.579999,1000.000000,0.000000,0.000000,13.000000,0.000000,0.515374,0.579999,,,,7.476367,7.476367,,16.800279,,,,,,903.822387,0.066146,0.000000,0.000000,0.000000,,-459.670013,1000.000000,,0.000000,0.000000,,,,0.047075,"UNDEFINED",0.000000,0.997566,0.000000,,,,,"","",,,,7.476367,,0.000000,,0.000000,,,0.000000,0.000000,"",,,0.000000,,-1.000000,,0.000000,0.000000,0.000000,-1.000000,,,,,,,,,,,"",,,,,,,,,,"Volumetric",,,,,,,,,,0.000000,,,,,,,,,,0.000000,0.000000,,,,,,,,,,,,
"0BEC5E65","Nodes",1118513.111313,1676341.979828,1313.064347,"Default Known Flow Node",69.999969,0.579999,1000.000000,0.000000,"Known Flow",0.000000,0.000000,2.16999993085665e-07,40.000000,0.579999,1000.000000,0.000000,0.000000,13.000000,0.000000,0.515373,0.579999,,,,7.325300,7.325300,,16.800279,,,,,,903.822387,0.066146,0.000000,0.000000,0.000000,,-459.670013,1000.000000,,0.000000,0.000000,,,,0.047058,"SETFLOW",0.000000,0.997566,0.000000,,,,,"","",,,,7.325300,,0.000000,,0.000000,,,0.000000,0.000000,"",,,0.000000,,-1.000000,,0.000000,0.000000,-1.000000,-1.000000,,,,,,,,,,,"",,,,,,,,,,"Volumetric",,,,,,,,,,-0.198938,,,,,,,,,,-0.198938,-0.004774,,,,,,,,,,,,
"Q3No429","Nodes",1118512.768661,1676334.508441,1313.064347,"Default Known Flow Node",69.999969,0.579999,1000.000000,0.000000,"Known Flow",0.000000,0.000000,2.16999993085665e-07,40.000000,0.579999,1000.000000,0.000000,0.000000,13.000000,0.000000,0.515373,0.579999,,,,7.330755,7.330755,,16.800279,,,,,,903.822387,0.066146,0.000000,0.000000,0.000000,,-459.670013,1000.000000,,0.000000,0.000000,,,,0.047058,"UNDEFINED",0.000000,0.997566,0.000000,,,,,"","",,,,7.330755,,0.000000,,0.000000,,,0.000000,0.000000,"",,,0.000000,,-1.000000,,0.000000,0.000000,0.000000,-1.000000,,,,,,,,,,,"",,,,,,,,,,"Volumetric",,,,,,,,,,0.000000,,,,,,,,,,0.000000,0.000000,,,,,,,,,,,,
"Q3No421","Nodes",1118539.440662,1676073.463750,1313.064347,"Default Known Flow Node",69.999969,0.579999,1000.000000,0.000000,"Known Flow",0.000000,0.000000,2.16999993085665e-07,40.000000,0.579999,1000.000000,0.000000,0.000000,13.000000,0.000000,0.515374,0.579999,,,,7.476861,7.476861,,16.800279,,,,,,903.822387,0.066146,0.000000,0.000000,0.000000,,-459.670013,1000.000000,,0.000000,0.000000,,,,0.047075,"UNDEFINED",0.000000,0.997566,0.000000,,,,,"","",,,,7.476861,,0.000000,,0.000000,,,0.000000,0.000000,"",,,0.000000,,-1.000000,,0.000000,0.000000,0.000000,-1.000000,,,,,,,,,,,"",,,,,,,,,,"Volumetric",,,,,,,,,,0.000000,,,,,,,,,,0.000000,0.000000,,,,,,,,,,,,
"2FB14ABD","Nodes",1119101.120000,1676476.750000,1313.064347,"Default Known Flow Node",69.999969,0.579999,1000.000000,0.000000,"Known Flow",0.000000,0.000000,2.16999993085665e-07,40.000000,0.579999,1000.000000,0.000000,0.000000,13.000000,0.000000,0.515374,0.579999,,,,7.534223,7.534223,,16.800279,,,,,,903.822387,0.066146,0.000000,0.000000,0.000000,,-459.670013,1000.000000,,0.000000,0.000000,,,,0.047082,"SETFLOW",0.000000,0.997565,0.000000,,,,,"","",,,,7.534223,,0.000000,,0.000000,,,0.000000,0.000000,"",,,0.000000,,-1.000000,,0.000000,0.000000,-1.000000,-1.000000,,,,,,,,,,,"",,,,,,,,,,"Volumetric",,,,,,,,,,-0.018258,,,,,,,,,,-0.018258,-0.000438,,,,,,,,,,,,
"0BEC5E74","Nodes",1118818.750000,1676144.620000,1313.064347,"Default Known Flow Node",69.999969,0.579999,1000.000000,0.000000,"Known Flow",0.000000,0.000000,2.16999993085665e-07,40.000000,0.579999,1000.000000,0.000000,0.000000,13.000000,0.000000,0.515374,0.579999,,,,7.472253,7.472253,,16.800279,,,,,,903.822387,0.066146,0.000000,0.000000,0.000000,,-459.670013,1000.000000,,0.000000,0.000000,,,,0.047074,"SETFLOW",0.000000,0.997566,0.000000,,,,,"","",,,,7.472253,,0.000000,,0.000000,,,0.000000,0.000000,"",,,0.000000,,-1.000000,,0.000000,0.000000,-1.000000,-1.000000,,,,,,,,,,,"",,,,,,,,,,"Volumetric",,,,,,,,,,-0.070515,,,,,,,,,,-0.070515,-0.001692,,,,,,,,,,,,
"0BEC5E75","Nodes",1119138.750000,1676224.250000,1313.064347,"Default Known Flow Node",69.999969,0.579999,1000.000000,0.000000,"Known Flow",0.000000,0.000000,2.16999993085665e-07,40.000000,0.579999,1000.000000,0.000000,0.000000,13.000000,0.000000,0.515374,0.579999,,,,7.468296,7.468296,,16.800279,,,,,,903.822387,0.066146,0.000000,0.000000,0.000000,,-459.670013,1000.000000,,0.000000,0.000000,,,,0.047074,"SETFLOW",0.000000,0.997566,0.000000,,,,,"","",,,,7.468296,,0.000000,,0.000000,,,0.000000,0.000000,"",,,0.000000,,-1.000000,,0.000000,0.000000,-1.000000,-1.000000,,,,,,,,,,,"",,,,,,,,,,"Volumetric",,,,,,,,,,-1.059751,,,,,,,,,,-1.059751,-0.025434,,,,,,,,,,,,
"0BEC5E98","Nodes",1119260.000000,1676256.370000,1313.064347,"Default Known Flow Node",69.999969,0.579999,1000.000000,0.000000,"Known Flow",0.000000,0.000000,2.16999993085665e-07,40.000000,0.579999,1000.000000,0.000000,0.000000,13.000000,0.000000,0.515374,0.579999,,,,7.471442,7.471442,,16.800279,,,,,,903.822387,0.066146,0.000000,0.000000,0.000000,,-459.670013,1000.000000,,0.000000,0.000000,,,,0.047074,"SETFLOW",0.000000,0.997566,0.000000,,,,,"","",,,,7.471442,,0.000000,,0.000000,,,0.000000,0.000000,"",,,0.000000,,-1.000000,,0.000000,0.000000,-1.000000,-1.000000,,,,,,,,,,,"",,,,,,,,,,"Volumetric",,,,,,,,,,-0.032235,,,,,,,,,,-0.032235,-0.000773,,,,,,,,,,,,
"0BEC5E64","Nodes",1118523.909547,1676611.866805,1313.064347,"Default Known Flow Node",69.999969,0.579999,1000.000000,0.000000,"Known Flow",0.000000,0.000000,2.16999993085665e-07,40.000000,0.579999,1000.000000,0.000000,0.000000,13.000000,0.000000,0.515372,0.579999,,,,7.216995,7.216995,,16.800279,,,,,,903.822387,0.066146,0.000000,0.000000,0.000000,,-459.670013,1000.000000,,0.000000,0.000000,,,,0.047045,"SETFLOW",0.000000,0.997567,0.000000,,,,,"","",,,,7.216995,,0.000000,,0.000000,,,0.000000,0.000000,"",,,0.000000,,-1.000000,,0.000000,0.000000,-1.000000,-1.000000,,,,,,,,,,,"",,,,,,,,,,"Volumetric",,,,,,,,,,-0.209570,,,,,,,,,,-0.209570,-0.005029,,,,,,,,,,,,
"Q3No434","Nodes",1118509.789864,1676364.100959,1313.064347,"Default Known Flow Node",69.999969,0.579999,1000.000000,0.000000,"Known Flow",0.000000,0.000000,2.16999993085665e-07,40.000000,0.579999,1000.000000,0.000000,0.000000,13.000000,0.000000,0.515373,0.579999,,,,7.316006,7.316006,,16.800279,,,,,,903.822387,0.066146,0.000000,0.000000,0.000000,,-459.670013,1000.000000,,0.000000,0.000000,,,,0.047057,"UNDEFINED",0.000000,0.997567,0.000000,,,,,"","",,,,7.316006,,0.000000,,0.000000,,,0.000000,0.000000,"",,,0.000000,,-1.000000,,0.000000,0.000000,0.000000,-1.000000,,,,,,,,,,,"",,,,,,,,,,"Volumetric",,,,,,,,,,0.000000,,,,,,,,,,0.000000,0.000000,,,,,,,,,,,,
"0BEC5E70","Nodes",1118794.870000,1676411.370000,1313.064347,"Default Known Flow Node",69.999969,0.579999,1000.000000,0.000000,"Known Flow",0.000000,0.000000,2.16999993085665e-07,40.000000,0.579999,1000.000000,0.000000,0.000000,13.000000,0.000000,0.515373,0.579999,,,,7.410308,7.410308,,16.800279,,,,,,903.822387,0.066146,0.000000,0.000000,0.000000,,-459.670013,1000.000000,,0.000000,0.000000,,,,0.047067,"SETFLOW",0.000000,0.997566,0.000000,,,,,"","",,,,7.410308,,0.000000,,0.000000,,,0.000000,0.000000,"",,,0.000000,,-1.000000,,0.000000,0.000000,-1.000000,-1.000000,,,,,,,,,,,"",,,,,,,,,,"Volumetric",,,,,,,,,,-0.055585,,,,,,,,,,-0.055585,-0.001334,,,,,,,,,,,,
"Q3No432","Nodes",1118544.182641,1676349.631925,1313.064347,"Default Known Flow Node",69.999969,0.579999,1000.000000,0.000000,"Known Flow",0.000000,0.000000,2.16999993085665e-07,40.000000,0.579999,1000.000000,0.000000,0.000000,13.000000,0.000000,0.515373,0.579999,,,,7.327865,7.327865,,16.800279,,,,,,903.822387,0.066146,0.000000,0.000000,0.000000,,-459.670013,1000.000000,,0.000000,0.000000,,,,0.047058,"UNDEFINED",0.000000,0.997566,0.000000,,,,,"","",,,,7.327865,,0.000000,,0.000000,,,0.000000,0.000000,"",,,0.000000,,-1.000000,,0.000000,0.000000,0.000000,-1.000000,,,,,,,,,,,"",,,,,,,,,,"Volumetric",,,,,,,,,,0.000000,,,,,,,,,,0.000000,0.000000,,,,,,,,,,,,
"0BEC5E6F","Nodes",1118964.120000,1676455.000000,1313.064347,"Default Known Flow Node",69.999969,0.579999,1000.000000,0.000000,"Known Flow",0.000000,0.000000,2.16999993085665e-07,40.000000,0.579999,1000.000000,0.000000,0.000000,13.000000,0.000000,0.515374,0.579999,,,,7.469552,7.469552,,16.800279,,,,,,903.822387,0.066146,0.000000,0.000000,0.000000,,-459.670013,1000.000000,,0.000000,0.000000,,,,0.047074,"SETFLOW",0.000000,0.997566,0.000000,,,,,"","",,,,7.469552,,0.000000,,0.000000,,,0.000000,0.000000,"",,,0.000000,,-1.000000,,0.000000,0.000000,-1.000000,-1.000000,,,,,,,,,,,"",,,,,,,,,,"Volumetric",,,,,,,,,,-0.051627,,,,,,,,,,-0.051627,-0.001239,,,,,,,,,,,,
"0BEC5E6E","Nodes",1118980.120000,1676455.750000,1313.064347,"Default Known Flow Node",69.999969,0.579999,1000.000000,0.000000,"Known Flow",0.000000,0.000000,2.16999993085665e-07,40.000000,0.579999,1000.000000,0.000000,0.000000,13.000000,0.000000,0.515374,0.579999,,,,7.476089,7.476089,,16.800279,,,,,,903.822387,0.066146,0.000000,0.000000,0.000000,,-459.670013,1000.000000,,0.000000,0.000000,,,,0.047075,"UNDEFINED",0.000000,0.997566,0.000000,,,,,"","",,,,7.476089,,0.000000,,0.000000,,,0.000000,0.000000,"",,,0.000000,,-1.000000,,0.000000,0.000000,-1.000000,-1.000000,,,,,,,,,,,"",,,,,,,,,,"Volumetric",,,,,,,,,,0.000000,,,,,,,,,,0.000000,0.000000,,,,,,,,,,,,
"0BEC5E6D","Nodes",1119060.750000,1676479.370000,1313.064347,"Default Known Flow Node",69.999969,0.579999,1000.000000,0.000000,"Known Flow",0.000000,0.000000,2.16999993085665e-07,40.000000,0.579999,1000.000000,0.000000,0.000000,13.000000,0.000000,0.515374,0.579999,,,,7.507682,7.507682,,16.800279,,,,,,903.822387,0.066146,0.000000,0.000000,0.000000,,-459.670013,1000.000000,,0.000000,0.000000,,,,0.047079,"UNDEFINED",0.000000,0.997565,0.000000,,,,,"","",,,,7.507682,,0.000000,,0.000000,,,0.000000,0.000000,"",,,0.000000,,-1.000000,,0.000000,0.000000,-1.000000,-1.000000,,,,,,,,,,,"",,,,,,,,,,"Volumetric",,,,,,,,,,0.000000,,,,,,,,,,0.000000,0.000000,,,,,,,,,,,,
"0BEC5E6A","Nodes",1119100.120000,1676481.370000,1313.064347,"Default Known Flow Node",69.999969,0.579999,1000.000000,0.000000,"Known Flow",0.000000,0.000000,2.16999993085665e-07,40.000000,0.579999,1000.000000,0.000000,0.000000,13.000000,0.000000,0.515374,0.579999,,,,7.532689,7.532689,,16.800279,,,,,,903.822387,0.066146,0.000000,0.000000,0.000000,,-459.670013,1000.000000,,0.000000,0.000000,,,,0.047081,"SETFLOW",0.000000,0.997565,0.000000,,,,,"","",,,,7.532689,,0.000000,,0.000000,,,0.000000,0.000000,"",,,0.000000,,-1.000000,,0.000000,0.000000,-1.000000,-1.000000,,,,,,,,,,,"",,,,,,,,,,"Volumetric",,,,,,,,,,-0.107662,,,,,,,,,,-0.107662,-0.002583,,,,,,,,,,,,
"2FB14ABB","Nodes",1119040.000000,1676734.250000,1313.064347,"Default Known Flow Node",69.999969,0.579999,1000.000000,0.000000,"Known Flow",0.000000,0.000000,2.16999993085665e-07,40.000000,0.579999,1000.000000,0.000000,0.000000,13.000000,0.000000,0.515374,0.579999,,,,7.471644,7.471644,,16.800279,,,,,,903.822387,0.066146,0.000000,0.000000,0.000000,,-459.670013,1000.000000,,0.000000,0.000000,,,,0.047074,"SETFLOW",0.000000,0.997566,0.000000,,,,,"","",,,,7.471644,,0.000000,,0.000000,,,0.000000,0.000000,"",,,0.000000,,-1.000000,,0.000000,0.000000,-1.000000,-1.000000,,,,,,,,,,,"",,,,,,,,,,"Volumetric",,,,,,,,,,-0.975258,,,,,,,,,,-0.975258,-0.023406,,,,,,,,,,,,
"Q3No231","Nodes",1119095.963747,1676498.852255,1313.064347,"Default Known Flow Node",69.999969,0.579999,1000.000000,0.000000,"Known Flow",0.000000,0.000000,2.16999993085665e-07,40.000000,0.579999,1000.000000,0.000000,0.000000,13.000000,0.000000,0.515374,0.579999,,,,7.526313,7.526313,,16.800279,,,,,,903.822387,0.066146,0.000000,0.000000,0.000000,,-459.670013,1000.000000,,0.000000,0.000000,,,,0.047081,"UNDEFINED",0.000000,0.997565,0.000000,,,,,"","",,,,7.526313,,0.000000,,0.000000,,,0.000000,0.000000,"",,,0.000000,,-1.000000,,0.000000,0.000000,0.000000,-1.000000,,,,,,,,,,,"",,,,,,,,,,"Volumetric",,,,,,,,,,0.000000,,,,,,,,,,0.000000,0.000000,,,,,,,,,,,,
"0BEC5E7A","Nodes",1119103.500000,1676487.870000,1313.064347,"Default Known Flow Node",69.999969,0.579999,1000.000000,0.000000,"Known Flow",0.000000,0.000000,2.16999993085665e-07,40.000000,0.579999,1000.000000,0.000000,0.000000,13.000000,0.000000,0.515374,0.579999,,,,7.529058,7.529058,,16.800279,,,,,,903.822387,0.066146,0.000000,0.000000,0.000000,,-459.670013,1000.000000,,0.000000,0.000000,,,,0.047081,"UNDEFINED",0.000000,0.997565,0.000000,,,,,"","",,,,7.529058,,0.000000,,0.000000,,,0.000000,0.000000,"",,,0.000000,,-1.000000,,0.000000,0.000000,-1.000000,-1.000000,,,,,,,,,,,"",,,,,,,,,,"Volumetric",,,,,,,,,,0.000000,,,,,,,,,,0.000000,0.000000,,,,,,,,,,,,
"0BEC5E6C","Nodes",1119105.645893,1676488.334834,1313.064347,"Default Known Flow Node",69.999969,0.579999,1000.000000,0.000000,"Known Flow",0.000000,0.000000,2.16999993085665e-07,40.000000,0.579999,1000.000000,0.000000,0.000000,13.000000,0.000000,0.515374,0.579999,,,,7.529058,7.529058,,16.800279,,,,,,903.822387,0.066146,0.000000,0.000000,0.000000,,-459.670013,1000.000000,,0.000000,0.000000,,,,0.047081,"UNDEFINED",0.000000,0.997565,0.000000,,,,,"","",,,,7.529058,,0.000000,,0.000000,,,0.000000,0.000000,"",,,0.000000,,-1.000000,,0.000000,0.000000,-1.000000,-1.000000,,,,,,,,,,,"",,,,,,,,,,"Volumetric",,,,,,,,,,0.000000,,,,,,,,,,0.000000,0.000000,,,,,,,,,,,,
"0BEC5E59","Nodes",1118250.390252,1676561.390434,1313.064347,"Default Known Flow Node",69.999969,0.579999,1000.000000,0.000000,"Known Flow",0.000000,0.000000,2.16999993085665e-07,40.000000,0.579999,1000.000000,0.000000,0.000000,13.000000,0.000000,0.515372,0.579999,,,,7.177910,7.177910,,16.800279,,,,,,903.822387,0.066146,0.000000,0.000000,0.000000,,-459.670013,1000.000000,,0.000000,0.000000,,,,0.047041,"UNDEFINED",0.000000,0.997567,0.000000,,,,,"","",,,,7.177910,,0.000000,,0.000000,,,0.000000,0.000000,"",,,0.000000,,-1.000000,,0.000000,0.000000,-1.000000,-1.000000,,,,,,,,,,,"",,,,,,,,,,"Volumetric",,,,,,,,,,0.000000,,,,,,,,,,0.000000,0.000000,,,,,,,,,,,,
"0BEC5E58","Nodes",1118249.692137,1676563.776215,1313.064347,"Default Known Flow Node",69.999969,0.579999,1000.000000,0.000000,"Known Flow",0.000000,0.000000,2.16999993085665e-07,40.000000,0.579999,1000.000000,0.000000,0.000000,13.000000,0.000000,0.515372,0.579999,,,,7.177862,7.177862,,16.800279,,,,,,903.822387,0.066146,0.000000,0.000000,0.000000,,-459.670013,1000.000000,,0.000000,0.000000,,,,0.047041,"SETFLOW",0.000000,0.997567,0.000000,,,,,"","",,,,7.177862,,0.000000,,0.000000,,,0.000000,0.000000,"",,,0.000000,,-1.000000,,0.000000,0.000000,-1.000000,-1.000000,,,,,,,,,,,"",,,,,,,,,,"Volumetric",,,,,,,,,,-0.240745,,,,,,,,,,-0.240745,-0.005777,,,,,,,,,,,,
"Q3No436","Nodes",1118251.357127,1676561.646371,1313.064347,"Default Known Flow Node",69.999969,0.579999,1000.000000,0.000000,"Known Flow",0.000000,0.000000,2.16999993085665e-07,40.000000,0.579999,1000.000000,0.000000,0.000000,13.000000,0.000000,0.515372,0.579999,,,,7.178008,7.178008,,16.800279,,,,,,903.822387,0.066146,0.000000,0.000000,0.000000,,-459.670013,1000.000000,,0.000000,0.000000,,,,0.047041,"UNDEFINED",0.000000,0.997567,0.000000,,,,,"","",,,,7.178008,,0.000000,,0.000000,,,0.000000,0.000000,"",,,0.000000,,-1.000000,,0.000000,0.000000,0.000000,-1.000000,,,,,,,,,,,"",,,,,,,,,,"Volumetric",,,,,,,,,,0.000000,,,,,,,,,,0.000000,0.000000,,,,,,,,,,,,
"0BEC5E63","Nodes",1118529.786990,1676622.887010,1313.064347,"Default Known Flow Node",69.999969,0.579999,1000.000000,0.000000,"Known Flow",0.000000,0.000000,2.16999993085665e-07,40.000000,0.579999,1000.000000,0.000000,0.000000,13.000000,0.000000,0.515372,0.579999,,,,7.211203,7.211203,,16.800279,,,,,,903.822387,0.066146,0.000000,0.000000,0.000000,,-459.670013,1000.000000,,0.000000,0.000000,,,,0.047045,"SETFLOW",0.000000,0.997567,0.000000,,,,,"","",,,,7.211203,,0.000000,,0.000000,,,0.000000,0.000000,"",,,0.000000,,-1.000000,,0.000000,0.000000,-1.000000,-1.000000,,,,,,,,,,,"",,,,,,,,,,"Volumetric",,,,,,,,,,-0.139475,,,,,,,,,,-0.139475,-0.003347,,,,,,,,,,,,
"0BEC5E5D","Nodes",1118525.680711,1676631.536448,1313.064347,"Default Known Flow Node",69.999969,0.579999,1000.000000,0.000000,"Known Flow",0.000000,0.000000,2.16999993085665e-07,40.000000,0.579999,1000.000000,0.000000,0.000000,13.000000,0.000000,0.515372,0.579999,,,,7.206336,7.206336,,16.800279,,,,,,903.822387,0.066146,0.000000,0.000000,0.000000,,-459.670013,1000.000000,,0.000000,0.000000,,,,0.047044,"SETFLOW",0.000000,0.997567,0.000000,,,,,"","",,,,7.206336,,0.000000,,0.000000,,,0.000000,0.000000,"",,,0.000000,,-1.000000,,0.000000,0.000000,-1.000000,-1.000000,,,,,,,,,,,"",,,,,,,,,,"Volumetric",,,,,,,,,,-0.545026,,,,,,,,,,-0.545026,-0.013080,,,,,,,,,,,,
"0BEC5E5A","Nodes",1118270.763631,1676569.933882,1313.064347,"Default Known Flow Node",69.999969,0.579999,1000.000000,0.000000,"Known Flow",0.000000,0.000000,2.16999993085665e-07,40.000000,0.579999,1000.000000,0.000000,0.000000,13.000000,0.000000,0.515372,0.579999,,,,7.179871,7.179871,,16.800279,,,,,,903.822387,0.066146,0.000000,0.000000,0.000000,,-459.670013,1000.000000,,0.000000,0.000000,,,,0.047041,"SETFLOW",0.000000,0.997567,0.000000,,,,,"","",,,,7.179871,,0.000000,,0.000000,,,0.000000,0.000000,"",,,0.000000,,-1.000000,,0.000000,0.000000,-1.000000,-1.000000,,,,,,,,,,,"",,,,,,,,,,"Volumetric",,,,,,,,,,-0.044660,,,,,,,,,,-0.044660,-0.001071,,,,,,,,,,,,
"Q3No435","Nodes",1118502.110880,1676628.992627,1313.064347,"Default Known Flow Node",69.999969,0.579999,1000.000000,0.000000,"Known Flow",0.000000,0.000000,2.16999993085665e-07,40.000000,0.579999,1000.000000,0.000000,0.000000,13.000000,0.000000,0.515372,0.579999,,,,7.203830,7.203830,,16.800279,,,,,,903.822387,0.066146,0.000000,0.000000,0.000000,,-459.670013,1000.000000,,0.000000,0.000000,,,,0.047044,"UNDEFINED",0.000000,0.997567,0.000000,,,,,"","",,,,7.203830,,0.000000,,0.000000,,,0.000000,0.000000,"",,,0.000000,,-1.000000,,0.000000,0.000000,0.000000,-1.000000,,,,,,,,,,,"",,,,,,,,,,"Volumetric",,,,,,,,,,0.000000,,,,,,,,,,0.000000,0.000000,,,,,,,,,,,,
"0BEC5E5E","Nodes",1118526.105672,1676637.928123,1313.064347,"Default Known Flow Node",69.999969,0.579999,1000.000000,0.000000,"Known Flow",0.000000,0.000000,2.16999993085665e-07,40.000000,0.579999,1000.000000,0.000000,0.000000,13.000000,0.000000,0.515372,0.579999,,,,7.205626,7.205626,,16.800279,,,,,,903.822387,0.066146,0.000000,0.000000,0.000000,,-459.670013,1000.000000,,0.000000,0.000000,,,,0.047044,"UNDEFINED",0.000000,0.997567,0.000000,,,,,"","",,,,7.205626,,0.000000,,0.000000,,,0.000000,0.000000,"",,,0.000000,,-1.000000,,0.000000,0.000000,-1.000000,-1.000000,,,,,,,,,,,"",,,,,,,,,,"Volumetric",,,,,,,,,,0.000000,,,,,,,,,,0.000000,0.000000,,,,,,,,,,,,
"0BEC5E5F","Nodes",1118531.402624,1676657.294770,1313.064347,"Default Known Flow Node",69.999969,0.579999,1000.000000,0.000000,"Known Flow",0.000000,0.000000,2.16999993085665e-07,40.000000,0.579999,1000.000000,0.000000,0.000000,13.000000,0.000000,0.515372,0.579999,,,,7.203141,7.203141,,16.800279,,,,,,903.822387,0.066146,0.000000,0.000000,0.000000,,-459.670013,1000.000000,,0.000000,0.000000,,,,0.047044,"UNDEFINED",0.000000,0.997567,0.000000,,,,,"","",,,,7.203141,,0.000000,,0.000000,,,0.000000,0.000000,"",,,0.000000,,-1.000000,,0.000000,0.000000,-1.000000,-1.000000,,,,,,,,,,,"",,,,,,,,,,"Volumetric",,,,,,,,,,0.000000,,,,,,,,,,0.000000,0.000000,,,,,,,,,,,,
"2FB95803","Nodes",1118541.575538,1676860.519076,1313.064347,"Default Known Flow Node",69.999969,0.579999,1000.000000,0.000000,"Known Flow",0.000000,0.000000,2.16999993085665e-07,40.000000,0.579999,1000.000000,0.000000,0.000000,13.000000,0.000000,0.515372,0.579999,,,,7.178123,7.178123,,16.800279,,,,,,903.822387,0.066146,0.000000,0.000000,0.000000,,-459.670013,1000.000000,,0.000000,0.000000,,,,0.047041,"SETFLOW",0.000000,0.997567,0.000000,,,,,"","",,,,7.178123,,0.000000,,0.000000,,,0.000000,0.000000,"",,,0.000000,"189-14 Crocheron Ave, Q = -7.936 mcfh, Firm (S15-31530-Q) DONE",-1.000000,,0.000000,0.000000,-1.000000,-1.000000,,,,,,,,,,,,,,,,"",,,,,,,,,,"Volumetric",,,,,,,,,,-7.395998,,,,,-7.395998,-0.177503,,,,,,,,,,,,
"Q3No439","Nodes",1118541.796074,1676865.043452,1313.064347,"Default Known Flow Node",69.999969,0.579999,1000.000000,0.000000,"Known Flow",0.000000,0.000000,2.16999993085665e-07,40.000000,0.579999,1000.000000,0.000000,0.000000,13.000000,0.000000,0.515372,0.579999,,,,7.178256,7.178256,,16.800279,,,,,,903.822387,0.066146,0.000000,0.000000,0.000000,,-459.670013,1000.000000,,0.000000,0.000000,,,,0.047041,"UNDEFINED",0.000000,0.997567,0.000000,,,,,"","",,,,7.178256,,0.000000,,0.000000,,,0.000000,0.000000,"",,,0.000000,,-1.000000,,0.000000,0.000000,0.000000,-1.000000,,,,,,,,,,,"",,,,,,,,,,"Volumetric",,,,,,,,,,0.000000,,,,,,,,,,0.000000,0.000000,,,,,,,,,,,,
"2FB1F88E","Nodes",1118543.500000,1676900.000000,1313.064347,"Default Known Flow Node",69.999969,0.579999,1000.000000,0.000000,"Known Flow",0.000000,0.000000,2.16999993085665e-07,40.000000,0.579999,1000.000000,0.000000,0.000000,13.000000,0.000000,0.515372,0.579999,,,,7.178944,7.178944,,16.800279,,,,,,903.822387,0.066146,0.000000,0.000000,0.000000,,-459.670013,1000.000000,,0.000000,0.000000,,,,0.047041,"UNDEFINED",0.000000,0.997567,0.000000,,,,,"","",,,,7.178944,,0.000000,,0.000000,,,0.000000,0.000000,"",,,0.000000,,-1.000000,,0.000000,0.000000,-1.000000,-1.000000,,,,,,,,,,,"",,,,,,,,,,"Volumetric",,,,,,,,,,0.000000,,,,,,,,,,0.000000,0.000000,,,,,,,,,,,,
"2FAF5807","Nodes",1118543.500000,1676904.120000,1313.064347,"Default Known Flow Node",69.999969,0.579999,1000.000000,0.000000,"Known Flow",0.000000,0.000000,2.16999993085665e-07,40.000000,0.579999,1000.000000,0.000000,0.000000,13.000000,0.000000,0.515372,0.579999,,,,7.179023,7.179023,,16.800279,,,,,,903.822387,0.066146,0.000000,0.000000,0.000000,,-459.670013,1000.000000,,0.000000,0.000000,,,,0.047041,"SETFLOW",0.000000,0.997567,0.000000,,,,,"","",,,,7.179023,,0.000000,,0.000000,,,0.000000,0.000000,"",,,0.000000,,-1.000000,,0.000000,0.000000,-1.000000,-1.000000,,,,,,,,,,,"",,,,,,,,,,"Volumetric",,,,,,,,,,-0.188112,,,,,,,,,,-0.188112,-0.004514,,,,,,,,,,,,
"2FB1F88D","Nodes",1119003.000000,1676900.000000,1313.064347,"Default Known Flow Node",69.999969,0.579999,1000.000000,0.000000,"Known Flow",0.000000,0.000000,2.16999993085665e-07,40.000000,0.579999,1000.000000,0.000000,0.000000,13.000000,0.000000,0.515374,0.579999,,,,7.440803,7.440803,,16.800279,,,,,,903.822387,0.066146,0.000000,0.000000,0.000000,,-459.670013,1000.000000,,0.000000,0.000000,,,,0.047071,"SETFLOW",0.000000,0.997566,0.000000,,,,,"","",,,,7.440803,,0.000000,,0.000000,,,0.000000,0.000000,"",,,0.000000,,-1.000000,,0.000000,0.000000,-1.000000,-1.000000,,,,,,,,,,,"",,,,,,,,,,"Volumetric",,,,,,,,,,-0.533905,,,,,,,,,,-0.533905,-0.012813,,,,,,,,,,,,
"2FB1C477","Nodes",1118973.620000,1677006.370000,1313.064347,"Default Known Flow Node",69.999969,0.579999,1000.000000,0.000000,"Known Flow",0.000000,0.000000,2.16999993085665e-07,40.000000,0.579999,1000.000000,0.000000,0.000000,13.000000,0.000000,0.515373,0.579999,,,,7.421630,7.421630,,16.800279,,,,,,903.822387,0.066146,0.000000,0.000000,0.000000,,-459.670013,1000.000000,,0.000000,0.000000,,,,0.047069,"SETFLOW",0.000000,0.997566,0.000000,,,,,"","",,,,7.421630,,0.000000,,0.000000,,,0.000000,0.000000,"",,,0.000000,,-1.000000,,0.000000,0.000000,-1.000000,-1.000000,,,,,,,,,,,"",,,,,,,,,,"Volumetric",,,,,,,,,,-0.152946,,,,,,,,,,-0.152946,-0.003670,,,,,,,,,,,,
"2FB1C47A","Nodes",1118541.250000,1676903.500000,1313.064347,"Default Known Flow Node",69.999969,0.579999,1000.000000,0.000000,"Known Flow",0.000000,0.000000,2.16999993085665e-07,40.000000,0.579999,1000.000000,0.000000,0.000000,13.000000,0.000000,0.515372,0.579999,,,,7.178381,7.178381,,16.800279,,,,,,903.822387,0.066146,0.000000,0.000000,0.000000,,-459.670013,1000.000000,,0.000000,0.000000,,,,0.047041,"SETFLOW",0.000000,0.997567,0.000000,,,,,"","",,,,7.178381,,0.000000,,0.000000,,,0.000000,0.000000,"",,,0.000000,,-1.000000,,0.000000,0.000000,-1.000000,-1.000000,,,,,,,,,,,"",,,,,,,,,,"Volumetric",,,,,,,,,,-1.457695,,,,,,,,,,-1.457695,-0.034984,,,,,,,,,,,,
"2FAF701A","Nodes",1118644.000000,1676928.750000,1313.064347,"Default Known Flow Node",69.999969,0.579999,1000.000000,0.000000,"Known Flow",0.000000,0.000000,2.16999993085665e-07,40.000000,0.579999,1000.000000,0.000000,0.000000,13.000000,0.000000,0.515372,0.579999,,,,7.214307,7.214307,,16.800279,,,,,,903.822387,0.066146,0.000000,0.000000,0.000000,,-459.670013,1000.000000,,0.000000,0.000000,,,,0.047045,"SETFLOW",0.000000,0.997567,0.000000,,,,,"","",,,,7.214307,,0.000000,,0.000000,,,0.000000,0.000000,"",,,0.000000,,-1.000000,,0.000000,0.000000,-1.000000,-1.000000,,,,,,,,,,,"",,,,,,,,,,"Volumetric",,,,,,,,,,-0.084400,,,,,,,,,,-0.084400,-0.002025,,,,,,,,,,,,
"2FAF581D","Nodes",1118542.000000,1676969.750000,1313.064347,"Default Known Flow Node",69.999969,0.579999,1000.000000,0.000000,"Known Flow",0.000000,0.000000,2.16999993085665e-07,40.000000,0.579999,1000.000000,0.000000,0.000000,13.000000,0.000000,0.515372,0.579999,,,,7.179335,7.179335,,16.800279,,,,,,903.822387,0.066146,0.000000,0.000000,0.000000,,-459.670013,1000.000000,,0.000000,0.000000,,,,0.047041,"UNDEFINED",0.000000,0.997567,0.000000,,,,,"","",,,,7.179335,,0.000000,,0.000000,,,0.000000,0.000000,"",,,0.000000,,-1.000000,,0.000000,0.000000,-1.000000,-1.000000,,,,,,,,,,,"",,,,,,,,,,"Volumetric",,,,,,,,,,0.000000,,,,,,,,,,0.000000,0.000000,,,,,,,,,,,,
"2FAF5820","Nodes",1118547.500000,1676967.000000,1313.064347,"Default Known Flow Node",69.999969,0.579999,1000.000000,0.000000,"Known Flow",0.000000,0.000000,2.16999993085665e-07,40.000000,0.579999,1000.000000,0.000000,0.000000,13.000000,0.000000,0.515372,0.579999,,,,7.180421,7.180421,,16.800279,,,,,,903.822387,0.066146,0.000000,0.000000,0.000000,,-459.670013,1000.000000,,0.000000,0.000000,,,,0.047041,"SETFLOW",0.000000,0.997567,0.000000,,,,,"","",,,,7.180421,,0.000000,,0.000000,,,0.000000,0.000000,"",,,0.000000,,-1.000000,,0.000000,0.000000,-1.000000,-1.000000,,,,,,,,,,,"",,,,,,,,,,"Volumetric",,,,,,,,,,-0.188112,,,,,,,,,,-0.188112,-0.004514,,,,,,,,,,,,
"2FAF5806","Nodes",1118547.750000,1676969.870000,1313.064347,"Default Known Flow Node",69.999969,0.579999,1000.000000,0.000000,"Known Flow",0.000000,0.000000,2.16999993085665e-07,40.000000,0.579999,1000.000000,0.000000,0.000000,13.000000,0.000000,0.515372,0.579999,,,,7.180504,7.180504,,16.800279,,,,,,903.822387,0.066146,0.000000,0.000000,0.000000,,-459.670013,1000.000000,,0.000000,0.000000,,,,0.047041,"UNDEFINED",0.000000,0.997567,0.000000,,,,,"","",,,,7.180504,,0.000000,,0.000000,,,0.000000,0.000000,"",,,0.000000,,-1.000000,,0.000000,0.000000,-1.000000,-1.000000,,,,,,,,,,,"",,,,,,,,,,"Volumetric",,,,,,,,,,0.000000,,,,,,,,,,0.000000,0.000000,,,,,,,,,,,,
"2FAF581F","Nodes",1118547.870000,1676972.370000,1313.064347,"Default Known Flow Node",69.999969,0.579999,1000.000000,0.000000,"Known Flow",0.000000,0.000000,2.16999993085665e-07,40.000000,0.579999,1000.000000,0.000000,0.000000,13.000000,0.000000,0.515372,0.579999,,,,7.180603,7.180603,,16.800279,,,,,,903.822387,0.066146,0.000000,0.000000,0.000000,,-459.670013,1000.000000,,0.000000,0.000000,,,,0.047041,"SETFLOW",0.000000,0.997567,0.000000,,,,,"","",,,,7.180603,,0.000000,,0.000000,,,0.000000,0.000000,"",,,0.000000,,-1.000000,,0.000000,0.000000,-1.000000,-1.000000,,,,,,,,,,,"",,,,,,,,,,"Volumetric",,,,,,,,,,-1.128677,,,,,,,,,,-1.128677,-0.027088,,,,,,,,,,,,
"2FB20CEB","Nodes",1118981.500000,1677007.120000,1313.064347,"Default Known Flow Node",69.999969,0.579999,1000.000000,0.000000,"Known Flow",0.000000,0.000000,2.16999993085665e-07,40.000000,0.579999,1000.000000,0.000000,0.000000,13.000000,0.000000,0.515373,0.579999,,,,7.343451,7.343451,,16.800279,,,,,,903.822387,0.066146,0.000000,0.000000,0.000000,,-459.670013,1000.000000,,0.000000,0.000000,,,,0.047060,"UNDEFINED",0.000000,0.997566,0.000000,,,,,"","",,,,7.343451,,0.000000,,0.000000,,,0.000000,0.000000,"",,,0.000000,,-1.000000,,0.000000,0.000000,-1.000000,-1.000000,,,,,,,,,,,"",,,,,,,,,,"Volumetric",,,,,,,,,,0.000000,,,,,,,,,,0.000000,0.000000,,,,,,,,,,,,
"2FAF580C","Nodes",1118980.500000,1677011.250000,1313.064347,"Default Known Flow Node",69.999969,0.579999,1000.000000,0.000000,"Known Flow",0.000000,0.000000,2.16999993085665e-07,40.000000,0.579999,1000.000000,0.000000,0.000000,13.000000,0.000000,0.515373,0.579999,,,,7.343451,7.343451,,16.800279,,,,,,903.822387,0.066146,0.000000,0.000000,0.000000,,-459.670013,1000.000000,,0.000000,0.000000,,,,0.047060,"SETFLOW",0.000000,0.997566,0.000000,,,,,"","",,,,7.343451,,0.000000,,0.000000,,,0.000000,0.000000,"",,,0.000000,,-1.000000,,0.000000,0.000000,-1.000000,-1.000000,,,,,,,,,,,"",,,,,,,,,,"Volumetric",,,,,,,,,,-1.022478,,,,,,,,,,-1.022478,-0.024539,,,,,,,,,,,,
"2FB1F88F","Nodes",1119260.000000,1677079.870000,1313.064347,"Default Known Flow Node",69.999969,0.579999,1000.000000,0.000000,"Known Flow",0.000000,0.000000,2.16999993085665e-07,40.000000,0.579999,1000.000000,0.000000,0.000000,13.000000,0.000000,0.515373,0.579999,,,,7.345829,7.345829,,16.800279,,,,,,903.822387,0.066146,0.000000,0.000000,0.000000,,-459.670013,1000.000000,,0.000000,0.000000,,,,0.047060,"SETFLOW",0.000000,0.997566,0.000000,,,,,"","",,,,7.345829,,0.000000,,0.000000,,,0.000000,0.000000,"",,,0.000000,,-1.000000,,0.000000,0.000000,-1.000000,-1.000000,,,,,,,,,,,"",,,,,,,,,,"Volumetric",,,,,,,,,,-0.165586,,,,,,,,,,-0.165586,-0.003974,,,,,,,,,,,,
"2FAF7018","Nodes",1118560.750000,1677180.370000,1313.064347,"Default Known Flow Node",69.999969,0.579999,1000.000000,0.000000,"Known Flow",0.000000,0.000000,2.16999993085665e-07,40.000000,0.579999,1000.000000,0.000000,0.000000,13.000000,0.000000,0.515372,0.579999,,,,7.198045,7.198045,,16.800279,,,,,,903.822387,0.066146,0.000000,0.000000,0.000000,,-459.670013,1000.000000,,0.000000,0.000000,,,,0.047043,"SETFLOW",0.000000,0.997567,0.000000,,,,,"","",,,,7.198045,,0.000000,,0.000000,,,0.000000,0.000000,"",,,0.000000,,-1.000000,,0.000000,0.000000,-1.000000,-1.000000,,,,,,,,,,,"",,,,,,,,,,"Volumetric",,,,,,,,,,-1.416210,,,,,,,,,,-1.416210,-0.033989,,,,,,,,,,,,
"2FB1C475","Nodes",1118608.620000,1677198.120000,1313.064347,"Default Known Flow Node",69.999969,0.579999,1000.000000,0.000000,"Known Flow",0.000000,0.000000,2.16999993085665e-07,40.000000,0.579999,1000.000000,0.000000,0.000000,13.000000,0.000000,0.515372,0.579999,,,,7.218766,7.218766,,16.800279,,,,,,903.822387,0.066146,0.000000,0.000000,0.000000,,-459.670013,1000.000000,,0.000000,0.000000,,,,0.047046,"SETFLOW",0.000000,0.997567,0.000000,,,,,"","",,,,7.218766,,0.000000,,0.000000,,,0.000000,0.000000,"",,,0.000000,,-1.000000,,0.000000,0.000000,-1.000000,-1.000000,,,,,,,,,,,"",,,,,,,,,,"Volumetric",,,,,,,,,,-0.227451,,,,,,,,,,-0.227451,-0.005458,,,,,,,,,,,,
"2FAF5808","Nodes",1118561.000000,1677186.120000,1313.064347,"Default Known Flow Node",69.999969,0.579999,1000.000000,0.000000,"Known Flow",0.000000,0.000000,2.16999993085665e-07,40.000000,0.579999,1000.000000,0.000000,0.000000,13.000000,0.000000,0.515372,0.579999,,,,7.199179,7.199179,,16.800279,,,,,,903.822387,0.066146,0.000000,0.000000,0.000000,,-459.670013,1000.000000,,0.000000,0.000000,,,,0.047043,"UNDEFINED",0.000000,0.997567,0.000000,,,,,"","",,,,7.199179,,0.000000,,0.000000,,,0.000000,0.000000,"",,,0.000000,,-1.000000,,0.000000,0.000000,-1.000000,-1.000000,,,,,,,,,,,"",,,,,,,,,,"Volumetric",,,,,,,,,,0.000000,,,,,,,,,,0.000000,0.000000,,,,,,,,,,,,
"2FB25C33","Nodes",1118422.120000,1677219.250000,1313.064347,"Default Known Flow Node",69.999969,0.579999,1000.000000,0.000000,"Known Flow",0.000000,0.000000,2.16999993085665e-07,40.000000,0.579999,1000.000000,0.000000,0.000000,13.000000,0.000000,0.515372,0.579999,,,,7.165062,7.165062,,16.800279,,,,,,903.822387,0.066146,0.000000,0.000000,0.000000,,-459.670013,1000.000000,,0.000000,0.000000,,,,0.047040,"UNDEFINED",0.000000,0.997567,0.000000,,,,,"","",,,,7.165062,,0.000000,,0.000000,,,0.000000,0.000000,"",,,0.000000,,-1.000000,,0.000000,0.000000,-1.000000,-1.000000,,,,,,,,,,,"",,,,,,,,,,"Volumetric",,,,,,,,,,0.000000,,,,,,,,,,0.000000,0.000000,,,,,,,,,,,,
"2FAF7019","Nodes",1118549.870000,1677226.750000,1313.064347,"Default Known Flow Node",69.999969,0.579999,1000.000000,0.000000,"Known Flow",0.000000,0.000000,2.16999993085665e-07,40.000000,0.579999,1000.000000,0.000000,0.000000,13.000000,0.000000,0.515372,0.579999,,,,7.187390,7.187390,,16.800279,,,,,,903.822387,0.066146,0.000000,0.000000,0.000000,,-459.670013,1000.000000,,0.000000,0.000000,,,,0.047042,"SETFLOW",0.000000,0.997567,0.000000,,,,,"","",,,,7.187390,,0.000000,,0.000000,,,0.000000,0.000000,"",,,0.000000,,-1.000000,,0.000000,0.000000,-1.000000,-1.000000,,,,,,,,,,,"",,,,,,,,,,"Volumetric",,,,,,,,,,-0.155926,,,,,,,,,,-0.155926,-0.003742,,,,,,,,,,,,
"2FAF7016","Nodes",1118565.870000,1677222.120000,1313.064347,"Default Known Flow Node",69.999969,0.579999,1000.000000,0.000000,"Known Flow",0.000000,0.000000,2.16999993085665e-07,40.000000,0.579999,1000.000000,0.000000,0.000000,13.000000,0.000000,0.515372,0.579999,,,,7.201765,7.201765,,16.800279,,,,,,903.822387,0.066146,0.000000,0.000000,0.000000,,-459.670013,1000.000000,,0.000000,0.000000,,,,0.047044,"UNDEFINED",0.000000,0.997567,0.000000,,,,,"","",,,,7.201765,,0.000000,,0.000000,,,0.000000,0.000000,"",,,0.000000,,-1.000000,,0.000000,0.000000,-1.000000,-1.000000,,,,,,,,,,,"",,,,,,,,,,"Volumetric",,,,,,,,,,0.000000,,,,,,,,,,0.000000,0.000000,,,,,,,,,,,,
"2FAF5805","Nodes",1118566.370000,1677225.870000,1313.064347,"Default Known Flow Node",69.999969,0.579999,1000.000000,0.000000,"Known Flow",0.000000,0.000000,2.16999993085665e-07,40.000000,0.579999,1000.000000,0.000000,0.000000,13.000000,0.000000,0.515372,0.579999,,,,7.202082,7.202082,,16.800279,,,,,,903.822387,0.066146,0.000000,0.000000,0.000000,,-459.670013,1000.000000,,0.000000,0.000000,,,,0.047044,"UNDEFINED",0.000000,0.997567,0.000000,,,,,"","",,,,7.202082,,0.000000,,0.000000,,,0.000000,0.000000,"",,,0.000000,,-1.000000,,0.000000,0.000000,-1.000000,-1.000000,,,,,,,,,,,"",,,,,,,,,,"Volumetric",,,,,,,,,,0.000000,,,,,,,,,,0.000000,0.000000,,,,,,,,,,,,
"2FAF7017","Nodes",1118566.750000,1677229.000000,1313.064347,"Default Known Flow Node",69.999969,0.579999,1000.000000,0.000000,"Known Flow",0.000000,0.000000,2.16999993085665e-07,40.000000,0.579999,1000.000000,0.000000,0.000000,13.000000,0.000000,0.515372,0.579999,,,,7.202643,7.202643,,16.800279,,,,,,903.822387,0.066146,0.000000,0.000000,0.000000,,-459.670013,1000.000000,,0.000000,0.000000,,,,0.047044,"UNDEFINED",0.000000,0.997567,0.000000,,,,,"","",,,,7.202643,,0.000000,,0.000000,,,0.000000,0.000000,"",,,0.000000,,-1.000000,,0.000000,0.000000,-1.000000,-1.000000,,,,,,,,,,,"",,,,,,,,,,"Volumetric",,,,,,,,,,0.000000,,,,,,,,,,0.000000,0.000000,,,,,,,,,,,,
"2FB1C474","Nodes",1118910.250000,1677272.250000,1313.064347,"Default Known Flow Node",69.999969,0.579999,1000.000000,0.000000,"Known Flow",0.000000,0.000000,2.16999993085665e-07,40.000000,0.579999,1000.000000,0.000000,0.000000,13.000000,0.000000,0.515373,0.579999,,,,7.376197,7.376197,,16.800279,,,,,,903.822387,0.066146,0.000000,0.000000,0.000000,,-459.670013,1000.000000,,0.000000,0.000000,,,,0.047064,"SETFLOW",0.000000,0.997566,0.000000,,,,,"","",,,,7.376197,,0.000000,,0.000000,,,0.000000,0.000000,"",,,0.000000,,-1.000000,,0.000000,0.000000,-1.000000,-1.000000,,,,,,,,,,,"",,,,,,,,,,"Volumetric",,,,,,,,,,-0.113970,,,,,,,,,,-0.113970,-0.002735,,,,,,,,,,,,
"2FB1C473","Nodes",1118916.750000,1677273.620000,1313.064347,"Default Known Flow Node",69.999969,0.579999,1000.000000,0.000000,"Known Flow",0.000000,0.000000,2.16999993085665e-07,40.000000,0.579999,1000.000000,0.000000,0.000000,13.000000,0.000000,0.515373,0.579999,,,,7.376136,7.376136,,16.800279,,,,,,903.822387,0.066146,0.000000,0.000000,0.000000,,-459.670013,1000.000000,,0.000000,0.000000,,,,0.047064,"SETFLOW",0.000000,0.997566,0.000000,,,,,"","",,,,7.376136,,0.000000,,0.000000,,,0.000000,0.000000,"",,,0.000000,,-1.000000,,0.000000,0.000000,-1.000000,-1.000000,,,,,,,,,,,"",,,,,,,,,,"Volumetric",,,,,,,,,,-0.423700,,,,,,,,,,-0.423700,-0.010168,,,,,,,,,,,,
"2FB1C472","Nodes",1118916.000000,1677278.120000,1313.064347,"Default Known Flow Node",69.999969,0.579999,1000.000000,0.000000,"Known Flow",0.000000,0.000000,2.16999993085665e-07,40.000000,0.579999,1000.000000,0.000000,0.000000,13.000000,0.000000,0.515373,0.579999,,,,7.376136,7.376136,,16.800279,,,,,,903.822387,0.066146,0.000000,0.000000,0.000000,,-459.670013,1000.000000,,0.000000,0.000000,,,,0.047064,"UNDEFINED",0.000000,0.997566,0.000000,,,,,"","",,,,7.376136,,0.000000,,0.000000,,,0.000000,0.000000,"",,,0.000000,,-1.000000,,0.000000,0.000000,-1.000000,-1.000000,,,,,,,,,,,"",,,,,,,,,,"Volumetric",,,,,,,,,,0.000000,,,,,,,,,,0.000000,0.000000,,,,,,,,,,,,
"2FAF701B","Nodes",1119092.250000,1677316.370000,1313.064347,"Default Known Flow Node",69.999969,0.579999,1000.000000,0.000000,"Known Flow",0.000000,0.000000,2.16999993085665e-07,40.000000,0.579999,1000.000000,0.000000,0.000000,13.000000,0.000000,0.515373,0.579999,,,,7.375577,7.375577,,16.800279,,,,,,903.822387,0.066146,0.000000,0.000000,0.000000,,-459.670013,1000.000000,,0.000000,0.000000,,,,0.047064,"SETFLOW",0.000000,0.997566,0.000000,,,,,"","",,,,7.375577,,0.000000,,0.000000,,,0.000000,0.000000,"",,,0.000000,,-1.000000,,0.000000,0.000000,-1.000000,-1.000000,,,,,,,,,,,"",,,,,,,,,,"Volumetric",,,,,,,,,,-1.234577,,,,,,,,,,-1.234577,-0.029629,,,,,,,,,,,,
"2FAF701C","Nodes",1119232.750000,1677350.870000,1313.064347,"Default Known Flow Node",69.999969,0.579999,1000.000000,0.000000,"Known Flow",0.000000,0.000000,2.16999993085665e-07,40.000000,0.579999,1000.000000,0.000000,0.000000,13.000000,0.000000,0.515373,0.579999,,,,7.375550,7.375550,,16.800279,,,,,,903.822387,0.066146,0.000000,0.000000,0.000000,,-459.670013,1000.000000,,0.000000,0.000000,,,,0.047064,"SETFLOW",0.000000,0.997566,0.000000,,,,,"","",,,,7.375550,,0.000000,,0.000000,,,0.000000,0.000000,"",,,0.000000,,-1.000000,,0.000000,0.000000,-1.000000,-1.000000,,,,,,,,,,,"",,,,,,,,,,"Volumetric",,,,,,,,,,-0.038563,,,,,,,,,,-0.038563,-0.000925,,,,,,,,,,,,
"2FB1E00D","Nodes",1119259.750000,1677357.370000,1313.064347,"Default Known Flow Node",69.999969,0.579999,1000.000000,0.000000,"Known Flow",0.000000,0.000000,2.16999993085665e-07,40.000000,0.579999,1000.000000,0.000000,0.000000,13.000000,0.000000,0.515373,0.579999,,,,7.375546,7.375546,,16.800279,,,,,,903.822387,0.066146,0.000000,0.000000,0.000000,,-459.670013,1000.000000,,0.000000,0.000000,,,,0.047064,"SETFLOW",0.000000,0.997566,0.000000,,,,,"","",,,,7.375546,,0.000000,,0.000000,,,0.000000,0.000000,"",,,0.000000,,-1.000000,,0.000000,0.000000,-1.000000,-1.000000,,,,,,,,,,,"",,,,,,,,,,"Volumetric",,,,,,,,,,-0.224218,,,,,,,,,,-0.224218,-0.005381,,,,,,,,,,,,
"2FBC6A06","Nodes",1118598.870000,1677465.620000,1313.064347,"Default Known Flow Node",69.999969,0.579999,1000.000000,0.000000,"Known Flow",0.000000,0.000000,2.16999993085665e-07,40.000000,0.579999,1000.000000,0.000000,0.000000,13.000000,0.000000,0.515372,0.579999,,,,7.245379,7.245379,,16.800279,,,,,,903.822387,0.066146,0.000000,0.000000,0.000000,,-459.670013,1000.000000,,0.000000,0.000000,,,,0.047049,"UNDEFINED",0.000000,0.997567,0.000000,,,,,"","",,,,7.245379,,0.000000,,0.000000,,,0.000000,0.000000,"",,,0.000000,,-1.000000,,0.000000,0.000000,-1.000000,-1.000000,,,,,,,,,,,"",,,,,,,,,,"Volumetric",,,,,,,,,,0.000000,,,,,,,,,,0.000000,0.000000,,,,,,,,,,,,
"2FAF5803","Nodes",1118601.750000,1677488.870000,1313.064347,"Default Known Flow Node",69.999969,0.579999,1000.000000,0.000000,"Known Flow",0.000000,0.000000,2.16999993085665e-07,40.000000,0.579999,1000.000000,0.000000,0.000000,13.000000,0.000000,0.515372,0.579999,,,,7.252452,7.252452,,16.800279,,,,,,903.822387,0.066146,0.000000,0.000000,0.000000,,-459.670013,1000.000000,,0.000000,0.000000,,,,0.047050,"SETFLOW",0.000000,0.997567,0.000000,,,,,"","",,,,7.252452,,0.000000,,0.000000,,,0.000000,0.000000,"",,,0.000000,,-1.000000,,0.000000,0.000000,-1.000000,-1.000000,,,,,,,,,,,"",,,,,,,,,,"Volumetric",,,,,,,,,,-0.471186,,,,,,,,,,-0.471186,-0.011308,,,,,,,,,,,,
"2FAF7003","Nodes",1118602.750000,1677496.370000,1313.064347,"Default Known Flow Node",69.999969,0.579999,1000.000000,0.000000,"Known Flow",0.000000,0.000000,2.16999993085665e-07,40.000000,0.579999,1000.000000,0.000000,0.000000,13.000000,0.000000,0.515373,0.579999,,,,7.264318,7.264318,,16.800279,,,,,,903.822387,0.066146,0.000000,0.000000,0.000000,,-459.670013,1000.000000,,0.000000,0.000000,,,,0.047051,"SETFLOW",0.000000,0.997567,0.000000,,,,,"","",,,,7.264318,,0.000000,,0.000000,,,0.000000,0.000000,"",,,0.000000,,-1.000000,,0.000000,0.000000,-1.000000,-1.000000,,,,,,,,,,,"",,,,,,,,,,"Volumetric",,,,,,,,,,-0.191004,,,,,,,,,,-0.191004,-0.004584,,,,,,,,,,,,
"2FAF701D","Nodes",1118863.250000,1677509.870000,1313.064347,"Default Known Flow Node",69.999969,0.579999,1000.000000,0.000000,"Known Flow",0.000000,0.000000,2.16999993085665e-07,40.000000,0.579999,1000.000000,0.000000,0.000000,13.000000,0.000000,0.515373,0.579999,,,,7.343916,7.343916,,16.800279,,,,,,903.822387,0.066146,0.000000,0.000000,0.000000,,-459.670013,1000.000000,,0.000000,0.000000,,,,0.047060,"SETFLOW",0.000000,0.997566,0.000000,,,,,"","",,,,7.343916,,0.000000,,0.000000,,,0.000000,0.000000,"",,,0.000000,,-1.000000,,0.000000,0.000000,-1.000000,-1.000000,,,,,,,,,,,"",,,,,,,,,,"Volumetric",,,,,,,,,,-0.475120,,,,,,,,,,-0.475120,-0.011402,,,,,,,,,,,,
"2FAF580B","Nodes",1118856.750000,1677508.250000,1290.994423,"Default Known Flow Node",69.999969,0.579999,1000.000000,0.000000,"Known Flow",0.000000,0.000000,2.16999993085665e-07,40.000000,0.579999,1000.000000,0.000000,0.000000,13.000000,0.000000,0.508422,0.600000,,,,7.344314,7.344314,,17.379600,,,,,,905.729919,0.068775,0.000000,0.000000,0.000000,,-459.670013,1000.000000,,0.000000,0.000000,,,,0.048691,"SETFLOW",0.000000,0.997407,0.000000,,,,,"","",,,,7.344314,,0.000000,,0.000000,,,0.000000,0.000000,"",,,0.000000,,-1.000000,,0.000000,0.000000,-1.000000,-1.000000,,,,,,,,,,,"",,,,,,,,,,"Volumetric",,,,,,,,,,-0.223985,,,,,,,,,,-0.223985,-0.005375,,,,,,,,,,,,
"2FB1F890","Nodes",1119259.620000,1677606.750000,1313.064347,"Default Known Flow Node",69.999969,0.579999,1000.000000,0.000000,"Known Flow",0.000000,0.000000,2.16999993085665e-07,40.000000,0.579999,1000.000000,0.000000,0.000000,13.000000,0.000000,0.515373,0.579999,,,,7.330947,7.330947,,16.800279,,,,,,903.822387,0.066146,0.000000,0.000000,0.000000,,-459.670013,1000.000000,,0.000000,0.000000,,,,0.047058,"SETFLOW",0.000000,0.997566,0.000000,,,,,"","",,,,7.330947,,0.000000,,0.000000,,,0.000000,0.000000,"",,,0.000000,,-1.000000,,0.000000,0.000000,-1.000000,-1.000000,,,,,,,,,,,"",,,,,,,,,,"Volumetric",,,,,,,,,,-0.256137,,,,,,,,,,-0.256137,-0.006147,,,,,,,,,,,,
"2FAF7008","Nodes",1118247.250000,1677724.000000,1313.064347,"Default Known Flow Node",69.999969,0.579999,1000.000000,0.000000,"Known Flow",0.000000,0.000000,2.16999993085665e-07,40.000000,0.579999,1000.000000,0.000000,0.000000,13.000000,0.000000,0.515372,0.579999,,,,7.159967,7.159967,,16.800279,,,,,,903.822387,0.066146,0.000000,0.000000,0.000000,,-459.670013,1000.000000,,0.000000,0.000000,,,,0.047039,"SETFLOW",0.000000,0.997567,0.000000,,,,,"","",,,,7.159967,,0.000000,,0.000000,,,0.000000,0.000000,"",,,0.000000,,-1.000000,,0.000000,0.000000,-1.000000,-1.000000,,,,,,,,,,,"",,,,,,,,,,"Volumetric",,,,,,,,,,-0.468333,,,,,,,,,,-0.468333,-0.011239,,,,,,,,,,,,
"2FAF7009","Nodes",1118370.370000,1677730.620000,1313.064347,"Default Known Flow Node",69.999969,0.579999,1000.000000,0.000000,"Known Flow",0.000000,0.000000,2.16999993085665e-07,40.000000,0.579999,1000.000000,0.000000,0.000000,13.000000,0.000000,0.515372,0.579999,,,,7.191938,7.191938,,16.800279,,,,,,903.822387,0.066146,0.000000,0.000000,0.000000,,-459.670013,1000.000000,,0.000000,0.000000,,,,0.047043,"UNDEFINED",0.000000,0.997567,0.000000,,,,,"","",,,,7.191938,,0.000000,,0.000000,,,0.000000,0.000000,"",,,0.000000,,-1.000000,,0.000000,0.000000,-1.000000,-1.000000,,,,,,,,,,,"",,,,,,,,,,"Volumetric",,,,,,,,,,0.000000,,,,,,,,,,0.000000,0.000000,,,,,,,,,,,,
"2FAF7015","Nodes",1118613.120000,1677742.120000,1313.064347,"Default Known Flow Node",69.999969,0.579999,1000.000000,0.000000,"Known Flow",0.000000,0.000000,2.16999993085665e-07,40.000000,0.579999,1000.000000,0.000000,0.000000,13.000000,0.000000,0.515372,0.579999,,,,7.255092,7.255092,,16.800279,,,,,,903.822387,0.066146,0.000000,0.000000,0.000000,,-459.670013,1000.000000,,0.000000,0.000000,,,,0.047050,"SETFLOW",0.000000,0.997567,0.000000,,,,,"","",,,,7.255092,,0.000000,,0.000000,,,0.000000,0.000000,"",,,0.000000,,-1.000000,,0.000000,0.000000,-1.000000,-1.000000,,,,,,,,,,,"",,,,,,,,,,"Volumetric",,,,,,,,,,-0.320128,,,,,,,,,,-0.320128,-0.007683,,,,,,,,,,,,
"2FAF7006","Nodes",1118635.500000,1677741.870000,1313.064347,"Default Known Flow Node",69.999969,0.579999,1000.000000,0.000000,"Known Flow",0.000000,0.000000,2.16999993085665e-07,40.000000,0.579999,1000.000000,0.000000,0.000000,13.000000,0.000000,0.515373,0.579999,,,,7.263900,7.263900,,16.800279,,,,,,903.822387,0.066146,0.000000,0.000000,0.000000,,-459.670013,1000.000000,,0.000000,0.000000,,,,0.047051,"SETFLOW",0.000000,0.997567,0.000000,,,,,"","",,,,7.263900,,0.000000,,0.000000,,,0.000000,0.000000,"",,,0.000000,,-1.000000,,0.000000,0.000000,-1.000000,-1.000000,,,,,,,,,,,"",,,,,,,,,,"Volumetric",,,,,,,,,,-0.138434,,,,,,,,,,-0.138434,-0.003322,,,,,,,,,,,,
"2FAF5802","Nodes",1118635.750000,1677744.750000,1313.064347,"Default Known Flow Node",69.999969,0.579999,1000.000000,0.000000,"Known Flow",0.000000,0.000000,2.16999993085665e-07,40.000000,0.579999,1000.000000,0.000000,0.000000,13.000000,0.000000,0.515373,0.579999,,,,7.263897,7.263897,,16.800279,,,,,,903.822387,0.066146,0.000000,0.000000,0.000000,,-459.670013,1000.000000,,0.000000,0.000000,,,,0.047051,"UNDEFINED",0.000000,0.997567,0.000000,,,,,"","",,,,7.263897,,0.000000,,0.000000,,,0.000000,0.000000,"",,,0.000000,,-1.000000,,0.000000,0.000000,-1.000000,-1.000000,,,,,,,,,,,"",,,,,,,,,,"Volumetric",,,,,,,,,,0.000000,,,,,,,,,,0.000000,0.000000,,,,,,,,,,,,
"2FAF7005","Nodes",1118636.750000,1677751.870000,1313.064347,"Default Known Flow Node",69.999969,0.579999,1000.000000,0.000000,"Known Flow",0.000000,0.000000,2.16999993085665e-07,40.000000,0.579999,1000.000000,0.000000,0.000000,13.000000,0.000000,0.515373,0.579999,,,,7.263971,7.263971,,16.800279,,,,,,903.822387,0.066146,0.000000,0.000000,0.000000,,-459.670013,1000.000000,,0.000000,0.000000,,,,0.047051,"SETFLOW",0.000000,0.997567,0.000000,,,,,"","",,,,7.263971,,0.000000,,0.000000,,,0.000000,0.000000,"",,,0.000000,,-1.000000,,0.000000,0.000000,-1.000000,-1.000000,,,,,,,,,,,"",,,,,,,,,,"Volumetric",,,,,,,,,,-0.054075,,,,,,,,,,-0.054075,-0.001297,,,,,,,,,,,,
"2FAF700B","Nodes",1119211.500000,1677895.620000,1313.064347,"Default Known Flow Node",69.999969,0.579999,1000.000000,0.000000,"Known Flow",0.000000,0.000000,2.16999993085665e-07,40.000000,0.579999,1000.000000,0.000000,0.000000,13.000000,0.000000,0.515373,0.579999,,,,7.316794,7.316794,,16.800279,,,,,,903.822387,0.066146,0.000000,0.000000,0.000000,,-459.670013,1000.000000,,0.000000,0.000000,,,,0.047057,"SETFLOW",0.000000,0.997566,0.000000,,,,,"","",,,,7.316794,,0.000000,,0.000000,,,0.000000,0.000000,"",,,0.000000,,-1.000000,,0.000000,0.000000,-1.000000,-1.000000,,,,,,,,,,,"",,,,,,,,,,"Volumetric",,,,,,,,,,-0.153088,,,,,,,,,,-0.153088,-0.003674,,,,,,,,,,,,
"2FB22C99","Nodes",1119210.370000,1677892.750000,1313.064347,"Default Known Flow Node",69.999969,0.579999,1000.000000,0.000000,"Known Flow",0.000000,0.000000,2.16999993085665e-07,40.000000,0.579999,1000.000000,0.000000,0.000000,13.000000,0.000000,0.515373,0.579999,,,,7.316775,7.316775,,16.800279,,,,,,903.822387,0.066146,0.000000,0.000000,0.000000,,-459.670013,1000.000000,,0.000000,0.000000,,,,0.047057,"SETFLOW",0.000000,0.997566,0.000000,,,,,"","",,,,7.316775,,0.000000,,0.000000,,,0.000000,0.000000,"",,,0.000000,,-1.000000,,0.000000,0.000000,-1.000000,-1.000000,,,,,,,,,,,"",,,,,,,,,,"Volumetric",,,,,,,,,,-1.001036,,,,,,,,,,-1.001036,-0.024024,,,,,,,,,,,,
"2FB1F892","Nodes",1119260.000000,1677876.500000,1313.064347,"Default Known Flow Node",69.999969,0.579999,1000.000000,0.000000,"Known Flow",0.000000,0.000000,2.16999993085665e-07,40.000000,0.579999,1000.000000,0.000000,0.000000,13.000000,0.000000,0.515373,0.579999,,,,7.317483,7.317483,,16.800279,,,,,,903.822387,0.066146,0.000000,0.000000,0.000000,,-459.670013,1000.000000,,0.000000,0.000000,,,,0.047057,"SETFLOW",0.000000,0.997566,0.000000,,,,,"","",,,,7.317483,,0.000000,,0.000000,,,0.000000,0.000000,"",,,0.000000,,-1.000000,,0.000000,0.000000,-1.000000,-1.000000,,,,,,,,,,,"",,,,,,,,,,"Volumetric",,,,,,,,,,-0.023845,,,,,,,,,,-0.023845,-0.000572,,,,,,,,,,,,
"2FAF701F","Nodes",1118759.120000,1677916.500000,1313.064347,"Default Known Flow Node",69.999969,0.579999,1000.000000,0.000000,"Known Flow",0.000000,0.000000,2.16999993085665e-07,40.000000,0.579999,1000.000000,0.000000,0.000000,13.000000,0.000000,0.515373,0.579999,,,,7.332471,7.332471,,16.800279,,,,,,903.822387,0.066146,0.000000,0.000000,0.000000,,-459.670013,1000.000000,,0.000000,0.000000,,,,0.047059,"SETFLOW",0.000000,0.997566,0.000000,,,,,"","",,,,7.332471,,0.000000,,0.000000,,,0.000000,0.000000,"",,,0.000000,,-1.000000,,0.000000,0.000000,-1.000000,-1.000000,,,,,,,,,,,"",,,,,,,,,,"Volumetric",,,,,,,,,,-0.095490,,,,,,,,,,-0.095490,-0.002291,,,,,,,,,,,,
"2FAF7020","Nodes",1118758.370000,1677919.370000,1313.064347,"Default Known Flow Node",69.999969,0.579999,1000.000000,0.000000,"Known Flow",0.000000,0.000000,2.16999993085665e-07,40.000000,0.579999,1000.000000,0.000000,0.000000,13.000000,0.000000,0.515373,0.579999,,,,7.332381,7.332381,,16.800279,,,,,,903.822387,0.066146,0.000000,0.000000,0.000000,,-459.670013,1000.000000,,0.000000,0.000000,,,,0.047059,"UNDEFINED",0.000000,0.997566,0.000000,,,,,"","",,,,7.332381,,0.000000,,0.000000,,,0.000000,0.000000,"",,,0.000000,,-1.000000,,0.000000,0.000000,-1.000000,-1.000000,,,,,,,,,,,"",,,,,,,,,,"Volumetric",,,,,,,,,,0.000000,,,,,,,,,,0.000000,0.000000,,,,,,,,,,,,
"2FAF7040","Nodes",1118751.120000,1677949.000000,1313.064347,"Default Known Flow Node",69.999969,0.579999,1000.000000,0.000000,"Known Flow",0.000000,0.000000,2.16999993085665e-07,40.000000,0.579999,1000.000000,0.000000,0.000000,13.000000,0.000000,0.515373,0.579999,,,,7.329532,7.329532,,16.800279,,,,,,903.822387,0.066146,0.000000,0.000000,0.000000,,-459.670013,1000.000000,,0.000000,0.000000,,,,0.047058,"UNDEFINED",0.000000,0.997566,0.000000,,,,,"","",,,,7.329532,,0.000000,,0.000000,,,0.000000,0.000000,"",,,0.000000,,-1.000000,,0.000000,0.000000,-1.000000,-1.000000,,,,,,,,,,,"",,,,,,,,,,"Volumetric",,,,,,,,,,0.000000,,,,,,,,,,0.000000,0.000000,,,,,,,,,,,,
"2FAF81AF","Nodes",1118747.120000,1677948.000000,1313.064347,"Default Known Flow Node",69.999969,0.579999,1000.000000,0.000000,"Known Flow",0.000000,0.000000,2.16999993085665e-07,40.000000,0.579999,1000.000000,0.000000,0.000000,13.000000,0.000000,0.515373,0.579999,,,,7.329532,7.329532,,16.800279,,,,,,903.822387,0.066146,0.000000,0.000000,0.000000,,-459.670013,1000.000000,,0.000000,0.000000,,,,0.047058,"UNDEFINED",0.000000,0.997566,0.000000,,,,,"","",,,,7.329532,,0.000000,,0.000000,,,0.000000,0.000000,"",,,0.000000,,-1.000000,,0.000000,0.000000,-1.000000,-1.000000,,,,,,,,,,,"",,,,,,,,,,"Volumetric",,,,,,,,,,0.000000,,,,,,,,,,0.000000,0.000000,,,,,,,,,,,,
"2FAF701E","Nodes",1118752.120000,1677962.620000,1313.064347,"Default Known Flow Node",69.999969,0.579999,1000.000000,0.000000,"Known Flow",0.000000,0.000000,2.16999993085665e-07,40.000000,0.579999,1000.000000,0.000000,0.000000,13.000000,0.000000,0.515373,0.579999,,,,7.328203,7.328203,,16.800279,,,,,,903.822387,0.066146,0.000000,0.000000,0.000000,,-459.670013,1000.000000,,0.000000,0.000000,,,,0.047058,"UNDEFINED",0.000000,0.997566,0.000000,,,,,"","",,,,7.328203,,0.000000,,0.000000,,,0.000000,0.000000,"",,,0.000000,,-1.000000,,0.000000,0.000000,-1.000000,-1.000000,,,,,,,,,,,"",,,,,,,,,,"Volumetric",,,,,,,,,,0.000000,,,,,,,,,,0.000000,0.000000,,,,,,,,,,,,
"2FAF7007","Nodes",1118664.000000,1677965.870000,1313.064347,"Default Known Flow Node",69.999969,0.579999,1000.000000,0.000000,"Known Flow",0.000000,0.000000,2.16999993085665e-07,40.000000,0.579999,1000.000000,0.000000,0.000000,13.000000,0.000000,0.515373,0.579999,,,,7.266242,7.266242,,16.800279,,,,,,903.822387,0.066146,0.000000,0.000000,0.000000,,-459.670013,1000.000000,,0.000000,0.000000,,,,0.047051,"SETFLOW",0.000000,0.997567,0.000000,,,,,"","",,,,7.266242,,0.000000,,0.000000,,,0.000000,0.000000,"",,,0.000000,,-1.000000,,0.000000,0.000000,-1.000000,-1.000000,,,,,,,,,,,"",,,,,,,,,,"Volumetric",,,,,,,,,,-0.014771,,,,,,,,,,-0.014771,-0.000354,,,,,,,,,,,,
"2FAF5A45","Nodes",1118461.120000,1677982.000000,1313.064347,"Default Known Flow Node",69.999969,0.579999,1000.000000,0.000000,"Known Flow",0.000000,0.000000,2.16999993085665e-07,40.000000,0.579999,1000.000000,0.000000,0.000000,13.000000,0.000000,0.515372,0.579999,,,,7.220714,7.220714,,16.800279,,,,,,903.822387,0.066146,0.000000,0.000000,0.000000,,-459.670013,1000.000000,,0.000000,0.000000,,,,0.047046,"SETFLOW",0.000000,0.997567,0.000000,,,,,"","",,,,7.220714,,0.000000,,0.000000,,,0.000000,0.000000,"",,,0.000000,,-1.000000,,0.000000,0.000000,-1.000000,-1.000000,,,,,,,,,,,"",,,,,,,,,,"Volumetric",,,,,,,,,,-0.154577,,,,,,,,,,-0.154577,-0.003709,,,,,,,,,,,,
"2FB20025","Nodes",1118239.750000,1677975.250000,1313.064347,"Default Known Flow Node",69.999969,0.579999,1000.000000,0.000000,"Known Flow",0.000000,0.000000,2.16999993085665e-07,40.000000,0.579999,1000.000000,0.000000,0.000000,13.000000,0.000000,0.515372,0.579999,,,,7.189292,7.189292,,16.800279,,,,,,903.822387,0.066146,0.000000,0.000000,0.000000,,-459.670013,1000.000000,,0.000000,0.000000,,,,0.047042,"UNDEFINED",0.000000,0.997567,0.000000,,,,,"","",,,,7.189292,,0.000000,,0.000000,,,0.000000,0.000000,"",,,0.000000,,-1.000000,,0.000000,0.000000,-1.000000,-1.000000,,,,,,,,,,,"",,,,,,,,,,"Volumetric",,,,,,,,,,0.000000,,,,,,,,,,0.000000,0.000000,,,,,,,,,,,,
"2FAF5800","Nodes",1118670.000000,1677987.250000,1313.064347,"Default Known Flow Node",69.999969,0.579999,1000.000000,0.000000,"Known Flow",0.000000,0.000000,2.16999993085665e-07,40.000000,0.579999,1000.000000,0.000000,0.000000,13.000000,0.000000,0.515373,0.579999,,,,7.266682,7.266682,,16.800279,,,,,,903.822387,0.066146,0.000000,0.000000,0.000000,,-459.670013,1000.000000,,0.000000,0.000000,,,,0.047051,"UNDEFINED",0.000000,0.997567,0.000000,,,,,"","",,,,7.266682,,0.000000,,0.000000,,,0.000000,0.000000,"",,,0.000000,"V61036",-1.000000,,0.000000,0.000000,-1.000000,-1.000000,,,,,,,,,,,"",,,,,,,,,,"Volumetric",,,,,,,,,,0.000000,,,,,,,,,,0.000000,0.000000,,,,,,,,,,,,
"2FAF5801","Nodes",1118670.500000,1677993.120000,1313.064347,"Default Known Flow Node",69.999969,0.579999,1000.000000,0.000000,"Known Flow",0.000000,0.000000,2.16999993085665e-07,40.000000,0.579999,1000.000000,0.000000,0.000000,13.000000,0.000000,0.515373,0.579999,,,,7.266773,7.266773,,16.800279,,,,,,903.822387,0.066146,0.000000,0.000000,0.000000,,-459.670013,1000.000000,,0.000000,0.000000,,,,0.047051,"SETFLOW",0.000000,0.997567,0.000000,,,,,"","",,,,7.266773,,0.000000,,0.000000,,,0.000000,0.000000,"",,,0.000000,,-1.000000,,0.000000,0.000000,-1.000000,-1.000000,,,,,,,,,,,"",,,,,,,,,,"Volumetric",,,,,,,,,,-0.104986,,,,,,,,,,-0.104986,-0.002519,,,,,,,,,,,,
"2FAF700C","Nodes",1118935.870000,1678004.500000,1313.064347,"Default Known Flow Node",69.999969,0.579999,1000.000000,0.000000,"Known Flow",0.000000,0.000000,2.16999993085665e-07,40.000000,0.579999,1000.000000,0.000000,0.000000,13.000000,0.000000,0.515373,0.579999,,,,7.316460,7.316460,,16.800279,,,,,,903.822387,0.066146,0.000000,0.000000,0.000000,,-459.670013,1000.000000,,0.000000,0.000000,,,,0.047057,"SETFLOW",0.000000,0.997567,0.000000,,,,,"","",,,,7.316460,,0.000000,,0.000000,,,0.000000,0.000000,"",,,0.000000,,-1.000000,,0.000000,0.000000,-1.000000,-1.000000,,,,,,,,,,,"",,,,,,,,,,"Volumetric",,,,,,,,,,-0.064444,,,,,,,,,,-0.064444,-0.001546,,,,,,,,,,,,
"2FAF7024","Nodes",1118673.870000,1678016.620000,1313.064347,"Default Known Flow Node",69.999969,0.579999,1000.000000,0.000000,"Known Flow",0.000000,0.000000,2.16999993085665e-07,40.000000,0.579999,1000.000000,0.000000,0.000000,13.000000,0.000000,0.515373,0.579999,,,,7.268815,7.268815,,16.800279,,,,,,903.822387,0.066146,0.000000,0.000000,0.000000,,-459.670013,1000.000000,,0.000000,0.000000,,,,0.047051,"UNDEFINED",0.000000,0.997567,0.000000,,,,,"","",,,,7.268815,,0.000000,,0.000000,,,0.000000,0.000000,"",,,0.000000,"V61037",-1.000000,,0.000000,0.000000,-1.000000,-1.000000,,,,,,,,,,,"",,,,,,,,,,"Volumetric",,,,,,,,,,0.000000,,,,,,,,,,0.000000,0.000000,,,,,,,,,,,,
"2FAF700D","Nodes",1118883.370000,1678025.370000,1313.064347,"Default Known Flow Node",69.999969,0.579999,1000.000000,0.000000,"Known Flow",0.000000,0.000000,2.16999993085665e-07,40.000000,0.579999,1000.000000,0.000000,0.000000,13.000000,0.000000,0.515373,0.579999,,,,7.316407,7.316407,,16.800279,,,,,,903.822387,0.066146,0.000000,0.000000,0.000000,,-459.670013,1000.000000,,0.000000,0.000000,,,,0.047057,"UNDEFINED",0.000000,0.997567,0.000000,,,,,"","",,,,7.316407,,0.000000,,0.000000,,,0.000000,0.000000,"",,,0.000000,,-1.000000,,0.000000,0.000000,-1.000000,-1.000000,,,,,,,,,,,"",,,,,,,,,,"Volumetric",,,,,,,,,,0.000000,,,,,,,,,,0.000000,0.000000,,,,,,,,,,,,
"2FAF700E","Nodes",1118869.870000,1678030.620000,1313.064347,"Default Known Flow Node",69.999969,0.579999,1000.000000,0.000000,"Known Flow",0.000000,0.000000,2.16999993085665e-07,40.000000,0.579999,1000.000000,0.000000,0.000000,13.000000,0.000000,0.515373,0.579999,,,,7.316384,7.316384,,16.800279,,,,,,903.822387,0.066146,0.000000,0.000000,0.000000,,-459.670013,1000.000000,,0.000000,0.000000,,,,0.047057,"UNDEFINED",0.000000,0.997567,0.000000,,,,,"","",,,,7.316384,,0.000000,,0.000000,,,0.000000,0.000000,"",,,0.000000,,-1.000000,,0.000000,0.000000,-1.000000,-1.000000,,,,,,,,,,,"",,,,,,,,,,"Volumetric",,,,,,,,,,0.000000,,,,,,,,,,0.000000,0.000000,,,,,,,,,,,,
"2FAF7011","Nodes",1118830.250000,1678023.250000,1313.064347,"Default Known Flow Node",69.999969,0.579999,1000.000000,0.000000,"Known Flow",0.000000,0.000000,2.16999993085665e-07,40.000000,0.579999,1000.000000,0.000000,0.000000,13.000000,0.000000,0.515373,0.579999,,,,7.275121,7.275121,,16.800279,,,,,,903.822387,0.066146,0.000000,0.000000,0.000000,,-459.670013,1000.000000,,0.000000,0.000000,,,,0.047052,"UNDEFINED",0.000000,0.997567,0.000000,,,,,"","",,,,7.275121,,0.000000,,0.000000,,,0.000000,0.000000,"",,,0.000000,,-1.000000,,0.000000,0.000000,-1.000000,-1.000000,,,,,,,,,,,"",,,,,,,,,,"Volumetric",,,,,,,,,,0.000000,,,,,,,,,,0.000000,0.000000,,,,,,,,,,,,
"2FAF7012","Nodes",1118791.620000,1678038.620000,1313.064347,"Default Known Flow Node",69.999969,0.579999,1000.000000,0.000000,"Known Flow",0.000000,0.000000,2.16999993085665e-07,40.000000,0.579999,1000.000000,0.000000,0.000000,13.000000,0.000000,0.515373,0.579999,,,,7.275121,7.275121,,16.800279,,,,,,903.822387,0.066146,0.000000,0.000000,0.000000,,-459.670013,1000.000000,,0.000000,0.000000,,,,0.047052,"UNDEFINED",0.000000,0.997567,0.000000,,,,,"","",,,,7.275121,,0.000000,,0.000000,,,0.000000,0.000000,"",,,0.000000,,-1.000000,,0.000000,0.000000,-1.000000,-1.000000,,,,,,,,,,,"",,,,,,,,,,"Volumetric",,,,,,,,,,0.000000,,,,,,,,,,0.000000,0.000000,,,,,,,,,,,,
"2FAF700F","Nodes",1118838.000000,1678043.250000,1313.064347,"Default Known Flow Node",69.999969,0.579999,1000.000000,0.000000,"Known Flow",0.000000,0.000000,2.16999993085665e-07,40.000000,0.579999,1000.000000,0.000000,0.000000,13.000000,0.000000,0.515373,0.579999,,,,7.316352,7.316352,,16.800279,,,,,,903.822387,0.066146,0.000000,0.000000,0.000000,,-459.670013,1000.000000,,0.000000,0.000000,,,,0.047057,"UNDEFINED",0.000000,0.997567,0.000000,,,,,"","",,,,7.316352,,0.000000,,0.000000,,,0.000000,0.000000,"",,,0.000000,,-1.000000,,0.000000,0.000000,-1.000000,-1.000000,,,,,,,,,,,"",,,,,,,,,,"Volumetric",,,,,,,,,,0.000000,,,,,,,,,,0.000000,0.000000,,,,,,,,,,,,
"2FAF7010","Nodes",1118811.120000,1678053.870000,1313.064347,"Default Known Flow Node",69.999969,0.579999,1000.000000,0.000000,"Known Flow",0.000000,0.000000,2.16999993085665e-07,40.000000,0.579999,1000.000000,0.000000,0.000000,13.000000,0.000000,0.515373,0.579999,,,,7.316322,7.316322,,16.800279,,,,,,903.822387,0.066146,0.000000,0.000000,0.000000,,-459.670013,1000.000000,,0.000000,0.000000,,,,0.047057,"UNDEFINED",0.000000,0.997567,0.000000,,,,,"","",,,,7.316322,,0.000000,,0.000000,,,0.000000,0.000000,"",,,0.000000,,-1.000000,,0.000000,0.000000,-1.000000,-1.000000,,,,,,,,,,,"",,,,,,,,,,"Volumetric",,,,,,,,,,0.000000,,,,,,,,,,0.000000,0.000000,,,,,,,,,,,,
"2FAF7013","Nodes",1118741.370000,1678064.620000,1313.064347,"Default Known Flow Node",69.999969,0.579999,1000.000000,0.000000,"Known Flow",0.000000,0.000000,2.16999993085665e-07,40.000000,0.579999,1000.000000,0.000000,0.000000,13.000000,0.000000,0.515373,0.579999,,,,7.275121,7.275121,,16.800279,,,,,,903.822387,0.066146,0.000000,0.000000,0.000000,,-459.670013,1000.000000,,0.000000,0.000000,,,,0.047052,"UNDEFINED",0.000000,0.997567,0.000000,,,,,"","",,,,7.275121,,0.000000,,0.000000,,,0.000000,0.000000,"",,,0.000000,,-1.000000,,0.000000,0.000000,-1.000000,-1.000000,,,,,,,,,,,"",,,,,,,,,,"Volumetric",,,,,,,,,,0.000000,,,,,,,,,,0.000000,0.000000,,,,,,,,,,,,
"2FB1C479","Nodes",1118728.120000,1678070.250000,1313.064347,"Default Known Flow Node",69.999969,0.579999,1000.000000,0.000000,"Known Flow",0.000000,0.000000,2.16999993085665e-07,40.000000,0.579999,1000.000000,0.000000,0.000000,13.000000,0.000000,0.515373,0.579999,,,,7.275121,7.275121,,16.800279,,,,,,903.822387,0.066146,0.000000,0.000000,0.000000,,-459.670013,1000.000000,,0.000000,0.000000,,,,0.047052,"UNDEFINED",0.000000,0.997567,0.000000,,,,,"","",,,,7.275121,,0.000000,,0.000000,,,0.000000,0.000000,"",,,0.000000,,-1.000000,,0.000000,0.000000,-1.000000,-1.000000,,,,,,,,,,,"",,,,,,,,,,"Volumetric",,,,,,,,,,0.000000,,,,,,,,,,0.000000,0.000000,,,,,,,,,,,,
"2FAF5817","Nodes",1118712.250000,1678072.120000,1313.064347,"Default Known Flow Node",69.999969,0.579999,1000.000000,0.000000,"Known Flow",0.000000,0.000000,2.16999993085665e-07,40.000000,0.579999,1000.000000,0.000000,0.000000,13.000000,0.000000,0.515373,0.579999,,,,7.275121,7.275121,,16.800279,,,,,,903.822387,0.066146,0.000000,0.000000,0.000000,,-459.670013,1000.000000,,0.000000,0.000000,,,,0.047052,"UNDEFINED",0.000000,0.997567,0.000000,,,,,"","",,,,7.275121,,0.000000,,0.000000,,,0.000000,0.000000,"",,,0.000000,"V16215",-1.000000,,0.000000,0.000000,-1.000000,-1.000000,,,,,,,,,,,"",,,,,,,,,,"Volumetric",,,,,,,,,,0.000000,,,,,,,,,,0.000000,0.000000,,,,,,,,,,,,
"2FB1446D","Nodes",1118730.620000,1678086.250000,1313.064347,"Default Known Flow Node",69.999969,0.579999,1000.000000,0.000000,"Known Flow",0.000000,0.000000,2.16999993085665e-07,40.000000,0.579999,1000.000000,0.000000,0.000000,13.000000,0.000000,0.515373,0.579999,,,,7.316238,7.316238,,16.800279,,,,,,903.822387,0.066146,0.000000,0.000000,0.000000,,-459.670013,1000.000000,,0.000000,0.000000,,,,0.047057,"UNDEFINED",0.000000,0.997567,0.000000,,,,,"","",,,,7.316238,,0.000000,,0.000000,,,0.000000,0.000000,"",,,0.000000,,-1.000000,,0.000000,0.000000,-1.000000,-1.000000,,,,,,,,,,,"",,,,,,,,,,"Volumetric",,,,,,,,,,0.000000,,,,,,,,,,0.000000,0.000000,,,,,,,,,,,,
"2FAF7021","Nodes",1118729.000000,1678087.870000,1313.064347,"Default Known Flow Node",69.999969,0.579999,1000.000000,0.000000,"Known Flow",0.000000,0.000000,2.16999993085665e-07,40.000000,0.579999,1000.000000,0.000000,0.000000,13.000000,0.000000,0.515373,0.579999,,,,7.314786,7.314786,,16.800279,,,,,,903.822387,0.066146,0.000000,0.000000,0.000000,,-459.670013,1000.000000,,0.000000,0.000000,,,,0.047057,"UNDEFINED",0.000000,0.997567,0.000000,,,,,"","",,,,7.314786,,0.000000,,0.000000,,,0.000000,0.000000,"",,,0.000000,,-1.000000,,0.000000,0.000000,-1.000000,-1.000000,,,,,,,,,,,"",,,,,,,,,,"Volumetric",,,,,,,,,,0.000000,,,,,,,,,,0.000000,0.000000,,,,,,,,,,,,
"2FAF7022","Nodes",1118719.620000,1678098.120000,1313.064347,"Default Known Flow Node",69.999969,0.579999,1000.000000,0.000000,"Known Flow",0.000000,0.000000,2.16999993085665e-07,40.000000,0.579999,1000.000000,0.000000,0.000000,13.000000,0.000000,0.515373,0.579999,,,,7.299365,7.299365,,16.800279,,,,,,903.822387,0.066146,0.000000,0.000000,0.000000,,-459.670013,1000.000000,,0.000000,0.000000,,,,0.047055,"UNDEFINED",0.000000,0.997567,0.000000,,,,,"","",,,,7.299365,,0.000000,,0.000000,,,0.000000,0.000000,"",,,0.000000,,-1.000000,,0.000000,0.000000,-1.000000,-1.000000,,,,,,,,,,,"",,,,,,,,,,"Volumetric",,,,,,,,,,0.000000,,,,,,,,,,0.000000,0.000000,,,,,,,,,,,,
"2FAF5A77","Nodes",1118684.620000,1678092.370000,1313.064347,"Default Known Flow Node",69.999969,0.579999,1000.000000,0.000000,"Known Flow",0.000000,0.000000,2.16999993085665e-07,40.000000,0.579999,1000.000000,0.000000,0.000000,13.000000,0.000000,0.515373,0.579999,,,,7.275121,7.275121,,16.800279,,,,,,903.822387,0.066146,0.000000,0.000000,0.000000,,-459.670013,1000.000000,,0.000000,0.000000,,,,0.047052,"UNDEFINED",0.000000,0.997567,0.000000,,,,,"","",,,,7.275121,,0.000000,,0.000000,,,0.000000,0.000000,"",,,0.000000,,-1.000000,,0.000000,0.000000,-1.000000,-1.000000,,,,,,,,,,,"",,,,,,,,,,"Volumetric",,,,,,,,,,0.000000,,,,,,,,,,0.000000,0.000000,,,,,,,,,,,,
"2FB81295","Nodes",1118671.250000,1678107.870000,1313.064347,"Default Known Flow Node",69.999969,0.579999,1000.000000,0.000000,"Known Flow",0.000000,0.000000,2.16999993085665e-07,40.000000,0.579999,1000.000000,0.000000,0.000000,13.000000,0.000000,0.515373,0.579999,,,,7.275121,7.275121,,16.800279,,,,,,903.822387,0.066146,0.000000,0.000000,0.000000,,-459.670013,1000.000000,,0.000000,0.000000,,,,0.047052,"UNDEFINED",0.000000,0.997567,0.000000,,,,,"","",,,,7.275121,,0.000000,,0.000000,,,0.000000,0.000000,"",,,0.000000,,-1.000000,,0.000000,0.000000,-1.000000,-1.000000,,,,,,,,,,,"",,,,,,,,,,"Volumetric",,,,,,,,,,0.000000,,,,,,,,,,0.000000,0.000000,,,,,,,,,,,,
"2FAF5809","Nodes",1118702.120000,1678122.750000,1313.064347,"Default Known Flow Node",69.999969,0.579999,1000.000000,0.000000,"Known Flow",0.000000,0.000000,2.16999993085665e-07,40.000000,0.579999,1000.000000,0.000000,0.000000,13.000000,0.000000,0.515373,0.579999,,,,7.277588,7.277588,,16.800279,,,,,,903.822387,0.066146,0.000000,0.000000,0.000000,,-459.670013,1000.000000,,0.000000,0.000000,,,,0.047052,"UNDEFINED",0.000000,0.997567,0.000000,,,,,"","",,,,7.277588,,0.000000,,0.000000,,,0.000000,0.000000,"",,,0.000000,,-1.000000,,0.000000,0.000000,-1.000000,-1.000000,,,,,,,,,,,"",,,,,,,,,,"Volumetric",,,,,,,,,,0.000000,,,,,,,,,,0.000000,0.000000,,,,,,,,,,,,
"2FB1446B","Nodes",1118699.620000,1678124.250000,1313.064347,"Default Known Flow Node",69.999969,0.579999,1000.000000,0.000000,"Known Flow",0.000000,0.000000,2.16999993085665e-07,40.000000,0.579999,1000.000000,0.000000,0.000000,13.000000,0.000000,0.515373,0.579999,,,,7.277588,7.277588,,16.800279,,,,,,903.822387,0.066146,0.000000,0.000000,0.000000,,-459.670013,1000.000000,,0.000000,0.000000,,,,0.047052,"UNDEFINED",0.000000,0.997567,0.000000,,,,,"","",,,,7.277588,,0.000000,,0.000000,,,0.000000,0.000000,"",,,0.000000,,-1.000000,,0.000000,0.000000,-1.000000,-1.000000,,,,,,,,,,,"",,,,,,,,,,"Volumetric",,,,,,,,,,0.000000,,,,,,,,,,0.000000,0.000000,,,,,,,,,,,,
"2FAF5813","Nodes",1118705.000000,1678127.750000,1313.064347,"Default Known Flow Node",69.999969,0.579999,1000.000000,0.000000,"Known Flow",0.000000,0.000000,2.16999993085665e-07,40.000000,0.579999,1000.000000,0.000000,0.000000,13.000000,0.000000,0.515373,0.579999,,,,7.275554,7.275554,,16.800279,,,,,,903.822387,0.066146,0.000000,0.000000,0.000000,,-459.670013,1000.000000,,0.000000,0.000000,,,,0.047052,"UNDEFINED",0.000000,0.997567,0.000000,,,,,"","",,,,7.275554,,0.000000,,0.000000,,,0.000000,0.000000,"",,,0.000000,,-1.000000,,0.000000,0.000000,-1.000000,-1.000000,,,,,,,,,,,"",,,,,,,,,,"Volumetric",,,,,,,,,,0.000000,,,,,,,,,,0.000000,0.000000,,,,,,,,,,,,
"2FAF7025","Nodes",1118719.620000,1678152.250000,1313.064347,"Default Known Flow Node",69.999969,0.579999,1000.000000,0.000000,"Known Flow",0.000000,0.000000,2.16999993085665e-07,40.000000,0.579999,1000.000000,0.000000,0.000000,13.000000,0.000000,0.515373,0.579999,,,,7.275022,7.275022,,16.800279,,,,,,903.822387,0.066146,0.000000,0.000000,0.000000,,-459.670013,1000.000000,,0.000000,0.000000,,,,0.047052,"UNDEFINED",0.000000,0.997567,0.000000,,,,,"","",,,,7.275022,,0.000000,,0.000000,,,0.000000,0.000000,"",,,0.000000,,-1.000000,,0.000000,0.000000,-1.000000,-1.000000,,,,,,,,,,,"",,,,,,,,,,"Volumetric",,,,,,,,,,0.000000,,,,,,,,,,0.000000,0.000000,,,,,,,,,,,,
"2FAF7027","Nodes",1118720.620000,1678154.000000,1313.064347,"Default Known Flow Node",69.999969,0.579999,1000.000000,0.000000,"Known Flow",0.000000,0.000000,2.16999993085665e-07,40.000000,0.579999,1000.000000,0.000000,0.000000,13.000000,0.000000,0.515373,0.579999,,,,7.274981,7.274981,,16.800279,,,,,,903.822387,0.066146,0.000000,0.000000,0.000000,,-459.670013,1000.000000,,0.000000,0.000000,,,,0.047052,"UNDEFINED",0.000000,0.997567,0.000000,,,,,"","",,,,7.274981,,0.000000,,0.000000,,,0.000000,0.000000,"",,,0.000000,,-1.000000,,0.000000,0.000000,-1.000000,-1.000000,,,,,,,,,,,"",,,,,,,,,,"Volumetric",,,,,,,,,,0.000000,,,,,,,,,,0.000000,0.000000,,,,,,,,,,,,
"2FAF7026","Nodes",1118738.750000,1678184.750000,1313.064347,"Default Known Flow Node",69.999969,0.579999,1000.000000,0.000000,"Known Flow",0.000000,0.000000,2.16999993085665e-07,40.000000,0.579999,1000.000000,0.000000,0.000000,13.000000,0.000000,0.515373,0.579999,,,,7.266772,7.266772,,16.800279,,,,,,903.822387,0.066146,0.000000,0.000000,0.000000,,-459.670013,1000.000000,,0.000000,0.000000,,,,0.047051,"UNDEFINED",0.000000,0.997567,0.000000,,,,,"","",,,,7.266772,,0.000000,,0.000000,,,0.000000,0.000000,"",,,0.000000,,-1.000000,,0.000000,0.000000,-1.000000,-1.000000,,,,,,,,,,,"",,,,,,,,,,"Volumetric",,,,,,,,,,0.000000,,,,,,,,,,0.000000,0.000000,,,,,,,,,,,,
"2FAF700A","Nodes",1118287.750000,1678227.250000,1313.064347,"Default Known Flow Node",69.999969,0.579999,1000.000000,0.000000,"Known Flow",0.000000,0.000000,2.16999993085665e-07,40.000000,0.579999,1000.000000,0.000000,0.000000,13.000000,0.000000,0.515372,0.579999,,,,7.165122,7.165122,,16.800279,,,,,,903.822387,0.066146,0.000000,0.000000,0.000000,,-459.670013,1000.000000,,0.000000,0.000000,,,,0.047040,"UNDEFINED",0.000000,0.997567,0.000000,,,,,"","",,,,7.165122,,0.000000,,0.000000,,,0.000000,0.000000,"",,,0.000000,,-1.000000,,0.000000,0.000000,-1.000000,-1.000000,,,,,,,,,,,"",,,,,,,,,,"Volumetric",,,,,,,,,,0.000000,,,,,,,,,,0.000000,0.000000,,,,,,,,,,,,
"2FAF581A","Nodes",1118552.500000,1678234.870000,1313.064347,"Default Known Flow Node",69.999969,0.579999,1000.000000,0.000000,"Known Flow",0.000000,0.000000,2.16999993085665e-07,40.000000,0.579999,1000.000000,0.000000,0.000000,13.000000,0.000000,0.515372,0.579999,,,,7.166636,7.166636,,16.800279,,,,,,903.822387,0.066146,0.000000,0.000000,0.000000,,-459.670013,1000.000000,,0.000000,0.000000,,,,0.047040,"SETFLOW",0.000000,0.997567,0.000000,,,,,"","",,,,7.166636,,0.000000,,0.000000,,,0.000000,0.000000,"",,,0.000000,,-1.000000,,0.000000,0.000000,-1.000000,-1.000000,,,,,,,,,,,"",,,,,,,,,,"Volumetric",,,,,,,,,,-0.413086,,,,,,,,,,-0.413086,-0.009914,,,,,,,,,,,,
"2FAF581B","Nodes",1118554.370000,1678232.870000,1313.064347,"Default Known Flow Node",69.999969,0.579999,1000.000000,0.000000,"Known Flow",0.000000,0.000000,2.16999993085665e-07,40.000000,0.579999,1000.000000,0.000000,0.000000,13.000000,0.000000,0.515372,0.579999,,,,7.166636,7.166636,,16.800279,,,,,,903.822387,0.066146,0.000000,0.000000,0.000000,,-459.670013,1000.000000,,0.000000,0.000000,,,,0.047040,"UNDEFINED",0.000000,0.997567,0.000000,,,,,"","",,,,7.166636,,0.000000,,0.000000,,,0.000000,0.000000,"",,,0.000000,,-1.000000,,0.000000,0.000000,-1.000000,-1.000000,,,,,,,,,,,"",,,,,,,,,,"Volumetric",,,,,,,,,,0.000000,,,,,,,,,,0.000000,0.000000,,,,,,,,,,,,
"2FAF581C","Nodes",1118550.750000,1678236.750000,1313.064347,"Default Known Flow Node",69.999969,0.579999,1000.000000,0.000000,"Known Flow",0.000000,0.000000,2.16999993085665e-07,40.000000,0.579999,1000.000000,0.000000,0.000000,13.000000,0.000000,0.515372,0.579999,,,,7.166652,7.166652,,16.800279,,,,,,903.822387,0.066146,0.000000,0.000000,0.000000,,-459.670013,1000.000000,,0.000000,0.000000,,,,0.047040,"UNDEFINED",0.000000,0.997567,0.000000,,,,,"","",,,,7.166652,,0.000000,,0.000000,,,0.000000,0.000000,"",,,0.000000,,-1.000000,,0.000000,0.000000,-1.000000,-1.000000,,,,,,,,,,,"",,,,,,,,,,"Volumetric",,,,,,,,,,0.000000,,,,,,,,,,0.000000,0.000000,,,,,,,,,,,,
"2FB1F89B","Nodes",1118510.500000,1678279.870000,1313.064347,"Default Known Flow Node",69.999969,0.579999,1000.000000,0.000000,"Known Flow",0.000000,0.000000,2.16999993085665e-07,40.000000,0.579999,1000.000000,0.000000,0.000000,13.000000,0.000000,0.515372,0.579999,,,,7.166969,7.166969,,16.800279,,,,,,903.822387,0.066146,0.000000,0.000000,0.000000,,-459.670013,1000.000000,,0.000000,0.000000,,,,0.047040,"UNDEFINED",0.000000,0.997567,0.000000,,,,,"","",,,,7.166969,,0.000000,,0.000000,,,0.000000,0.000000,"",,,0.000000,,-1.000000,,0.000000,0.000000,-1.000000,-1.000000,,,,,,,,,,,"",,,,,,,,,,"Volumetric",,,,,,,,,,0.000000,,,,,,,,,,0.000000,0.000000,,,,,,,,,,,,
"2FB1F89E","Nodes",1118538.500000,1678280.000000,1313.064347,"Default Known Flow Node",69.999969,0.579999,1000.000000,0.000000,"Known Flow",0.000000,0.000000,2.16999993085665e-07,40.000000,0.579999,1000.000000,0.000000,0.000000,13.000000,0.000000,0.515372,0.579999,,,,7.255350,7.255350,,16.800279,,,,,,903.822387,0.066146,0.000000,0.000000,0.000000,,-459.670013,1000.000000,,0.000000,0.000000,,,,0.047050,"UNDEFINED",0.000000,0.997567,0.000000,,,,,"","",,,,7.255350,,0.000000,,0.000000,,,0.000000,0.000000,"",,,0.000000,,-1.000000,,0.000000,0.000000,-1.000000,-1.000000,,,,,,,,,,,"",,,,,,,,,,"Volumetric",,,,,,,,,,0.000000,,,,,,,,,,0.000000,0.000000,,,,,,,,,,,,
"2FB1F89A","Nodes",1118794.750000,1678280.120000,1313.064347,"Default Known Flow Node",69.999969,0.579999,1000.000000,0.000000,"Known Flow",0.000000,0.000000,2.16999993085665e-07,40.000000,0.579999,1000.000000,0.000000,0.000000,13.000000,0.000000,0.515372,0.579999,,,,7.251295,7.251295,,16.800279,,,,,,903.822387,0.066146,0.000000,0.000000,0.000000,,-459.670013,1000.000000,,0.000000,0.000000,,,,0.047049,"UNDEFINED",0.000000,0.997567,0.000000,,,,,"","",,,,7.251295,,0.000000,,0.000000,,,0.000000,0.000000,"",,,0.000000,,-1.000000,,0.000000,0.000000,-1.000000,-1.000000,,,,,,,,,,,"",,,,,,,,,,"Volumetric",,,,,,,,,,0.000000,,,,,,,,,,0.000000,0.000000,,,,,,,,,,,,
"2FAF6413","Nodes",1118410.370000,1678387.000000,1313.064347,"Default Known Flow Node",69.999969,0.579999,1000.000000,0.000000,"Known Flow",0.000000,0.000000,2.16999993085665e-07,40.000000,0.579999,1000.000000,0.000000,0.000000,13.000000,0.000000,0.515372,0.579999,,,,7.167743,7.167743,,16.800279,,,,,,903.822387,0.066146,0.000000,0.000000,0.000000,,-459.670013,1000.000000,,0.000000,0.000000,,,,0.047040,"SETFLOW",0.000000,0.997567,0.000000,,,,,"","",,,,7.167743,,0.000000,,0.000000,,,0.000000,0.000000,"",,,0.000000,,-1.000000,,0.000000,0.000000,-1.000000,-1.000000,,,,,,,,,,,"",,,,,,,,,,"Volumetric",,,,,,,,,,-0.760214,,,,,,,,,,-0.760214,-0.018245,,,,,,,,,,,,
"2FAF6400","Nodes",1118797.000000,1678284.870000,1313.064347,"Default Known Flow Node",69.999969,0.579999,1000.000000,0.000000,"Known Flow",0.000000,0.000000,2.16999993085665e-07,40.000000,0.579999,1000.000000,0.000000,0.000000,13.000000,0.000000,0.515372,0.579999,,,,7.250591,7.250591,,16.800279,,,,,,903.822387,0.066146,0.000000,0.000000,0.000000,,-459.670013,1000.000000,,0.000000,0.000000,,,,0.047049,"UNDEFINED",0.000000,0.997567,0.000000,,,,,"","",,,,7.250591,,0.000000,,0.000000,,,0.000000,0.000000,"",,,0.000000,,-1.000000,,0.000000,0.000000,-1.000000,-1.000000,,,,,,,,,,,"",,,,,,,,,,"Volumetric",,,,,,,,,,0.000000,,,,,,,,,,0.000000,0.000000,,,,,,,,,,,,
"2FB1C499","Nodes",1118905.250000,1678483.250000,1313.064347,"Default Known Flow Node",69.999969,0.579999,1000.000000,0.000000,"Known Flow",0.000000,0.000000,2.16999993085665e-07,40.000000,0.579999,1000.000000,0.000000,0.000000,13.000000,0.000000,0.515372,0.579999,,,,7.218422,7.218422,,16.800279,,,,,,903.822387,0.066146,0.000000,0.000000,0.000000,,-459.670013,1000.000000,,0.000000,0.000000,,,,0.047046,"SETFLOW",0.000000,0.997567,0.000000,,,,,"","",,,,7.218422,,0.000000,,0.000000,,,0.000000,0.000000,"",,,0.000000,,-1.000000,,0.000000,0.000000,-1.000000,-1.000000,,,,,,,,,,,"",,,,,,,,,,"Volumetric",,,,,,,,,,-0.098466,,,,,,,,,,-0.098466,-0.002363,,,,,,,,,,,,
"2FB1F894","Nodes",1119259.750000,1678395.370000,1313.064347,"Default Known Flow Node",69.999969,0.579999,1000.000000,0.000000,"Known Flow",0.000000,0.000000,2.16999993085665e-07,40.000000,0.579999,1000.000000,0.000000,0.000000,13.000000,0.000000,0.515372,0.579999,,,,7.202084,7.202084,,16.800279,,,,,,903.822387,0.066146,0.000000,0.000000,0.000000,,-459.670013,1000.000000,,0.000000,0.000000,,,,0.047044,"SETFLOW",0.000000,0.997567,0.000000,,,,,"","",,,,7.202084,,0.000000,,0.000000,,,0.000000,0.000000,"",,,0.000000,,-1.000000,,0.000000,0.000000,-1.000000,-1.000000,,,,,,,,,,,"",,,,,,,,,,"Volumetric",,,,,,,,,,-0.337380,,,,,,,,,,-0.337380,-0.008097,,,,,,,,,,,,
"2FAF6629","Nodes",1118797.000000,1678285.870000,1313.064347,"Default Known Flow Node",69.999969,0.579999,1000.000000,0.000000,"Known Flow",0.000000,0.000000,2.16999993085665e-07,40.000000,0.579999,1000.000000,0.000000,0.000000,13.000000,0.000000,0.515372,0.579999,,,,7.250591,7.250591,,16.800279,,,,,,903.822387,0.066146,0.000000,0.000000,0.000000,,-459.670013,1000.000000,,0.000000,0.000000,,,,0.047049,"UNDEFINED",0.000000,0.997567,0.000000,,,,,"","",,,,7.250591,,0.000000,,0.000000,,,0.000000,0.000000,"",,,0.000000,,-1.000000,,0.000000,0.000000,-1.000000,-1.000000,,,,,,,,,,,"",,,,,,,,,,"Volumetric",,,,,,,,,,0.000000,,,,,,,,,,0.000000,0.000000,,,,,,,,,,,,
"2FB1C4AE","Nodes",1118892.750000,1678469.250000,1313.064347,"Default Known Flow Node",69.999969,0.579999,1000.000000,0.000000,"Known Flow",0.000000,0.000000,2.16999993085665e-07,40.000000,0.579999,1000.000000,0.000000,0.000000,13.000000,0.000000,0.515372,0.579999,,,,7.221324,7.221324,,16.800279,,,,,,903.822387,0.066146,0.000000,0.000000,0.000000,,-459.670013,1000.000000,,0.000000,0.000000,,,,0.047046,"UNDEFINED",0.000000,0.997567,0.000000,,,,,"","",,,,7.221324,,0.000000,,0.000000,,,0.000000,0.000000,"",,,0.000000,,-1.000000,,0.000000,0.000000,-1.000000,-1.000000,,,,,,,,,,,"",,,,,,,,,,"Volumetric",,,,,,,,,,0.000000,,,,,,,,,,0.000000,0.000000,,,,,,,,,,,,
"2FB1C4AF","Nodes",1118896.500000,1678476.750000,1313.064347,"Default Known Flow Node",69.999969,0.579999,1000.000000,0.000000,"Known Flow",0.000000,0.000000,2.16999993085665e-07,40.000000,0.579999,1000.000000,0.000000,0.000000,13.000000,0.000000,0.515372,0.579999,,,,7.219591,7.219591,,16.800279,,,,,,903.822387,0.066146,0.000000,0.000000,0.000000,,-459.670013,1000.000000,,0.000000,0.000000,,,,0.047046,"UNDEFINED",0.000000,0.997567,0.000000,,,,,"","",,,,7.219591,,0.000000,,0.000000,,,0.000000,0.000000,"",,,0.000000,,-1.000000,,0.000000,0.000000,-1.000000,-1.000000,,,,,,,,,,,"",,,,,,,,,,"Volumetric",,,,,,,,,,0.000000,,,,,,,,,,0.000000,0.000000,,,,,,,,,,,,
"2FB1C4AD","Nodes",1118900.500000,1678484.370000,1313.064347,"Default Known Flow Node",69.999969,0.579999,1000.000000,0.000000,"Known Flow",0.000000,0.000000,2.16999993085665e-07,40.000000,0.579999,1000.000000,0.000000,0.000000,13.000000,0.000000,0.515372,0.579999,,,,7.218466,7.218466,,16.800279,,,,,,903.822387,0.066146,0.000000,0.000000,0.000000,,-459.670013,1000.000000,,0.000000,0.000000,,,,0.047046,"UNDEFINED",0.000000,0.997567,0.000000,,,,,"","",,,,7.218466,,0.000000,,0.000000,,,0.000000,0.000000,"",,,0.000000,,-1.000000,,0.000000,0.000000,-1.000000,-1.000000,,,,,,,,,,,"",,,,,,,,,,"Volumetric",,,,,,,,,,0.000000,,,,,,,,,,0.000000,0.000000,,,,,,,,,,,,
"2FB1C4B0","Nodes",1118901.250000,1678485.870000,1313.064347,"Default Known Flow Node",69.999969,0.579999,1000.000000,0.000000,"Known Flow",0.000000,0.000000,2.16999993085665e-07,40.000000,0.579999,1000.000000,0.000000,0.000000,13.000000,0.000000,0.515372,0.579999,,,,7.218281,7.218281,,16.800279,,,,,,903.822387,0.066146,0.000000,0.000000,0.000000,,-459.670013,1000.000000,,0.000000,0.000000,,,,0.047046,"SETFLOW",0.000000,0.997567,0.000000,,,,,"","",,,,7.218281,,0.000000,,0.000000,,,0.000000,0.000000,"",,,0.000000,,-1.000000,,0.000000,0.000000,-1.000000,-1.000000,,,,,,,,,,,"",,,,,,,,,,"Volumetric",,,,,,,,,,-0.149813,,,,,,,,,,-0.149813,-0.003595,,,,,,,,,,,,
"2FB87358","Nodes",1118893.500000,1678487.870000,1313.064347,"Default Known Flow Node",69.999969,0.579999,1000.000000,0.000000,"Known Flow",0.000000,0.000000,2.16999993085665e-07,40.000000,0.579999,1000.000000,0.000000,0.000000,13.000000,0.000000,0.515372,0.579999,,,,7.217044,7.217044,,16.800279,,,,,,903.822387,0.066146,0.000000,0.000000,0.000000,,-459.670013,1000.000000,,0.000000,0.000000,,,,0.047045,"SETFLOW",0.000000,0.997567,0.000000,,,,,"","",,,,7.217044,,0.000000,,0.000000,,,0.000000,0.000000,"",,,0.000000,,-1.000000,,0.000000,0.000000,-1.000000,-1.000000,,,,,,,,,,,"",,,,,,,,,,"Volumetric",,,,,,,,,,-0.098466,,,,,,,,,,-0.098466,-0.002363,,,,,,,,,,,,
"2FB87322","Nodes",1118284.370000,1678513.000000,1313.064347,"Default Known Flow Node",69.999969,0.579999,1000.000000,0.000000,"Known Flow",0.000000,0.000000,2.16999993085665e-07,40.000000,0.579999,1000.000000,0.000000,0.000000,13.000000,0.000000,0.515372,0.579999,,,,7.174392,7.174392,,16.800279,,,,,,903.822387,0.066146,0.000000,0.000000,0.000000,,-459.670013,1000.000000,,0.000000,0.000000,,,,0.047041,"UNDEFINED",0.000000,0.997567,0.000000,,,,,"","",,,,7.174392,,0.000000,,0.000000,,,0.000000,0.000000,"",,,0.000000,,-1.000000,,0.000000,0.000000,-1.000000,-1.000000,,,,,,,,,,,"",,,,,,,,,,"Volumetric",,,,,,,,,,0.000000,,,,,,,,,,0.000000,0.000000,,,,,,,,,,,,
"2FAF6414","Nodes",1118244.500000,1678557.120000,1313.064347,"Default Known Flow Node",69.999969,0.579999,1000.000000,0.000000,"Known Flow",0.000000,0.000000,2.16999993085665e-07,40.000000,0.579999,1000.000000,0.000000,0.000000,13.000000,0.000000,0.515372,0.579999,,,,7.195187,7.195187,,16.800279,,,,,,903.822387,0.066146,0.000000,0.000000,0.000000,,-459.670013,1000.000000,,0.000000,0.000000,,,,0.047043,"SETFLOW",0.000000,0.997567,0.000000,,,,,"","",,,,7.195187,,0.000000,,0.000000,,,0.000000,0.000000,"",,,0.000000,,-1.000000,,0.000000,0.000000,-1.000000,-1.000000,,,,,,,,,,,"",,,,,,,,,,"Volumetric",,,,,,,,,,-0.206422,,,,,,,,,,-0.206422,-0.004954,,,,,,,,,,,,
"2FAF640C","Nodes",1118596.370000,1678563.500000,1313.064347,"Default Known Flow Node",69.999969,0.579999,1000.000000,0.000000,"Known Flow",0.000000,0.000000,2.16999993085665e-07,40.000000,0.579999,1000.000000,0.000000,0.000000,13.000000,0.000000,0.515372,0.579999,,,,7.164282,7.164282,,16.800279,,,,,,903.822387,0.066146,0.000000,0.000000,0.000000,,-459.670013,1000.000000,,0.000000,0.000000,,,,0.047040,"SETFLOW",0.000000,0.997567,0.000000,,,,,"","",,,,7.164282,,0.000000,,0.000000,,,0.000000,0.000000,"",,,0.000000,,-1.000000,,0.000000,0.000000,-1.000000,-1.000000,,,,,,,,,,,"",,,,,,,,,,"Volumetric",,,,,,,,,,-0.382504,,,,,,,,,,-0.382504,-0.009180,,,,,,,,,,,,
"2FB87359","Nodes",1118597.678598,1678569.874880,1313.064347,"Default Known Flow Node",69.999969,0.579999,1000.000000,0.000000,"Known Flow",0.000000,0.000000,2.16999993085665e-07,40.000000,0.579999,1000.000000,0.000000,0.000000,13.000000,0.000000,0.515372,0.579999,,,,7.164257,7.164257,,16.800279,,,,,,903.822387,0.066146,0.000000,0.000000,0.000000,,-459.670013,1000.000000,,0.000000,0.000000,,,,0.047039,"SETFLOW",0.000000,0.997567,0.000000,,,,,"","",,,,7.164257,,0.000000,,0.000000,,,0.000000,0.000000,"",,,0.000000,,-1.000000,,0.000000,0.000000,-1.000000,-1.000000,,,,,,,,,,,"",,,,,,,,,,"Volumetric",,,,,,,,,,-1.214504,,,,,,,,,,-1.214504,-0.029148,,,,,,,,,,,,
"2FAF6417","Nodes",1118491.370000,1678590.250000,1313.064347,"Default Known Flow Node",69.999969,0.579999,1000.000000,0.000000,"Known Flow",0.000000,0.000000,2.16999993085665e-07,40.000000,0.579999,1000.000000,0.000000,0.000000,13.000000,0.000000,0.515372,0.579999,,,,7.153155,7.153155,,16.800279,,,,,,903.822387,0.066146,0.000000,0.000000,0.000000,,-459.670013,1000.000000,,0.000000,0.000000,,,,0.047038,"SETFLOW",0.000000,0.997568,0.000000,,,,,"","",,,,7.153155,,0.000000,,0.000000,,,0.000000,0.000000,"",,,0.000000,,-1.000000,,0.000000,0.000000,-1.000000,-1.000000,,,,,,,,,,,"",,,,,,,,,,"Volumetric",,,,,,,,,,-1.734926,,,,,,,,,,-1.734926,-0.041638,,,,,,,,,,,,
"G259","Nodes",1118423.500499,1678605.517602,1313.064347,"Default Known Flow Node",69.999969,0.579999,1000.000000,0.000000,"Known Flow",0.000000,0.000000,2.16999993085665e-07,40.000000,0.579999,1000.000000,0.000000,0.000000,13.000000,0.000000,0.515372,0.579999,,,,7.169315,7.169315,,16.800279,,,,,,903.822387,0.066146,0.000000,0.000000,0.000000,,-459.670013,1000.000000,,0.000000,0.000000,,,,0.047040,"UNDEFINED",0.000000,0.997567,0.000000,,,,,"","",,,,7.169315,,0.000000,,0.000000,,,0.000000,0.000000,"",,,0.000000,"200th St & 36th Ave",-1.000000,,0.000000,0.000000,0.000000,-1.000000,,,,,,,,,,,"",,,,,,,,,,"Volumetric",,,,,,,,,,0.000000,,,,,,,,,,0.000000,0.000000,,,,,,,,,,,,
"2FB28007","Nodes",1119679.620000,1667600.250000,1313.064347,"Default Known Flow Node",69.999969,0.579999,1000.000000,0.000000,"Known Flow",0.000000,0.000000,2.16999993085665e-07,40.000000,0.579999,1000.000000,0.000000,0.000000,13.000000,0.000000,0.515369,0.579999,,,,6.620920,6.620920,,16.800279,,,,,,903.822387,0.066147,0.000000,0.000000,0.000000,,-459.670013,1000.000000,,0.000000,0.000000,,,,0.046978,"SETFLOW",0.000000,0.997571,0.000000,,,,,"","",,,,6.620920,,0.000000,,0.000000,,,0.000000,0.000000,"",,,0.000000,,-1.000000,,0.000000,0.000000,-1.000000,-1.000000,,,,,,,,,,,"",,,,,,,,,,"Volumetric",,,,,,,,,,-1.341847,,,,,,,,,,-1.341847,-0.032204,,,,,,,,,,,,
"0BEC1DD2","Nodes",1120181.620000,1667674.870000,1313.064347,"Default Known Flow Node",69.999969,0.579999,1000.000000,0.000000,"Known Flow",0.000000,0.000000,2.16999993085665e-07,40.000000,0.579999,1000.000000,0.000000,0.000000,13.000000,0.000000,0.515370,0.579999,,,,6.773081,6.773081,,16.800279,,,,,,903.822387,0.066147,0.000000,0.000000,0.000000,,-459.670013,1000.000000,,0.000000,0.000000,,,,0.046995,"UNDEFINED",0.000000,0.997570,0.000000,,,,,"","",,,,6.773081,,0.000000,,0.000000,,,0.000000,0.000000,"",,,0.000000,,-1.000000,,0.000000,0.000000,-1.000000,-1.000000,,,,,,,,,,,"",,,,,,,,,,"Volumetric",,,,,,,,,,0.000000,,,,,,,,,,0.000000,0.000000,,,,,,,,,,,,
"0BEC486A","Nodes",1119696.870000,1667597.370000,1313.064347,"Default Known Flow Node",69.999969,0.579999,1000.000000,0.000000,"Known Flow",0.000000,0.000000,2.16999993085665e-07,40.000000,0.579999,1000.000000,0.000000,0.000000,13.000000,0.000000,0.515369,0.579999,,,,6.622126,6.622126,,16.800279,,,,,,903.822387,0.066147,0.000000,0.000000,0.000000,,-459.670013,1000.000000,,0.000000,0.000000,,,,0.046978,"SETFLOW",0.000000,0.997571,0.000000,,,,,"","",,,,6.622126,,0.000000,,0.000000,,,0.000000,0.000000,"",,,0.000000,,-1.000000,,0.000000,0.000000,-1.000000,-1.000000,,,,,,,,,,,"",,,,,,,,,,"Volumetric",,,,,,,,,,-1.299914,,,,,,,,,,-1.299914,-0.031197,,,,,,,,,,,,
"2FB28006","Nodes",1119696.250000,1667594.120000,1313.064347,"Default Known Flow Node",69.999969,0.579999,1000.000000,0.000000,"Known Flow",0.000000,0.000000,2.16999993085665e-07,40.000000,0.579999,1000.000000,0.000000,0.000000,13.000000,0.000000,0.515369,0.579999,,,,6.622126,6.622126,,16.800279,,,,,,903.822387,0.066147,0.000000,0.000000,0.000000,,-459.670013,1000.000000,,0.000000,0.000000,,,,0.046978,"UNDEFINED",0.000000,0.997571,0.000000,,,,,"","",,,,6.622126,,0.000000,,0.000000,,,0.000000,0.000000,"",,,0.000000,,-1.000000,,0.000000,0.000000,-1.000000,-1.000000,,,,,,,,,,,"",,,,,,,,,,"Volumetric",,,,,,,,,,0.000000,,,,,,,,,,0.000000,0.000000,,,,,,,,,,,,
"0BEC4851","Nodes",1119387.120000,1667648.620000,1313.064347,"Default Known Flow Node",69.999969,0.579999,1000.000000,0.000000,"Known Flow",0.000000,0.000000,2.16999993085665e-07,40.000000,0.579999,1000.000000,0.000000,0.000000,13.000000,0.000000,0.515369,0.579999,,,,6.618601,6.618601,,16.800279,,,,,,903.822387,0.066147,0.000000,0.000000,0.000000,,-459.670013,1000.000000,,0.000000,0.000000,,,,0.046978,"UNDEFINED",0.000000,0.997571,0.000000,,,,,"","",,,,6.618601,,0.000000,,0.000000,,,0.000000,0.000000,"",,,0.000000,,-1.000000,,0.000000,0.000000,-1.000000,-1.000000,,,,,,,,,,,"",,,,,,,,,,"Volumetric",,,,,,,,,,0.000000,,,,,,,,,,0.000000,0.000000,,,,,,,,,,,,
"0BEC488B","Nodes",1119384.370000,1667640.370000,1313.064347,"Default Known Flow Node",69.999969,0.579999,1000.000000,0.000000,"Known Flow",0.000000,0.000000,2.16999993085665e-07,40.000000,0.579999,1000.000000,0.000000,0.000000,13.000000,0.000000,0.515369,0.579999,,,,6.618293,6.618293,,16.800279,,,,,,903.822387,0.066147,0.000000,0.000000,0.000000,,-459.670013,1000.000000,,0.000000,0.000000,,,,0.046977,"SETFLOW",0.000000,0.997571,0.000000,,,,,"","",,,,6.618293,,0.000000,,0.000000,,,0.000000,0.000000,"",,,0.000000,,-1.000000,,0.000000,0.000000,-1.000000,-1.000000,,,,,,,,,,,"",,,,,,,,,,"Volumetric",,,,,,,,,,-0.182145,,,,,,,,,,-0.182145,-0.004371,,,,,,,,,,,,
"0BEC486B","Nodes",1119403.120000,1667646.250000,1313.064347,"Default Known Flow Node",69.999969,0.579999,1000.000000,0.000000,"Known Flow",0.000000,0.000000,2.16999993085665e-07,40.000000,0.579999,1000.000000,0.000000,0.000000,13.000000,0.000000,0.515369,0.579999,,,,6.620614,6.620614,,16.800279,,,,,,903.822387,0.066147,0.000000,0.000000,0.000000,,-459.670013,1000.000000,,0.000000,0.000000,,,,0.046978,"SETFLOW",0.000000,0.997571,0.000000,,,,,"","",,,,6.620614,,0.000000,,0.000000,,,0.000000,0.000000,"",,,0.000000,,-1.000000,,0.000000,0.000000,-1.000000,-1.000000,,,,,,,,,,,"",,,,,,,,,,"Volumetric",,,,,,,,,,-0.923830,,,,,,,,,,-0.923830,-0.022171,,,,,,,,,,,,
"0BEC486C","Nodes",1119402.500000,1667642.370000,1313.064347,"Default Known Flow Node",69.999969,0.579999,1000.000000,0.000000,"Known Flow",0.000000,0.000000,2.16999993085665e-07,40.000000,0.579999,1000.000000,0.000000,0.000000,13.000000,0.000000,0.515369,0.579999,,,,6.620614,6.620614,,16.800279,,,,,,903.822387,0.066147,0.000000,0.000000,0.000000,,-459.670013,1000.000000,,0.000000,0.000000,,,,0.046978,"UNDEFINED",0.000000,0.997571,0.000000,,,,,"","",,,,6.620614,,0.000000,,0.000000,,,0.000000,0.000000,"",,,0.000000,,-1.000000,,0.000000,0.000000,-1.000000,-1.000000,,,,,,,,,,,"",,,,,,,,,,"Volumetric",,,,,,,,,,0.000000,,,,,,,,,,0.000000,0.000000,,,,,,,,,,,,
"0BEC4867","Nodes",1120181.120000,1667680.870000,1313.064347,"Default Known Flow Node",69.999969,0.579999,1000.000000,0.000000,"Known Flow",0.000000,0.000000,2.16999993085665e-07,40.000000,0.579999,1000.000000,0.000000,0.000000,13.000000,0.000000,0.515370,0.579999,,,,6.775544,6.775544,,16.800279,,,,,,903.822387,0.066147,0.000000,0.000000,0.000000,,-459.670013,1000.000000,,0.000000,0.000000,,,,0.046995,"SETFLOW",0.000000,0.997570,0.000000,,,,,"","",,,,6.775544,,0.000000,,0.000000,,,0.000000,0.000000,"",,,0.000000,,-1.000000,,0.000000,0.000000,-1.000000,-1.000000,,,,,,,,,,,"",,,,,,,,,,"Volumetric",,,,,,,,,,-0.021621,,,,,,,,,,-0.021621,-0.000518,,,,,,,,,,,,
"0BEC4866","Nodes",1120180.750000,1667705.620000,1313.064347,"Default Known Flow Node",69.999969,0.579999,1000.000000,0.000000,"Known Flow",0.000000,0.000000,2.16999993085665e-07,40.000000,0.579999,1000.000000,0.000000,0.000000,13.000000,0.000000,0.515370,0.579999,,,,6.786790,6.786790,,16.800279,,,,,,903.822387,0.066147,0.000000,0.000000,0.000000,,-459.670013,1000.000000,,0.000000,0.000000,,,,0.046997,"SETFLOW",0.000000,0.997570,0.000000,,,,,"","",,,,6.786790,,0.000000,,0.000000,,,0.000000,0.000000,"",,,0.000000,,-1.000000,,0.000000,0.000000,-1.000000,-1.000000,,,,,,,,,,,"",,,,,,,,,,"Volumetric",,,,,,,,,,-0.021621,,,,,,,,,,-0.021621,-0.000518,,,,,,,,,,,,
"0BEC486D","Nodes",1119411.250000,1667703.120000,1313.064347,"Default Known Flow Node",69.999969,0.579999,1000.000000,0.000000,"Known Flow",0.000000,0.000000,2.16999993085665e-07,40.000000,0.579999,1000.000000,0.000000,0.000000,13.000000,0.000000,0.515369,0.579999,,,,6.632286,6.632286,,16.800279,,,,,,903.822387,0.066147,0.000000,0.000000,0.000000,,-459.670013,1000.000000,,0.000000,0.000000,,,,0.046979,"UNDEFINED",0.000000,0.997571,0.000000,,,,,"","",,,,6.632286,,0.000000,,0.000000,,,0.000000,0.000000,"",,,0.000000,,-1.000000,,0.000000,0.000000,-1.000000,-1.000000,,,,,,,,,,,"",,,,,,,,,,"Volumetric",,,,,,,,,,0.000000,,,,,,,,,,0.000000,0.000000,,,,,,,,,,,,
"3W31","Nodes",1120180.120000,1667901.370000,1313.064347,"Default Known Flow Node",69.999969,0.579999,1000.000000,0.000000,"Known Flow",0.000000,0.000000,2.16999993085665e-07,40.000000,0.579999,1000.000000,0.000000,0.000000,13.000000,0.000000,0.515370,0.579999,,,,6.885374,6.885374,,16.800279,,,,,,903.822387,0.066147,0.000000,0.000000,0.000000,,-459.670013,1000.000000,,0.000000,0.000000,,,,0.047008,"SETFLOW",0.000000,0.997569,0.000000,,,,,"","",,,,6.885374,,0.000000,,0.000000,,,0.000000,0.000000,"",,,0.000000,"141-25 Owners Corp, IT to Firm 3/31/14",-1.000000,,0.000000,0.000000,-1.000000,-1.000000,,,,,,,,,,,,,,,,"",,,,,,,,,,"Volumetric",,,,,,,,,,-8.999986,,,,,-8.999986,-0.215999,,,,,,,,,,,,
"2FC13D49","Nodes",1120180.141714,1667894.588616,1313.064347,"Default Known Flow Node",69.999969,0.579999,1000.000000,0.000000,"Known Flow",0.000000,0.000000,2.16999993085665e-07,40.000000,0.579999,1000.000000,0.000000,0.000000,13.000000,0.000000,0.515370,0.579999,,,,6.882022,6.882022,,16.800279,,,,,,903.822387,0.066147,0.000000,0.000000,0.000000,,-459.670013,1000.000000,,0.000000,0.000000,,,,0.047007,"UNDEFINED",0.000000,0.997569,0.000000,,,,,"","",,,,6.882022,,0.000000,,0.000000,,,0.000000,0.000000,"",,,0.000000,,-1.000000,,0.000000,0.000000,0.000000,-1.000000,,,,,,,,,,,"",,,,,,,,,,"Volumetric",,,,,,,,,,0.000000,,,,,,,,,,0.000000,0.000000,,,,,,,,,,,,
"0BEC486E","Nodes",1119412.120000,1667707.620000,1313.064347,"Default Known Flow Node",69.999969,0.579999,1000.000000,0.000000,"Known Flow",0.000000,0.000000,2.16999993085665e-07,40.000000,0.579999,1000.000000,0.000000,0.000000,13.000000,0.000000,0.515369,0.579999,,,,6.633292,6.633292,,16.800279,,,,,,903.822387,0.066147,0.000000,0.000000,0.000000,,-459.670013,1000.000000,,0.000000,0.000000,,,,0.046979,"SETFLOW",0.000000,0.997571,0.000000,,,,,"","",,,,6.633292,,0.000000,,0.000000,,,0.000000,0.000000,"",,,0.000000,,-1.000000,,0.000000,0.000000,-1.000000,-1.000000,,,,,,,,,,,"",,,,,,,,,,"Volumetric",,,,,,,,,,-0.734707,,,,,,,,,,-0.734707,-0.017632,,,,,,,,,,,,
"0BEC487D","Nodes",1119753.000000,1667960.000000,1313.064347,"Default Known Flow Node",69.999969,0.579999,1000.000000,0.000000,"Known Flow",0.000000,0.000000,2.16999993085665e-07,40.000000,0.579999,1000.000000,0.000000,0.000000,13.000000,0.000000,0.515374,0.579999,,,,7.480357,7.480357,,16.800279,,,,,,903.822387,0.066146,0.000000,0.000000,0.000000,,-459.670013,1000.000000,,0.000000,0.000000,,,,0.047075,"SETFLOW",0.000000,0.997566,0.000000,,,,,"","",,,,7.480357,,0.000000,,0.000000,,,0.000000,0.000000,"",,,0.000000,,-1.000000,,0.000000,0.000000,-1.000000,-1.000000,,,,,,,,,,,"",,,,,,,,,,"Volumetric",,,,,,,,,,-0.218263,,,,,,,,,,-0.218263,-0.005238,,,,,,,,,,,,
"0BEC487E","Nodes",1119724.870000,1667802.370000,1313.064347,"Default Known Flow Node",69.999969,0.579999,1000.000000,0.000000,"Known Flow",0.000000,0.000000,2.16999993085665e-07,40.000000,0.579999,1000.000000,0.000000,0.000000,13.000000,0.000000,0.515374,0.579999,,,,7.480357,7.480357,,16.800279,,,,,,903.822387,0.066146,0.000000,0.000000,0.000000,,-459.670013,1000.000000,,0.000000,0.000000,,,,0.047075,"SETFLOW",0.000000,0.997566,0.000000,,,,,"","",,,,7.480357,,0.000000,,0.000000,,,0.000000,0.000000,"",,,0.000000,"143-20 37 Ave, Q= 3.552 mcfh, Firm",-1.000000,,0.000000,0.000000,-1.000000,-1.000000,,,,,,,,,,,"",,,"",,,,,,,"Volumetric",,,"Volumetric",,,,,,,0.000000,,,-3.552000,,,,,,,0.000000,0.000000,,,,,,,,,,,,
"0BEC4863","Nodes",1120180.120000,1667909.870000,1313.064347,"Default Known Flow Node",69.999969,0.579999,1000.000000,0.000000,"Known Flow",0.000000,0.000000,2.16999993085665e-07,40.000000,0.579999,1000.000000,0.000000,0.000000,13.000000,0.000000,0.515371,0.579999,,,,6.919206,6.919206,,16.800279,,,,,,903.822387,0.066147,0.000000,0.000000,0.000000,,-459.670013,1000.000000,,0.000000,0.000000,,,,0.047012,"SETFLOW",0.000000,0.997569,0.000000,,,,,"","",,,,6.919206,,0.000000,,0.000000,,,0.000000,0.000000,"",,,0.000000,,-1.000000,,0.000000,0.000000,-1.000000,-1.000000,,,,,,,,,,,"",,,,,,,,,,"Volumetric",,,,,,,,,,-1.124321,,,,,,,,,,-1.124321,-0.026983,,,,,,,,,,,,
"0BEC4862","Nodes",1120181.120000,1667961.500000,1313.064347,"Default Known Flow Node",69.999969,0.579999,1000.000000,0.000000,"Known Flow",0.000000,0.000000,2.16999993085665e-07,40.000000,0.579999,1000.000000,0.000000,0.000000,13.000000,0.000000,0.515372,0.579999,,,,7.109645,7.109645,,16.800279,,,,,,903.822387,0.066147,0.000000,0.000000,0.000000,,-459.670013,1000.000000,,0.000000,0.000000,,,,0.047033,"SETFLOW",0.000000,0.997568,0.000000,,,,,"","",,,,7.109645,,0.000000,,0.000000,,,0.000000,0.000000,"",,,0.000000,,-1.000000,,0.000000,0.000000,-1.000000,-1.000000,,,,,,,,,,,"",,,,,,,,,,"Volumetric",,,,,,,,,,-0.011138,,,,,,,,,,-0.011138,-0.000267,,,,,,,,,,,,
"0BEC4861","Nodes",1120181.120000,1667967.500000,1313.064347,"Default Known Flow Node",69.999969,0.579999,1000.000000,0.000000,"Known Flow",0.000000,0.000000,2.16999993085665e-07,40.000000,0.579999,1000.000000,0.000000,0.000000,13.000000,0.000000,0.515372,0.579999,,,,7.127519,7.127519,,16.800279,,,,,,903.822387,0.066146,0.000000,0.000000,0.000000,,-459.670013,1000.000000,,0.000000,0.000000,,,,0.047035,"SETFLOW",0.000000,0.997568,0.000000,,,,,"","",,,,7.127519,,0.000000,,0.000000,,,0.000000,0.000000,"",,,0.000000,,-1.000000,,0.000000,0.000000,-1.000000,-1.000000,,,,,,,,,,,"",,,,,,,,,,"Volumetric",,,,,,,,,,-0.101555,,,,,,,,,,-0.101555,-0.002437,,,,,,,,,,,,
"0BEC4860","Nodes",1120189.620000,1668226.370000,1313.064347,"Default Known Flow Node",69.999969,0.579999,1000.000000,0.000000,"Known Flow",0.000000,0.000000,2.16999993085665e-07,40.000000,0.579999,1000.000000,0.000000,0.000000,13.000000,0.000000,0.515377,0.579999,,,,8.084374,8.084374,,16.800279,,,,,,903.822387,0.066146,0.000000,0.000000,0.000000,,-459.670013,1000.000000,,0.000000,0.000000,,,,0.047144,"SETFLOW",0.000000,0.997562,0.000000,,,,,"","",,,,8.084374,,0.000000,,0.000000,,,0.000000,0.000000,"",,,0.000000,,-1.000000,,0.000000,0.000000,-1.000000,-1.000000,,,,,,,,,,,"",,,,,,,,,,"Volumetric",,,,,,,,,,-0.101555,,,,,,,,,,-0.101555,-0.002437,,,,,,,,,,,,
"0BEC4856","Nodes",1119473.000000,1668085.870000,1313.064347,"Default Known Flow Node",69.999969,0.579999,1000.000000,0.000000,"Known Flow",0.000000,0.000000,2.16999993085665e-07,40.000000,0.579999,1000.000000,0.000000,0.000000,13.000000,0.000000,0.515375,0.579999,,,,7.658183,7.658183,,16.800279,,,,,,903.822387,0.066146,0.000000,0.000000,0.000000,,-459.670013,1000.000000,,0.000000,0.000000,,,,0.047096,"SETFLOW",0.000000,0.997565,0.000000,,,,,"","",,,,7.658183,,0.000000,,0.000000,,,0.000000,0.000000,"",,,0.000000,,-1.000000,,0.000000,0.000000,-1.000000,-1.000000,,,,,,,,,,,"",,,,,,,,,,"Volumetric",,,,,,,,,,-0.678294,,,,,,,,,,-0.678294,-0.016279,,,,,,,,,,,,
"0BEC485E","Nodes",1120190.120000,1668250.750000,1313.064347,"Default Known Flow Node",69.999969,0.579999,1000.000000,0.000000,"Known Flow",0.000000,0.000000,2.16999993085665e-07,40.000000,0.579999,1000.000000,0.000000,0.000000,13.000000,0.000000,0.515377,0.579999,,,,8.119607,8.119607,,16.800279,,,,,,903.822387,0.066146,0.000000,0.000000,0.000000,,-459.670013,1000.000000,,0.000000,0.000000,,,,0.047148,"UNDEFINED",0.000000,0.997562,0.000000,,,,,"","",,,,8.119607,,0.000000,,0.000000,,,0.000000,0.000000,"",,,0.000000,,-1.000000,,0.000000,0.000000,-1.000000,-1.000000,,,,,,,,,,,"",,,,,,,,,,"Volumetric",,,,,,,,,,0.000000,,,,,,,,,,0.000000,0.000000,,,,,,,,,,,,
"0BEC1DCD","Nodes",1120190.370000,1668253.250000,1313.064347,"Default Known Flow Node",69.999969,0.579999,1000.000000,0.000000,"Known Flow",0.000000,0.000000,2.16999993085665e-07,40.000000,0.579999,1000.000000,0.000000,0.000000,13.000000,0.000000,0.515377,0.579999,,,,8.128739,8.128739,,16.800279,,,,,,903.822387,0.066146,0.000000,0.000000,0.000000,,-459.670013,1000.000000,,0.000000,0.000000,,,,0.047149,"UNDEFINED",0.000000,0.997562,0.000000,,,,,"","",,,,8.128739,,0.000000,,0.000000,,,0.000000,0.000000,"",,,0.000000,,-1.000000,,0.000000,0.000000,-1.000000,-1.000000,,,,,,,,,,,"",,,,,,,,,,"Volumetric",,,,,,,,,,0.000000,,,,,,,,,,0.000000,0.000000,,,,,,,,,,,,
"0BEC485C","Nodes",1120256.370000,1668258.370000,1313.064347,"Default Known Flow Node",69.999969,0.579999,1000.000000,0.000000,"Known Flow",0.000000,0.000000,2.16999993085665e-07,40.000000,0.579999,1000.000000,0.000000,0.000000,13.000000,0.000000,0.515377,0.579999,,,,8.133378,8.133378,,16.800279,,,,,,903.822387,0.066146,0.000000,0.000000,0.000000,,-459.670013,1000.000000,,0.000000,0.000000,,,,0.047150,"UNDEFINED",0.000000,0.997562,0.000000,,,,,"","",,,,8.133378,,0.000000,,0.000000,,,0.000000,0.000000,"",,,0.000000,,-1.000000,,0.000000,0.000000,-1.000000,-1.000000,,,,,,,,,,,"",,,,,,,,,,"Volumetric",,,,,,,,,,0.000000,,,,,,,,,,0.000000,0.000000,,,,,,,,,,,,
"0BEC485D","Nodes",1120190.250000,1668255.500000,1313.064347,"Default Known Flow Node",69.999969,0.579999,1000.000000,0.000000,"Known Flow",0.000000,0.000000,2.16999993085665e-07,40.000000,0.579999,1000.000000,0.000000,0.000000,13.000000,0.000000,0.515377,0.579999,,,,8.129180,8.129180,,16.800279,,,,,,903.822387,0.066146,0.000000,0.000000,0.000000,,-459.670013,1000.000000,,0.000000,0.000000,,,,0.047149,"UNDEFINED",0.000000,0.997562,0.000000,,,,,"","",,,,8.129180,,0.000000,,0.000000,,,0.000000,0.000000,"",,,0.000000,,-1.000000,,0.000000,0.000000,-1.000000,-1.000000,,,,,,,,,,,"",,,,,,,,,,"Volumetric",,,,,,,,,,0.000000,,,,,,,,,,0.000000,0.000000,,,,,,,,,,,,
"0BEC484D","Nodes",1120264.500000,1668258.500000,1313.064347,"Default Known Flow Node",69.999969,0.579999,1000.000000,0.000000,"Known Flow",0.000000,0.000000,2.16999993085665e-07,40.000000,0.579999,1000.000000,0.000000,0.000000,13.000000,0.000000,0.515377,0.579999,,,,8.136968,8.136968,,16.800279,,,,,,903.822387,0.066146,0.000000,0.000000,0.000000,,-459.670013,1000.000000,,0.000000,0.000000,,,,0.047150,"UNDEFINED",0.000000,0.997562,0.000000,,,,,"","",,,,8.136968,,0.000000,,0.000000,,,0.000000,0.000000,"",,,0.000000,,-1.000000,,0.000000,0.000000,-1.000000,-1.000000,,,,,,,,,,,"",,,,,,,,,,"Volumetric",,,,,,,,,,0.000000,,,,,,,,,,0.000000,0.000000,,,,,,,,,,,,
"0BEC485B","Nodes",1120260.250000,1668258.250000,1313.064347,"Default Known Flow Node",69.999969,0.579999,1000.000000,0.000000,"Known Flow",0.000000,0.000000,2.16999993085665e-07,40.000000,0.579999,1000.000000,0.000000,0.000000,13.000000,0.000000,0.515377,0.579999,,,,8.133659,8.133659,,16.800279,,,,,,903.822387,0.066146,0.000000,0.000000,0.000000,,-459.670013,1000.000000,,0.000000,0.000000,,,,0.047150,"UNDEFINED",0.000000,0.997562,0.000000,,,,,"","",,,,8.133659,,0.000000,,0.000000,,,0.000000,0.000000,"",,,0.000000,,-1.000000,,0.000000,0.000000,-1.000000,-1.000000,,,,,,,,,,,"",,,,,,,,,,"Volumetric",,,,,,,,,,0.000000,,,,,,,,,,0.000000,0.000000,,,,,,,,,,,,
"0BEC48B9","Nodes",1120279.620000,1668257.620000,1313.064347,"Default Known Flow Node",69.999969,0.579999,1000.000000,0.000000,"Known Flow",0.000000,0.000000,2.16999993085665e-07,40.000000,0.579999,1000.000000,0.000000,0.000000,13.000000,0.000000,0.515377,0.579999,,,,8.149377,8.149377,,16.800279,,,,,,903.822387,0.066146,0.000000,0.000000,0.000000,,-459.670013,1000.000000,,0.000000,0.000000,,,,0.047151,"SETFLOW",0.000000,0.997562,0.000000,,,,,"","",,,,8.149377,,0.000000,,0.000000,,,0.000000,0.000000,"",,,0.000000,,-1.000000,,0.000000,0.000000,-1.000000,-1.000000,,,,,,,,,,,"",,,,,,,,,,"Volumetric",,,,,,,,,,-0.005241,,,,,,,,,,-0.005241,-0.000125,,,,,,,,,,,,
"0BEC486F","Nodes",1120254.626827,1668262.992980,1313.064347,"Default Known Flow Node",69.999969,0.579999,1000.000000,0.000000,"Known Flow",0.000000,0.000000,2.16999993085665e-07,40.000000,0.579999,1000.000000,0.000000,0.000000,13.000000,0.000000,0.515377,0.579999,,,,8.128801,8.128801,,16.800279,,,,,,903.822387,0.066146,0.000000,0.000000,0.000000,,-459.670013,1000.000000,,0.000000,0.000000,,,,0.047149,"SETFLOW",0.000000,0.997562,0.000000,,,,,"","",,,,8.128801,,0.000000,,0.000000,,,0.000000,0.000000,"",,,0.000000,,-1.000000,,0.000000,0.000000,-1.000000,-1.000000,,,,,,,,,,,"",,,,,,,,,,"Volumetric",,,,,,,,,,-0.172317,,,,,,,,,,-0.172317,-0.004135,,,,,,,,,,,,
"0BEC487B","Nodes",1119822.500000,1668292.620000,1313.064347,"Default Known Flow Node",69.999969,0.579999,1000.000000,0.000000,"Known Flow",0.000000,0.000000,2.16999993085665e-07,40.000000,0.579999,1000.000000,0.000000,0.000000,13.000000,0.000000,0.515375,0.579999,,,,7.687792,7.687792,,16.800279,,,,,,903.822387,0.066146,0.000000,0.000000,0.000000,,-459.670013,1000.000000,,0.000000,0.000000,,,,0.047099,"UNDEFINED",0.000000,0.997564,0.000000,,,,,"","",,,,7.687792,,0.000000,,0.000000,,,0.000000,0.000000,"",,,0.000000,,-1.000000,,0.000000,0.000000,-1.000000,-1.000000,,,,,,,,,,,"",,,,,,,,,,"Volumetric",,,,,,,,,,0.000000,,,,,,,,,,0.000000,0.000000,,,,,,,,,,,,
"0BEC487C","Nodes",1119821.250000,1668286.000000,1313.064347,"Default Known Flow Node",69.999969,0.579999,1000.000000,0.000000,"Known Flow",0.000000,0.000000,2.16999993085665e-07,40.000000,0.579999,1000.000000,0.000000,0.000000,13.000000,0.000000,0.515375,0.579999,,,,7.674201,7.674201,,16.800279,,,,,,903.822387,0.066146,0.000000,0.000000,0.000000,,-459.670013,1000.000000,,0.000000,0.000000,,,,0.047097,"SETFLOW",0.000000,0.997564,0.000000,,,,,"","",,,,7.674201,,0.000000,,0.000000,,,0.000000,0.000000,"",,,0.000000,,-1.000000,,0.000000,0.000000,-1.000000,-1.000000,,,,,,,,,,,"",,,,,,,,,,"Volumetric",,,,,,,,,,-0.154463,,,,,,,,,,-0.154463,-0.003707,,,,,,,,,,,,
"0BEC4870","Nodes",1120005.250000,1668292.000000,1313.064347,"Default Known Flow Node",69.999969,0.579999,1000.000000,0.000000,"Known Flow",0.000000,0.000000,2.16999993085665e-07,40.000000,0.579999,1000.000000,0.000000,0.000000,13.000000,0.000000,0.515377,0.579999,,,,7.996378,7.996378,,16.800279,,,,,,903.822387,0.066146,0.000000,0.000000,0.000000,,-459.670013,1000.000000,,0.000000,0.000000,,,,0.047134,"SETFLOW",0.000000,0.997563,0.000000,,,,,"","",,,,7.996378,,0.000000,,0.000000,,,0.000000,0.000000,"",,,0.000000,,-1.000000,,0.000000,0.000000,-1.000000,-1.000000,,,,,,,,,,,"",,,,,,,,,,"Volumetric",,,,,,,,,,-0.484208,,,,,,,,,,-0.484208,-0.011621,,,,,,,,,,,,
"2FB82FF5","Nodes",1119824.870000,1668292.250000,1313.064347,"Default Known Flow Node",69.999969,0.579999,1000.000000,0.000000,"Known Flow",0.000000,0.000000,2.16999993085665e-07,40.000000,0.579999,1000.000000,0.000000,0.000000,13.000000,0.000000,0.515375,0.579999,,,,7.687792,7.687792,,16.800279,,,,,,903.822387,0.066146,0.000000,0.000000,0.000000,,-459.670013,1000.000000,,0.000000,0.000000,,,,0.047099,"UNDEFINED",0.000000,0.997564,0.000000,,,,,"","",,,,7.687792,,0.000000,,0.000000,,,0.000000,0.000000,"",,,0.000000,,-1.000000,,0.000000,0.000000,-1.000000,-1.000000,,,,,,,,,,,"",,,,,,,,,,"Volumetric",,,,,,,,,,0.000000,,,,,,,,,,0.000000,0.000000,,,,,,,,,,,,
"0BEC4859","Nodes",1119805.250000,1668295.870000,1313.064347,"Default Known Flow Node",69.999969,0.579999,1000.000000,0.000000,"Known Flow",0.000000,0.000000,2.16999993085665e-07,40.000000,0.579999,1000.000000,0.000000,0.000000,13.000000,0.000000,0.515375,0.579999,,,,7.725243,7.725243,,16.800279,,,,,,903.822387,0.066146,0.000000,0.000000,0.000000,,-459.670013,1000.000000,,0.000000,0.000000,,,,0.047103,"UNDEFINED",0.000000,0.997564,0.000000,,,,,"","",,,,7.725243,,0.000000,,0.000000,,,0.000000,0.000000,"",,,0.000000,,-1.000000,,0.000000,0.000000,-1.000000,-1.000000,,,,,,,,,,,"",,,,,,,,,,"Volumetric",,,,,,,,,,0.000000,,,,,,,,,,0.000000,0.000000,,,,,,,,,,,,
"0BEC485A","Nodes",1119808.370000,1668295.250000,1313.064347,"Default Known Flow Node",69.999969,0.579999,1000.000000,0.000000,"Known Flow",0.000000,0.000000,2.16999993085665e-07,40.000000,0.579999,1000.000000,0.000000,0.000000,13.000000,0.000000,0.515375,0.579999,,,,7.719503,7.719503,,16.800279,,,,,,903.822387,0.066146,0.000000,0.000000,0.000000,,-459.670013,1000.000000,,0.000000,0.000000,,,,0.047103,"SETFLOW",0.000000,0.997564,0.000000,,,,,"","",,,,7.719503,,0.000000,,0.000000,,,0.000000,0.000000,"",,,0.000000,,-1.000000,,0.000000,0.000000,-1.000000,-1.000000,,,,,,,,,,,"",,,,,,,,,,"Volumetric",,,,,,,,,,-0.043243,,,,,,,,,,-0.043243,-0.001037,,,,,,,,,,,,
"0BEC4858","Nodes",1119802.120000,1668296.370000,1313.064347,"Default Known Flow Node",69.999969,0.579999,1000.000000,0.000000,"Known Flow",0.000000,0.000000,2.16999993085665e-07,40.000000,0.579999,1000.000000,0.000000,0.000000,13.000000,0.000000,0.515375,0.579999,,,,7.725243,7.725243,,16.800279,,,,,,903.822387,0.066146,0.000000,0.000000,0.000000,,-459.670013,1000.000000,,0.000000,0.000000,,,,0.047103,"UNDEFINED",0.000000,0.997564,0.000000,,,,,"","",,,,7.725243,,0.000000,,0.000000,,,0.000000,0.000000,"",,,0.000000,,-1.000000,,0.000000,0.000000,-1.000000,-1.000000,,,,,,,,,,,"",,,,,,,,,,"Volumetric",,,,,,,,,,0.000000,,,,,,,,,,0.000000,0.000000,,,,,,,,,,,,
"0BEC4871","Nodes",1119805.250000,1668329.620000,1313.064347,"Default Known Flow Node",69.999969,0.579999,1000.000000,0.000000,"Known Flow",0.000000,0.000000,2.16999993085665e-07,40.000000,0.579999,1000.000000,0.000000,0.000000,13.000000,0.000000,0.515376,0.579999,,,,7.892147,7.892147,,16.800279,,,,,,903.822387,0.066146,0.000000,0.000000,0.000000,,-459.670013,1000.000000,,0.000000,0.000000,,,,0.047122,"SETFLOW",0.000000,0.997563,0.000000,,,,,"","",,,,7.892147,,0.000000,,0.000000,,,0.000000,0.000000,"",,,0.000000,"37-05 Parsons Blvd, Q = -2.956 mcfh, Firm DONE",-1.000000,,0.000000,0.000000,-1.000000,-1.000000,,,,,,,,,,,,,,,,"",,,,,,,,,,"Volumetric",,,,,,,,,,-2.956000,,,,,-2.956000,-0.070944,,,,,,,,,,,,
"0BEC4872","Nodes",1119812.250000,1668337.120000,1313.064347,"Default Known Flow Node",69.999969,0.579999,1000.000000,0.000000,"Known Flow",0.000000,0.000000,2.16999993085665e-07,40.000000,0.579999,1000.000000,0.000000,0.000000,13.000000,0.000000,0.515376,0.579999,,,,7.803677,7.803677,,16.800279,,,,,,903.822387,0.066146,0.000000,0.000000,0.000000,,-459.670013,1000.000000,,0.000000,0.000000,,,,0.047112,"SETFLOW",0.000000,0.997564,0.000000,,,,,"","",,,,7.803677,,0.000000,,0.000000,,,0.000000,0.000000,"",,,0.000000,,-1.000000,,0.000000,0.000000,-1.000000,-1.000000,,,,,,,,,,,"",,,,,,,,,,"Volumetric",,,,,,,,,,-1.597015,,,,,,,,,,-1.597015,-0.038328,,,,,,,,,,,,
"0BEC4873","Nodes",1119805.500000,1668333.000000,1313.064347,"Default Known Flow Node",69.999969,0.579999,1000.000000,0.000000,"Known Flow",0.000000,0.000000,2.16999993085665e-07,40.000000,0.579999,1000.000000,0.000000,0.000000,13.000000,0.000000,0.515376,0.579999,,,,7.892011,7.892011,,16.800279,,,,,,903.822387,0.066146,0.000000,0.000000,0.000000,,-459.670013,1000.000000,,0.000000,0.000000,,,,0.047122,"UNDEFINED",0.000000,0.997563,0.000000,,,,,"","",,,,7.892011,,0.000000,,0.000000,,,0.000000,0.000000,"",,,0.000000,,-1.000000,,0.000000,0.000000,-1.000000,-1.000000,,,,,,,,,,,"",,,,,,,,,,"Volumetric",,,,,,,,,,0.000000,,,,,,,,,,0.000000,0.000000,,,,,,,,,,,,
"0BEC4855","Nodes",1119520.250000,1668347.870000,1313.064347,"Default Known Flow Node",69.999969,0.579999,1000.000000,0.000000,"Known Flow",0.000000,0.000000,2.16999993085665e-07,40.000000,0.579999,1000.000000,0.000000,0.000000,13.000000,0.000000,0.515376,0.579999,,,,7.804659,7.804659,,16.800279,,,,,,903.822387,0.066146,0.000000,0.000000,0.000000,,-459.670013,1000.000000,,0.000000,0.000000,,,,0.047112,"UNDEFINED",0.000000,0.997564,0.000000,,,,,"","",,,,7.804659,,0.000000,,0.000000,,,0.000000,0.000000,"",,,0.000000,,-1.000000,,0.000000,0.000000,-1.000000,-1.000000,,,,,,,,,,,"",,,,,,,,,,"Volumetric",,,,,,,,,,0.000000,,,,,,,,,,0.000000,0.000000,,,,,,,,,,,,
"0BEC4857","Nodes",1119529.750000,1668346.120000,1313.064347,"Default Known Flow Node",69.999969,0.579999,1000.000000,0.000000,"Known Flow",0.000000,0.000000,2.16999993085665e-07,40.000000,0.579999,1000.000000,0.000000,0.000000,13.000000,0.000000,0.515376,0.579999,,,,7.804659,7.804659,,16.800279,,,,,,903.822387,0.066146,0.000000,0.000000,0.000000,,-459.670013,1000.000000,,0.000000,0.000000,,,,0.047112,"UNDEFINED",0.000000,0.997564,0.000000,,,,,"","",,,,7.804659,,0.000000,,0.000000,,,0.000000,0.000000,"",,,0.000000,,-1.000000,,0.000000,0.000000,-1.000000,-1.000000,,,,,,,,,,,"",,,,,,,,,,"Volumetric",,,,,,,,,,0.000000,,,,,,,,,,0.000000,0.000000,,,,,,,,,,,,
"0BEC4889","Nodes",1120191.750000,1668347.250000,1313.064347,"Default Known Flow Node",69.999969,0.579999,1000.000000,0.000000,"Known Flow",0.000000,0.000000,2.16999993085665e-07,40.000000,0.579999,1000.000000,0.000000,0.000000,13.000000,0.000000,0.515377,0.579999,,,,8.151439,8.151439,,16.800279,,,,,,903.822387,0.066146,0.000000,0.000000,0.000000,,-459.670013,1000.000000,,0.000000,0.000000,,,,0.047152,"UNDEFINED",0.000000,0.997562,0.000000,,,,,"","",,,,8.151439,,0.000000,,0.000000,,,0.000000,0.000000,"",,,0.000000,,-1.000000,,0.000000,0.000000,-1.000000,-1.000000,,,,,,,,,,,"",,,,,,,,,,"Volumetric",,,,,,,,,,0.000000,,,,,,,,,,0.000000,0.000000,,,,,,,,,,,,
"2FB148F3","Nodes",1119517.750000,1668348.250000,1313.064347,"Default Known Flow Node",69.999969,0.579999,1000.000000,0.000000,"Known Flow",0.000000,0.000000,2.16999993085665e-07,40.000000,0.579999,1000.000000,0.000000,0.000000,13.000000,0.000000,0.515376,0.579999,,,,7.804659,7.804659,,16.800279,,,,,,903.822387,0.066146,0.000000,0.000000,0.000000,,-459.670013,1000.000000,,0.000000,0.000000,,,,0.047112,"UNDEFINED",0.000000,0.997564,0.000000,,,,,"","",,,,7.804659,,0.000000,,0.000000,,,0.000000,0.000000,"",,,0.000000,,-1.000000,,0.000000,0.000000,-1.000000,-1.000000,,,,,,,,,,,"",,,,,,,,,,"Volumetric",,,,,,,,,,0.000000,,,,,,,,,,0.000000,0.000000,,,,,,,,,,,,
"0BEC488A","Nodes",1120192.000000,1668352.620000,1313.064347,"Default Known Flow Node",69.999969,0.579999,1000.000000,0.000000,"Known Flow",0.000000,0.000000,2.16999993085665e-07,40.000000,0.579999,1000.000000,0.000000,0.000000,13.000000,0.000000,0.515377,0.579999,,,,8.152542,8.152542,,16.800279,,,,,,903.822387,0.066146,0.000000,0.000000,0.000000,,-459.670013,1000.000000,,0.000000,0.000000,,,,0.047152,"SETFLOW",0.000000,0.997562,0.000000,,,,,"","",,,,8.152542,,0.000000,,0.000000,,,0.000000,0.000000,"",,,0.000000,,-1.000000,,0.000000,0.000000,-1.000000,-1.000000,,,,,,,,,,,"",,,,,,,,,,"Volumetric",,,,,,,,,,-0.172317,,,,,,,,,,-0.172317,-0.004135,,,,,,,,,,,,
"0BEC488E","Nodes",1119530.620000,1668375.000000,1313.064347,"Default Known Flow Node",69.999969,0.579999,1000.000000,0.000000,"Known Flow",0.000000,0.000000,2.16999993085665e-07,40.000000,0.579999,1000.000000,0.000000,0.000000,13.000000,0.000000,0.515376,0.579999,,,,7.839691,7.839691,,16.800279,,,,,,903.822387,0.066146,0.000000,0.000000,0.000000,,-459.670013,1000.000000,,0.000000,0.000000,,,,0.047116,"UNDEFINED",0.000000,0.997563,0.000000,,,,,"","",,,,7.839691,,0.000000,,0.000000,,,0.000000,0.000000,"",,,0.000000,,-1.000000,,0.000000,0.000000,-1.000000,-1.000000,,,,,,,,,,,"",,,,,,,,,,"Volumetric",,,,,,,,,,0.000000,,,,,,,,,,0.000000,0.000000,,,,,,,,,,,,
"0BEC487F","Nodes",1119534.120000,1668374.620000,1313.064347,"Default Known Flow Node",69.999969,0.579999,1000.000000,0.000000,"Known Flow",0.000000,0.000000,2.16999993085665e-07,40.000000,0.579999,1000.000000,0.000000,0.000000,13.000000,0.000000,0.515376,0.579999,,,,7.840279,7.840279,,16.800279,,,,,,903.822387,0.066146,0.000000,0.000000,0.000000,,-459.670013,1000.000000,,0.000000,0.000000,,,,0.047116,"SETFLOW",0.000000,0.997563,0.000000,,,,,"","",,,,7.840279,,0.000000,,0.000000,,,0.000000,0.000000,"",,,0.000000,,-1.000000,,0.000000,0.000000,-1.000000,-1.000000,,,,,,,,,,,"",,,,,,,,,,"Volumetric",,,,,,,,,,-0.631284,,,,,,,,,,-0.631284,-0.015150,,,,,,,,,,,,
"0BEC4854","Nodes",1119525.250000,1668376.250000,1313.064347,"Default Known Flow Node",69.999969,0.579999,1000.000000,0.000000,"Known Flow",0.000000,0.000000,2.16999993085665e-07,40.000000,0.579999,1000.000000,0.000000,0.000000,13.000000,0.000000,0.515376,0.579999,,,,7.820356,7.820356,,16.800279,,,,,,903.822387,0.066146,0.000000,0.000000,0.000000,,-459.670013,1000.000000,,0.000000,0.000000,,,,0.047114,"UNDEFINED",0.000000,0.997564,0.000000,,,,,"","",,,,7.820356,,0.000000,,0.000000,,,0.000000,0.000000,"",,,0.000000,,-1.000000,,0.000000,0.000000,-1.000000,-1.000000,,,,,,,,,,,"",,,,,,,,,,"Volumetric",,,,,,,,,,0.000000,,,,,,,,,,0.000000,0.000000,,,,,,,,,,,,
"0BEC4853","Nodes",1119519.120000,1668377.000000,1313.064347,"Default Known Flow Node",69.999969,0.579999,1000.000000,0.000000,"Known Flow",0.000000,0.000000,2.16999993085665e-07,40.000000,0.579999,1000.000000,0.000000,0.000000,13.000000,0.000000,0.515376,0.579999,,,,7.809585,7.809585,,16.800279,,,,,,903.822387,0.066146,0.000000,0.000000,0.000000,,-459.670013,1000.000000,,0.000000,0.000000,,,,0.047113,"UNDEFINED",0.000000,0.997564,0.000000,,,,,"","",,,,7.809585,,0.000000,,0.000000,,,0.000000,0.000000,"",,,0.000000,,-1.000000,,0.000000,0.000000,-1.000000,-1.000000,,,,,,,,,,,"",,,,,,,,,,"Volumetric",,,,,,,,,,0.000000,,,,,,,,,,0.000000,0.000000,,,,,,,,,,,,
"0BEC4852","Nodes",1119515.870000,1668377.620000,1313.064347,"Default Known Flow Node",69.999969,0.579999,1000.000000,0.000000,"Known Flow",0.000000,0.000000,2.16999993085665e-07,40.000000,0.579999,1000.000000,0.000000,0.000000,13.000000,0.000000,0.515376,0.579999,,,,7.809381,7.809381,,16.800279,,,,,,903.822387,0.066146,0.000000,0.000000,0.000000,,-459.670013,1000.000000,,0.000000,0.000000,,,,0.047113,"UNDEFINED",0.000000,0.997564,0.000000,,,,,"","",,,,7.809381,,0.000000,,0.000000,,,0.000000,0.000000,"",,,0.000000,,-1.000000,,0.000000,0.000000,-1.000000,-1.000000,,,,,,,,,,,"",,,,,,,,,,"Volumetric",,,,,,,,,,0.000000,,,,,,,,,,0.000000,0.000000,,,,,,,,,,,,
"2FB8DD0E","Nodes",1119501.521419,1668380.247821,1313.064347,"Default Known Flow Node",69.999969,0.579999,1000.000000,0.000000,"Known Flow",0.000000,0.000000,2.16999993085665e-07,40.000000,0.579999,1000.000000,0.000000,0.000000,13.000000,0.000000,0.515376,0.579999,,,,7.808224,7.808224,,16.800279,,,,,,903.822387,0.066146,0.000000,0.000000,0.000000,,-459.670013,1000.000000,,0.000000,0.000000,,,,0.047113,"SETFLOW",0.000000,0.997564,0.000000,,,,,"","",,,,7.808224,,0.000000,,0.000000,,,0.000000,0.000000,"",,,0.000000,,-1.000000,,0.000000,0.000000,-1.000000,-1.000000,,,,,,,,,,,"",,,,,,,,,,"Volumetric",,,,,,,,,,-0.151206,,,,,,,,,,-0.151206,-0.003628,,,,,,,,,,,,
"2FB9C408","Nodes",1119503.120000,1668390.000000,1313.064347,"Default Known Flow Node",69.999969,0.579999,1000.000000,0.000000,"Known Flow",0.000000,0.000000,2.16999993085665e-07,40.000000,0.579999,1000.000000,0.000000,0.000000,13.000000,0.000000,0.515376,0.579999,,,,7.809036,7.809036,,16.800279,,,,,,903.822387,0.066146,0.000000,0.000000,0.000000,,-459.670013,1000.000000,,0.000000,0.000000,,,,0.047113,"UNDEFINED",0.000000,0.997564,0.000000,,,,,"","",,,,7.809036,,0.000000,,0.000000,,,0.000000,0.000000,"",,,0.000000,,-1.000000,,0.000000,0.000000,-1.000000,-1.000000,,,,,,,,,,,"",,,,,,,,,,"Volumetric",,,,,,,,,,0.000000,,,,,,,,,,0.000000,0.000000,,,,,,,,,,,,
"0BEC484A","Nodes",1120194.250000,1668599.750000,1313.064347,"Default Known Flow Node",69.999969,0.579999,1000.000000,0.000000,"Known Flow",0.000000,0.000000,2.16999993085665e-07,40.000000,0.579999,1000.000000,0.000000,0.000000,13.000000,0.000000,0.515378,0.579999,,,,8.220018,8.220018,,16.800279,,,,,,903.822387,0.066146,0.000000,0.000000,0.000000,,-459.670013,1000.000000,,0.000000,0.000000,,,,0.047159,"SETFLOW",0.000000,0.997561,0.000000,,,,,"","",,,,8.220018,,0.000000,,0.000000,,,0.000000,0.000000,"",,,0.000000,,-1.000000,,0.000000,0.000000,-1.000000,-1.000000,,,,,,,,,,,"",,,,,,,,,,"Volumetric",,,,,,,,,,-0.009827,,,,,,,,,,-0.009827,-0.000235,,,,,,,,,,,,
"0BEC484C","Nodes",1120194.250000,1668584.120000,1313.064347,"Default Known Flow Node",69.999969,0.579999,1000.000000,0.000000,"Known Flow",0.000000,0.000000,2.16999993085665e-07,40.000000,0.579999,1000.000000,0.000000,0.000000,13.000000,0.000000,0.515378,0.579999,,,,8.214069,8.214069,,16.800279,,,,,,903.822387,0.066146,0.000000,0.000000,0.000000,,-459.670013,1000.000000,,0.000000,0.000000,,,,0.047159,"SETFLOW",0.000000,0.997561,0.000000,,,,,"","",,,,8.214069,,0.000000,,0.000000,,,0.000000,0.000000,"",,,0.000000,,-1.000000,,0.000000,0.000000,-1.000000,-1.000000,,,,,,,,,,,"",,,,,,,,,,"Volumetric",,,,,,,,,,-0.226043,,,,,,,,,,-0.226043,-0.005425,,,,,,,,,,,,
"0BEC48B7","Nodes",1120194.500000,1668619.750000,1313.064347,"Default Known Flow Node",69.999969,0.579999,1000.000000,0.000000,"Known Flow",0.000000,0.000000,2.16999993085665e-07,40.000000,0.579999,1000.000000,0.000000,0.000000,13.000000,0.000000,0.515378,0.579999,,,,8.225969,8.225969,,16.800279,,,,,,903.822387,0.066146,0.000000,0.000000,0.000000,,-459.670013,1000.000000,,0.000000,0.000000,,,,0.047160,"SETFLOW",0.000000,0.997561,0.000000,,,,,"","",,,,8.225969,,0.000000,,0.000000,,,0.000000,0.000000,"",,,0.000000,,-1.000000,,0.000000,0.000000,-1.000000,-1.000000,,,,,,,,,,,"",,,,,,,,,,"Volumetric",,,,,,,,,,-0.152006,,,,,,,,,,-0.152006,-0.003648,,,,,,,,,,,,
"2FBD9C09","Nodes",1120243.218388,1669032.698449,1313.064347,"Default Known Flow Node",69.999969,0.579999,1000.000000,0.000000,"Known Flow",0.000000,0.000000,2.16999993085665e-07,40.000000,0.579999,1000.000000,0.000000,0.000000,13.000000,0.000000,0.515379,0.579999,,,,8.394851,8.394851,,16.800279,,,,,,903.822387,0.066146,0.000000,0.000000,0.000000,,-459.670013,1000.000000,,0.000000,0.000000,,,,0.047179,"UNDEFINED",0.000000,0.997560,0.000000,,,,,"","",,,,8.394851,,0.000000,,0.000000,,,0.000000,0.000000,"",,,0.000000,,-1.000000,,0.000000,0.000000,0.000000,-1.000000,,,,,,,,,,,"",,,,,,,,,,"Volumetric",,,,,,,,,,0.000000,,,,,,,,,,0.000000,0.000000,,,,,,,,,,,,
"0BEC48C3","Nodes",1120245.218311,1669032.678303,1313.064347,"Default Known Flow Node",69.999969,0.579999,1000.000000,0.000000,"Known Flow",0.000000,0.000000,2.16999993085665e-07,40.000000,0.579999,1000.000000,0.000000,0.000000,13.000000,0.000000,0.515379,0.579999,,,,8.395266,8.395266,,16.800279,,,,,,903.822387,0.066146,0.000000,0.000000,0.000000,,-459.670013,1000.000000,,0.000000,0.000000,,,,0.047179,"SETFLOW",0.000000,0.997560,0.000000,,,,,"","",,,,8.395266,,0.000000,,0.000000,,,0.000000,0.000000,"",,,0.000000,"V50355",-1.000000,,0.000000,0.000000,-1.000000,-1.000000,,,,,,,,,,,"",,,,,,,,,,"Volumetric",,,,,,,,,,-0.092874,,,,,,,,,,-0.092874,-0.002228,,,,,,,,,,,,
"0BEC48C1","Nodes",1120201.662773,1669396.233232,1313.064347,"Default Known Flow Node",69.999969,0.579999,1000.000000,0.000000,"Known Flow",0.000000,0.000000,2.16999993085665e-07,40.000000,0.579999,1000.000000,0.000000,0.000000,13.000000,0.000000,0.515379,0.579999,,,,8.408866,8.408866,,16.800279,,,,,,903.822387,0.066146,0.000000,0.000000,0.000000,,-459.670013,1000.000000,,0.000000,0.000000,,,,0.047181,"UNDEFINED",0.000000,0.997560,0.000000,,,,,"","",,,,8.408866,,0.000000,,0.000000,,,0.000000,0.000000,"",,,0.000000,,-1.000000,,0.000000,0.000000,-1.000000,-1.000000,,,,,,,,,,,"",,,,,,,,,,"Volumetric",,,,,,,,,,0.000000,,,,,,,,,,0.000000,0.000000,,,,,,,,,,,,
"2FB8A228","Nodes",1120200.864718,1669351.749533,1313.064347,"Default Known Flow Node",69.999969,0.579999,1000.000000,0.000000,"Known Flow",0.000000,0.000000,2.16999993085665e-07,40.000000,0.579999,1000.000000,0.000000,0.000000,13.000000,0.000000,0.515379,0.579999,,,,8.407888,8.407888,,16.800279,,,,,,903.822387,0.066146,0.000000,0.000000,0.000000,,-459.670013,1000.000000,,0.000000,0.000000,,,,0.047181,"SETFLOW",0.000000,0.997560,0.000000,,,,,"","",,,,8.407888,,0.000000,,0.000000,,,0.000000,0.000000,"",,,0.000000,,-1.000000,,0.000000,0.000000,-1.000000,-1.000000,,,,,,,,,,,"",,,,,,,,,,"Volumetric",,,,,,,,,,-0.009976,,,,,,,,,,-0.009976,-0.000239,,,,,,,,,,,,
"2FB8DD0D","Nodes",1119665.250000,1669392.120000,1313.064347,"Default Known Flow Node",69.999969,0.579999,1000.000000,0.000000,"Known Flow",0.000000,0.000000,2.16999993085665e-07,40.000000,0.579999,1000.000000,0.000000,0.000000,13.000000,0.000000,0.515377,0.579999,,,,7.999898,7.999898,,16.800279,,,,,,903.822387,0.066146,0.000000,0.000000,0.000000,,-459.670013,1000.000000,,0.000000,0.000000,,,,0.047134,"SETFLOW",0.000000,0.997563,0.000000,,,,,"","",,,,7.999898,,0.000000,,0.000000,,,0.000000,0.000000,"",,,0.000000,,-1.000000,,0.000000,0.000000,-1.000000,-1.000000,,,,,,,,,,,"",,,,,,,,,,"Volumetric",,,,,,,,,,-0.712765,,,,,,,,,,-0.712765,-0.017106,,,,,,,,,,,,
"2FB9B3F8","Nodes",1119664.500000,1669388.370000,1313.064347,"Default Known Flow Node",69.999969,0.579999,1000.000000,0.000000,"Known Flow",0.000000,0.000000,2.16999993085665e-07,40.000000,0.579999,1000.000000,0.000000,0.000000,13.000000,0.000000,0.515377,0.579999,,,,7.998045,7.998045,,16.800279,,,,,,903.822387,0.066146,0.000000,0.000000,0.000000,,-459.670013,1000.000000,,0.000000,0.000000,,,,0.047134,"SETFLOW",0.000000,0.997563,0.000000,,,,,"","",,,,7.998045,,0.000000,,0.000000,,,0.000000,0.000000,"",,,0.000000,,-1.000000,,0.000000,0.000000,-1.000000,-1.000000,,,,,,,,,,,"",,,,,,,,,,"Volumetric",,,,,,,,,,-1.242405,,,,,,,,,,-1.242405,-0.029817,,,,,,,,,,,,
"0BEC48C7","Nodes",1119673.000000,1669426.750000,1313.064347,"Default Known Flow Node",69.999969,0.579999,1000.000000,0.000000,"Known Flow",0.000000,0.000000,2.16999993085665e-07,40.000000,0.579999,1000.000000,0.000000,0.000000,13.000000,0.000000,0.515377,0.579999,,,,8.106049,8.106049,,16.800279,,,,,,903.822387,0.066146,0.000000,0.000000,0.000000,,-459.670013,1000.000000,,0.000000,0.000000,,,,0.047147,"SETFLOW",0.000000,0.997562,0.000000,,,,,"","",,,,8.106049,,0.000000,,0.000000,,,0.000000,0.000000,"",,,0.000000,,-1.000000,,0.000000,0.000000,-1.000000,-1.000000,,,,,,,,,,,"",,,,,,,,,,"Volumetric",,,,,,,,,,-0.367869,,,,,,,,,,-0.367869,-0.008828,,,,,,,,,,,,
"2FB8A230","Nodes",1120154.500000,1669394.870000,1313.064347,"Default Known Flow Node",69.999969,0.579999,1000.000000,0.000000,"Known Flow",0.000000,0.000000,2.16999993085665e-07,40.000000,0.579999,1000.000000,0.000000,0.000000,13.000000,0.000000,0.515379,0.579999,,,,8.351833,8.351833,,16.800279,,,,,,903.822387,0.066146,0.000000,0.000000,0.000000,,-459.670013,1000.000000,,0.000000,0.000000,,,,0.047174,"UNDEFINED",0.000000,0.997560,0.000000,,,,,"","",,,,8.351833,,0.000000,,0.000000,,,0.000000,0.000000,"",,,0.000000,"V19248",-1.000000,,0.000000,0.000000,-1.000000,-1.000000,,,,,,,,,,,"",,,,,,,,,,"Volumetric",,,,,,,,,,0.000000,,,,,,,,,,0.000000,0.000000,,,,,,,,,,,,
"2FB9B250","Nodes",1120140.750000,1669393.120000,1313.064347,"Default Known Flow Node",69.999969,0.579999,1000.000000,0.000000,"Known Flow",0.000000,0.000000,2.16999993085665e-07,40.000000,0.579999,1000.000000,0.000000,0.000000,13.000000,0.000000,0.515378,0.579999,,,,8.334473,8.334473,,16.800279,,,,,,903.822387,0.066146,0.000000,0.000000,0.000000,,-459.670013,1000.000000,,0.000000,0.000000,,,,0.047172,"SETFLOW",0.000000,0.997561,0.000000,,,,,"","",,,,8.334473,,0.000000,,0.000000,,,0.000000,0.000000,"",,,0.000000,,-1.000000,,0.000000,0.000000,-1.000000,-1.000000,,,,,,,,,,,"",,,,,,,,,,"Volumetric",,,,,,,,,,-0.027934,,,,,,,,,,-0.027934,-0.000670,,,,,,,,,,,,
"0BEC48D0","Nodes",1120031.370000,1669399.250000,1313.064347,"Default Known Flow Node",69.999969,0.579999,1000.000000,0.000000,"Known Flow",0.000000,0.000000,2.16999993085665e-07,40.000000,0.579999,1000.000000,0.000000,0.000000,13.000000,0.000000,0.515378,0.579999,,,,8.245123,8.245123,,16.800279,,,,,,903.822387,0.066146,0.000000,0.000000,0.000000,,-459.670013,1000.000000,,0.000000,0.000000,,,,0.047162,"SETFLOW",0.000000,0.997561,0.000000,,,,,"","",,,,8.245123,,0.000000,,0.000000,,,0.000000,0.000000,"",,,0.000000,,-1.000000,,0.000000,0.000000,-1.000000,-1.000000,,,,,,,,,,,"",,,,,,,,,,"Volumetric",,,,,,,,,,-0.540146,,,,,,,,,,-0.540146,-0.012963,,,,,,,,,,,,
"2FB8A22F","Nodes",1120154.500000,1669393.870000,1313.064347,"Default Known Flow Node",69.999969,0.579999,1000.000000,0.000000,"Known Flow",0.000000,0.000000,2.16999993085665e-07,40.000000,0.579999,1000.000000,0.000000,0.000000,13.000000,0.000000,0.515379,0.579999,,,,8.351833,8.351833,,16.800279,,,,,,903.822387,0.066146,0.000000,0.000000,0.000000,,-459.670013,1000.000000,,0.000000,0.000000,,,,0.047174,"UNDEFINED",0.000000,0.997560,0.000000,,,,,"","",,,,8.351833,,0.000000,,0.000000,,,0.000000,0.000000,"",,,0.000000,,-1.000000,,0.000000,0.000000,-1.000000,-1.000000,,,,,,,,,,,"",,,,,,,,,,"Volumetric",,,,,,,,,,0.000000,,,,,,,,,,0.000000,0.000000,,,,,,,,,,,,
"2FB8A22A","Nodes",1120254.000000,1669397.870000,1313.064347,"Default Known Flow Node",69.999969,0.579999,1000.000000,0.000000,"Known Flow",0.000000,0.000000,2.16999993085665e-07,40.000000,0.579999,1000.000000,0.000000,0.000000,13.000000,0.000000,0.515379,0.579999,,,,8.469307,8.469307,,16.800279,,,,,,903.822387,0.066146,0.000000,0.000000,0.000000,,-459.670013,1000.000000,,0.000000,0.000000,,,,0.047188,"UNDEFINED",0.000000,0.997560,0.000000,,,,,"","",,,,8.469307,,0.000000,,0.000000,,,0.000000,0.000000,"",,,0.000000,,-1.000000,,0.000000,0.000000,-1.000000,-1.000000,,,,,,,,,,,"",,,,,,,,,,"Volumetric",,,,,,,,,,0.000000,,,,,,,,,,0.000000,0.000000,,,,,,,,,,,,
"0BEC48F4","Nodes",1120280.000000,1669396.250000,1313.064347,"Default Known Flow Node",69.999969,0.579999,1000.000000,0.000000,"Known Flow",0.000000,0.000000,2.16999993085665e-07,40.000000,0.579999,1000.000000,0.000000,0.000000,13.000000,0.000000,0.515379,0.579999,,,,8.476107,8.476107,,16.800279,,,,,,903.822387,0.066146,0.000000,0.000000,0.000000,,-459.670013,1000.000000,,0.000000,0.000000,,,,0.047189,"SETFLOW",0.000000,0.997560,0.000000,,,,,"","",,,,8.476107,,0.000000,,0.000000,,,0.000000,0.000000,"",,,0.000000,,-1.000000,,0.000000,0.000000,-1.000000,-1.000000,,,,,,,,,,,"",,,,,,,,,,"Volumetric",,,,,,,,,,-0.009976,,,,,,,,,,-0.009976,-0.000239,,,,,,,,,,,,
"2FB8D197","Nodes",1120201.853943,1669410.249770,1313.064347,"Default Known Flow Node",69.999969,0.579999,1000.000000,0.000000,"Known Flow",0.000000,0.000000,2.16999993085665e-07,40.000000,0.579999,1000.000000,0.000000,0.000000,13.000000,0.000000,0.515379,0.579999,,,,8.409449,8.409449,,16.800279,,,,,,903.822387,0.066146,0.000000,0.000000,0.000000,,-459.670013,1000.000000,,0.000000,0.000000,,,,0.047181,"UNDEFINED",0.000000,0.997560,0.000000,,,,,"","",,,,8.409449,,0.000000,,0.000000,,,0.000000,0.000000,"",,,0.000000,"V19246",-1.000000,,0.000000,0.000000,-1.000000,-1.000000,,,,,,,,,,,"",,,,,,,,,,"Volumetric",,,,,,,,,,0.000000,,,,,,,,,,0.000000,0.000000,,,,,,,,,,,,
"2FB8A22E","Nodes",1120241.620000,1669399.370000,1313.064347,"Default Known Flow Node",69.999969,0.579999,1000.000000,0.000000,"Known Flow",0.000000,0.000000,2.16999993085665e-07,40.000000,0.579999,1000.000000,0.000000,0.000000,13.000000,0.000000,0.515379,0.579999,,,,8.455361,8.455361,,16.800279,,,,,,903.822387,0.066146,0.000000,0.000000,0.000000,,-459.670013,1000.000000,,0.000000,0.000000,,,,0.047186,"UNDEFINED",0.000000,0.997560,0.000000,,,,,"","",,,,8.455361,,0.000000,,0.000000,,,0.000000,0.000000,"",,,0.000000,"V19247",-1.000000,,0.000000,0.000000,-1.000000,-1.000000,,,,,,,,,,,"",,,,,,,,,,"Volumetric",,,,,,,,,,0.000000,,,,,,,,,,0.000000,0.000000,,,,,,,,,,,,
"2FB8A22D","Nodes",1120241.620000,1669398.370000,1313.064347,"Default Known Flow Node",69.999969,0.579999,1000.000000,0.000000,"Known Flow",0.000000,0.000000,2.16999993085665e-07,40.000000,0.579999,1000.000000,0.000000,0.000000,13.000000,0.000000,0.515379,0.579999,,,,8.455360,8.455360,,16.800279,,,,,,903.822387,0.066146,0.000000,0.000000,0.000000,,-459.670013,1000.000000,,0.000000,0.000000,,,,0.047186,"UNDEFINED",0.000000,0.997560,0.000000,,,,,"","",,,,8.455360,,0.000000,,0.000000,,,0.000000,0.000000,"",,,0.000000,,-1.000000,,0.000000,0.000000,-1.000000,-1.000000,,,,,,,,,,,"",,,,,,,,,,"Volumetric",,,,,,,,,,0.000000,,,,,,,,,,0.000000,0.000000,,,,,,,,,,,,
"0BEC48CF","Nodes",1120018.000000,1669400.000000,1313.064347,"Default Known Flow Node",69.999969,0.579999,1000.000000,0.000000,"Known Flow",0.000000,0.000000,2.16999993085665e-07,40.000000,0.579999,1000.000000,0.000000,0.000000,13.000000,0.000000,0.515378,0.579999,,,,8.240648,8.240648,,16.800279,,,,,,903.822387,0.066146,0.000000,0.000000,0.000000,,-459.670013,1000.000000,,0.000000,0.000000,,,,0.047162,"SETFLOW",0.000000,0.997561,0.000000,,,,,"","",,,,8.240648,,0.000000,,0.000000,,,0.000000,0.000000,"",,,0.000000,,-1.000000,,0.000000,0.000000,-1.000000,-1.000000,,,,,,,,,,,"",,,,,,,,,,"Volumetric",,,,,,,,,,-0.433282,,,,,,,,,,-0.433282,-0.010398,,,,,,,,,,,,
"0BEC48CB","Nodes",1119980.000000,1669402.750000,1313.064347,"Default Known Flow Node",69.999969,0.579999,1000.000000,0.000000,"Known Flow",0.000000,0.000000,2.16999993085665e-07,40.000000,0.579999,1000.000000,0.000000,0.000000,13.000000,0.000000,0.515378,0.579999,,,,8.199266,8.199266,,16.800279,,,,,,903.822387,0.066146,0.000000,0.000000,0.000000,,-459.670013,1000.000000,,0.000000,0.000000,,,,0.047157,"SETFLOW",0.000000,0.997561,0.000000,,,,,"","",,,,8.199266,,0.000000,,0.000000,,,0.000000,0.000000,"",,,0.000000,,-1.000000,,0.000000,0.000000,-1.000000,-1.000000,,,,,,,,,,,"",,,,,,,,,,"Volumetric",,,,,,,,,,-0.062175,,,,,,,,,,-0.062175,-0.001492,,,,,,,,,,,,
"2FB8A229","Nodes",1120201.978570,1669419.143877,1313.064347,"Default Known Flow Node",69.999969,0.579999,1000.000000,0.000000,"Known Flow",0.000000,0.000000,2.16999993085665e-07,40.000000,0.579999,1000.000000,0.000000,0.000000,13.000000,0.000000,0.515379,0.579999,,,,8.409786,8.409786,,16.800279,,,,,,903.822387,0.066146,0.000000,0.000000,0.000000,,-459.670013,1000.000000,,0.000000,0.000000,,,,0.047181,"SETFLOW",0.000000,0.997560,0.000000,,,,,"","",,,,8.409786,,0.000000,,0.000000,,,0.000000,0.000000,"",,,0.000000,,-1.000000,,0.000000,0.000000,-1.000000,-1.000000,,,,,,,,,,,"",,,,,,,,,,"Volumetric",,,,,,,,,,-0.057865,,,,,,,,,,-0.057865,-0.001388,,,,,,,,,,,,
"2FB8DF56","Nodes",1119453.750000,1669468.370000,1313.064347,"Default Known Flow Node",69.999969,0.579999,1000.000000,0.000000,"Known Flow",0.000000,0.000000,2.16999993085665e-07,40.000000,0.579999,1000.000000,0.000000,0.000000,13.000000,0.000000,0.515377,0.579999,,,,8.064712,8.064712,,16.800279,,,,,,903.822387,0.066146,0.000000,0.000000,0.000000,,-459.670013,1000.000000,,0.000000,0.000000,,,,0.047142,"SETFLOW",0.000000,0.997562,0.000000,,,,,"","",,,,8.064712,,0.000000,,0.000000,,,0.000000,0.000000,"",,,0.000000,,-1.000000,,0.000000,0.000000,-1.000000,-1.000000,,,,,,,,,,,"",,,,,,,,,,"Volumetric",,,,,,,,,,-0.161605,,,,,,,,,,-0.161605,-0.003878,,,,,,,,,,,,
"2FB8DF55","Nodes",1119450.000000,1669469.120000,1313.064347,"Default Known Flow Node",69.999969,0.579999,1000.000000,0.000000,"Known Flow",0.000000,0.000000,2.16999993085665e-07,40.000000,0.579999,1000.000000,0.000000,0.000000,13.000000,0.000000,0.515377,0.579999,,,,8.063855,8.063855,,16.800279,,,,,,903.822387,0.066146,0.000000,0.000000,0.000000,,-459.670013,1000.000000,,0.000000,0.000000,,,,0.047142,"SETFLOW",0.000000,0.997562,0.000000,,,,,"","",,,,8.063855,,0.000000,,0.000000,,,0.000000,0.000000,"",,,0.000000,,-1.000000,,0.000000,0.000000,-1.000000,-1.000000,,,,,,,,,,,"",,,,,,,,,,"Volumetric",,,,,,,,,,-0.286202,,,,,,,,,,-0.286202,-0.006868,,,,,,,,,,,,
"2FB8DF57","Nodes",1119448.120000,1669469.500000,1313.064347,"Default Known Flow Node",69.999969,0.579999,1000.000000,0.000000,"Known Flow",0.000000,0.000000,2.16999993085665e-07,40.000000,0.579999,1000.000000,0.000000,0.000000,13.000000,0.000000,0.515377,0.579999,,,,8.063326,8.063326,,16.800279,,,,,,903.822387,0.066146,0.000000,0.000000,0.000000,,-459.670013,1000.000000,,0.000000,0.000000,,,,0.047142,"SETFLOW",0.000000,0.997562,0.000000,,,,,"","",,,,8.063326,,0.000000,,0.000000,,,0.000000,0.000000,"",,,0.000000,,-1.000000,,0.000000,0.000000,-1.000000,-1.000000,,,,,,,,,,,"",,,,,,,,,,"Volumetric",,,,,,,,,,-0.471247,,,,,,,,,,-0.471247,-0.011309,,,,,,,,,,,,
"0BEC48C6","Nodes",1119273.620000,1669505.750000,1313.064347,"Default Known Flow Node",69.999969,0.579999,1000.000000,0.000000,"Known Flow",0.000000,0.000000,2.16999993085665e-07,40.000000,0.579999,1000.000000,0.000000,0.000000,13.000000,0.000000,0.515377,0.579999,,,,8.037871,8.037871,,16.800279,,,,,,903.822387,0.066146,0.000000,0.000000,0.000000,,-459.670013,1000.000000,,0.000000,0.000000,,,,0.047139,"SETFLOW",0.000000,0.997562,0.000000,,,,,"","",,,,8.037871,,0.000000,,0.000000,,,0.000000,0.000000,"",,,0.000000,,-1.000000,,0.000000,0.000000,-1.000000,-1.000000,,,,,,,,,,,"",,,,,,,,,,"Volumetric",,,,,,,,,,-0.248984,,,,,,,,,,-0.248984,-0.005975,,,,,,,,,,,,
"2FB28139","Nodes",1119287.750000,1669694.500000,1313.064347,"Default Known Flow Node",69.999969,0.579999,1000.000000,0.000000,"Known Flow",0.000000,0.000000,2.16999993085665e-07,40.000000,0.579999,1000.000000,0.000000,0.000000,13.000000,0.000000,0.515377,0.579999,,,,8.050514,8.050514,,16.800279,,,,,,903.822387,0.066146,0.000000,0.000000,0.000000,,-459.670013,1000.000000,,0.000000,0.000000,,,,0.047140,"SETFLOW",0.000000,0.997562,0.000000,,,,,"","",,,,8.050514,,0.000000,,0.000000,,,0.000000,0.000000,"",,,0.000000,,-1.000000,,0.000000,0.000000,-1.000000,-1.000000,,,,,,,,,,,"",,,,,,,,,,"Volumetric",,,,,,,,,,-1.404164,,,,,,,,,,-1.404164,-0.033699,,,,,,,,,,,,
"3W7","Nodes",1120207.359372,1669775.531051,1313.064347,"Default Known Flow Node",69.999969,0.579999,1000.000000,0.000000,"Known Flow",0.000000,0.000000,2.16999993085665e-07,40.000000,0.579999,1000.000000,0.000000,0.000000,13.000000,0.000000,0.515379,0.579999,,,,8.516953,8.516953,,16.800279,,,,,,903.822387,0.066146,0.000000,0.000000,0.000000,,-459.670013,1000.000000,,0.000000,0.000000,,,,0.047193,"SETFLOW",0.000000,0.997559,0.000000,,,,,"","",,,,8.516953,,0.000000,,0.000000,,,0.000000,0.000000,"",,,0.000000,"148-09 Northern Blvd, (moved to firm 11/1/08)",-1.000000,,0.000000,0.000000,-1.000000,-1.000000,,,,,,,,,,,,,,,,"",,,,,,,,,,"Volumetric",,,,,,,,,,-0.678373,,,,,-0.678373,-0.016280,,,,,,,,,,,,
"0BF47BEB","Nodes",1120208.389698,1669653.333233,1313.064347,"Default Known Flow Node",69.999969,0.579999,1000.000000,0.000000,"Known Flow",0.000000,0.000000,2.16999993085665e-07,40.000000,0.579999,1000.000000,0.000000,0.000000,13.000000,0.000000,0.515379,0.579999,,,,8.506322,8.506322,,16.800279,,,,,,903.822387,0.066146,0.000000,0.000000,0.000000,,-459.670013,1000.000000,,0.000000,0.000000,,,,0.047192,"SETFLOW",0.000000,0.997560,0.000000,,,,,"","",,,,8.506322,,0.000000,,0.000000,,,0.000000,0.000000,"",,,0.000000,"147-25 Northern Blvd, Q= 13.144 mcfh, Firm",-1.000000,,0.000000,0.000000,-1.000000,-1.000000,,,,,,,,,,,"",,,"",,,,,,,"Volumetric",,,"Volumetric",,,,,,,0.000000,,,-13.143999,,,,,,,0.000000,0.000000,,,,,,,,,,,,
"0BEC48BD","Nodes",1120232.292590,1669997.126495,1313.064347,"Default Known Flow Node",69.999969,0.579999,1000.000000,0.000000,"Known Flow",0.000000,0.000000,2.16999993085665e-07,40.000000,0.579999,1000.000000,0.000000,0.000000,13.000000,0.000000,0.515380,0.579999,,,,8.556482,8.556482,,16.800279,,,,,,903.822387,0.066145,0.000000,0.000000,0.000000,,-459.670013,1000.000000,,0.000000,0.000000,,,,0.047198,"UNDEFINED",0.000000,0.997559,0.000000,,,,,"","",,,,8.556482,,0.000000,,0.000000,,,0.000000,0.000000,"",,,0.000000,,-1.000000,,0.000000,0.000000,-1.000000,-1.000000,,,,,,,,,,,"",,,,,,,,,,"Volumetric",,,,,,,,,,0.000000,,,,,,,,,,0.000000,0.000000,,,,,,,,,,,,
"0BEC48BE","Nodes",1120227.692604,1669995.686485,1313.064347,"Default Known Flow Node",69.999969,0.579999,1000.000000,0.000000,"Known Flow",0.000000,0.000000,2.16999993085665e-07,40.000000,0.579999,1000.000000,0.000000,0.000000,13.000000,0.000000,0.515380,0.579999,,,,8.554255,8.554255,,16.800279,,,,,,903.822387,0.066145,0.000000,0.000000,0.000000,,-459.670013,1000.000000,,0.000000,0.000000,,,,0.047197,"UNDEFINED",0.000000,0.997559,0.000000,,,,,"","",,,,8.554255,,0.000000,,0.000000,,,0.000000,0.000000,"",,,0.000000,,-1.000000,,0.000000,0.000000,-1.000000,-1.000000,,,,,,,,,,,"",,,,,,,,,,"Volumetric",,,,,,,,,,0.000000,,,,,,,,,,0.000000,0.000000,,,,,,,,,,,,
"0BEC48BC","Nodes",1120241.484224,1669996.395377,1313.064347,"Default Known Flow Node",69.999969,0.579999,1000.000000,0.000000,"Known Flow",0.000000,0.000000,2.16999993085665e-07,40.000000,0.579999,1000.000000,0.000000,0.000000,13.000000,0.000000,0.515380,0.579999,,,,8.561491,8.561491,,16.800279,,,,,,903.822387,0.066145,0.000000,0.000000,0.000000,,-459.670013,1000.000000,,0.000000,0.000000,,,,0.047198,"UNDEFINED",0.000000,0.997559,0.000000,,,,,"","",,,,8.561491,,0.000000,,0.000000,,,0.000000,0.000000,"",,,0.000000,,-1.000000,,0.000000,0.000000,-1.000000,-1.000000,,,,,,,,,,,"",,,,,,,,,,"Volumetric",,,,,,,,,,0.000000,,,,,,,,,,0.000000,0.000000,,,,,,,,,,,,
"0BEC52C0","Nodes",1120276.750000,1670000.000000,1313.064347,"Default Known Flow Node",69.999969,0.579999,1000.000000,0.000000,"Known Flow",0.000000,0.000000,2.16999993085665e-07,40.000000,0.579999,1000.000000,0.000000,0.000000,13.000000,0.000000,0.515380,0.579999,,,,8.564614,8.564614,,16.800279,,,,,,903.822387,0.066145,0.000000,0.000000,0.000000,,-459.670013,1000.000000,,0.000000,0.000000,,,,0.047199,"UNDEFINED",0.000000,0.997559,0.000000,,,,,"","",,,,8.564614,,0.000000,,0.000000,,,0.000000,0.000000,"",,,0.000000,,-1.000000,,0.000000,0.000000,-1.000000,-1.000000,,,,,,,,,,,"",,,,,,,,,,"Volumetric",,,,,,,,,,0.000000,,,,,,,,,,0.000000,0.000000,,,,,,,,,,,,
"0BEC48BB","Nodes",1120250.658946,1669996.519948,1313.064347,"Default Known Flow Node",69.999969,0.579999,1000.000000,0.000000,"Known Flow",0.000000,0.000000,2.16999993085665e-07,40.000000,0.579999,1000.000000,0.000000,0.000000,13.000000,0.000000,0.515380,0.579999,,,,8.561497,8.561497,,16.800279,,,,,,903.822387,0.066145,0.000000,0.000000,0.000000,,-459.670013,1000.000000,,0.000000,0.000000,,,,0.047198,"SETFLOW",0.000000,0.997559,0.000000,,,,,"","",,,,8.561497,,0.000000,,0.000000,,,0.000000,0.000000,"",,,0.000000,"V22215",-1.000000,,0.000000,0.000000,-1.000000,-1.000000,,,,,,,,,,,"",,,,,,,,,,"Volumetric",,,,,,,,,,-0.029181,,,,,,,,,,-0.029181,-0.000700,,,,,,,,,,,,
"0BEC5168","Nodes",1119998.805069,1670048.795475,1313.064347,"Default Known Flow Node",69.999969,0.579999,1000.000000,0.000000,"Known Flow",0.000000,0.000000,2.16999993085665e-07,40.000000,0.579999,1000.000000,0.000000,0.000000,13.000000,0.000000,0.515379,0.579999,,,,8.351361,8.351361,,16.800279,,,,,,903.822387,0.066146,0.000000,0.000000,0.000000,,-459.670013,1000.000000,,0.000000,0.000000,,,,0.047174,"SETFLOW",0.000000,0.997560,0.000000,,,,,"","",,,,8.351361,,0.000000,,0.000000,,,0.000000,0.000000,"",,,0.000000,"149-06 Northern Blvd, Q= 8.278 mcfh, Firm DONE",-1.000000,,0.000000,0.000000,-1.000000,-1.000000,,,,,,,,,,,,,,,,"",,,,,,,,,,"Volumetric",,,,,,,,,,-8.277999,,,,,-8.277999,-0.198671,,,,,,,,,,,,
"0BF5CA13","Nodes",1120108.022087,1670024.860537,1313.064347,"Default Known Flow Node",69.999969,0.579999,1000.000000,0.000000,"Known Flow",0.000000,0.000000,2.16999993085665e-07,40.000000,0.579999,1000.000000,0.000000,0.000000,13.000000,0.000000,0.515379,0.579999,,,,8.460398,8.460398,,16.800279,,,,,,903.822387,0.066146,0.000000,0.000000,0.000000,,-459.670013,1000.000000,,0.000000,0.000000,,,,0.047187,"SETFLOW",0.000000,0.997560,0.000000,,,,,"","",,,,8.460398,,0.000000,,0.000000,,,0.000000,0.000000,"",,,0.000000,"147-34 Northern Blvd, Q= 4.652 mcfh, Firm DONE",-1.000000,,0.000000,0.000000,-1.000000,-1.000000,,,,,,,,,,,,,,,,"",,,,,,,,,,"Volumetric",,,,,,,,,,-4.651999,,,,,-4.651999,-0.111647,,,,,,,,,,,,
"0BEC5166","Nodes",1119827.000000,1670086.120000,1313.064347,"Default Known Flow Node",69.999969,0.579999,1000.000000,0.000000,"Known Flow",0.000000,0.000000,2.16999993085665e-07,40.000000,0.579999,1000.000000,0.000000,0.000000,13.000000,0.000000,0.515378,0.579999,,,,8.318751,8.318751,,16.800279,,,,,,903.822387,0.066146,0.000000,0.000000,0.000000,,-459.670013,1000.000000,,0.000000,0.000000,,,,0.047171,"SETFLOW",0.000000,0.997561,0.000000,,,,,"","",,,,8.318751,,0.000000,,0.000000,,,0.000000,0.000000,"",,,0.000000,,-1.000000,,0.000000,0.000000,-1.000000,-1.000000,,,,,,,,,,,"",,,,,,,,,,"Volumetric",,,,,,,,,,-0.022088,,,,,,,,,,-0.022088,-0.000530,,,,,,,,,,,,
"0BEC5165","Nodes",1119825.250000,1670086.750000,1313.064347,"Default Known Flow Node",69.999969,0.579999,1000.000000,0.000000,"Known Flow",0.000000,0.000000,2.16999993085665e-07,40.000000,0.579999,1000.000000,0.000000,0.000000,13.000000,0.000000,0.515378,0.579999,,,,8.318566,8.318566,,16.800279,,,,,,903.822387,0.066146,0.000000,0.000000,0.000000,,-459.670013,1000.000000,,0.000000,0.000000,,,,0.047171,"UNDEFINED",0.000000,0.997561,0.000000,,,,,"","",,,,8.318566,,0.000000,,0.000000,,,0.000000,0.000000,"",,,0.000000,,-1.000000,,0.000000,0.000000,-1.000000,-1.000000,,,,,,,,,,,"",,,,,,,,,,"Volumetric",,,,,,,,,,0.000000,,,,,,,,,,0.000000,0.000000,,,,,,,,,,,,
"0BEC515E","Nodes",1119763.750000,1670083.000000,1313.064347,"Default Known Flow Node",69.999969,0.579999,1000.000000,0.000000,"Known Flow",0.000000,0.000000,2.16999993085665e-07,40.000000,0.579999,1000.000000,0.000000,0.000000,13.000000,0.000000,0.515378,0.579999,,,,8.274102,8.274102,,16.800279,,,,,,903.822387,0.066146,0.000000,0.000000,0.000000,,-459.670013,1000.000000,,0.000000,0.000000,,,,0.047166,"UNDEFINED",0.000000,0.997561,0.000000,,,,,"","",,,,8.274102,,0.000000,,0.000000,,,0.000000,0.000000,"",,,0.000000,,-1.000000,,0.000000,0.000000,-1.000000,-1.000000,,,,,,,,,,,"",,,,,,,,,,"Volumetric",,,,,,,,,,0.000000,,,,,,,,,,0.000000,0.000000,,,,,,,,,,,,
"0BEC515F","Nodes",1119767.370000,1670082.500000,1313.064347,"Default Known Flow Node",69.999969,0.579999,1000.000000,0.000000,"Known Flow",0.000000,0.000000,2.16999993085665e-07,40.000000,0.579999,1000.000000,0.000000,0.000000,13.000000,0.000000,0.515378,0.579999,,,,8.277667,8.277667,,16.800279,,,,,,903.822387,0.066146,0.000000,0.000000,0.000000,,-459.670013,1000.000000,,0.000000,0.000000,,,,0.047166,"SETFLOW",0.000000,0.997561,0.000000,,,,,"","",,,,8.277667,,0.000000,,0.000000,,,0.000000,0.000000,"",,,0.000000,,-1.000000,,0.000000,0.000000,-1.000000,-1.000000,,,,,,,,,,,"",,,,,,,,,,"Volumetric",,,,,,,,,,-0.020984,,,,,,,,,,-0.020984,-0.000503,,,,,,,,,,,,
"0BEC48F7","Nodes",1119728.620000,1670028.500000,1313.064347,"Default Known Flow Node",69.999969,0.579999,1000.000000,0.000000,"Known Flow",0.000000,0.000000,2.16999993085665e-07,40.000000,0.579999,1000.000000,0.000000,0.000000,13.000000,0.000000,0.515378,0.579999,,,,8.254982,8.254982,,16.800279,,,,,,903.822387,0.066146,0.000000,0.000000,0.000000,,-459.670013,1000.000000,,0.000000,0.000000,,,,0.047163,"SETFLOW",0.000000,0.997561,0.000000,,,,,"","",,,,8.254982,,0.000000,,0.000000,,,0.000000,0.000000,"",,,0.000000,,-1.000000,,0.000000,0.000000,-1.000000,-1.000000,,,,,,,,,,,"",,,,,,,,,,"Volumetric",,,,,,,,,,-0.912808,,,,,,,,,,-0.912808,-0.021907,,,,,,,,,,,,
"0BEC515D","Nodes",1119745.750000,1670084.870000,1313.064347,"Default Known Flow Node",69.999969,0.579999,1000.000000,0.000000,"Known Flow",0.000000,0.000000,2.16999993085665e-07,40.000000,0.579999,1000.000000,0.000000,0.000000,13.000000,0.000000,0.515378,0.579999,,,,8.272395,8.272395,,16.800279,,,,,,903.822387,0.066146,0.000000,0.000000,0.000000,,-459.670013,1000.000000,,0.000000,0.000000,,,,0.047165,"UNDEFINED",0.000000,0.997561,0.000000,,,,,"","",,,,8.272395,,0.000000,,0.000000,,,0.000000,0.000000,"",,,0.000000,,-1.000000,,0.000000,0.000000,-1.000000,-1.000000,,,,,,,,,,,"",,,,,,,,,,"Volumetric",,,,,,,,,,0.000000,,,,,,,,,,0.000000,0.000000,,,,,,,,,,,,
"2FB27C1F","Nodes",1119373.000000,1670158.620000,1313.064347,"Default Known Flow Node",69.999969,0.579999,1000.000000,0.000000,"Known Flow",0.000000,0.000000,2.16999993085665e-07,40.000000,0.579999,1000.000000,0.000000,0.000000,13.000000,0.000000,0.515378,0.579999,,,,8.240429,8.240429,,16.800279,,,,,,903.822387,0.066146,0.000000,0.000000,0.000000,,-459.670013,1000.000000,,0.000000,0.000000,,,,0.047162,"UNDEFINED",0.000000,0.997561,0.000000,,,,,"","",,,,8.240429,,0.000000,,0.000000,,,0.000000,0.000000,"",,,0.000000,,-1.000000,,0.000000,0.000000,-1.000000,-1.000000,,,,,,,,,,,"",,,,,,,,,,"Volumetric",,,,,,,,,,0.000000,,,,,,,,,,0.000000,0.000000,,,,,,,,,,,,
"0BEC513A","Nodes",1119376.500000,1670158.000000,1313.064347,"Default Known Flow Node",69.999969,0.579999,1000.000000,0.000000,"Known Flow",0.000000,0.000000,2.16999993085665e-07,40.000000,0.579999,1000.000000,0.000000,0.000000,13.000000,0.000000,0.515378,0.579999,,,,8.240514,8.240514,,16.800279,,,,,,903.822387,0.066146,0.000000,0.000000,0.000000,,-459.670013,1000.000000,,0.000000,0.000000,,,,0.047162,"UNDEFINED",0.000000,0.997561,0.000000,,,,,"","",,,,8.240514,,0.000000,,0.000000,,,0.000000,0.000000,"",,,0.000000,,-1.000000,,0.000000,0.000000,-1.000000,-1.000000,,,,,,,,,,,"",,,,,,,,,,"Volumetric",,,,,,,,,,0.000000,,,,,,,,,,0.000000,0.000000,,,,,,,,,,,,
"0BEC513F","Nodes",1119373.370000,1670143.370000,1313.064347,"Default Known Flow Node",69.999969,0.579999,1000.000000,0.000000,"Known Flow",0.000000,0.000000,2.16999993085665e-07,40.000000,0.579999,1000.000000,0.000000,0.000000,13.000000,0.000000,0.515378,0.579999,,,,8.236422,8.236422,,16.800279,,,,,,903.822387,0.066146,0.000000,0.000000,0.000000,,-459.670013,1000.000000,,0.000000,0.000000,,,,0.047161,"UNDEFINED",0.000000,0.997561,0.000000,,,,,"","",,,,8.236422,,0.000000,,0.000000,,,0.000000,0.000000,"",,,0.000000,,-1.000000,,0.000000,0.000000,-1.000000,-1.000000,,,,,,,,,,,"",,,,,,,,,,"Volumetric",,,,,,,,,,0.000000,,,,,,,,,,0.000000,0.000000,,,,,,,,,,,,
"0BEC516D","Nodes",1120209.212139,1670213.269121,1313.064347,"Default Known Flow Node",69.999969,0.579999,1000.000000,0.000000,"Known Flow",0.000000,0.000000,2.16999993085665e-07,40.000000,0.579999,1000.000000,0.000000,0.000000,13.000000,0.000000,0.515380,0.579999,,,,8.679425,8.679425,,16.800279,,,,,,903.822387,0.066145,0.000000,0.000000,0.000000,,-459.670013,1000.000000,,0.000000,0.000000,,,,0.047212,"UNDEFINED",0.000000,0.997559,0.000000,,,,,"","",,,,8.679425,,0.000000,,0.000000,,,0.000000,0.000000,"",,,0.000000,"V22218",-1.000000,,0.000000,0.000000,-1.000000,-1.000000,,,,,,,,,,,"",,,,,,,,,,"Volumetric",,,,,,,,,,0.000000,,,,,,,,,,0.000000,0.000000,,,,,,,,,,,,
"2FBA3B62","Nodes",1120200.266121,1670211.622790,1313.064347,"Default Known Flow Node",69.999969,0.579999,1000.000000,0.000000,"Known Flow",0.000000,0.000000,2.16999993085665e-07,40.000000,0.579999,1000.000000,0.000000,0.000000,13.000000,0.000000,0.515380,0.579999,,,,8.679425,8.679425,,16.800279,,,,,,903.822387,0.066145,0.000000,0.000000,0.000000,,-459.670013,1000.000000,,0.000000,0.000000,,,,0.047212,"SETFLOW",0.000000,0.997559,0.000000,,,,,"","",,,,8.679425,,0.000000,,0.000000,,,0.000000,0.000000,"",,,0.000000,"Z06-5354-Q, 12""Tieto16CI",-1.000000,,0.000000,0.000000,-1.000000,-1.000000,,,,,,,,,,,"",,,,,,,,,,"Volumetric",,,,,,,,,,-0.029181,,,,,,,,,,-0.029181,-0.000700,,,,,,,,,,,,
"0BEC5177","Nodes",1120132.250000,1670220.370000,1313.064347,"Default Known Flow Node",69.999969,0.579999,1000.000000,0.000000,"Known Flow",0.000000,0.000000,2.16999993085665e-07,40.000000,0.579999,1000.000000,0.000000,0.000000,13.000000,0.000000,0.515381,0.579999,,,,8.714461,8.714461,,16.800279,,,,,,903.822387,0.066145,0.000000,0.000000,0.000000,,-459.670013,1000.000000,,0.000000,0.000000,,,,0.047216,"UNDEFINED",0.000000,0.997558,0.000000,,,,,"","",,,,8.714461,,0.000000,,0.000000,,,0.000000,0.000000,"",,,0.000000,,-1.000000,,0.000000,0.000000,-1.000000,-1.000000,,,,,,,,,,,"",,,,,,,,,,"Volumetric",,,,,,,,,,0.000000,,,,,,,,,,0.000000,0.000000,,,,,,,,,,,,
"0BEC5178","Nodes",1120128.620000,1670222.620000,1313.064347,"Default Known Flow Node",69.999969,0.579999,1000.000000,0.000000,"Known Flow",0.000000,0.000000,2.16999993085665e-07,40.000000,0.579999,1000.000000,0.000000,0.000000,13.000000,0.000000,0.515381,0.579999,,,,8.717324,8.717324,,16.800279,,,,,,903.822387,0.066145,0.000000,0.000000,0.000000,,-459.670013,1000.000000,,0.000000,0.000000,,,,0.047216,"SETFLOW",0.000000,0.997558,0.000000,,,,,"","",,,,8.717324,,0.000000,,0.000000,,,0.000000,0.000000,"",,,0.000000,,-1.000000,,0.000000,0.000000,-1.000000,-1.000000,,,,,,,,,,,"",,,,,,,,,,"Volumetric",,,,,,,,,,-0.002244,,,,,,,,,,-0.002244,-0.000053,,,,,,,,,,,,
"0BEC5162","Nodes",1119802.000000,1670173.120000,1313.064347,"Default Known Flow Node",69.999969,0.579999,1000.000000,0.000000,"Known Flow",0.000000,0.000000,2.16999993085665e-07,40.000000,0.579999,1000.000000,0.000000,0.000000,13.000000,0.000000,0.515378,0.579999,,,,8.274878,8.274878,,16.800279,,,,,,903.822387,0.066146,0.000000,0.000000,0.000000,,-459.670013,1000.000000,,0.000000,0.000000,,,,0.047166,"SETFLOW",0.000000,0.997561,0.000000,,,,,"","",,,,8.274878,,0.000000,,0.000000,,,0.000000,0.000000,"",,,0.000000,,-1.000000,,0.000000,0.000000,-1.000000,-1.000000,,,,,,,,,,,"",,,,,,,,,,"Volumetric",,,,,,,,,,-0.038654,,,,,,,,,,-0.038654,-0.000927,,,,,,,,,,,,
"0BEC5163","Nodes",1119821.370000,1670239.620000,1313.064347,"Default Known Flow Node",69.999969,0.579999,1000.000000,0.000000,"Known Flow",0.000000,0.000000,2.16999993085665e-07,40.000000,0.579999,1000.000000,0.000000,0.000000,13.000000,0.000000,0.515378,0.579999,,,,8.275712,8.275712,,16.800279,,,,,,903.822387,0.066146,0.000000,0.000000,0.000000,,-459.670013,1000.000000,,0.000000,0.000000,,,,0.047166,"SETFLOW",0.000000,0.997561,0.000000,,,,,"","",,,,8.275712,,0.000000,,0.000000,,,0.000000,0.000000,"",,,0.000000,,-1.000000,,0.000000,0.000000,-1.000000,-1.000000,,,,,,,,,,,"",,,,,,,,,,"Volumetric",,,,,,,,,,-0.024849,,,,,,,,,,-0.024849,-0.000596,,,,,,,,,,,,
"0BEC5159","Nodes",1119913.620000,1670362.120000,1313.064347,"Default Known Flow Node",69.999969,0.579999,1000.000000,0.000000,"Known Flow",0.000000,0.000000,2.16999993085665e-07,40.000000,0.579999,1000.000000,0.000000,0.000000,13.000000,0.000000,0.515378,0.579999,,,,8.277508,8.277508,,16.800279,,,,,,903.822387,0.066146,0.000000,0.000000,0.000000,,-459.670013,1000.000000,,0.000000,0.000000,,,,0.047166,"SETFLOW",0.000000,0.997561,0.000000,,,,,"","",,,,8.277508,,0.000000,,0.000000,,,0.000000,0.000000,"",,,0.000000,,-1.000000,,0.000000,0.000000,-1.000000,-1.000000,,,,,,,,,,,"",,,,,,,,,,"Volumetric",,,,,,,,,,-0.002070,,,,,,,,,,-0.002070,-0.000049,,,,,,,,,,,,
"0BEC515A","Nodes",1120004.120000,1670343.750000,1313.064347,"Default Known Flow Node",69.999969,0.579999,1000.000000,0.000000,"Known Flow",0.000000,0.000000,2.16999993085665e-07,40.000000,0.579999,1000.000000,0.000000,0.000000,13.000000,0.000000,0.515378,0.579999,,,,8.277508,8.277508,,16.800279,,,,,,903.822387,0.066146,0.000000,0.000000,0.000000,,-459.670013,1000.000000,,0.000000,0.000000,,,,0.047166,"UNDEFINED",0.000000,0.997561,0.000000,,,,,"","",,,,8.277508,,0.000000,,0.000000,,,0.000000,0.000000,"",,,0.000000,,-1.000000,,0.000000,0.000000,-1.000000,-1.000000,,,,,,,,,,,"",,,,,,,,,,"Volumetric",,,,,,,,,,0.000000,,,,,,,,,,0.000000,0.000000,,,,,,,,,,,,
"0BEC5158","Nodes",1119851.000000,1670375.370000,1313.064347,"Default Known Flow Node",69.999969,0.579999,1000.000000,0.000000,"Known Flow",0.000000,0.000000,2.16999993085665e-07,40.000000,0.579999,1000.000000,0.000000,0.000000,13.000000,0.000000,0.515378,0.579999,,,,8.277554,8.277554,,16.800279,,,,,,903.822387,0.066146,0.000000,0.000000,0.000000,,-459.670013,1000.000000,,0.000000,0.000000,,,,0.047166,"UNDEFINED",0.000000,0.997561,0.000000,,,,,"","",,,,8.277554,,0.000000,,0.000000,,,0.000000,0.000000,"",,,0.000000,,-1.000000,,0.000000,0.000000,-1.000000,-1.000000,,,,,,,,,,,"",,,,,,,,,,"Volumetric",,,,,,,,,,0.000000,,,,,,,,,,0.000000,0.000000,,,,,,,,,,,,
"0BEC5164","Nodes",1119848.000000,1670372.120000,1313.064347,"Default Known Flow Node",69.999969,0.579999,1000.000000,0.000000,"Known Flow",0.000000,0.000000,2.16999993085665e-07,40.000000,0.579999,1000.000000,0.000000,0.000000,13.000000,0.000000,0.515378,0.579999,,,,8.277503,8.277503,,16.800279,,,,,,903.822387,0.066146,0.000000,0.000000,0.000000,,-459.670013,1000.000000,,0.000000,0.000000,,,,0.047166,"UNDEFINED",0.000000,0.997561,0.000000,,,,,"","",,,,8.277503,,0.000000,,0.000000,,,0.000000,0.000000,"",,,0.000000,,-1.000000,,0.000000,0.000000,-1.000000,-1.000000,,,,,,,,,,,"",,,,,,,,,,"Volumetric",,,,,,,,,,0.000000,,,,,,,,,,0.000000,0.000000,,,,,,,,,,,,
"0BEC517C","Nodes",1119848.620000,1670375.870000,1313.064347,"Default Known Flow Node",69.999969,0.579999,1000.000000,0.000000,"Known Flow",0.000000,0.000000,2.16999993085665e-07,40.000000,0.579999,1000.000000,0.000000,0.000000,13.000000,0.000000,0.515378,0.579999,,,,8.277555,8.277555,,16.800279,,,,,,903.822387,0.066146,0.000000,0.000000,0.000000,,-459.670013,1000.000000,,0.000000,0.000000,,,,0.047166,"UNDEFINED",0.000000,0.997561,0.000000,,,,,"","",,,,8.277555,,0.000000,,0.000000,,,0.000000,0.000000,"",,,0.000000,,-1.000000,,0.000000,0.000000,-1.000000,-1.000000,,,,,,,,,,,"",,,,,,,,,,"Volumetric",,,,,,,,,,0.000000,,,,,,,,,,0.000000,0.000000,,,,,,,,,,,,
"0BEC5157","Nodes",1119846.250000,1670376.370000,1313.064347,"Default Known Flow Node",69.999969,0.579999,1000.000000,0.000000,"Known Flow",0.000000,0.000000,2.16999993085665e-07,40.000000,0.579999,1000.000000,0.000000,0.000000,13.000000,0.000000,0.515378,0.579999,,,,8.277590,8.277590,,16.800279,,,,,,903.822387,0.066146,0.000000,0.000000,0.000000,,-459.670013,1000.000000,,0.000000,0.000000,,,,0.047166,"SETFLOW",0.000000,0.997561,0.000000,,,,,"","",,,,8.277590,,0.000000,,0.000000,,,0.000000,0.000000,"",,,0.000000,,-1.000000,,0.000000,0.000000,-1.000000,-1.000000,,,,,,,,,,,"",,,,,,,,,,"Volumetric",,,,,,,,,,-0.390138,,,,,,,,,,-0.390138,-0.009363,,,,,,,,,,,,
"0BEC5156","Nodes",1119488.250000,1670451.120000,1313.064347,"Default Known Flow Node",69.999969,0.579999,1000.000000,0.000000,"Known Flow",0.000000,0.000000,2.16999993085665e-07,40.000000,0.579999,1000.000000,0.000000,0.000000,13.000000,0.000000,0.515378,0.579999,,,,8.319985,8.319985,,16.800279,,,,,,903.822387,0.066146,0.000000,0.000000,0.000000,,-459.670013,1000.000000,,0.000000,0.000000,,,,0.047171,"UNDEFINED",0.000000,0.997561,0.000000,,,,,"","",,,,8.319985,,0.000000,,0.000000,,,0.000000,0.000000,"",,,0.000000,,-1.000000,,0.000000,0.000000,-1.000000,-1.000000,,,,,,,,,,,"",,,,,,,,,,"Volumetric",,,,,,,,,,0.000000,,,,,,,,,,0.000000,0.000000,,,,,,,,,,,,
"0BEC5140","Nodes",1119430.870000,1670446.500000,1313.064347,"Default Known Flow Node",69.999969,0.579999,1000.000000,0.000000,"Known Flow",0.000000,0.000000,2.16999993085665e-07,40.000000,0.579999,1000.000000,0.000000,0.000000,13.000000,0.000000,0.515378,0.579999,,,,8.320682,8.320682,,16.800279,,,,,,903.822387,0.066146,0.000000,0.000000,0.000000,,-459.670013,1000.000000,,0.000000,0.000000,,,,0.047171,"UNDEFINED",0.000000,0.997561,0.000000,,,,,"","",,,,8.320682,,0.000000,,0.000000,,,0.000000,0.000000,"",,,0.000000,,-1.000000,,0.000000,0.000000,-1.000000,-1.000000,,,,,,,,,,,"",,,,,,,,,,"Volumetric",,,,,,,,,,0.000000,,,,,,,,,,0.000000,0.000000,,,,,,,,,,,,
"0BEC5155","Nodes",1119479.370000,1670452.750000,1313.064347,"Default Known Flow Node",69.999969,0.579999,1000.000000,0.000000,"Known Flow",0.000000,0.000000,2.16999993085665e-07,40.000000,0.579999,1000.000000,0.000000,0.000000,13.000000,0.000000,0.515378,0.579999,,,,8.320758,8.320758,,16.800279,,,,,,903.822387,0.066146,0.000000,0.000000,0.000000,,-459.670013,1000.000000,,0.000000,0.000000,,,,0.047171,"UNDEFINED",0.000000,0.997561,0.000000,,,,,"","",,,,8.320758,,0.000000,,0.000000,,,0.000000,0.000000,"",,,0.000000,,-1.000000,,0.000000,0.000000,-1.000000,-1.000000,,,,,,,,,,,"",,,,,,,,,,"Volumetric",,,,,,,,,,0.000000,,,,,,,,,,0.000000,0.000000,,,,,,,,,,,,
"0BEC5143","Nodes",1119470.620000,1670454.620000,1313.064347,"Default Known Flow Node",69.999969,0.579999,1000.000000,0.000000,"Known Flow",0.000000,0.000000,2.16999993085665e-07,40.000000,0.579999,1000.000000,0.000000,0.000000,13.000000,0.000000,0.515378,0.579999,,,,8.321801,8.321801,,16.800279,,,,,,903.822387,0.066146,0.000000,0.000000,0.000000,,-459.670013,1000.000000,,0.000000,0.000000,,,,0.047171,"UNDEFINED",0.000000,0.997561,0.000000,,,,,"","",,,,8.321801,,0.000000,,0.000000,,,0.000000,0.000000,"",,,0.000000,,-1.000000,,0.000000,0.000000,-1.000000,-1.000000,,,,,,,,,,,"",,,,,,,,,,"Volumetric",,,,,,,,,,0.000000,,,,,,,,,,0.000000,0.000000,,,,,,,,,,,,
"0BEC5142","Nodes",1119433.870000,1670462.750000,1313.064347,"Default Known Flow Node",69.999969,0.579999,1000.000000,0.000000,"Known Flow",0.000000,0.000000,2.16999993085665e-07,40.000000,0.579999,1000.000000,0.000000,0.000000,13.000000,0.000000,0.515378,0.579999,,,,8.325067,8.325067,,16.800279,,,,,,903.822387,0.066146,0.000000,0.000000,0.000000,,-459.670013,1000.000000,,0.000000,0.000000,,,,0.047171,"UNDEFINED",0.000000,0.997561,0.000000,,,,,"","",,,,8.325067,,0.000000,,0.000000,,,0.000000,0.000000,"",,,0.000000,,-1.000000,,0.000000,0.000000,-1.000000,-1.000000,,,,,,,,,,,"",,,,,,,,,,"Volumetric",,,,,,,,,,0.000000,,,,,,,,,,0.000000,0.000000,,,,,,,,,,,,
"0BEC5141","Nodes",1119433.000000,1670457.750000,1313.064347,"Default Known Flow Node",69.999969,0.579999,1000.000000,0.000000,"Known Flow",0.000000,0.000000,2.16999993085665e-07,40.000000,0.579999,1000.000000,0.000000,0.000000,13.000000,0.000000,0.515378,0.579999,,,,8.323704,8.323704,,16.800279,,,,,,903.822387,0.066146,0.000000,0.000000,0.000000,,-459.670013,1000.000000,,0.000000,0.000000,,,,0.047171,"UNDEFINED",0.000000,0.997561,0.000000,,,,,"","",,,,8.323704,,0.000000,,0.000000,,,0.000000,0.000000,"",,,0.000000,,-1.000000,,0.000000,0.000000,-1.000000,-1.000000,,,,,,,,,,,"",,,,,,,,,,"Volumetric",,,,,,,,,,0.000000,,,,,,,,,,0.000000,0.000000,,,,,,,,,,,,
"0BEC513B","Nodes",1119431.370000,1670463.250000,1313.064347,"Default Known Flow Node",69.999969,0.579999,1000.000000,0.000000,"Known Flow",0.000000,0.000000,2.16999993085665e-07,40.000000,0.579999,1000.000000,0.000000,0.000000,13.000000,0.000000,0.515378,0.579999,,,,8.325067,8.325067,,16.800279,,,,,,903.822387,0.066146,0.000000,0.000000,0.000000,,-459.670013,1000.000000,,0.000000,0.000000,,,,0.047171,"UNDEFINED",0.000000,0.997561,0.000000,,,,,"","",,,,8.325067,,0.000000,,0.000000,,,0.000000,0.000000,"",,,0.000000,"40-07 149 Place, Q= 1.481 mcfh, Firm",-1.000000,,0.000000,0.000000,-1.000000,-1.000000,,,,,,,,,,,"",,,,,,,,,,"Volumetric",,,,,,,,,,0.000000,,,,,,,,,,0.000000,0.000000,,,,,,,,,,,,
"2FB27C1B","Nodes",1119302.250000,1670490.500000,1313.064347,"Default Known Flow Node",69.999969,0.579999,1000.000000,0.000000,"Known Flow",0.000000,0.000000,2.16999993085665e-07,40.000000,0.579999,1000.000000,0.000000,0.000000,13.000000,0.000000,0.515378,0.579999,,,,8.325067,8.325067,,16.800279,,,,,,903.822387,0.066146,0.000000,0.000000,0.000000,,-459.670013,1000.000000,,0.000000,0.000000,,,,0.047171,"UNDEFINED",0.000000,0.997561,0.000000,,,,,"","",,,,8.325067,,0.000000,,0.000000,,,0.000000,0.000000,"",,,0.000000,,-1.000000,,0.000000,0.000000,-1.000000,-1.000000,,,,,,,,,,,"",,,,,,,,,,"Volumetric",,,,,,,,,,0.000000,,,,,,,,,,0.000000,0.000000,,,,,,,,,,,,
"0BEC508D","Nodes",1119260.000000,1670498.500000,1313.064347,"Default Known Flow Node",69.999969,0.579999,1000.000000,0.000000,"Known Flow",0.000000,0.000000,2.16999993085665e-07,40.000000,0.579999,1000.000000,0.000000,0.000000,13.000000,0.000000,0.515378,0.579999,,,,8.325067,8.325067,,16.800279,,,,,,903.822387,0.066146,0.000000,0.000000,0.000000,,-459.670013,1000.000000,,0.000000,0.000000,,,,0.047171,"UNDEFINED",0.000000,0.997561,0.000000,,,,,"","",,,,8.325067,,0.000000,,0.000000,,,0.000000,0.000000,"",,,0.000000,,-1.000000,,0.000000,0.000000,-1.000000,-1.000000,,,,,,,,,,,"",,,,,,,,,,"Volumetric",,,,,,,,,,0.000000,,,,,,,,,,0.000000,0.000000,,,,,,,,,,,,
"2FB27C1C","Nodes",1119292.370000,1670492.500000,1313.064347,"Default Known Flow Node",69.999969,0.579999,1000.000000,0.000000,"Known Flow",0.000000,0.000000,2.16999993085665e-07,40.000000,0.579999,1000.000000,0.000000,0.000000,13.000000,0.000000,0.515378,0.579999,,,,8.325067,8.325067,,16.800279,,,,,,903.822387,0.066146,0.000000,0.000000,0.000000,,-459.670013,1000.000000,,0.000000,0.000000,,,,0.047171,"UNDEFINED",0.000000,0.997561,0.000000,,,,,"","",,,,8.325067,,0.000000,,0.000000,,,0.000000,0.000000,"",,,0.000000,"Gage2 = 3.6",-1.000000,,0.000000,0.000000,-1.000000,-1.000000,,,,,,,,,,,"",,,,,,,,,,"Volumetric",,,,,,,,,,0.000000,,,,,,,,,,0.000000,0.000000,,,,,,,,,,,,
"0BEC5194","Nodes",1120280.000000,1670614.870000,1313.064347,"Default Known Flow Node",69.999969,0.579999,1000.000000,0.000000,"Known Flow",0.000000,0.000000,2.16999993085665e-07,40.000000,0.579999,1000.000000,0.000000,0.000000,13.000000,0.000000,0.515380,0.579999,,,,8.639695,8.639695,,16.800279,,,,,,903.822387,0.066145,0.000000,0.000000,0.000000,,-459.670013,1000.000000,,0.000000,0.000000,,,,0.047207,"UNDEFINED",0.000000,0.997559,0.000000,,,,,"","",,,,8.639695,,0.000000,,0.000000,,,0.000000,0.000000,"",,,0.000000,"Canceled SIR: Mark Levine",-1.000000,,0.000000,0.000000,-1.000000,-1.000000,,,,,,,,,,,"",,,,,,,,,,"Volumetric",,,,,,,,,,0.000000,,,,,,,,,,0.000000,0.000000,,,,,,,,,,,,
"asd","Nodes",1120147.000000,1670607.620000,1313.064347,"Default Known Flow Node",69.999969,0.579999,1000.000000,0.000000,"Known Flow",0.000000,0.000000,2.16999993085665e-07,40.000000,0.579999,1000.000000,0.000000,0.000000,13.000000,0.000000,0.515380,0.579999,,,,8.665188,8.665188,,16.800279,,,,,,903.822387,0.066145,0.000000,0.000000,0.000000,,-459.670013,1000.000000,,0.000000,0.000000,,,,0.047210,"UNDEFINED",0.000000,0.997559,0.000000,,,,,"","",,,,8.665188,,0.000000,,0.000000,,,0.000000,0.000000,"",,,0.000000,"150-01 to 150-25 Northern Blvd, NB= -23.837mcfh, Firm Done",-1.000000,,0.000000,0.000000,-1.000000,-1.000000,,,,,,,,,,,"",,,,,,,,,,"Volumetric",,,,,,,,,,0.000000,,,,,,,,,,0.000000,0.000000,,,,,,,,,,,,
"0BEC5175","Nodes",1120044.000000,1670608.500000,1313.064347,"Default Known Flow Node",69.999969,0.579999,1000.000000,0.000000,"Known Flow",0.000000,0.000000,2.16999993085665e-07,40.000000,0.579999,1000.000000,0.000000,0.000000,13.000000,0.000000,0.515381,0.579999,,,,8.736396,8.736396,,16.800279,,,,,,903.822387,0.066145,0.000000,0.000000,0.000000,,-459.670013,1000.000000,,0.000000,0.000000,,,,0.047218,"UNDEFINED",0.000000,0.997558,0.000000,,,,,"","",,,,8.736396,,0.000000,,0.000000,,,0.000000,0.000000,"",,,0.000000,,-1.000000,,0.000000,0.000000,-1.000000,-1.000000,,,,,,,,,,,"",,,,,,,,,,"Volumetric",,,,,,,,,,0.000000,,,,,,,,,,0.000000,0.000000,,,,,,,,,,,,
"0BEC5174","Nodes",1120039.500000,1670609.120000,1313.064347,"Default Known Flow Node",69.999969,0.579999,1000.000000,0.000000,"Known Flow",0.000000,0.000000,2.16999993085665e-07,40.000000,0.579999,1000.000000,0.000000,0.000000,13.000000,0.000000,0.515381,0.579999,,,,8.740887,8.740887,,16.800279,,,,,,903.822387,0.066145,0.000000,0.000000,0.000000,,-459.670013,1000.000000,,0.000000,0.000000,,,,0.047219,"UNDEFINED",0.000000,0.997558,0.000000,,,,,"","",,,,8.740887,,0.000000,,0.000000,,,0.000000,0.000000,"",,,0.000000,,-1.000000,,0.000000,0.000000,-1.000000,-1.000000,,,,,,,,,,,"",,,,,,,,,,"Volumetric",,,,,,,,,,0.000000,,,,,,,,,,0.000000,0.000000,,,,,,,,,,,,
"2FB1A1D4","Nodes",1119975.370000,1670882.000000,1313.064347,"Default Known Flow Node",69.999969,0.579999,1000.000000,0.000000,"Known Flow",0.000000,0.000000,2.16999993085665e-07,40.000000,0.579999,1000.000000,0.000000,0.000000,13.000000,0.000000,0.515381,0.579999,,,,8.731621,8.731621,,16.800279,,,,,,903.822387,0.066145,0.000000,0.000000,0.000000,,-459.670013,1000.000000,,0.000000,0.000000,,,,0.047218,"UNDEFINED",0.000000,0.997558,0.000000,,,,,"","",,,,8.731621,,0.000000,,0.000000,,,0.000000,0.000000,"",,,0.000000,,-1.000000,,0.000000,0.000000,-1.000000,-1.000000,,,,,,,,,,,"",,,,,,,,,,"Volumetric",,,,,,,,,,0.000000,,,,,,,,,,0.000000,0.000000,,,,,,,,,,,,
"0BEC5148","Nodes",1119535.370000,1670709.000000,1313.064347,"Default Known Flow Node",69.999969,0.579999,1000.000000,0.000000,"Known Flow",0.000000,0.000000,2.16999993085665e-07,40.000000,0.579999,1000.000000,0.000000,0.000000,13.000000,0.000000,0.515379,0.579999,,,,8.407682,8.407682,,16.800279,,,,,,903.822387,0.066146,0.000000,0.000000,0.000000,,-459.670013,1000.000000,,0.000000,0.000000,,,,0.047181,"UNDEFINED",0.000000,0.997560,0.000000,,,,,"","",,,,8.407682,,0.000000,,0.000000,,,0.000000,0.000000,"",,,0.000000,,-1.000000,,0.000000,0.000000,-1.000000,-1.000000,,,,,,,,,,,"",,,,,,,,,,"Volumetric",,,,,,,,,,0.000000,,,,,,,,,,0.000000,0.000000,,,,,,,,,,,,
"0BEC5154","Nodes",1119903.870000,1670636.120000,1313.064347,"Default Known Flow Node",69.999969,0.579999,1000.000000,0.000000,"Known Flow",0.000000,0.000000,2.16999993085665e-07,40.000000,0.579999,1000.000000,0.000000,0.000000,13.000000,0.000000,0.515379,0.579999,,,,8.407682,8.407682,,16.800279,,,,,,903.822387,0.066146,0.000000,0.000000,0.000000,,-459.670013,1000.000000,,0.000000,0.000000,,,,0.047181,"UNDEFINED",0.000000,0.997560,0.000000,,,,,"","",,,,8.407682,,0.000000,,0.000000,,,0.000000,0.000000,"",,,0.000000,,-1.000000,,0.000000,0.000000,-1.000000,-1.000000,,,,,,,,,,,"",,,,,,,,,,"Volumetric",,,,,,,,,,0.000000,,,,,,,,,,0.000000,0.000000,,,,,,,,,,,,
"RegFl324","Nodes",1119476.120000,1670701.620000,1313.064347,"Default Known Flow Node",69.999969,0.579999,1000.000000,0.000000,"Known Flow",0.000000,0.000000,2.16999993085665e-07,40.000000,0.579999,1000.000000,0.000000,0.000000,13.000000,0.000000,0.515379,0.579999,,,,8.401388,8.401388,,16.800279,,,,,,903.822387,0.066146,0.000000,0.000000,0.000000,,-459.670013,1000.000000,,0.000000,0.000000,,,,0.047180,"UNDEFINED",0.000000,0.997560,0.000000,,,,,"","",,,,8.401388,,0.000000,,0.000000,,,0.000000,0.000000,"",,,0.000000,"40-02 150 St",-1.000000,,0.000000,0.000000,-1.000000,-1.000000,,,,,,,,,,,"",,,,,,,,,,"Volumetric",,,,,,,,,,0.000000,,,,,,,,,,0.000000,0.000000,,,,,,,,,,,,
"0BEC5146","Nodes",1119479.370000,1670721.000000,1313.064347,"Default Known Flow Node",69.999969,0.579999,1000.000000,0.000000,"Known Flow",0.000000,0.000000,2.16999993085665e-07,40.000000,0.579999,1000.000000,0.000000,0.000000,13.000000,0.000000,0.515379,0.579999,,,,8.407682,8.407682,,16.800279,,,,,,903.822387,0.066146,0.000000,0.000000,0.000000,,-459.670013,1000.000000,,0.000000,0.000000,,,,0.047181,"UNDEFINED",0.000000,0.997560,0.000000,,,,,"","",,,,8.407682,,0.000000,,0.000000,,,0.000000,0.000000,"",,,0.000000,,-1.000000,,0.000000,0.000000,-1.000000,-1.000000,,,,,,,,,,,"",,,,,,,,,,"Volumetric",,,,,,,,,,0.000000,,,,,,,,,,0.000000,0.000000,,,,,,,,,,,,
"0BEC5145","Nodes",1119478.250000,1670714.000000,1313.064347,"Default Known Flow Node",69.999969,0.579999,1000.000000,0.000000,"Known Flow",0.000000,0.000000,2.16999993085665e-07,40.000000,0.579999,1000.000000,0.000000,0.000000,13.000000,0.000000,0.515379,0.579999,,,,8.405483,8.405483,,16.800279,,,,,,903.822387,0.066146,0.000000,0.000000,0.000000,,-459.670013,1000.000000,,0.000000,0.000000,,,,0.047181,"UNDEFINED",0.000000,0.997560,0.000000,,,,,"","",,,,8.405483,,0.000000,,0.000000,,,0.000000,0.000000,"",,,0.000000,,-1.000000,,0.000000,0.000000,-1.000000,-1.000000,,,,,,,,,,,"",,,,,,,,,,"Volumetric",,,,,,,,,,0.000000,,,,,,,,,,0.000000,0.000000,,,,,,,,,,,,
"0BEC5147","Nodes",1119451.620000,1670726.750000,1313.064347,"Default Known Flow Node",69.999969,0.579999,1000.000000,0.000000,"Known Flow",0.000000,0.000000,2.16999993085665e-07,40.000000,0.579999,1000.000000,0.000000,0.000000,13.000000,0.000000,0.515379,0.579999,,,,8.379890,8.379890,,16.800279,,,,,,903.822387,0.066146,0.000000,0.000000,0.000000,,-459.670013,1000.000000,,0.000000,0.000000,,,,0.047178,"UNDEFINED",0.000000,0.997560,0.000000,,,,,"","",,,,8.379890,,0.000000,,0.000000,,,0.000000,0.000000,"",,,0.000000,,-1.000000,,0.000000,0.000000,-1.000000,-1.000000,,,,,,,,,,,"",,,,,,,,,,"Volumetric",,,,,,,,,,0.000000,,,,,,,,,,0.000000,0.000000,,,,,,,,,,,,
"0BEC513C","Nodes",1119439.620000,1670729.370000,1313.064347,"Default Known Flow Node",69.999969,0.579999,1000.000000,0.000000,"Known Flow",0.000000,0.000000,2.16999993085665e-07,40.000000,0.579999,1000.000000,0.000000,0.000000,13.000000,0.000000,0.515379,0.579999,,,,8.369683,8.369683,,16.800279,,,,,,903.822387,0.066146,0.000000,0.000000,0.000000,,-459.670013,1000.000000,,0.000000,0.000000,,,,0.047176,"UNDEFINED",0.000000,0.997560,0.000000,,,,,"","",,,,8.369683,,0.000000,,0.000000,,,0.000000,0.000000,"",,,0.000000,,-1.000000,,0.000000,0.000000,-1.000000,-1.000000,,,,,,,,,,,"",,,,,,,,,,"Volumetric",,,,,,,,,,0.000000,,,,,,,,,,0.000000,0.000000,,,,,,,,,,,,
"0BEC5195","Nodes",1120203.370000,1670892.370000,1313.064347,"Default Known Flow Node",69.999969,0.579999,1000.000000,0.000000,"Known Flow",0.000000,0.000000,2.16999993085665e-07,40.000000,0.579999,1000.000000,0.000000,0.000000,13.000000,0.000000,0.515380,0.579999,,,,8.666375,8.666375,,16.800279,,,,,,903.822387,0.066145,0.000000,0.000000,0.000000,,-459.670013,1000.000000,,0.000000,0.000000,,,,0.047210,"UNDEFINED",0.000000,0.997559,0.000000,,,,,"","",,,,8.666375,,0.000000,,0.000000,,,0.000000,0.000000,"",,,0.000000,,-1.000000,,0.000000,0.000000,-1.000000,-1.000000,,,,,,,,,,,"",,,,,,,,,,"Volumetric",,,,,,,,,,0.000000,,,,,,,,,,0.000000,0.000000,,,,,,,,,,,,
"2FB82F29","Nodes",1120115.000000,1670882.870000,1313.064347,"Default Known Flow Node",69.999969,0.579999,1000.000000,0.000000,"Known Flow",0.000000,0.000000,2.16999993085665e-07,40.000000,0.579999,1000.000000,0.000000,0.000000,13.000000,0.000000,0.515380,0.579999,,,,8.668950,8.668950,,16.800279,,,,,,903.822387,0.066145,0.000000,0.000000,0.000000,,-459.670013,1000.000000,,0.000000,0.000000,,,,0.047210,"SETFLOW",0.000000,0.997559,0.000000,,,,,"","",,,,8.668950,,0.000000,,0.000000,,,0.000000,0.000000,"",,,0.000000,"150-01 to 150-25 Northern Blvd, Q =2.167mcfh, Firm Done",-1.000000,,0.000000,0.000000,-1.000000,-1.000000,,,,,,,,,,,,,,,,"",,,,,,,,,,"Volumetric",,,,,,,,,,-0.131801,,,,,-0.131801,-0.003163,,,,,,,,,,,,
"0BEC5149","Nodes",1119527.439854,1670992.801303,1313.064347,"Default Known Flow Node",69.999969,0.579999,1000.000000,0.000000,"Known Flow",0.000000,0.000000,2.16999993085665e-07,40.000000,0.579999,1000.000000,0.000000,0.000000,13.000000,0.000000,0.515380,0.579999,,,,8.551649,8.551649,,16.800279,,,,,,903.822387,0.066145,0.000000,0.000000,0.000000,,-459.670013,1000.000000,,0.000000,0.000000,,,,0.047197,"UNDEFINED",0.000000,0.997559,0.000000,,,,,"","",,,,8.551649,,0.000000,,0.000000,,,0.000000,0.000000,"",,,0.000000,,-1.000000,,0.000000,0.000000,-1.000000,-1.000000,,,,,,,,,,,"",,,,,,,,,,"Volumetric",,,,,,,,,,0.000000,,,,,,,,,,0.000000,0.000000,,,,,,,,,,,,
"0BEC5150","Nodes",1119570.120000,1670980.500000,1313.064347,"Default Known Flow Node",69.999969,0.579999,1000.000000,0.000000,"Known Flow",0.000000,0.000000,2.16999993085665e-07,40.000000,0.579999,1000.000000,0.000000,0.000000,13.000000,0.000000,0.515380,0.579999,,,,8.613460,8.613460,,16.800279,,,,,,903.822387,0.066145,0.000000,0.000000,0.000000,,-459.670013,1000.000000,,0.000000,0.000000,,,,0.047204,"UNDEFINED",0.000000,0.997559,0.000000,,,,,"","",,,,8.613460,,0.000000,,0.000000,,,0.000000,0.000000,"",,,0.000000,,-1.000000,,0.000000,0.000000,-1.000000,-1.000000,,,,,,,,,,,"",,,,,,,,,,"Volumetric",,,,,,,,,,0.000000,,,,,,,,,,0.000000,0.000000,,,,,,,,,,,,
"2FC15A0C","Nodes",1119506.349304,1670873.504065,1313.064347,"Default Known Flow Node",69.999969,0.579999,1000.000000,0.000000,"Known Flow",0.000000,0.000000,2.16999993085665e-07,40.000000,0.579999,1000.000000,0.000000,0.000000,13.000000,0.000000,0.515379,0.579999,,,,8.484015,8.484015,,16.800279,,,,,,903.822387,0.066146,0.000000,0.000000,0.000000,,-459.670013,1000.000000,,0.000000,0.000000,,,,0.047189,"UNDEFINED",0.000000,0.997560,0.000000,,,,,"","",,,,8.484015,,0.000000,,0.000000,,,0.000000,0.000000,"",,,0.000000,,-1.000000,,0.000000,0.000000,0.000000,-1.000000,,,,,,,,,,,"",,,,,,,,,,"Volumetric",,,,,,,,,,0.000000,,,,,,,,,,0.000000,0.000000,,,,,,,,,,,,
"0BEC513D","Nodes",1119561.500000,1671190.120000,1313.064347,"Default Known Flow Node",69.999969,0.579999,1000.000000,0.000000,"Known Flow",0.000000,0.000000,2.16999993085665e-07,40.000000,0.579999,1000.000000,0.000000,0.000000,13.000000,0.000000,0.515380,0.579999,,,,8.610454,8.610454,,16.800279,,,,,,903.822387,0.066145,0.000000,0.000000,0.000000,,-459.670013,1000.000000,,0.000000,0.000000,,,,0.047204,"UNDEFINED",0.000000,0.997559,0.000000,,,,,"","",,,,8.610454,,0.000000,,0.000000,,,0.000000,0.000000,"",,,0.000000,,-1.000000,,0.000000,0.000000,-1.000000,-1.000000,,,,,,,,,,,"",,,,,,,,,,"Volumetric",,,,,,,,,,0.000000,,,,,,,,,,0.000000,0.000000,,,,,,,,,,,,
"0BEC514A","Nodes",1119589.370000,1671190.000000,1313.064347,"Default Known Flow Node",69.999969,0.579999,1000.000000,0.000000,"Known Flow",0.000000,0.000000,2.16999993085665e-07,40.000000,0.579999,1000.000000,0.000000,0.000000,13.000000,0.000000,0.515380,0.579999,,,,8.659785,8.659785,,16.800279,,,,,,903.822387,0.066145,0.000000,0.000000,0.000000,,-459.670013,1000.000000,,0.000000,0.000000,,,,0.047209,"UNDEFINED",0.000000,0.997559,0.000000,,,,,"","",,,,8.659785,,0.000000,,0.000000,,,0.000000,0.000000,"",,,0.000000,,-1.000000,,0.000000,0.000000,-1.000000,-1.000000,,,,,,,,,,,"",,,,,,,,,,"Volumetric",,,,,,,,,,0.000000,,,,,,,,,,0.000000,0.000000,,,,,,,,,,,,
"0BEC514B","Nodes",1119592.500000,1671190.120000,1313.064347,"Default Known Flow Node",69.999969,0.579999,1000.000000,0.000000,"Known Flow",0.000000,0.000000,2.16999993085665e-07,40.000000,0.579999,1000.000000,0.000000,0.000000,13.000000,0.000000,0.515380,0.579999,,,,8.660587,8.660587,,16.800279,,,,,,903.822387,0.066145,0.000000,0.000000,0.000000,,-459.670013,1000.000000,,0.000000,0.000000,,,,0.047210,"UNDEFINED",0.000000,0.997559,0.000000,,,,,"","",,,,8.660587,,0.000000,,0.000000,,,0.000000,0.000000,"",,,0.000000,,-1.000000,,0.000000,0.000000,-1.000000,-1.000000,,,,,,,,,,,"",,,,,,,,,,"Volumetric",,,,,,,,,,0.000000,,,,,,,,,,0.000000,0.000000,,,,,,,,,,,,
"0BEC5197","Nodes",1119848.000000,1671380.000000,1313.064347,"Default Known Flow Node",69.999969,0.579999,1000.000000,0.000000,"Known Flow",0.000000,0.000000,2.16999993085665e-07,40.000000,0.579999,1000.000000,0.000000,0.000000,13.000000,0.000000,0.515381,0.579999,,,,8.723440,8.723440,,16.800279,,,,,,903.822387,0.066145,0.000000,0.000000,0.000000,,-459.670013,1000.000000,,0.000000,0.000000,,,,0.047217,"UNDEFINED",0.000000,0.997558,0.000000,,,,,"","",,,,8.723440,,0.000000,,0.000000,,,0.000000,0.000000,"",,,0.000000,,-1.000000,,0.000000,0.000000,-1.000000,-1.000000,,,,,,,,,,,"",,,,,,,,,,"Volumetric",,,,,,,,,,0.000000,,,,,,,,,,0.000000,0.000000,,,,,,,,,,,,
"2FB1A1D5","Nodes",1119899.500000,1671211.000000,1313.064347,"Default Known Flow Node",69.999969,0.579999,1000.000000,0.000000,"Known Flow",0.000000,0.000000,2.16999993085665e-07,40.000000,0.579999,1000.000000,0.000000,0.000000,13.000000,0.000000,0.515381,0.579999,,,,8.723338,8.723338,,16.800279,,,,,,903.822387,0.066145,0.000000,0.000000,0.000000,,-459.670013,1000.000000,,0.000000,0.000000,,,,0.047217,"UNDEFINED",0.000000,0.997558,0.000000,,,,,"","",,,,8.723338,,0.000000,,0.000000,,,0.000000,0.000000,"",,,0.000000,,-1.000000,,0.000000,0.000000,-1.000000,-1.000000,,,,,,,,,,,"",,,,,,,,,,"Volumetric",,,,,,,,,,0.000000,,,,,,,,,,0.000000,0.000000,,,,,,,,,,,,
"0BEC514D","Nodes",1119562.870000,1671215.500000,1313.064347,"Default Known Flow Node",69.999969,0.579999,1000.000000,0.000000,"Known Flow",0.000000,0.000000,2.16999993085665e-07,40.000000,0.579999,1000.000000,0.000000,0.000000,13.000000,0.000000,0.515380,0.579999,,,,8.609572,8.609572,,16.800279,,,,,,903.822387,0.066145,0.000000,0.000000,0.000000,,-459.670013,1000.000000,,0.000000,0.000000,,,,0.047204,"UNDEFINED",0.000000,0.997559,0.000000,,,,,"","",,,,8.609572,,0.000000,,0.000000,,,0.000000,0.000000,"",,,0.000000,,-1.000000,,0.000000,0.000000,-1.000000,-1.000000,,,,,,,,,,,"",,,,,,,,,,"Volumetric",,,,,,,,,,0.000000,,,,,,,,,,0.000000,0.000000,,,,,,,,,,,,
"0BEC5179","Nodes",1119562.120000,1671218.120000,1313.064347,"Default Known Flow Node",69.999969,0.579999,1000.000000,0.000000,"Known Flow",0.000000,0.000000,2.16999993085665e-07,40.000000,0.579999,1000.000000,0.000000,0.000000,13.000000,0.000000,0.515380,0.579999,,,,8.609460,8.609460,,16.800279,,,,,,903.822387,0.066145,0.000000,0.000000,0.000000,,-459.670013,1000.000000,,0.000000,0.000000,,,,0.047204,"UNDEFINED",0.000000,0.997559,0.000000,,,,,"","",,,,8.609460,,0.000000,,0.000000,,,0.000000,0.000000,"",,,0.000000,,-1.000000,,0.000000,0.000000,-1.000000,-1.000000,,,,,,,,,,,"",,,,,,,,,,"Volumetric",,,,,,,,,,0.000000,,,,,,,,,,0.000000,0.000000,,,,,,,,,,,,
"0BEC517B","Nodes",1119553.750000,1671217.750000,1313.064347,"Default Known Flow Node",69.999969,0.579999,1000.000000,0.000000,"Known Flow",0.000000,0.000000,2.16999993085665e-07,40.000000,0.579999,1000.000000,0.000000,0.000000,13.000000,0.000000,0.515380,0.579999,,,,8.609460,8.609460,,16.800279,,,,,,903.822387,0.066145,0.000000,0.000000,0.000000,,-459.670013,1000.000000,,0.000000,0.000000,,,,0.047204,"UNDEFINED",0.000000,0.997559,0.000000,,,,,"","",,,,8.609460,,0.000000,,0.000000,,,0.000000,0.000000,"",,,0.000000,,-1.000000,,0.000000,0.000000,-1.000000,-1.000000,,,,,,,,,,,"",,,,,,,,,,"Volumetric",,,,,,,,,,0.000000,,,,,,,,,,0.000000,0.000000,,,,,,,,,,,,
"0BEC517A","Nodes",1119567.750000,1671218.000000,1313.064347,"Default Known Flow Node",69.999969,0.579999,1000.000000,0.000000,"Known Flow",0.000000,0.000000,2.16999993085665e-07,40.000000,0.579999,1000.000000,0.000000,0.000000,13.000000,0.000000,0.515380,0.579999,,,,8.609460,8.609460,,16.800279,,,,,,903.822387,0.066145,0.000000,0.000000,0.000000,,-459.670013,1000.000000,,0.000000,0.000000,,,,0.047204,"UNDEFINED",0.000000,0.997559,0.000000,,,,,"","",,,,8.609460,,0.000000,,0.000000,,,0.000000,0.000000,"",,,0.000000,,-1.000000,,0.000000,0.000000,-1.000000,-1.000000,,,,,,,,,,,"",,,,,,,,,,"Volumetric",,,,,,,,,,0.000000,,,,,,,,,,0.000000,0.000000,,,,,,,,,,,,
"0BEC5172","Nodes",1120148.750000,1671244.870000,1313.064347,"Default Known Flow Node",69.999969,0.579999,1000.000000,0.000000,"Known Flow",0.000000,0.000000,2.16999993085665e-07,40.000000,0.579999,1000.000000,0.000000,0.000000,13.000000,0.000000,0.515380,0.579999,,,,8.655186,8.655186,,16.800279,,,,,,903.822387,0.066145,0.000000,0.000000,0.000000,,-459.670013,1000.000000,,0.000000,0.000000,,,,0.047209,"UNDEFINED",0.000000,0.997559,0.000000,,,,,"","",,,,8.655186,,0.000000,,0.000000,,,0.000000,0.000000,"",,,0.000000,,-1.000000,,0.000000,0.000000,-1.000000,-1.000000,,,,,,,,,,,"",,,,,,,,,,"Volumetric",,,,,,,,,,0.000000,,,,,,,,,,0.000000,0.000000,,,,,,,,,,,,
"0BEC5173","Nodes",1119991.120000,1671224.500000,1313.064347,"Default Known Flow Node",69.999969,0.579999,1000.000000,0.000000,"Known Flow",0.000000,0.000000,2.16999993085665e-07,40.000000,0.579999,1000.000000,0.000000,0.000000,13.000000,0.000000,0.515380,0.579999,,,,8.655186,8.655186,,16.800279,,,,,,903.822387,0.066145,0.000000,0.000000,0.000000,,-459.670013,1000.000000,,0.000000,0.000000,,,,0.047209,"UNDEFINED",0.000000,0.997559,0.000000,,,,,"","",,,,8.655186,,0.000000,,0.000000,,,0.000000,0.000000,"",,,0.000000,,-1.000000,,0.000000,0.000000,-1.000000,-1.000000,,,,,,,,,,,"",,,,,,,,,,"Volumetric",,,,,,,,,,0.000000,,,,,,,,,,0.000000,0.000000,,,,,,,,,,,,
"0BEC514E","Nodes",1119560.000000,1671226.370000,1313.064347,"Default Known Flow Node",69.999969,0.579999,1000.000000,0.000000,"Known Flow",0.000000,0.000000,2.16999993085665e-07,40.000000,0.579999,1000.000000,0.000000,0.000000,13.000000,0.000000,0.515380,0.579999,,,,8.609124,8.609124,,16.800279,,,,,,903.822387,0.066145,0.000000,0.000000,0.000000,,-459.670013,1000.000000,,0.000000,0.000000,,,,0.047204,"UNDEFINED",0.000000,0.997559,0.000000,,,,,"","",,,,8.609124,,0.000000,,0.000000,,,0.000000,0.000000,"",,,0.000000,,-1.000000,,0.000000,0.000000,-1.000000,-1.000000,,,,,,,,,,,"",,,,,,,,,,"Volumetric",,,,,,,,,,0.000000,,,,,,,,,,0.000000,0.000000,,,,,,,,,,,,
"0BEC5192","Nodes",1119526.620000,1671380.000000,1313.064347,"Default Known Flow Node",69.999969,0.579999,1000.000000,0.000000,"Known Flow",0.000000,0.000000,2.16999993085665e-07,40.000000,0.579999,1000.000000,0.000000,0.000000,13.000000,0.000000,0.515379,0.579999,,,,8.428602,8.428602,,16.800279,,,,,,903.822387,0.066146,0.000000,0.000000,0.000000,,-459.670013,1000.000000,,0.000000,0.000000,,,,0.047183,"UNDEFINED",0.000000,0.997560,0.000000,,,,,"","",,,,8.428602,,0.000000,,0.000000,,,0.000000,0.000000,"",,,0.000000,,-1.000000,,0.000000,0.000000,-1.000000,-1.000000,,,,,,,,,,,"",,,,,,,,,,"Volumetric",,,,,,,,,,0.000000,,,,,,,,,,0.000000,0.000000,,,,,,,,,,,,
"0BEC519F","Nodes",1119788.500000,1671453.500000,1313.064347,"Default Known Flow Node",69.999969,0.579999,1000.000000,0.000000,"Known Flow",0.000000,0.000000,2.16999993085665e-07,40.000000,0.579999,1000.000000,0.000000,0.000000,13.000000,0.000000,0.515381,0.579999,,,,8.723490,8.723490,,16.800279,,,,,,903.822387,0.066145,0.000000,0.000000,0.000000,,-459.670013,1000.000000,,0.000000,0.000000,,,,0.047217,"UNDEFINED",0.000000,0.997558,0.000000,,,,,"","",,,,8.723490,,0.000000,,0.000000,,,0.000000,0.000000,"",,,0.000000,,-1.000000,,0.000000,0.000000,-1.000000,-1.000000,,,,,,,,,,,"",,,,,,,,,,"Volumetric",,,,,,,,,,0.000000,,,,,,,,,,0.000000,0.000000,,,,,,,,,,,,
"0BEC51A0","Nodes",1119789.500000,1671450.500000,1313.064347,"Default Known Flow Node",69.999969,0.579999,1000.000000,0.000000,"Known Flow",0.000000,0.000000,2.16999993085665e-07,40.000000,0.579999,1000.000000,0.000000,0.000000,13.000000,0.000000,0.515381,0.579999,,,,8.723490,8.723490,,16.800279,,,,,,903.822387,0.066145,0.000000,0.000000,0.000000,,-459.670013,1000.000000,,0.000000,0.000000,,,,0.047217,"UNDEFINED",0.000000,0.997558,0.000000,,,,,"","",,,,8.723490,,0.000000,,0.000000,,,0.000000,0.000000,"",,,0.000000,,-1.000000,,0.000000,0.000000,-1.000000,-1.000000,,,,,,,,,,,"",,,,,,,,,,"Volumetric",,,,,,,,,,0.000000,,,,,,,,,,0.000000,0.000000,,,,,,,,,,,,
"0BEC519E","Nodes",1119791.370000,1671454.250000,1313.064347,"Default Known Flow Node",69.999969,0.579999,1000.000000,0.000000,"Known Flow",0.000000,0.000000,2.16999993085665e-07,40.000000,0.579999,1000.000000,0.000000,0.000000,13.000000,0.000000,0.515381,0.579999,,,,8.723490,8.723490,,16.800279,,,,,,903.822387,0.066145,0.000000,0.000000,0.000000,,-459.670013,1000.000000,,0.000000,0.000000,,,,0.047217,"UNDEFINED",0.000000,0.997558,0.000000,,,,,"","",,,,8.723490,,0.000000,,0.000000,,,0.000000,0.000000,"",,,0.000000,,-1.000000,,0.000000,0.000000,-1.000000,-1.000000,,,,,,,,,,,"",,,,,,,,,,"Volumetric",,,,,,,,,,0.000000,,,,,,,,,,0.000000,0.000000,,,,,,,,,,,,
"0BEC519D","Nodes",1119795.620000,1671456.750000,1313.064347,"Default Known Flow Node",69.999969,0.579999,1000.000000,0.000000,"Known Flow",0.000000,0.000000,2.16999993085665e-07,40.000000,0.579999,1000.000000,0.000000,0.000000,13.000000,0.000000,0.515381,0.579999,,,,8.723490,8.723490,,16.800279,,,,,,903.822387,0.066145,0.000000,0.000000,0.000000,,-459.670013,1000.000000,,0.000000,0.000000,,,,0.047217,"UNDEFINED",0.000000,0.997558,0.000000,,,,,"","",,,,8.723490,,0.000000,,0.000000,,,0.000000,0.000000,"",,,0.000000,,-1.000000,,0.000000,0.000000,-1.000000,-1.000000,,,,,,,,,,,"",,,,,,,,,,"Volumetric",,,,,,,,,,0.000000,,,,,,,,,,0.000000,0.000000,,,,,,,,,,,,
"0BEC519B","Nodes",1119813.250000,1671460.250000,1313.064347,"Default Known Flow Node",69.999969,0.579999,1000.000000,0.000000,"Known Flow",0.000000,0.000000,2.16999993085665e-07,40.000000,0.579999,1000.000000,0.000000,0.000000,13.000000,0.000000,0.515381,0.579999,,,,8.723490,8.723490,,16.800279,,,,,,903.822387,0.066145,0.000000,0.000000,0.000000,,-459.670013,1000.000000,,0.000000,0.000000,,,,0.047217,"UNDEFINED",0.000000,0.997558,0.000000,,,,,"","",,,,8.723490,,0.000000,,0.000000,,,0.000000,0.000000,"",,,0.000000,,-1.000000,,0.000000,0.000000,-1.000000,-1.000000,,,,,,,,,,,"",,,,,,,,,,"Volumetric",,,,,,,,,,0.000000,,,,,,,,,,0.000000,0.000000,,,,,,,,,,,,
"0BEC519C","Nodes",1119795.620000,1671455.750000,1313.064347,"Default Known Flow Node",69.999969,0.579999,1000.000000,0.000000,"Known Flow",0.000000,0.000000,2.16999993085665e-07,40.000000,0.579999,1000.000000,0.000000,0.000000,13.000000,0.000000,0.515381,0.579999,,,,8.723490,8.723490,,16.800279,,,,,,903.822387,0.066145,0.000000,0.000000,0.000000,,-459.670013,1000.000000,,0.000000,0.000000,,,,0.047217,"UNDEFINED",0.000000,0.997558,0.000000,,,,,"","",,,,8.723490,,0.000000,,0.000000,,,0.000000,0.000000,"",,,0.000000,,-1.000000,,0.000000,0.000000,-1.000000,-1.000000,,,,,,,,,,,"",,,,,,,,,,"Volumetric",,,,,,,,,,0.000000,,,,,,,,,,0.000000,0.000000,,,,,,,,,,,,
"0BEC519A","Nodes",1119817.000000,1671461.370000,1313.064347,"Default Known Flow Node",69.999969,0.579999,1000.000000,0.000000,"Known Flow",0.000000,0.000000,2.16999993085665e-07,40.000000,0.579999,1000.000000,0.000000,0.000000,13.000000,0.000000,0.515381,0.579999,,,,8.723490,8.723490,,16.800279,,,,,,903.822387,0.066145,0.000000,0.000000,0.000000,,-459.670013,1000.000000,,0.000000,0.000000,,,,0.047217,"UNDEFINED",0.000000,0.997558,0.000000,,,,,"","",,,,8.723490,,0.000000,,0.000000,,,0.000000,0.000000,"",,,0.000000,"152-24 Northern Blvd, Q= 1.075 mcfh, Firm",-1.000000,,0.000000,0.000000,-1.000000,-1.000000,,,,,,,,,,,"",,,,,,,,,,"Volumetric",,,,,,,,,,0.000000,,,,,,,,,,0.000000,0.000000,,,,,,,,,,,,
"0BEC51BF","Nodes",1120059.870000,1671534.620000,1313.064347,"Default Known Flow Node",69.999969,0.579999,1000.000000,0.000000,"Known Flow",0.000000,0.000000,2.16999993085665e-07,40.000000,0.579999,1000.000000,0.000000,0.000000,13.000000,0.000000,0.515380,0.579999,,,,8.658234,8.658234,,16.800279,,,,,,903.822387,0.066145,0.000000,0.000000,0.000000,,-459.670013,1000.000000,,0.000000,0.000000,,,,0.047209,"SETFLOW",0.000000,0.997559,0.000000,,,,,"","",,,,8.658234,,0.000000,,0.000000,,,0.000000,0.000000,"",,,0.000000,"35-25 153 St AC= 0, Q= 1.135 mcfh, Firm",-1.000000,,0.000000,0.000000,-1.000000,-1.000000,,,,,,,,,,,"",,,"",,,,,,,"Volumetric",,,"Volumetric",,,,,,,0.000000,,,-1.134999,,,,,,,0.000000,0.000000,,,,,,,,,,,,
"0BEC51C0","Nodes",1119895.870000,1671498.370000,1313.064347,"Default Known Flow Node",69.999969,0.579999,1000.000000,0.000000,"Known Flow",0.000000,0.000000,2.16999993085665e-07,40.000000,0.579999,1000.000000,0.000000,0.000000,13.000000,0.000000,0.515380,0.579999,,,,8.658234,8.658234,,16.800279,,,,,,903.822387,0.066145,0.000000,0.000000,0.000000,,-459.670013,1000.000000,,0.000000,0.000000,,,,0.047209,"SETFLOW",0.000000,0.997559,0.000000,,,,,"","",,,,8.658234,,0.000000,,0.000000,,,0.000000,0.000000,"",,,0.000000,"153-01 Northern Blvd AC= 0, Q= 1.452 mcfh, Firm",-1.000000,,0.000000,0.000000,-1.000000,-1.000000,,,,,,,,,,,"",,,"",,,,,,,"Volumetric",,,"Volumetric",,,,,,,0.000000,,,-1.451999,,,,,,,0.000000,0.000000,,,,,,,,,,,,
"0BEC51A1","Nodes",1119761.370000,1671524.120000,1313.064347,"Default Known Flow Node",69.999969,0.579999,1000.000000,0.000000,"Known Flow",0.000000,0.000000,2.16999993085665e-07,40.000000,0.579999,1000.000000,0.000000,0.000000,13.000000,0.000000,0.515381,0.579999,,,,8.723490,8.723490,,16.800279,,,,,,903.822387,0.066145,0.000000,0.000000,0.000000,,-459.670013,1000.000000,,0.000000,0.000000,,,,0.047217,"UNDEFINED",0.000000,0.997558,0.000000,,,,,"","",,,,8.723490,,0.000000,,0.000000,,,0.000000,0.000000,"",,,0.000000,,-1.000000,,0.000000,0.000000,-1.000000,-1.000000,,,,,,,,,,,"",,,,,,,,,,"Volumetric",,,,,,,,,,0.000000,,,,,,,,,,0.000000,0.000000,,,,,,,,,,,,
"Q3No41","Nodes",1119452.550430,1671646.236293,1313.064347,"Default Known Flow Node",69.999969,0.579999,1000.000000,0.000000,"Known Flow",0.000000,0.000000,2.16999993085665e-07,40.000000,0.579999,1000.000000,0.000000,0.000000,13.000000,0.000000,0.515377,0.579999,,,,8.146244,8.146244,,16.800279,,,,,,903.822387,0.066146,0.000000,0.000000,0.000000,,-459.670013,1000.000000,,0.000000,0.000000,,,,0.047151,"UNDEFINED",0.000000,0.997562,0.000000,,,,,"","",,,,8.146244,,0.000000,,0.000000,,,0.000000,0.000000,"",,,0.000000,,-1.000000,,0.000000,0.000000,0.000000,-1.000000,,,,,,,,,,,"",,,,,,,,,,"Volumetric",,,,,,,,,,0.000000,,,,,,,,,,0.000000,0.000000,,,,,,,,,,,,
"Q3No45","Nodes",1119475.439699,1671607.700903,1313.064347,"Default Known Flow Node",69.999969,0.579999,1000.000000,0.000000,"Known Flow",0.000000,0.000000,2.16999993085665e-07,40.000000,0.579999,1000.000000,0.000000,0.000000,13.000000,0.000000,0.515377,0.579999,,,,8.160550,8.160550,,16.800279,,,,,,903.822387,0.066146,0.000000,0.000000,0.000000,,-459.670013,1000.000000,,0.000000,0.000000,,,,0.047153,"UNDEFINED",0.000000,0.997562,0.000000,,,,,"","",,,,8.160550,,0.000000,,0.000000,,,0.000000,0.000000,"",,,0.000000,,-1.000000,,0.000000,0.000000,0.000000,-1.000000,,,,,,,,,,,"",,,,,,,,,,"Volumetric",,,,,,,,,,0.000000,,,,,,,,,,0.000000,0.000000,,,,,,,,,,,,
"0BEC51A2","Nodes",1119737.870000,1671682.500000,1313.064347,"Default Known Flow Node",69.999969,0.579999,1000.000000,0.000000,"Known Flow",0.000000,0.000000,2.16999993085665e-07,40.000000,0.579999,1000.000000,0.000000,0.000000,13.000000,0.000000,0.515381,0.579999,,,,8.723627,8.723627,,16.800279,,,,,,903.822387,0.066145,0.000000,0.000000,0.000000,,-459.670013,1000.000000,,0.000000,0.000000,,,,0.047217,"SETFLOW",0.000000,0.997558,0.000000,,,,,"","",,,,8.723627,,0.000000,,0.000000,,,0.000000,0.000000,"",,,0.000000,,-1.000000,,0.000000,0.000000,-1.000000,-1.000000,,,,,,,,,,,"",,,,,,,,,,"Volumetric",,,,,,,,,,-0.421902,,,,,,,,,,-0.421902,-0.010125,,,,,,,,,,,,
"0BEC51A3","Nodes",1119733.370000,1671681.000000,1313.064347,"Default Known Flow Node",69.999969,0.579999,1000.000000,0.000000,"Known Flow",0.000000,0.000000,2.16999993085665e-07,40.000000,0.579999,1000.000000,0.000000,0.000000,13.000000,0.000000,0.515381,0.579999,,,,8.723614,8.723614,,16.800279,,,,,,903.822387,0.066145,0.000000,0.000000,0.000000,,-459.670013,1000.000000,,0.000000,0.000000,,,,0.047217,"UNDEFINED",0.000000,0.997558,0.000000,,,,,"","",,,,8.723614,,0.000000,,0.000000,,,0.000000,0.000000,"",,,0.000000,,-1.000000,,0.000000,0.000000,-1.000000,-1.000000,,,,,,,,,,,"",,,,,,,,,,"Volumetric",,,,,,,,,,0.000000,,,,,,,,,,0.000000,0.000000,,,,,,,,,,,,
"0BEC51A4","Nodes",1119693.120000,1671688.370000,1313.064347,"Default Known Flow Node",69.999969,0.579999,1000.000000,0.000000,"Known Flow",0.000000,0.000000,2.16999993085665e-07,40.000000,0.579999,1000.000000,0.000000,0.000000,13.000000,0.000000,0.515380,0.579999,,,,8.555254,8.555254,,16.800279,,,,,,903.822387,0.066145,0.000000,0.000000,0.000000,,-459.670013,1000.000000,,0.000000,0.000000,,,,0.047198,"UNDEFINED",0.000000,0.997559,0.000000,,,,,"","",,,,8.555254,,0.000000,,0.000000,,,0.000000,0.000000,"",,,0.000000,,-1.000000,,0.000000,0.000000,-1.000000,-1.000000,,,,,,,,,,,"",,,,,,,,,,"Volumetric",,,,,,,,,,0.000000,,,,,,,,,,0.000000,0.000000,,,,,,,,,,,,
"0BEC51CF","Nodes",1119714.000000,1671745.120000,1313.064347,"Default Known Flow Node",69.999969,0.579999,1000.000000,0.000000,"Known Flow",0.000000,0.000000,2.16999993085665e-07,40.000000,0.579999,1000.000000,0.000000,0.000000,13.000000,0.000000,0.515381,0.579999,,,,8.724067,8.724067,,16.800279,,,,,,903.822387,0.066145,0.000000,0.000000,0.000000,,-459.670013,1000.000000,,0.000000,0.000000,,,,0.047217,"UNDEFINED",0.000000,0.997558,0.000000,,,,,"","",,,,8.724067,,0.000000,,0.000000,,,0.000000,0.000000,"",,,0.000000,,-1.000000,,0.000000,0.000000,-1.000000,-1.000000,,,,,,,,,,,"",,,,,,,,,,"Volumetric",,,,,,,,,,0.000000,,,,,,,,,,0.000000,0.000000,,,,,,,,,,,,
"0BEC51A7","Nodes",1119711.000000,1671744.500000,1313.064347,"Default Known Flow Node",69.999969,0.579999,1000.000000,0.000000,"Known Flow",0.000000,0.000000,2.16999993085665e-07,40.000000,0.579999,1000.000000,0.000000,0.000000,13.000000,0.000000,0.515381,0.579999,,,,8.724068,8.724068,,16.800279,,,,,,903.822387,0.066145,0.000000,0.000000,0.000000,,-459.670013,1000.000000,,0.000000,0.000000,,,,0.047217,"UNDEFINED",0.000000,0.997558,0.000000,,,,,"","",,,,8.724068,,0.000000,,0.000000,,,0.000000,0.000000,"",,,0.000000,,-1.000000,,0.000000,0.000000,-1.000000,-1.000000,,,,,,,,,,,"",,,,,,,,,,"Volumetric",,,,,,,,,,0.000000,,,,,,,,,,0.000000,0.000000,,,,,,,,,,,,
"0BEC51CE","Nodes",1119718.500000,1671746.250000,1313.064347,"Default Known Flow Node",69.999969,0.579999,1000.000000,0.000000,"Known Flow",0.000000,0.000000,2.16999993085665e-07,40.000000,0.579999,1000.000000,0.000000,0.000000,13.000000,0.000000,0.515381,0.579999,,,,8.721586,8.721586,,16.800279,,,,,,903.822387,0.066145,0.000000,0.000000,0.000000,,-459.670013,1000.000000,,0.000000,0.000000,,,,0.047216,"UNDEFINED",0.000000,0.997558,0.000000,,,,,"","",,,,8.721586,,0.000000,,0.000000,,,0.000000,0.000000,"",,,0.000000,,-1.000000,,0.000000,0.000000,-1.000000,-1.000000,,,,,,,,,,,"",,,,,,,,,,"Volumetric",,,,,,,,,,0.000000,,,,,,,,,,0.000000,0.000000,,,,,,,,,,,,
"2FB1FE66","Nodes",1119766.620000,1671757.620000,1313.064347,"Default Known Flow Node",69.999969,0.579999,1000.000000,0.000000,"Known Flow",0.000000,0.000000,2.16999993085665e-07,40.000000,0.579999,1000.000000,0.000000,0.000000,13.000000,0.000000,0.515381,0.579999,,,,8.719732,8.719732,,16.800279,,,,,,903.822387,0.066145,0.000000,0.000000,0.000000,,-459.670013,1000.000000,,0.000000,0.000000,,,,0.047216,"SETFLOW",0.000000,0.997558,0.000000,,,,,"","",,,,8.719732,,0.000000,,0.000000,,,0.000000,0.000000,"",,,0.000000,,-1.000000,,0.000000,0.000000,-1.000000,-1.000000,,,,,,,,,,,"",,,,,,,,,,"Volumetric",,,,,,,,,,-0.205692,,,,,,,,,,-0.205692,-0.004936,,,,,,,,,,,,
"0BEC51CD","Nodes",1119769.620000,1671758.370000,1313.064347,"Default Known Flow Node",69.999969,0.579999,1000.000000,0.000000,"Known Flow",0.000000,0.000000,2.16999993085665e-07,40.000000,0.579999,1000.000000,0.000000,0.000000,13.000000,0.000000,0.515381,0.579999,,,,8.718952,8.718952,,16.800279,,,,,,903.822387,0.066145,0.000000,0.000000,0.000000,,-459.670013,1000.000000,,0.000000,0.000000,,,,0.047216,"SETFLOW",0.000000,0.997558,0.000000,,,,,"","",,,,8.718952,,0.000000,,0.000000,,,0.000000,0.000000,"",,,0.000000,,-1.000000,,0.000000,0.000000,-1.000000,-1.000000,,,,,,,,,,,"",,,,,,,,,,"Volumetric",,,,,,,,,,-0.226728,,,,,,,,,,-0.226728,-0.005441,,,,,,,,,,,,
"2FB1FE65","Nodes",1119775.500000,1671759.750000,1313.064347,"Default Known Flow Node",69.999969,0.579999,1000.000000,0.000000,"Known Flow",0.000000,0.000000,2.16999993085665e-07,40.000000,0.579999,1000.000000,0.000000,0.000000,13.000000,0.000000,0.515381,0.579999,,,,8.718095,8.718095,,16.800279,,,,,,903.822387,0.066145,0.000000,0.000000,0.000000,,-459.670013,1000.000000,,0.000000,0.000000,,,,0.047216,"SETFLOW",0.000000,0.997558,0.000000,,,,,"","",,,,8.718095,,0.000000,,0.000000,,,0.000000,0.000000,"",,,0.000000,,-1.000000,,0.000000,0.000000,-1.000000,-1.000000,,,,,,,,,,,"",,,,,,,,,,"Volumetric",,,,,,,,,,-0.248934,,,,,,,,,,-0.248934,-0.005974,,,,,,,,,,,,
"0BEC51CC","Nodes",1119873.120000,1671782.370000,1313.064347,"Default Known Flow Node",69.999969,0.579999,1000.000000,0.000000,"Known Flow",0.000000,0.000000,2.16999993085665e-07,40.000000,0.579999,1000.000000,0.000000,0.000000,13.000000,0.000000,0.515381,0.579999,,,,8.703718,8.703718,,16.800279,,,,,,903.822387,0.066145,0.000000,0.000000,0.000000,,-459.670013,1000.000000,,0.000000,0.000000,,,,0.047214,"SETFLOW",0.000000,0.997558,0.000000,,,,,"","",,,,8.703718,,0.000000,,0.000000,,,0.000000,0.000000,"",,,0.000000,,-1.000000,,0.000000,0.000000,-1.000000,-1.000000,,,,,,,,,,,"",,,,,,,,,,"Volumetric",,,,,,,,,,-0.366973,,,,,,,,,,-0.366973,-0.008807,,,,,,,,,,,,
"0BEC51CB","Nodes",1120156.870000,1671847.370000,1313.064347,"Default Known Flow Node",69.999969,0.579999,1000.000000,0.000000,"Known Flow",0.000000,0.000000,2.16999993085665e-07,40.000000,0.579999,1000.000000,0.000000,0.000000,13.000000,0.000000,0.515380,0.579999,,,,8.681300,8.681300,,16.800279,,,,,,903.822387,0.066145,0.000000,0.000000,0.000000,,-459.670013,1000.000000,,0.000000,0.000000,,,,0.047212,"SETFLOW",0.000000,0.997559,0.000000,,,,,"","",,,,8.681300,,0.000000,,0.000000,,,0.000000,0.000000,"",,,0.000000,,-1.000000,,0.000000,0.000000,-1.000000,-1.000000,,,,,,,,,,,"",,,,,,,,,,"Volumetric",,,,,,,,,,-0.043099,,,,,,,,,,-0.043099,-0.001034,,,,,,,,,,,,
"0BEC51DE","Nodes",1120225.370000,1671864.750000,1313.064347,"Default Known Flow Node",69.999969,0.579999,1000.000000,0.000000,"Known Flow",0.000000,0.000000,2.16999993085665e-07,40.000000,0.579999,1000.000000,0.000000,0.000000,13.000000,0.000000,0.515380,0.579999,,,,8.680267,8.680267,,16.800279,,,,,,903.822387,0.066145,0.000000,0.000000,0.000000,,-459.670013,1000.000000,,0.000000,0.000000,,,,0.047212,"SETFLOW",0.000000,0.997559,0.000000,,,,,"","",,,,8.680267,,0.000000,,0.000000,,,0.000000,0.000000,"",,,0.000000,,-1.000000,,0.000000,0.000000,-1.000000,-1.000000,,,,,,,,,,,"",,,,,,,,,,"Volumetric",,,,,,,,,,-0.048486,,,,,,,,,,-0.048486,-0.001163,,,,,,,,,,,,
"0BEC51BD","Nodes",1120204.500000,1671859.870000,1313.064347,"Default Known Flow Node",69.999969,0.579999,1000.000000,0.000000,"Known Flow",0.000000,0.000000,2.16999993085665e-07,40.000000,0.579999,1000.000000,0.000000,0.000000,13.000000,0.000000,0.515380,0.579999,,,,8.680322,8.680322,,16.800279,,,,,,903.822387,0.066145,0.000000,0.000000,0.000000,,-459.670013,1000.000000,,0.000000,0.000000,,,,0.047212,"SETFLOW",0.000000,0.997559,0.000000,,,,,"","",,,,8.680322,,0.000000,,0.000000,,,0.000000,0.000000,"",,,0.000000,,-1.000000,,0.000000,0.000000,-1.000000,-1.000000,,,,,,,,,,,"",,,,,,,,,,"Volumetric",,,,,,,,,,-0.019753,,,,,,,,,,-0.019753,-0.000474,,,,,,,,,,,,
"0BEC51AD","Nodes",1119280.000000,1671907.750000,1313.064347,"Default Known Flow Node",69.999969,0.579999,1000.000000,0.000000,"Known Flow",0.000000,0.000000,2.16999993085665e-07,40.000000,0.579999,1000.000000,0.000000,0.000000,13.000000,0.000000,0.515377,0.579999,,,,8.044022,8.044022,,16.800279,,,,,,903.822387,0.066146,0.000000,0.000000,0.000000,,-459.670013,1000.000000,,0.000000,0.000000,,,,0.047139,"SETFLOW",0.000000,0.997562,0.000000,,,,,"","",,,,8.044022,,0.000000,,0.000000,,,0.000000,0.000000,"",,,0.000000,,-1.000000,,0.000000,0.000000,-1.000000,-1.000000,,,,,,,,,,,"",,,,,,,,,,"Volumetric",,,,,,,,,,-0.262958,,,,,,,,,,-0.262958,-0.006311,,,,,,,,,,,,
"0BEC51AC","Nodes",1119369.250000,1671932.250000,1313.064347,"Default Known Flow Node",69.999969,0.579999,1000.000000,0.000000,"Known Flow",0.000000,0.000000,2.16999993085665e-07,40.000000,0.579999,1000.000000,0.000000,0.000000,13.000000,0.000000,0.515377,0.579999,,,,8.057141,8.057141,,16.800279,,,,,,903.822387,0.066146,0.000000,0.000000,0.000000,,-459.670013,1000.000000,,0.000000,0.000000,,,,0.047141,"SETFLOW",0.000000,0.997562,0.000000,,,,,"","",,,,8.057141,,0.000000,,0.000000,,,0.000000,0.000000,"",,,0.000000,,-1.000000,,0.000000,0.000000,-1.000000,-1.000000,,,,,,,,,,,"",,,,,,,,,,"Volumetric",,,,,,,,,,-0.247765,,,,,,,,,,-0.247765,-0.005946,,,,,,,,,,,,
"0BEC51AB","Nodes",1119403.000000,1671941.870000,1313.064347,"Default Known Flow Node",69.999969,0.579999,1000.000000,0.000000,"Known Flow",0.000000,0.000000,2.16999993085665e-07,40.000000,0.579999,1000.000000,0.000000,0.000000,13.000000,0.000000,0.515377,0.579999,,,,8.064640,8.064640,,16.800279,,,,,,903.822387,0.066146,0.000000,0.000000,0.000000,,-459.670013,1000.000000,,0.000000,0.000000,,,,0.047142,"SETFLOW",0.000000,0.997562,0.000000,,,,,"","",,,,8.064640,,0.000000,,0.000000,,,0.000000,0.000000,"",,,0.000000,,-1.000000,,0.000000,0.000000,-1.000000,-1.000000,,,,,,,,,,,"",,,,,,,,,,"Volumetric",,,,,,,,,,-0.003506,,,,,,,,,,-0.003506,-0.000084,,,,,,,,,,,,
"0BEC5199","Nodes",1119469.598383,1671652.176050,1313.064347,"Default Known Flow Node",69.999969,0.579999,1000.000000,0.000000,"Known Flow",0.000000,0.000000,2.16999993085665e-07,40.000000,0.579999,1000.000000,0.000000,0.000000,13.000000,0.000000,0.515377,0.579999,,,,8.150959,8.150959,,16.800279,,,,,,903.822387,0.066146,0.000000,0.000000,0.000000,,-459.670013,1000.000000,,0.000000,0.000000,,,,0.047152,"UNDEFINED",0.000000,0.997562,0.000000,,,,,"","",,,,8.150959,,0.000000,,0.000000,,,0.000000,0.000000,"",,,0.000000,,-1.000000,,0.000000,0.000000,-1.000000,-1.000000,,,,,,,,,,,"",,,,,,,,,,"Volumetric",,,,,,,,,,0.000000,,,,,,,,,,0.000000,0.000000,,,,,,,,,,,,
"Q3No153","Nodes",1119454.593963,1671711.683791,1313.064347,"Default Known Flow Node",69.999969,0.579999,1000.000000,0.000000,"Known Flow",0.000000,0.000000,2.16999993085665e-07,40.000000,0.579999,1000.000000,0.000000,0.000000,13.000000,0.000000,0.515377,0.579999,,,,8.149451,8.149451,,16.800279,,,,,,903.822387,0.066146,0.000000,0.000000,0.000000,,-459.670013,1000.000000,,0.000000,0.000000,,,,0.047151,"UNDEFINED",0.000000,0.997562,0.000000,,,,,"","",,,,8.149451,,0.000000,,0.000000,,,0.000000,0.000000,"",,,0.000000,,-1.000000,,0.000000,0.000000,0.000000,-1.000000,,,,,,,,,,,"",,,,,,,,,,"Volumetric",,,,,,,,,,0.000000,,,,,,,,,,0.000000,0.000000,,,,,,,,,,,,
"Q3No334","Nodes",1119404.241482,1671954.732613,1313.064347,"Default Known Flow Node",69.999969,0.579999,1000.000000,0.000000,"Known Flow",0.000000,0.000000,2.16999993085665e-07,40.000000,0.579999,1000.000000,0.000000,0.000000,13.000000,0.000000,0.515377,0.579999,,,,8.064335,8.064335,,16.800279,,,,,,903.822387,0.066146,0.000000,0.000000,0.000000,,-459.670013,1000.000000,,0.000000,0.000000,,,,0.047142,"UNDEFINED",0.000000,0.997562,0.000000,,,,,"","",,,,8.064335,,0.000000,,0.000000,,,0.000000,0.000000,"",,,0.000000,,-1.000000,,0.000000,0.000000,0.000000,-1.000000,,,,,,,,,,,"",,,,,,,,,,"Volumetric",,,,,,,,,,0.000000,,,,,,,,,,0.000000,0.000000,,,,,,,,,,,,
"0BEC51AE","Nodes",1119404.861465,1671961.044229,1313.064347,"Default Known Flow Node",69.999969,0.579999,1000.000000,0.000000,"Known Flow",0.000000,0.000000,2.16999993085665e-07,40.000000,0.579999,1000.000000,0.000000,0.000000,13.000000,0.000000,0.515377,0.579999,,,,8.064162,8.064162,,16.800279,,,,,,903.822387,0.066146,0.000000,0.000000,0.000000,,-459.670013,1000.000000,,0.000000,0.000000,,,,0.047142,"UNDEFINED",0.000000,0.997562,0.000000,,,,,"","",,,,8.064162,,0.000000,,0.000000,,,0.000000,0.000000,"",,,0.000000,,-1.000000,,0.000000,0.000000,-1.000000,-1.000000,,,,,,,,,,,"",,,,,,,,,,"Volumetric",,,,,,,,,,0.000000,,,,,,,,,,0.000000,0.000000,,,,,,,,,,,,
"Q3No336","Nodes",1119395.948605,1671976.240975,1313.064347,"Default Known Flow Node",69.999969,0.579999,1000.000000,0.000000,"Known Flow",0.000000,0.000000,2.16999993085665e-07,40.000000,0.579999,1000.000000,0.000000,0.000000,13.000000,0.000000,0.515377,0.579999,,,,8.064075,8.064075,,16.800279,,,,,,903.822387,0.066146,0.000000,0.000000,0.000000,,-459.670013,1000.000000,,0.000000,0.000000,,,,0.047142,"UNDEFINED",0.000000,0.997562,0.000000,,,,,"","",,,,8.064075,,0.000000,,0.000000,,,0.000000,0.000000,"",,,0.000000,"V69628",-1.000000,,0.000000,0.000000,0.000000,-1.000000,,,,,,,,,,,"",,,,,,,,,,"Volumetric",,,,,,,,,,0.000000,,,,,,,,,,0.000000,0.000000,,,,,,,,,,,,
"2FB813F7","Nodes",1119637.687148,1672001.897984,1313.064347,"Default Known Flow Node",69.999969,0.579999,1000.000000,0.000000,"Known Flow",0.000000,0.000000,2.16999993085665e-07,40.000000,0.579999,1000.000000,0.000000,0.000000,13.000000,0.000000,0.515380,0.579999,,,,8.687122,8.687122,,16.800279,,,,,,903.822387,0.066145,0.000000,0.000000,0.000000,,-459.670013,1000.000000,,0.000000,0.000000,,,,0.047213,"SETFLOW",0.000000,0.997559,0.000000,,,,,"","",,,,8.687122,,0.000000,,0.000000,,,0.000000,0.000000,"",,,0.000000,"V67574",-1.000000,,0.000000,0.000000,-1.000000,-1.000000,,,,,,,,,,,"",,,,,,,,,,"Volumetric",,,,,,,,,,-0.299872,,,,,,,,,,-0.299872,-0.007196,,,,,,,,,,,,
"0BEC51C3","Nodes",1119635.557687,1672001.272188,1313.064347,"Default Known Flow Node",69.999969,0.579999,1000.000000,0.000000,"Known Flow",0.000000,0.000000,2.16999993085665e-07,40.000000,0.579999,1000.000000,0.000000,0.000000,13.000000,0.000000,0.515380,0.579999,,,,8.687116,8.687116,,16.800279,,,,,,903.822387,0.066145,0.000000,0.000000,0.000000,,-459.670013,1000.000000,,0.000000,0.000000,,,,0.047213,"SETFLOW",0.000000,0.997559,0.000000,,,,,"","",,,,8.687116,,0.000000,,0.000000,,,0.000000,0.000000,"",,,0.000000,,-1.000000,,0.000000,0.000000,-1.000000,-1.000000,,,,,,,,,,,"",,,,,,,,,,"Volumetric",,,,,,,,,,-0.270227,,,,,,,,,,-0.270227,-0.006485,,,,,,,,,,,,
"0BEC51AF","Nodes",1119401.591279,1672001.184157,1313.064347,"Default Known Flow Node",69.999969,0.579999,1000.000000,0.000000,"Known Flow",0.000000,0.000000,2.16999993085665e-07,40.000000,0.579999,1000.000000,0.000000,0.000000,13.000000,0.000000,0.515377,0.579999,,,,8.063943,8.063943,,16.800279,,,,,,903.822387,0.066146,0.000000,0.000000,0.000000,,-459.670013,1000.000000,,0.000000,0.000000,,,,0.047142,"SETFLOW",0.000000,0.997562,0.000000,,,,,"","",,,,8.063943,,0.000000,,0.000000,,,0.000000,0.000000,"",,,0.000000,,-1.000000,,0.000000,0.000000,-1.000000,-1.000000,,,,,,,,,,,"",,,,,,,,,,"Volumetric",,,,,,,,,,-0.197634,,,,,,,,,,-0.197634,-0.004743,,,,,,,,,,,,
"0BEC51B1","Nodes",1119392.735050,1672150.296225,1313.064347,"Default Known Flow Node",69.999969,0.579999,1000.000000,0.000000,"Known Flow",0.000000,0.000000,2.16999993085665e-07,40.000000,0.579999,1000.000000,0.000000,0.000000,13.000000,0.000000,0.515377,0.579999,,,,8.063582,8.063582,,16.800279,,,,,,903.822387,0.066146,0.000000,0.000000,0.000000,,-459.670013,1000.000000,,0.000000,0.000000,,,,0.047142,"SETFLOW",0.000000,0.997562,0.000000,,,,,"","",,,,8.063582,,0.000000,,0.000000,,,0.000000,0.000000,"",,,0.000000,,-1.000000,,0.000000,0.000000,-1.000000,-1.000000,,,,,,,,,,,"",,,,,,,,,,"Volumetric",,,,,,,,,,-0.197254,,,,,,,,,,-0.197254,-0.004734,,,,,,,,,,,,
"0BEC51B2","Nodes",1119392.270516,1672154.892869,1313.064347,"Default Known Flow Node",69.999969,0.579999,1000.000000,0.000000,"Known Flow",0.000000,0.000000,2.16999993085665e-07,40.000000,0.579999,1000.000000,0.000000,0.000000,13.000000,0.000000,0.515377,0.579999,,,,8.063582,8.063582,,16.800279,,,,,,903.822387,0.066146,0.000000,0.000000,0.000000,,-459.670013,1000.000000,,0.000000,0.000000,,,,0.047142,"UNDEFINED",0.000000,0.997562,0.000000,,,,,"","",,,,8.063582,,0.000000,,0.000000,,,0.000000,0.000000,"",,,0.000000,,-1.000000,,0.000000,0.000000,-1.000000,-1.000000,,,,,,,,,,,"",,,,,,,,,,"Volumetric",,,,,,,,,,0.000000,,,,,,,,,,0.000000,0.000000,,,,,,,,,,,,
"0BEC51BB","Nodes",1120115.977776,1672115.541968,1313.064347,"Default Known Flow Node",69.999969,0.579999,1000.000000,0.000000,"Known Flow",0.000000,0.000000,2.16999993085665e-07,40.000000,0.579999,1000.000000,0.000000,0.000000,13.000000,0.000000,0.515380,0.579999,,,,8.692343,8.692343,,16.800279,,,,,,903.822387,0.066145,0.000000,0.000000,0.000000,,-459.670013,1000.000000,,0.000000,0.000000,,,,0.047213,"UNDEFINED",0.000000,0.997558,0.000000,,,,,"","",,,,8.692343,,0.000000,,0.000000,,,0.000000,0.000000,"",,,0.000000,,-1.000000,,0.000000,0.000000,-1.000000,-1.000000,,,,,,,,,,,"",,,,,,,,,,"Volumetric",,,,,,,,,,0.000000,,,,,,,,,,0.000000,0.000000,,,,,,,,,,,,
"0BEC51C2","Nodes",1120113.169289,1672114.890954,1313.064347,"Default Known Flow Node",69.999969,0.579999,1000.000000,0.000000,"Known Flow",0.000000,0.000000,2.16999993085665e-07,40.000000,0.579999,1000.000000,0.000000,0.000000,13.000000,0.000000,0.515380,0.579999,,,,8.692310,8.692310,,16.800279,,,,,,903.822387,0.066145,0.000000,0.000000,0.000000,,-459.670013,1000.000000,,0.000000,0.000000,,,,0.047213,"SETFLOW",0.000000,0.997558,0.000000,,,,,"","",,,,8.692310,,0.000000,,0.000000,,,0.000000,0.000000,"",,,0.000000,,-1.000000,,0.000000,0.000000,-1.000000,-1.000000,,,,,,,,,,,"",,,,,,,,,,"Volumetric",,,,,,,,,,-0.006633,,,,,,,,,,-0.006633,-0.000159,,,,,,,,,,,,
"0BEC51BA","Nodes",1120114.620000,1672122.000000,1313.064347,"Default Known Flow Node",69.999969,0.579999,1000.000000,0.000000,"Known Flow",0.000000,0.000000,2.16999993085665e-07,40.000000,0.579999,1000.000000,0.000000,0.000000,13.000000,0.000000,0.515380,0.579999,,,,8.692616,8.692616,,16.800279,,,,,,903.822387,0.066145,0.000000,0.000000,0.000000,,-459.670013,1000.000000,,0.000000,0.000000,,,,0.047213,"SETFLOW",0.000000,0.997558,0.000000,,,,,"","",,,,8.692616,,0.000000,,0.000000,,,0.000000,0.000000,"",,,0.000000,,-1.000000,,0.000000,0.000000,-1.000000,-1.000000,,,,,,,,,,,"",,,,,,,,,,"Volumetric",,,,,,,,,,-0.008292,,,,,,,,,,-0.008292,-0.000199,,,,,,,,,,,,
"0BEC51BC","Nodes",1120138.392356,1672120.970729,1313.064347,"Default Known Flow Node",69.999969,0.579999,1000.000000,0.000000,"Known Flow",0.000000,0.000000,2.16999993085665e-07,40.000000,0.579999,1000.000000,0.000000,0.000000,13.000000,0.000000,0.515380,0.579999,,,,8.692055,8.692055,,16.800279,,,,,,903.822387,0.066145,0.000000,0.000000,0.000000,,-459.670013,1000.000000,,0.000000,0.000000,,,,0.047213,"SETFLOW",0.000000,0.997558,0.000000,,,,,"","",,,,8.692055,,0.000000,,0.000000,,,0.000000,0.000000,"",,,0.000000,,-1.000000,,0.000000,0.000000,-1.000000,-1.000000,,,,,,,,,,,"",,,,,,,,,,"Volumetric",,,,,,,,,,-0.008292,,,,,,,,,,-0.008292,-0.000199,,,,,,,,,,,,
"0BEC51B9","Nodes",1120056.750000,1672372.120000,1313.064347,"Default Known Flow Node",69.999969,0.579999,1000.000000,0.000000,"Known Flow",0.000000,0.000000,2.16999993085665e-07,40.000000,0.579999,1000.000000,0.000000,0.000000,13.000000,0.000000,0.515380,0.579999,,,,8.700936,8.700936,,16.800279,,,,,,903.822387,0.066145,0.000000,0.000000,0.000000,,-459.670013,1000.000000,,0.000000,0.000000,,,,0.047214,"SETFLOW",0.000000,0.997558,0.000000,,,,,"","",,,,8.700936,,0.000000,,0.000000,,,0.000000,0.000000,"",,,0.000000,,-1.000000,,0.000000,0.000000,-1.000000,-1.000000,,,,,,,,,,,"",,,,,,,,,,"Volumetric",,,,,,,,,,-0.019348,,,,,,,,,,-0.019348,-0.000464,,,,,,,,,,,,
"0BEC51DD","Nodes",1120279.870000,1672148.620000,1313.064347,"Default Known Flow Node",69.999969,0.579999,1000.000000,0.000000,"Known Flow",0.000000,0.000000,2.16999993085665e-07,40.000000,0.579999,1000.000000,0.000000,0.000000,13.000000,0.000000,0.515380,0.579999,,,,8.691940,8.691940,,16.800279,,,,,,903.822387,0.066145,0.000000,0.000000,0.000000,,-459.670013,1000.000000,,0.000000,0.000000,,,,0.047213,"SETFLOW",0.000000,0.997558,0.000000,,,,,"","",,,,8.691940,,0.000000,,0.000000,,,0.000000,0.000000,"",,,0.000000,,-1.000000,,0.000000,0.000000,-1.000000,-1.000000,,,,,,,,,,,"",,,,,,,,,,"Volumetric",,,,,,,,,,-0.013267,,,,,,,,,,-0.013267,-0.000318,,,,,,,,,,,,
"0BEC51C1","Nodes",1120139.321198,1672117.813374,1313.064347,"Default Known Flow Node",69.999969,0.579999,1000.000000,0.000000,"Known Flow",0.000000,0.000000,2.16999993085665e-07,40.000000,0.579999,1000.000000,0.000000,0.000000,13.000000,0.000000,0.515380,0.579999,,,,8.692033,8.692033,,16.800279,,,,,,903.822387,0.066145,0.000000,0.000000,0.000000,,-459.670013,1000.000000,,0.000000,0.000000,,,,0.047213,"SETFLOW",0.000000,0.997558,0.000000,,,,,"","",,,,8.692033,,0.000000,,0.000000,,,0.000000,0.000000,"",,,0.000000,,-1.000000,,0.000000,0.000000,-1.000000,-1.000000,,,,,,,,,,,"",,,,,,,,,,"Volumetric",,,,,,,,,,-0.006633,,,,,,,,,,-0.006633,-0.000159,,,,,,,,,,,,
"0BEC51C9","Nodes",1119567.762635,1672248.896325,1313.064347,"Default Known Flow Node",69.999969,0.579999,1000.000000,0.000000,"Known Flow",0.000000,0.000000,2.16999993085665e-07,40.000000,0.579999,1000.000000,0.000000,0.000000,13.000000,0.000000,0.515380,0.579999,,,,8.697394,8.697394,,16.800279,,,,,,903.822387,0.066145,0.000000,0.000000,0.000000,,-459.670013,1000.000000,,0.000000,0.000000,,,,0.047214,"SETFLOW",0.000000,0.997558,0.000000,,,,,"","",,,,8.697394,,0.000000,,0.000000,,,0.000000,0.000000,"",,,0.000000,"V77908",-1.000000,,0.000000,0.000000,-1.000000,-1.000000,,,,,,,,,,,"",,,,,,,,,,"Volumetric",,,,,,,,,,-0.024047,,,,,,,,,,-0.024047,-0.000577,,,,,,,,,,,,
"0BEC51CA","Nodes",1119562.320280,1672247.555741,1313.064347,"Default Known Flow Node",69.999969,0.579999,1000.000000,0.000000,"Known Flow",0.000000,0.000000,2.16999993085665e-07,40.000000,0.579999,1000.000000,0.000000,0.000000,13.000000,0.000000,0.515380,0.579999,,,,8.697391,8.697391,,16.800279,,,,,,903.822387,0.066145,0.000000,0.000000,0.000000,,-459.670013,1000.000000,,0.000000,0.000000,,,,0.047214,"SETFLOW",0.000000,0.997558,0.000000,,,,,"","",,,,8.697391,,0.000000,,0.000000,,,0.000000,0.000000,"",,,0.000000,,-1.000000,,0.000000,0.000000,-1.000000,-1.000000,,,,,,,,,,,"",,,,,,,,,,"Volumetric",,,,,,,,,,-0.024047,,,,,,,,,,-0.024047,-0.000577,,,,,,,,,,,,
"0BEC51C8","Nodes",1119671.889558,1672275.970253,1313.064347,"Default Known Flow Node",69.999969,0.579999,1000.000000,0.000000,"Known Flow",0.000000,0.000000,2.16999993085665e-07,40.000000,0.579999,1000.000000,0.000000,0.000000,13.000000,0.000000,0.515380,0.579999,,,,8.697422,8.697422,,16.800279,,,,,,903.822387,0.066145,0.000000,0.000000,0.000000,,-459.670013,1000.000000,,0.000000,0.000000,,,,0.047214,"SETFLOW",0.000000,0.997558,0.000000,,,,,"","",,,,8.697422,,0.000000,,0.000000,,,0.000000,0.000000,"",,,0.000000,,-1.000000,,0.000000,0.000000,-1.000000,-1.000000,,,,,,,,,,,"",,,,,,,,,,"Volumetric",,,,,,,,,,-0.121897,,,,,,,,,,-0.121897,-0.002925,,,,,,,,,,,,
"2FC18AE7","Nodes",1119669.957410,1672275.455469,1313.064347,"Default Known Flow Node",69.999969,0.579999,1000.000000,0.000000,"Known Flow",0.000000,0.000000,2.16999993085665e-07,40.000000,0.579999,1000.000000,0.000000,0.000000,13.000000,0.000000,0.515380,0.579999,,,,8.697416,8.697416,,16.800279,,,,,,903.822387,0.066145,0.000000,0.000000,0.000000,,-459.670013,1000.000000,,0.000000,0.000000,,,,0.047214,"UNDEFINED",0.000000,0.997558,0.000000,,,,,"","",,,,8.697416,,0.000000,,0.000000,,,0.000000,0.000000,"",,,0.000000,,-1.000000,,0.000000,0.000000,0.000000,-1.000000,,,,,,,,,,,"",,,,,,,,,,"Volumetric",,,,,,,,,,0.000000,,,,,,,,,,0.000000,0.000000,,,,,,,,,,,,
"0BEC51C7","Nodes",1119963.370000,1672348.750000,1313.064347,"Default Known Flow Node",69.999969,0.579999,1000.000000,0.000000,"Known Flow",0.000000,0.000000,2.16999993085665e-07,40.000000,0.579999,1000.000000,0.000000,0.000000,13.000000,0.000000,0.515380,0.579999,,,,8.699799,8.699799,,16.800279,,,,,,903.822387,0.066145,0.000000,0.000000,0.000000,,-459.670013,1000.000000,,0.000000,0.000000,,,,0.047214,"SETFLOW",0.000000,0.997558,0.000000,,,,,"","",,,,8.699799,,0.000000,,0.000000,,,0.000000,0.000000,"",,,0.000000,,-1.000000,,0.000000,0.000000,-1.000000,-1.000000,,,,,,,,,,,"",,,,,,,,,,"Volumetric",,,,,,,,,,-0.067260,,,,,,,,,,-0.067260,-0.001614,,,,,,,,,,,,
"0BEC51C6","Nodes",1119978.120000,1672352.620000,1313.064347,"Default Known Flow Node",69.999969,0.579999,1000.000000,0.000000,"Known Flow",0.000000,0.000000,2.16999993085665e-07,40.000000,0.579999,1000.000000,0.000000,0.000000,13.000000,0.000000,0.515380,0.579999,,,,8.700019,8.700019,,16.800279,,,,,,903.822387,0.066145,0.000000,0.000000,0.000000,,-459.670013,1000.000000,,0.000000,0.000000,,,,0.047214,"SETFLOW",0.000000,0.997558,0.000000,,,,,"","",,,,8.700019,,0.000000,,0.000000,,,0.000000,0.000000,"",,,0.000000,,-1.000000,,0.000000,0.000000,-1.000000,-1.000000,,,,,,,,,,,"",,,,,,,,,,"Volumetric",,,,,,,,,,-0.007370,,,,,,,,,,-0.007370,-0.000176,,,,,,,,,,,,
"0BEC51C5","Nodes",1120007.870000,1672359.870000,1313.064347,"Default Known Flow Node",69.999969,0.579999,1000.000000,0.000000,"Known Flow",0.000000,0.000000,2.16999993085665e-07,40.000000,0.579999,1000.000000,0.000000,0.000000,13.000000,0.000000,0.515380,0.579999,,,,8.700360,8.700360,,16.800279,,,,,,903.822387,0.066145,0.000000,0.000000,0.000000,,-459.670013,1000.000000,,0.000000,0.000000,,,,0.047214,"SETFLOW",0.000000,0.997558,0.000000,,,,,"","",,,,8.700360,,0.000000,,0.000000,,,0.000000,0.000000,"",,,0.000000,,-1.000000,,0.000000,0.000000,-1.000000,-1.000000,,,,,,,,,,,"",,,,,,,,,,"Volumetric",,,,,,,,,,-0.004606,,,,,,,,,,-0.004606,-0.000110,,,,,,,,,,,,
"0BEC51C4","Nodes",1120250.750000,1672419.500000,1313.064347,"Default Known Flow Node",69.999969,0.579999,1000.000000,0.000000,"Known Flow",0.000000,0.000000,2.16999993085665e-07,40.000000,0.579999,1000.000000,0.000000,0.000000,13.000000,0.000000,0.515380,0.579999,,,,8.701085,8.701085,,16.800279,,,,,,903.822387,0.066145,0.000000,0.000000,0.000000,,-459.670013,1000.000000,,0.000000,0.000000,,,,0.047214,"SETFLOW",0.000000,0.997558,0.000000,,,,,"","",,,,8.701085,,0.000000,,0.000000,,,0.000000,0.000000,"",,,0.000000,,-1.000000,,0.000000,0.000000,-1.000000,-1.000000,,,,,,,,,,,"",,,,,,,,,,"Volumetric",,,,,,,,,,-0.002456,,,,,,,,,,-0.002457,-0.000058,,,,,,,,,,,,
"0BEC51D0","Nodes",1120052.370000,1672391.870000,1313.064347,"Default Known Flow Node",69.999969,0.579999,1000.000000,0.000000,"Known Flow",0.000000,0.000000,2.16999993085665e-07,40.000000,0.579999,1000.000000,0.000000,0.000000,13.000000,0.000000,0.515381,0.579999,,,,8.701896,8.701896,,16.800279,,,,,,903.822387,0.066145,0.000000,0.000000,0.000000,,-459.670013,1000.000000,,0.000000,0.000000,,,,0.047214,"UNDEFINED",0.000000,0.997558,0.000000,,,,,"","",,,,8.701896,,0.000000,,0.000000,,,0.000000,0.000000,"",,,0.000000,,-1.000000,,0.000000,0.000000,-1.000000,-1.000000,,,,,,,,,,,"",,,,,,,,,,"Volumetric",,,,,,,,,,0.000000,,,,,,,,,,0.000000,0.000000,,,,,,,,,,,,
"0BEC51B8","Nodes",1120044.500000,1672426.620000,1313.064347,"Default Known Flow Node",69.999969,0.579999,1000.000000,0.000000,"Known Flow",0.000000,0.000000,2.16999993085665e-07,40.000000,0.579999,1000.000000,0.000000,0.000000,13.000000,0.000000,0.515381,0.579999,,,,8.704219,8.704219,,16.800279,,,,,,903.822387,0.066145,0.000000,0.000000,0.000000,,-459.670013,1000.000000,,0.000000,0.000000,,,,0.047214,"UNDEFINED",0.000000,0.997558,0.000000,,,,,"","",,,,8.704219,,0.000000,,0.000000,,,0.000000,0.000000,"",,,0.000000,,-1.000000,,0.000000,0.000000,-1.000000,-1.000000,,,,,,,,,,,"",,,,,,,,,,"Volumetric",,,,,,,,,,0.000000,,,,,,,,,,0.000000,0.000000,,,,,,,,,,,,
"0BEC51E1","Nodes",1120280.000000,1672426.120000,1313.064347,"Default Known Flow Node",69.999969,0.579999,1000.000000,0.000000,"Known Flow",0.000000,0.000000,2.16999993085665e-07,40.000000,0.579999,1000.000000,0.000000,0.000000,13.000000,0.000000,0.515380,0.579999,,,,8.701110,8.701110,,16.800279,,,,,,903.822387,0.066145,0.000000,0.000000,0.000000,,-459.670013,1000.000000,,0.000000,0.000000,,,,0.047214,"SETFLOW",0.000000,0.997558,0.000000,,,,,"","",,,,8.701110,,0.000000,,0.000000,,,0.000000,0.000000,"",,,0.000000,,-1.000000,,0.000000,0.000000,-1.000000,-1.000000,,,,,,,,,,,"",,,,,,,,,,"Volumetric",,,,,,,,,,-0.008189,,,,,,,,,,-0.008189,-0.000196,,,,,,,,,,,,
"0BEC51B3","Nodes",1119274.000000,1672439.000000,1313.064347,"Default Known Flow Node",69.999969,0.579999,1000.000000,0.000000,"Known Flow",0.000000,0.000000,2.16999993085665e-07,40.000000,0.579999,1000.000000,0.000000,0.000000,13.000000,0.000000,0.515381,0.579999,,,,8.731791,8.731791,,16.800279,,,,,,903.822387,0.066145,0.000000,0.000000,0.000000,,-459.670013,1000.000000,,0.000000,0.000000,,,,0.047218,"UNDEFINED",0.000000,0.997558,0.000000,,,,,"","",,,,8.731791,,0.000000,,0.000000,,,0.000000,0.000000,"",,,0.000000,,-1.000000,,0.000000,0.000000,-1.000000,-1.000000,,,,,,,,,,,"",,,,,,,,,,"Volumetric",,,,,,,,,,0.000000,,,,,,,,,,0.000000,0.000000,,,,,,,,,,,,
"0BEC51A8","Nodes",1119277.370000,1672440.000000,1313.064347,"Default Known Flow Node",69.999969,0.579999,1000.000000,0.000000,"Known Flow",0.000000,0.000000,2.16999993085665e-07,40.000000,0.579999,1000.000000,0.000000,0.000000,13.000000,0.000000,0.515381,0.579999,,,,8.731791,8.731791,,16.800279,,,,,,903.822387,0.066145,0.000000,0.000000,0.000000,,-459.670013,1000.000000,,0.000000,0.000000,,,,0.047218,"SETFLOW",0.000000,0.997558,0.000000,,,,,"","",,,,8.731791,,0.000000,,0.000000,,,0.000000,0.000000,"",,,0.000000,,-1.000000,,0.000000,0.000000,-1.000000,-1.000000,,,,,,,,,,,"",,,,,,,,,,"Volumetric",,,,,,,,,,-0.352988,,,,,,,,,,-0.352988,-0.008471,,,,,,,,,,,,
"0BEC51A9","Nodes",1119276.500000,1672441.620000,1313.064347,"Default Known Flow Node",69.999969,0.579999,1000.000000,0.000000,"Known Flow",0.000000,0.000000,2.16999993085665e-07,40.000000,0.579999,1000.000000,0.000000,0.000000,13.000000,0.000000,0.515381,0.579999,,,,8.731833,8.731833,,16.800279,,,,,,903.822387,0.066145,0.000000,0.000000,0.000000,,-459.670013,1000.000000,,0.000000,0.000000,,,,0.047218,"UNDEFINED",0.000000,0.997558,0.000000,,,,,"","",,,,8.731833,,0.000000,,0.000000,,,0.000000,0.000000,"",,,0.000000,,-1.000000,,0.000000,0.000000,-1.000000,-1.000000,,,,,,,,,,,"",,,,,,,,,,"Volumetric",,,,,,,,,,0.000000,,,,,,,,,,0.000000,0.000000,,,,,,,,,,,,
"0BEC51B4","Nodes",1119278.750000,1672442.370000,1313.064347,"Default Known Flow Node",69.999969,0.579999,1000.000000,0.000000,"Known Flow",0.000000,0.000000,2.16999993085665e-07,40.000000,0.579999,1000.000000,0.000000,0.000000,13.000000,0.000000,0.515381,0.579999,,,,8.731833,8.731833,,16.800279,,,,,,903.822387,0.066145,0.000000,0.000000,0.000000,,-459.670013,1000.000000,,0.000000,0.000000,,,,0.047218,"UNDEFINED",0.000000,0.997558,0.000000,,,,,"","",,,,8.731833,,0.000000,,0.000000,,,0.000000,0.000000,"",,,0.000000,,-1.000000,,0.000000,0.000000,-1.000000,-1.000000,,,,,,,,,,,"",,,,,,,,,,"Volumetric",,,,,,,,,,0.000000,,,,,,,,,,0.000000,0.000000,,,,,,,,,,,,
"0BEC51AA","Nodes",1119267.870000,1672455.620000,1313.064347,"Default Known Flow Node",69.999969,0.579999,1000.000000,0.000000,"Known Flow",0.000000,0.000000,2.16999993085665e-07,40.000000,0.579999,1000.000000,0.000000,0.000000,13.000000,0.000000,0.515381,0.579999,,,,8.732005,8.732005,,16.800279,,,,,,903.822387,0.066145,0.000000,0.000000,0.000000,,-459.670013,1000.000000,,0.000000,0.000000,,,,0.047218,"UNDEFINED",0.000000,0.997558,0.000000,,,,,"","",,,,8.732005,,0.000000,,0.000000,,,0.000000,0.000000,"",,,0.000000,,-1.000000,,0.000000,0.000000,-1.000000,-1.000000,,,,,,,,,,,"",,,,,,,,,,"Volumetric",,,,,,,,,,0.000000,,,,,,,,,,0.000000,0.000000,,,,,,,,,,,,
"2FB2832C","Nodes",1119611.870000,1672528.620000,1313.064347,"Default Known Flow Node",69.999969,0.579999,1000.000000,0.000000,"Known Flow",0.000000,0.000000,2.16999993085665e-07,40.000000,0.579999,1000.000000,0.000000,0.000000,13.000000,0.000000,0.515381,0.579999,,,,8.714094,8.714094,,16.800279,,,,,,903.822387,0.066145,0.000000,0.000000,0.000000,,-459.670013,1000.000000,,0.000000,0.000000,,,,0.047216,"SETFLOW",0.000000,0.997558,0.000000,,,,,"","",,,,8.714094,,0.000000,,0.000000,,,0.000000,0.000000,"",,,0.000000,,-1.000000,,0.000000,0.000000,-1.000000,-1.000000,,,,,,,,,,,"",,,,,,,,,,"Volumetric",,,,,,,,,,-0.047501,,,,,,,,,,-0.047501,-0.001140,,,,,,,,,,,,
"2FBD9088","Nodes",1119957.837084,1672615.437008,1313.064347,"Default Known Flow Node",69.999969,0.579999,1000.000000,0.000000,"Known Flow",0.000000,0.000000,2.16999993085665e-07,40.000000,0.579999,1000.000000,0.000000,0.000000,13.000000,0.000000,0.515381,0.579999,,,,8.712626,8.712626,,16.800279,,,,,,903.822387,0.066145,0.000000,0.000000,0.000000,,-459.670013,1000.000000,,0.000000,0.000000,,,,0.047215,"UNDEFINED",0.000000,0.997558,0.000000,,,,,"","",,,,8.712626,,0.000000,,0.000000,,,0.000000,0.000000,"",,,0.000000,,-1.000000,,0.000000,0.000000,0.000000,-1.000000,,,,,,,,,,,"",,,,,,,,,,"Volumetric",,,,,,,,,,0.000000,,,,,,,,,,0.000000,0.000000,,,,,,,,,,,,
"0BEC51D8","Nodes",1119426.750000,1672760.000000,1313.064347,"Default Known Flow Node",69.999969,0.579999,1000.000000,0.000000,"Known Flow",0.000000,0.000000,2.16999993085665e-07,40.000000,0.579999,1000.000000,0.000000,0.000000,13.000000,0.000000,0.515381,0.579999,,,,8.718480,8.718480,,16.800279,,,,,,903.822387,0.066145,0.000000,0.000000,0.000000,,-459.670013,1000.000000,,0.000000,0.000000,,,,0.047216,"SETFLOW",0.000000,0.997558,0.000000,,,,,"","",,,,8.718480,,0.000000,,0.000000,,,0.000000,0.000000,"",,,0.000000,,-1.000000,,0.000000,0.000000,-1.000000,-1.000000,,,,,,,,,,,"",,,,,,,,,,"Volumetric",,,,,,,,,,-0.108926,,,,,,,,,,-0.108926,-0.002614,,,,,,,,,,,,
"0BEC51E5","Nodes",1119912.250000,1672887.750000,1313.064347,"Default Known Flow Node",69.999969,0.579999,1000.000000,0.000000,"Known Flow",0.000000,0.000000,2.16999993085665e-07,40.000000,0.579999,1000.000000,0.000000,0.000000,13.000000,0.000000,0.515381,0.579999,,,,8.720208,8.720208,,16.800279,,,,,,903.822387,0.066145,0.000000,0.000000,0.000000,,-459.670013,1000.000000,,0.000000,0.000000,,,,0.047216,"SETFLOW",0.000000,0.997558,0.000000,,,,,"","",,,,8.720208,,0.000000,,0.000000,,,0.000000,0.000000,"",,,0.000000,,-1.000000,,0.000000,0.000000,-1.000000,-1.000000,,,,,,,,,,,"",,,,,,,,,,"Volumetric",,,,,,,,,,-0.106469,,,,,,,,,,-0.106469,-0.002555,,,,,,,,,,,,
"0BEC51E3","Nodes",1119936.000000,1672893.250000,1313.064347,"Default Known Flow Node",69.999969,0.579999,1000.000000,0.000000,"Known Flow",0.000000,0.000000,2.16999993085665e-07,40.000000,0.579999,1000.000000,0.000000,0.000000,13.000000,0.000000,0.515381,0.579999,,,,8.720322,8.720322,,16.800279,,,,,,903.822387,0.066145,0.000000,0.000000,0.000000,,-459.670013,1000.000000,,0.000000,0.000000,,,,0.047216,"SETFLOW",0.000000,0.997558,0.000000,,,,,"","",,,,8.720322,,0.000000,,0.000000,,,0.000000,0.000000,"",,,0.000000,,-1.000000,,0.000000,0.000000,-1.000000,-1.000000,,,,,,,,,,,"",,,,,,,,,,"Volumetric",,,,,,,,,,-0.035216,,,,,,,,,,-0.035216,-0.000845,,,,,,,,,,,,
"0BEC51E4","Nodes",1119912.250000,1672886.750000,1313.064347,"Default Known Flow Node",69.999969,0.579999,1000.000000,0.000000,"Known Flow",0.000000,0.000000,2.16999993085665e-07,40.000000,0.579999,1000.000000,0.000000,0.000000,13.000000,0.000000,0.515381,0.579999,,,,8.720208,8.720208,,16.800279,,,,,,903.822387,0.066145,0.000000,0.000000,0.000000,,-459.670013,1000.000000,,0.000000,0.000000,,,,0.047216,"UNDEFINED",0.000000,0.997558,0.000000,,,,,"","",,,,8.720208,,0.000000,,0.000000,,,0.000000,0.000000,"",,,0.000000,,-1.000000,,0.000000,0.000000,-1.000000,-1.000000,,,,,,,,,,,"",,,,,,,,,,"Volumetric",,,,,,,,,,0.000000,,,,,,,,,,0.000000,0.000000,,,,,,,,,,,,
"0BEC51E2","Nodes",1119938.250000,1672882.750000,1313.064347,"Default Known Flow Node",69.999969,0.579999,1000.000000,0.000000,"Known Flow",0.000000,0.000000,2.16999993085665e-07,40.000000,0.579999,1000.000000,0.000000,0.000000,13.000000,0.000000,0.515381,0.579999,,,,8.719663,8.719663,,16.800279,,,,,,903.822387,0.066145,0.000000,0.000000,0.000000,,-459.670013,1000.000000,,0.000000,0.000000,,,,0.047216,"UNDEFINED",0.000000,0.997558,0.000000,,,,,"","",,,,8.719663,,0.000000,,0.000000,,,0.000000,0.000000,"",,,0.000000,,-1.000000,,0.000000,0.000000,-1.000000,-1.000000,,,,,,,,,,,"",,,,,,,,,,"Volumetric",,,,,,,,,,0.000000,,,,,,,,,,0.000000,0.000000,,,,,,,,,,,,
"0BEC521A","Nodes",1120280.000000,1672978.000000,1313.064347,"Default Known Flow Node",69.999969,0.579999,1000.000000,0.000000,"Known Flow",0.000000,0.000000,2.16999993085665e-07,40.000000,0.579999,1000.000000,0.000000,0.000000,13.000000,0.000000,0.515381,0.579999,,,,8.719462,8.719462,,16.800279,,,,,,903.822387,0.066145,0.000000,0.000000,0.000000,,-459.670013,1000.000000,,0.000000,0.000000,,,,0.047216,"SETFLOW",0.000000,0.997558,0.000000,,,,,"","",,,,8.719462,,0.000000,,0.000000,,,0.000000,0.000000,"",,,0.000000,,-1.000000,,0.000000,0.000000,-1.000000,-1.000000,,,,,,,,,,,"",,,,,,,,,,"Volumetric",,,,,,,,,,-0.037346,,,,,,,,,,-0.037346,-0.000896,,,,,,,,,,,,
"0BEC51EE","Nodes",1119884.120000,1673147.000000,1313.064347,"Default Known Flow Node",69.999969,0.579999,1000.000000,0.000000,"Known Flow",0.000000,0.000000,2.16999993085665e-07,40.000000,0.579999,1000.000000,0.000000,0.000000,13.000000,0.000000,0.515381,0.579999,,,,8.773652,8.773652,,16.800279,,,,,,903.822387,0.066145,0.000000,0.000000,0.000000,,-459.670013,1000.000000,,0.000000,0.000000,,,,0.047222,"SETFLOW",0.000000,0.997558,0.000000,,,,,"","",,,,8.773652,,0.000000,,0.000000,,,0.000000,0.000000,"",,,0.000000,,-1.000000,,0.000000,0.000000,-1.000000,-1.000000,,,,,,,,,,,"",,,,,,,,,,"Volumetric",,,,,,,,,,-0.039311,,,,,,,,,,-0.039311,-0.000943,,,,,,,,,,,,
"0BEC51EA","Nodes",1119877.750000,1673144.750000,1313.064347,"Default Known Flow Node",69.999969,0.579999,1000.000000,0.000000,"Known Flow",0.000000,0.000000,2.16999993085665e-07,40.000000,0.579999,1000.000000,0.000000,0.000000,13.000000,0.000000,0.515381,0.579999,,,,8.774394,8.774394,,16.800279,,,,,,903.822387,0.066145,0.000000,0.000000,0.000000,,-459.670013,1000.000000,,0.000000,0.000000,,,,0.047222,"SETFLOW",0.000000,0.997558,0.000000,,,,,"","",,,,8.774394,,0.000000,,0.000000,,,0.000000,0.000000,"",,,0.000000,,-1.000000,,0.000000,0.000000,-1.000000,-1.000000,,,,,,,,,,,"",,,,,,,,,,"Volumetric",,,,,,,,,,-0.053071,,,,,,,,,,-0.053071,-0.001273,,,,,,,,,,,,
"0BEC5212","Nodes",1119446.500000,1673274.370000,1313.064347,"Default Known Flow Node",69.999969,0.579999,1000.000000,0.000000,"Known Flow",0.000000,0.000000,2.16999993085665e-07,40.000000,0.579999,1000.000000,0.000000,0.000000,13.000000,0.000000,0.515381,0.579999,,,,8.804483,8.804483,,16.800279,,,,,,903.822387,0.066145,0.000000,0.000000,0.000000,,-459.670013,1000.000000,,0.000000,0.000000,,,,0.047226,"SETFLOW",0.000000,0.997558,0.000000,,,,,"","",,,,8.804483,,0.000000,,0.000000,,,0.000000,0.000000,"",,,0.000000,,-1.000000,,0.000000,0.000000,-1.000000,-1.000000,,,,,,,,,,,"",,,,,,,,,,"Volumetric",,,,,,,,,,-0.106797,,,,,,,,,,-0.106797,-0.002563,,,,,,,,,,,,
"0BEC5211","Nodes",1119507.870000,1673290.120000,1313.064347,"Default Known Flow Node",69.999969,0.579999,1000.000000,0.000000,"Known Flow",0.000000,0.000000,2.16999993085665e-07,40.000000,0.579999,1000.000000,0.000000,0.000000,13.000000,0.000000,0.515381,0.579999,,,,8.818999,8.818999,,16.800279,,,,,,903.822387,0.066145,0.000000,0.000000,0.000000,,-459.670013,1000.000000,,0.000000,0.000000,,,,0.047228,"SETFLOW",0.000000,0.997558,0.000000,,,,,"","",,,,8.818999,,0.000000,,0.000000,,,0.000000,0.000000,"",,,0.000000,,-1.000000,,0.000000,0.000000,-1.000000,-1.000000,,,,,,,,,,,"",,,,,,,,,,"Volumetric",,,,,,,,,,-0.013759,,,,,,,,,,-0.013759,-0.000330,,,,,,,,,,,,
"0BEC5210","Nodes",1119531.500000,1673296.750000,1313.064347,"Default Known Flow Node",69.999969,0.579999,1000.000000,0.000000,"Known Flow",0.000000,0.000000,2.16999993085665e-07,40.000000,0.579999,1000.000000,0.000000,0.000000,13.000000,0.000000,0.515381,0.579999,,,,8.822951,8.822951,,16.800279,,,,,,903.822387,0.066145,0.000000,0.000000,0.000000,,-459.670013,1000.000000,,0.000000,0.000000,,,,0.047228,"SETFLOW",0.000000,0.997558,0.000000,,,,,"","",,,,8.822951,,0.000000,,0.000000,,,0.000000,0.000000,"",,,0.000000,,-1.000000,,0.000000,0.000000,-1.000000,-1.000000,,,,,,,,,,,"",,,,,,,,,,"Volumetric",,,,,,,,,,-0.025552,,,,,,,,,,-0.025552,-0.000613,,,,,,,,,,,,
"0BEC520F","Nodes",1119604.370000,1673316.500000,1313.064347,"Default Known Flow Node",69.999969,0.579999,1000.000000,0.000000,"Known Flow",0.000000,0.000000,2.16999993085665e-07,40.000000,0.579999,1000.000000,0.000000,0.000000,13.000000,0.000000,0.515381,0.579999,,,,8.825100,8.825100,,16.800279,,,,,,903.822387,0.066145,0.000000,0.000000,0.000000,,-459.670013,1000.000000,,0.000000,0.000000,,,,0.047228,"SETFLOW",0.000000,0.997558,0.000000,,,,,"","",,,,8.825100,,0.000000,,0.000000,,,0.000000,0.000000,"",,,0.000000,,-1.000000,,0.000000,0.000000,-1.000000,-1.000000,,,,,,,,,,,"",,,,,,,,,,"Volumetric",,,,,,,,,,-0.013759,,,,,,,,,,-0.013759,-0.000330,,,,,,,,,,,,
"0BEC520E","Nodes",1119626.120000,1673321.250000,1313.064347,"Default Known Flow Node",69.999969,0.579999,1000.000000,0.000000,"Known Flow",0.000000,0.000000,2.16999993085665e-07,40.000000,0.579999,1000.000000,0.000000,0.000000,13.000000,0.000000,0.515381,0.579999,,,,8.831017,8.831017,,16.800279,,,,,,903.822387,0.066145,0.000000,0.000000,0.000000,,-459.670013,1000.000000,,0.000000,0.000000,,,,0.047229,"SETFLOW",0.000000,0.997558,0.000000,,,,,"","",,,,8.831017,,0.000000,,0.000000,,,0.000000,0.000000,"",,,0.000000,,-1.000000,,0.000000,0.000000,-1.000000,-1.000000,,,,,,,,,,,"",,,,,,,,,,"Volumetric",,,,,,,,,,-0.025552,,,,,,,,,,-0.025552,-0.000613,,,,,,,,,,,,
"0BEC51EB","Nodes",1119824.250000,1673372.750000,1313.064347,"Default Known Flow Node",69.999969,0.579999,1000.000000,0.000000,"Known Flow",0.000000,0.000000,2.16999993085665e-07,40.000000,0.579999,1000.000000,0.000000,0.000000,13.000000,0.000000,0.515381,0.579999,,,,8.867258,8.867258,,16.800279,,,,,,903.822387,0.066145,0.000000,0.000000,0.000000,,-459.670013,1000.000000,,0.000000,0.000000,,,,0.047233,"SETFLOW",0.000000,0.997557,0.000000,,,,,"","",,,,8.867258,,0.000000,,0.000000,,,0.000000,0.000000,"",,,0.000000,,-1.000000,,0.000000,0.000000,-1.000000,-1.000000,,,,,,,,,,,"",,,,,,,,,,"Volumetric",,,,,,,,,,-0.032759,,,,,,,,,,-0.032759,-0.000786,,,,,,,,,,,,
"0BEC51EC","Nodes",1119817.000000,1673405.870000,1313.064347,"Default Known Flow Node",69.999969,0.579999,1000.000000,0.000000,"Known Flow",0.000000,0.000000,2.16999993085665e-07,40.000000,0.579999,1000.000000,0.000000,0.000000,13.000000,0.000000,0.515382,0.579999,,,,8.886966,8.886966,,16.800279,,,,,,903.822387,0.066145,0.000000,0.000000,0.000000,,-459.670013,1000.000000,,0.000000,0.000000,,,,0.047235,"UNDEFINED",0.000000,0.997557,0.000000,,,,,"","",,,,8.886966,,0.000000,,0.000000,,,0.000000,0.000000,"",,,0.000000,,-1.000000,,0.000000,0.000000,-1.000000,-1.000000,,,,,,,,,,,"",,,,,,,,,,"Volumetric",,,,,,,,,,0.000000,,,,,,,,,,0.000000,0.000000,,,,,,,,,,,,
"0BEC5216","Nodes",1119811.620000,1673404.750000,1313.064347,"Default Known Flow Node",69.999969,0.579999,1000.000000,0.000000,"Known Flow",0.000000,0.000000,2.16999993085665e-07,40.000000,0.579999,1000.000000,0.000000,0.000000,13.000000,0.000000,0.515382,0.579999,,,,8.886966,8.886966,,16.800279,,,,,,903.822387,0.066145,0.000000,0.000000,0.000000,,-459.670013,1000.000000,,0.000000,0.000000,,,,0.047235,"UNDEFINED",0.000000,0.997557,0.000000,,,,,"","",,,,8.886966,,0.000000,,0.000000,,,0.000000,0.000000,"",,,0.000000,,-1.000000,,0.000000,0.000000,-1.000000,-1.000000,,,,,,,,,,,"",,,,,,,,,,"Volumetric",,,,,,,,,,0.000000,,,,,,,,,,0.000000,0.000000,,,,,,,,,,,,
"0BEC51F0","Nodes",1119865.120000,1673416.620000,1313.064347,"Default Known Flow Node",69.999969,0.579999,1000.000000,0.000000,"Known Flow",0.000000,0.000000,2.16999993085665e-07,40.000000,0.579999,1000.000000,0.000000,0.000000,13.000000,0.000000,0.515382,0.579999,,,,8.886780,8.886780,,16.800279,,,,,,903.822387,0.066145,0.000000,0.000000,0.000000,,-459.670013,1000.000000,,0.000000,0.000000,,,,0.047235,"UNDEFINED",0.000000,0.997557,0.000000,,,,,"","",,,,8.886780,,0.000000,,0.000000,,,0.000000,0.000000,"",,,0.000000,,-1.000000,,0.000000,0.000000,-1.000000,-1.000000,,,,,,,,,,,"",,,,,,,,,,"Volumetric",,,,,,,,,,0.000000,,,,,,,,,,0.000000,0.000000,,,,,,,,,,,,
"0BEC51F1","Nodes",1119822.500000,1673407.000000,1313.064347,"Default Known Flow Node",69.999969,0.579999,1000.000000,0.000000,"Known Flow",0.000000,0.000000,2.16999993085665e-07,40.000000,0.579999,1000.000000,0.000000,0.000000,13.000000,0.000000,0.515382,0.579999,,,,8.886961,8.886961,,16.800279,,,,,,903.822387,0.066145,0.000000,0.000000,0.000000,,-459.670013,1000.000000,,0.000000,0.000000,,,,0.047235,"UNDEFINED",0.000000,0.997557,0.000000,,,,,"","",,,,8.886961,,0.000000,,0.000000,,,0.000000,0.000000,"",,,0.000000,,-1.000000,,0.000000,0.000000,-1.000000,-1.000000,,,,,,,,,,,"",,,,,,,,,,"Volumetric",,,,,,,,,,0.000000,,,,,,,,,,0.000000,0.000000,,,,,,,,,,,,
"0BEC51EF","Nodes",1119871.870000,1673418.120000,1313.064347,"Default Known Flow Node",69.999969,0.579999,1000.000000,0.000000,"Known Flow",0.000000,0.000000,2.16999993085665e-07,40.000000,0.579999,1000.000000,0.000000,0.000000,13.000000,0.000000,0.515382,0.579999,,,,8.886753,8.886753,,16.800279,,,,,,903.822387,0.066145,0.000000,0.000000,0.000000,,-459.670013,1000.000000,,0.000000,0.000000,,,,0.047235,"SETFLOW",0.000000,0.997557,0.000000,,,,,"","",,,,8.886753,,0.000000,,0.000000,,,0.000000,0.000000,"",,,0.000000,,-1.000000,,0.000000,0.000000,-1.000000,-1.000000,,,,,,,,,,,"",,,,,,,,,,"Volumetric",,,,,,,,,,-0.043243,,,,,,,,,,-0.043243,-0.001037,,,,,,,,,,,,
"0BEC521C","Nodes",1120280.000000,1673516.250000,1313.064347,"Default Known Flow Node",69.999969,0.579999,1000.000000,0.000000,"Known Flow",0.000000,0.000000,2.16999993085665e-07,40.000000,0.579999,1000.000000,0.000000,0.000000,13.000000,0.000000,0.515382,0.579999,,,,8.886022,8.886022,,16.800279,,,,,,903.822387,0.066145,0.000000,0.000000,0.000000,,-459.670013,1000.000000,,0.000000,0.000000,,,,0.047235,"SETFLOW",0.000000,0.997557,0.000000,,,,,"","",,,,8.886022,,0.000000,,0.000000,,,0.000000,0.000000,"",,,0.000000,,-1.000000,,0.000000,0.000000,-1.000000,-1.000000,,,,,,,,,,,"",,,,,,,,,,"Volumetric",,,,,,,,,,-0.019655,,,,,,,,,,-0.019655,-0.000471,,,,,,,,,,,,
"2FB82E4C","Nodes",1119762.870000,1673656.620000,1313.064347,"Default Known Flow Node",69.999969,0.579999,1000.000000,0.000000,"Known Flow",0.000000,0.000000,2.16999993085665e-07,40.000000,0.579999,1000.000000,0.000000,0.000000,13.000000,0.000000,0.515382,0.579999,,,,9.039237,9.039237,,16.800279,,,,,,903.822387,0.066145,0.000000,0.000000,0.000000,,-459.670013,1000.000000,,0.000000,0.000000,,,,0.047253,"UNDEFINED",0.000000,0.997556,0.000000,,,,,"","",,,,9.039237,,0.000000,,0.000000,,,0.000000,0.000000,"",,,0.000000,,-1.000000,,0.000000,0.000000,-1.000000,-1.000000,,,,,,,,,,,"",,,,,,,,,,"Volumetric",,,,,,,,,,0.000000,,,,,,,,,,0.000000,0.000000,,,,,,,,,,,,
"0BEC51F5","Nodes",1119758.370000,1673655.500000,1313.064347,"Default Known Flow Node",69.999969,0.579999,1000.000000,0.000000,"Known Flow",0.000000,0.000000,2.16999993085665e-07,40.000000,0.579999,1000.000000,0.000000,0.000000,13.000000,0.000000,0.515382,0.579999,,,,9.039237,9.039237,,16.800279,,,,,,903.822387,0.066145,0.000000,0.000000,0.000000,,-459.670013,1000.000000,,0.000000,0.000000,,,,0.047253,"UNDEFINED",0.000000,0.997556,0.000000,,,,,"","",,,,9.039237,,0.000000,,0.000000,,,0.000000,0.000000,"",,,0.000000,,-1.000000,,0.000000,0.000000,-1.000000,-1.000000,,,,,,,,,,,"",,,,,,,,,,"Volumetric",,,,,,,,,,0.000000,,,,,,,,,,0.000000,0.000000,,,,,,,,,,,,
"0BEC5202","Nodes",1119509.750000,1673854.000000,1313.064347,"Default Known Flow Node",69.999969,0.579999,1000.000000,0.000000,"Known Flow",0.000000,0.000000,2.16999993085665e-07,40.000000,0.579999,1000.000000,0.000000,0.000000,13.000000,0.000000,0.515384,0.579999,,,,9.358042,9.358042,,16.800279,,,,,,903.822387,0.066145,0.000000,0.000000,0.000000,,-459.670013,1000.000000,,0.000000,0.000000,,,,0.047289,"UNDEFINED",0.000000,0.997555,0.000000,,,,,"","",,,,9.358042,,0.000000,,0.000000,,,0.000000,0.000000,"",,,0.000000,,-1.000000,,0.000000,0.000000,-1.000000,-1.000000,,,,,,,,,,,"",,,,,,,,,,"Volumetric",,,,,,,,,,0.000000,,,,,,,,,,0.000000,0.000000,,,,,,,,,,,,
"2FB8DE42","Nodes",1119716.500000,1673825.870000,1313.064347,"Default Known Flow Node",69.999969,0.579999,1000.000000,0.000000,"Known Flow",0.000000,0.000000,2.16999993085665e-07,40.000000,0.579999,1000.000000,0.000000,0.000000,13.000000,0.000000,0.515384,0.579999,,,,9.285893,9.285893,,16.800279,,,,,,903.822387,0.066145,0.000000,0.000000,0.000000,,-459.670013,1000.000000,,0.000000,0.000000,,,,0.047281,"UNDEFINED",0.000000,0.997555,0.000000,,,,,"","",,,,9.285893,,0.000000,,0.000000,,,0.000000,0.000000,"",,,0.000000,,-1.000000,,0.000000,0.000000,-1.000000,-1.000000,,,,,,,,,,,"",,,,,,,,,,"Volumetric",,,,,,,,,,0.000000,,,,,,,,,,0.000000,0.000000,,,,,,,,,,,,
"2FB93E91","Nodes",1119713.620000,1673849.750000,1313.064347,"Default Known Flow Node",69.999969,0.579999,1000.000000,0.000000,"Known Flow",0.000000,0.000000,2.16999993085665e-07,40.000000,0.579999,1000.000000,0.000000,0.000000,13.000000,0.000000,0.515384,0.579999,,,,9.327995,9.327995,,16.800279,,,,,,903.822387,0.066145,0.000000,0.000000,0.000000,,-459.670013,1000.000000,,0.000000,0.000000,,,,0.047285,"UNDEFINED",0.000000,0.997555,0.000000,,,,,"","",,,,9.327995,,0.000000,,0.000000,,,0.000000,0.000000,"",,,0.000000,,-1.000000,,0.000000,0.000000,-1.000000,-1.000000,,,,,,,,,,,"",,,,,,,,,,"Volumetric",,,,,,,,,,0.000000,,,,,,,,,,0.000000,0.000000,,,,,,,,,,,,
"2FB93E8F","Nodes",1119713.000000,1673852.750000,1313.064347,"Default Known Flow Node",69.999969,0.579999,1000.000000,0.000000,"Known Flow",0.000000,0.000000,2.16999993085665e-07,40.000000,0.579999,1000.000000,0.000000,0.000000,13.000000,0.000000,0.515384,0.579999,,,,9.330630,9.330630,,16.800279,,,,,,903.822387,0.066145,0.000000,0.000000,0.000000,,-459.670013,1000.000000,,0.000000,0.000000,,,,0.047286,"UNDEFINED",0.000000,0.997555,0.000000,,,,,"","",,,,9.330630,,0.000000,,0.000000,,,0.000000,0.000000,"",,,0.000000,,-1.000000,,0.000000,0.000000,-1.000000,-1.000000,,,,,,,,,,,"",,,,,,,,,,"Volumetric",,,,,,,,,,0.000000,,,,,,,,,,0.000000,0.000000,,,,,,,,,,,,
"0BEC5201","Nodes",1119527.750000,1673859.120000,1313.064347,"Default Known Flow Node",69.999969,0.579999,1000.000000,0.000000,"Known Flow",0.000000,0.000000,2.16999993085665e-07,40.000000,0.579999,1000.000000,0.000000,0.000000,13.000000,0.000000,0.515384,0.579999,,,,9.369603,9.369603,,16.800279,,,,,,903.822387,0.066145,0.000000,0.000000,0.000000,,-459.670013,1000.000000,,0.000000,0.000000,,,,0.047290,"UNDEFINED",0.000000,0.997555,0.000000,,,,,"","",,,,9.369603,,0.000000,,0.000000,,,0.000000,0.000000,"",,,0.000000,,-1.000000,,0.000000,0.000000,-1.000000,-1.000000,,,,,,,,,,,"",,,,,,,,,,"Volumetric",,,,,,,,,,0.000000,,,,,,,,,,0.000000,0.000000,,,,,,,,,,,,
"0BEC5204","Nodes",1119551.500000,1673866.120000,1313.064347,"Default Known Flow Node",69.999969,0.579999,1000.000000,0.000000,"Known Flow",0.000000,0.000000,2.16999993085665e-07,40.000000,0.579999,1000.000000,0.000000,0.000000,13.000000,0.000000,0.515384,0.579999,,,,9.382157,9.382157,,16.800279,,,,,,903.822387,0.066145,0.000000,0.000000,0.000000,,-459.670013,1000.000000,,0.000000,0.000000,,,,0.047291,"UNDEFINED",0.000000,0.997554,0.000000,,,,,"","",,,,9.382157,,0.000000,,0.000000,,,0.000000,0.000000,"",,,0.000000,,-1.000000,,0.000000,0.000000,-1.000000,-1.000000,,,,,,,,,,,"",,,,,,,,,,"Volumetric",,,,,,,,,,0.000000,,,,,,,,,,0.000000,0.000000,,,,,,,,,,,,
"2FB93E90","Nodes",1119713.000000,1673853.750000,1313.064347,"Default Known Flow Node",69.999969,0.579999,1000.000000,0.000000,"Known Flow",0.000000,0.000000,2.16999993085665e-07,40.000000,0.579999,1000.000000,0.000000,0.000000,13.000000,0.000000,0.515384,0.579999,,,,9.330630,9.330630,,16.800279,,,,,,903.822387,0.066145,0.000000,0.000000,0.000000,,-459.670013,1000.000000,,0.000000,0.000000,,,,0.047286,"UNDEFINED",0.000000,0.997555,0.000000,,,,,"","",,,,9.330630,,0.000000,,0.000000,,,0.000000,0.000000,"",,,0.000000,,-1.000000,,0.000000,0.000000,-1.000000,-1.000000,,,,,,,,,,,"",,,,,,,,,,"Volumetric",,,,,,,,,,0.000000,,,,,,,,,,0.000000,0.000000,,,,,,,,,,,,
"0BEC51FF","Nodes",1119648.250000,1673888.870000,1313.064347,"Default Known Flow Node",69.999969,0.579999,1000.000000,0.000000,"Known Flow",0.000000,0.000000,2.16999993085665e-07,40.000000,0.579999,1000.000000,0.000000,0.000000,13.000000,0.000000,0.515385,0.579999,,,,9.447011,9.447011,,16.800279,,,,,,903.822387,0.066145,0.000000,0.000000,0.000000,,-459.670013,1000.000000,,0.000000,0.000000,,,,0.047299,"UNDEFINED",0.000000,0.997554,0.000000,,,,,"","",,,,9.447011,,0.000000,,0.000000,,,0.000000,0.000000,"",,,0.000000,,-1.000000,,0.000000,0.000000,-1.000000,-1.000000,,,,,,,,,,,"",,,,,,,,,,"Volumetric",,,,,,,,,,0.000000,,,,,,,,,,0.000000,0.000000,,,,,,,,,,,,
"0BEC5200","Nodes",1119551.500000,1673865.120000,1313.064347,"Default Known Flow Node",69.999969,0.579999,1000.000000,0.000000,"Known Flow",0.000000,0.000000,2.16999993085665e-07,40.000000,0.579999,1000.000000,0.000000,0.000000,13.000000,0.000000,0.515384,0.579999,,,,9.382158,9.382158,,16.800279,,,,,,903.822387,0.066145,0.000000,0.000000,0.000000,,-459.670013,1000.000000,,0.000000,0.000000,,,,0.047291,"UNDEFINED",0.000000,0.997554,0.000000,,,,,"","",,,,9.382158,,0.000000,,0.000000,,,0.000000,0.000000,"",,,0.000000,,-1.000000,,0.000000,0.000000,-1.000000,-1.000000,,,,,,,,,,,"",,,,,,,,,,"Volumetric",,,,,,,,,,0.000000,,,,,,,,,,0.000000,0.000000,,,,,,,,,,,,
"2FB93E92","Nodes",1119705.250000,1673874.250000,1313.064347,"Default Known Flow Node",69.999969,0.579999,1000.000000,0.000000,"Known Flow",0.000000,0.000000,2.16999993085665e-07,40.000000,0.579999,1000.000000,0.000000,0.000000,13.000000,0.000000,0.515384,0.579999,,,,9.351679,9.351679,,16.800279,,,,,,903.822387,0.066145,0.000000,0.000000,0.000000,,-459.670013,1000.000000,,0.000000,0.000000,,,,0.047288,"UNDEFINED",0.000000,0.997555,0.000000,,,,,"","",,,,9.351679,,0.000000,,0.000000,,,0.000000,0.000000,"",,,0.000000,,-1.000000,,0.000000,0.000000,-1.000000,-1.000000,,,,,,,,,,,"",,,,,,,,,,"Volumetric",,,,,,,,,,0.000000,,,,,,,,,,0.000000,0.000000,,,,,,,,,,,,
"0BEC51FE","Nodes",1119653.370000,1673890.500000,1313.064347,"Default Known Flow Node",69.999969,0.579999,1000.000000,0.000000,"Known Flow",0.000000,0.000000,2.16999993085665e-07,40.000000,0.579999,1000.000000,0.000000,0.000000,13.000000,0.000000,0.515385,0.579999,,,,9.453703,9.453703,,16.800279,,,,,,903.822387,0.066145,0.000000,0.000000,0.000000,,-459.670013,1000.000000,,0.000000,0.000000,,,,0.047300,"UNDEFINED",0.000000,0.997554,0.000000,,,,,"","",,,,9.453703,,0.000000,,0.000000,,,0.000000,0.000000,"",,,0.000000,,-1.000000,,0.000000,0.000000,-1.000000,-1.000000,,,,,,,,,,,"",,,,,,,,,,"Volumetric",,,,,,,,,,0.000000,,,,,,,,,,0.000000,0.000000,,,,,,,,,,,,
"0BEC51FD","Nodes",1119659.120000,1673892.120000,1313.064347,"Default Known Flow Node",69.999969,0.579999,1000.000000,0.000000,"Known Flow",0.000000,0.000000,2.16999993085665e-07,40.000000,0.579999,1000.000000,0.000000,0.000000,13.000000,0.000000,0.515385,0.579999,,,,9.444337,9.444337,,16.800279,,,,,,903.822387,0.066145,0.000000,0.000000,0.000000,,-459.670013,1000.000000,,0.000000,0.000000,,,,0.047299,"UNDEFINED",0.000000,0.997554,0.000000,,,,,"","",,,,9.444337,,0.000000,,0.000000,,,0.000000,0.000000,"",,,0.000000,,-1.000000,,0.000000,0.000000,-1.000000,-1.000000,,,,,,,,,,,"",,,,,,,,,,"Volumetric",,,,,,,,,,0.000000,,,,,,,,,,0.000000,0.000000,,,,,,,,,,,,
"0BEC520B","Nodes",1119650.120000,1673905.370000,1313.064347,"Default Known Flow Node",69.999969,0.579999,1000.000000,0.000000,"Known Flow",0.000000,0.000000,2.16999993085665e-07,40.000000,0.579999,1000.000000,0.000000,0.000000,13.000000,0.000000,0.515385,0.579999,,,,9.501940,9.501940,,16.800279,,,,,,903.822387,0.066145,0.000000,0.000000,0.000000,,-459.670013,1000.000000,,0.000000,0.000000,,,,0.047305,"UNDEFINED",0.000000,0.997554,0.000000,,,,,"","",,,,9.501940,,0.000000,,0.000000,,,0.000000,0.000000,"",,,0.000000,,-1.000000,,0.000000,0.000000,-1.000000,-1.000000,,,,,,,,,,,"",,,,,,,,,,"Volumetric",,,,,,,,,,0.000000,,,,,,,,,,0.000000,0.000000,,,,,,,,,,,,
"2FB8DE48","Nodes",1119679.120000,1673897.870000,1313.064347,"Default Known Flow Node",69.999969,0.579999,1000.000000,0.000000,"Known Flow",0.000000,0.000000,2.16999993085665e-07,40.000000,0.579999,1000.000000,0.000000,0.000000,13.000000,0.000000,0.515384,0.579999,,,,9.415127,9.415127,,16.800279,,,,,,903.822387,0.066145,0.000000,0.000000,0.000000,,-459.670013,1000.000000,,0.000000,0.000000,,,,0.047295,"UNDEFINED",0.000000,0.997554,0.000000,,,,,"","",,,,9.415127,,0.000000,,0.000000,,,0.000000,0.000000,"",,,0.000000,,-1.000000,,0.000000,0.000000,-1.000000,-1.000000,,,,,,,,,,,"",,,,,,,,,,"Volumetric",,,,,,,,,,0.000000,,,,,,,,,,0.000000,0.000000,,,,,,,,,,,,
"2FB8DD59","Nodes",1119691.870000,1673899.500000,1313.064347,"Default Known Flow Node",69.999969,0.579999,1000.000000,0.000000,"Known Flow",0.000000,0.000000,2.16999993085665e-07,40.000000,0.579999,1000.000000,0.000000,0.000000,13.000000,0.000000,0.515384,0.579999,,,,9.402543,9.402543,,16.800279,,,,,,903.822387,0.066145,0.000000,0.000000,0.000000,,-459.670013,1000.000000,,0.000000,0.000000,,,,0.047294,"UNDEFINED",0.000000,0.997554,0.000000,,,,,"","",,,,9.402543,,0.000000,,0.000000,,,0.000000,0.000000,"",,,0.000000,,-1.000000,,0.000000,0.000000,-1.000000,-1.000000,,,,,,,,,,,"",,,,,,,,,,"Volumetric",,,,,,,,,,0.000000,,,,,,,,,,0.000000,0.000000,,,,,,,,,,,,
"2FB8DE4A","Nodes",1119691.500000,1673901.500000,1313.064347,"Default Known Flow Node",69.999969,0.579999,1000.000000,0.000000,"Known Flow",0.000000,0.000000,2.16999993085665e-07,40.000000,0.579999,1000.000000,0.000000,0.000000,13.000000,0.000000,0.515384,0.579999,,,,9.402562,9.402562,,16.800279,,,,,,903.822387,0.066145,0.000000,0.000000,0.000000,,-459.670013,1000.000000,,0.000000,0.000000,,,,0.047294,"UNDEFINED",0.000000,0.997554,0.000000,,,,,"","",,,,9.402562,,0.000000,,0.000000,,,0.000000,0.000000,"",,,0.000000,,-1.000000,,0.000000,0.000000,-1.000000,-1.000000,,,,,,,,,,,"",,,,,,,,,,"Volumetric",,,,,,,,,,0.000000,,,,,,,,,,0.000000,0.000000,,,,,,,,,,,,
"2FB8DE49","Nodes",1119701.120000,1673912.120000,1313.064347,"Default Known Flow Node",69.999969,0.579999,1000.000000,0.000000,"Known Flow",0.000000,0.000000,2.16999993085665e-07,40.000000,0.579999,1000.000000,0.000000,0.000000,13.000000,0.000000,0.515384,0.579999,,,,9.398003,9.398003,,16.800279,,,,,,903.822387,0.066145,0.000000,0.000000,0.000000,,-459.670013,1000.000000,,0.000000,0.000000,,,,0.047293,"UNDEFINED",0.000000,0.997554,0.000000,,,,,"","",,,,9.398003,,0.000000,,0.000000,,,0.000000,0.000000,"",,,0.000000,,-1.000000,,0.000000,0.000000,-1.000000,-1.000000,,,,,,,,,,,"",,,,,,,,,,"Volumetric",,,,,,,,,,0.000000,,,,,,,,,,0.000000,0.000000,,,,,,,,,,,,
"GR281","Nodes",1119680.250000,1673910.750000,1313.064347,"Default Known Flow Node",69.999969,0.579999,1000.000000,0.000000,"Known Flow",0.000000,0.000000,2.16999993085665e-07,40.000000,0.579999,1000.000000,0.000000,0.000000,13.000000,0.000000,0.515386,0.579999,,,,9.622519,9.622519,,16.800279,,,,,,903.822387,0.066145,0.000000,0.000000,0.000000,,-459.670013,1000.000000,,0.000000,0.000000,,,,0.047319,"UNDEFINED",0.000000,0.997553,0.000000,,,,,"","",,,,9.622519,,0.000000,,0.000000,,,0.000000,0.000000,"",,,0.000000,,-1.000000,,0.000000,0.000000,-1.000000,-1.000000,,,,,,,,,,,"",,,,,,,,,,"Volumetric",,,,,,,,,,0.000000,,,,,,,,,,0.000000,0.000000,,,,,,,,,,,,
"0BEC520A","Nodes",1119650.120000,1673904.370000,1313.064347,"Default Known Flow Node",69.999969,0.579999,1000.000000,0.000000,"Known Flow",0.000000,0.000000,2.16999993085665e-07,40.000000,0.579999,1000.000000,0.000000,0.000000,13.000000,0.000000,0.515385,0.579999,,,,9.501950,9.501950,,16.800279,,,,,,903.822387,0.066145,0.000000,0.000000,0.000000,,-459.670013,1000.000000,,0.000000,0.000000,,,,0.047305,"UNDEFINED",0.000000,0.997554,0.000000,,,,,"","",,,,9.501950,,0.000000,,0.000000,,,0.000000,0.000000,"",,,0.000000,,-1.000000,,0.000000,0.000000,-1.000000,-1.000000,,,,,,,,,,,"",,,,,,,,,,"Volumetric",,,,,,,,,,0.000000,,,,,,,,,,0.000000,0.000000,,,,,,,,,,,,
"0BEC51F8","Nodes",1119736.000000,1673912.370000,1313.064347,"Default Known Flow Node",69.999969,0.579999,1000.000000,0.000000,"Known Flow",0.000000,0.000000,2.16999993085665e-07,40.000000,0.579999,1000.000000,0.000000,0.000000,13.000000,0.000000,0.515384,0.579999,,,,9.385983,9.385983,,16.800279,,,,,,903.822387,0.066145,0.000000,0.000000,0.000000,,-459.670013,1000.000000,,0.000000,0.000000,,,,0.047292,"UNDEFINED",0.000000,0.997554,0.000000,,,,,"","",,,,9.385983,,0.000000,,0.000000,,,0.000000,0.000000,"",,,0.000000,,-1.000000,,0.000000,0.000000,-1.000000,-1.000000,,,,,,,,,,,"",,,,,,,,,,"Volumetric",,,,,,,,,,0.000000,,,,,,,,,,0.000000,0.000000,,,,,,,,,,,,
"2FB8DE45","Nodes",1119726.250000,1673909.620000,1313.064347,"Default Known Flow Node",69.999969,0.579999,1000.000000,0.000000,"Known Flow",0.000000,0.000000,2.16999993085665e-07,40.000000,0.579999,1000.000000,0.000000,0.000000,13.000000,0.000000,0.515384,0.579999,,,,9.392791,9.392791,,16.800279,,,,,,903.822387,0.066145,0.000000,0.000000,0.000000,,-459.670013,1000.000000,,0.000000,0.000000,,,,0.047293,"UNDEFINED",0.000000,0.997554,0.000000,,,,,"","",,,,9.392791,,0.000000,,0.000000,,,0.000000,0.000000,"",,,0.000000,,-1.000000,,0.000000,0.000000,-1.000000,-1.000000,,,,,,,,,,,"",,,,,,,,,,"Volumetric",,,,,,,,,,0.000000,,,,,,,,,,0.000000,0.000000,,,,,,,,,,,,
"2FB8DE43","Nodes",1119696.120000,1673933.250000,1313.064347,"Default Known Flow Node",69.999969,0.579999,1000.000000,0.000000,"Known Flow",0.000000,0.000000,2.16999993085665e-07,40.000000,0.579999,1000.000000,0.000000,0.000000,13.000000,0.000000,0.515384,0.579999,,,,9.390132,9.390132,,16.800279,,,,,,903.822387,0.066145,0.000000,0.000000,0.000000,,-459.670013,1000.000000,,0.000000,0.000000,,,,0.047292,"SETFLOW",0.000000,0.997554,0.000000,,,,,"","",,,,9.390132,,0.000000,,0.000000,,,0.000000,0.000000,"",,,0.000000,,-1.000000,,0.000000,0.000000,-1.000000,-1.000000,,,,,,,,,,,"",,,,,,,,,,"Volumetric",,,,,,,,,,-0.001965,,,,,,,,,,-0.001965,-0.000047,,,,,,,,,,,,
"0BEC51F6","Nodes",1119769.750000,1673920.750000,1313.064347,"Default Known Flow Node",69.999969,0.579999,1000.000000,0.000000,"Known Flow",0.000000,0.000000,2.16999993085665e-07,40.000000,0.579999,1000.000000,0.000000,0.000000,13.000000,0.000000,0.515384,0.579999,,,,9.357897,9.357897,,16.800279,,,,,,903.822387,0.066145,0.000000,0.000000,0.000000,,-459.670013,1000.000000,,0.000000,0.000000,,,,0.047289,"SETFLOW",0.000000,0.997555,0.000000,,,,,"","",,,,9.357897,,0.000000,,0.000000,,,0.000000,0.000000,"",,,0.000000,,-1.000000,,0.000000,0.000000,-1.000000,-1.000000,,,,,,,,,,,"",,,,,,,,,,"Volumetric",,,,,,,,,,-0.008517,,,,,,,,,,-0.008517,-0.000204,,,,,,,,,,,,
"0BEC5217","Nodes",1119735.620000,1673913.250000,1313.064347,"Default Known Flow Node",69.999969,0.579999,1000.000000,0.000000,"Known Flow",0.000000,0.000000,2.16999993085665e-07,40.000000,0.579999,1000.000000,0.000000,0.000000,13.000000,0.000000,0.515384,0.579999,,,,9.385982,9.385982,,16.800279,,,,,,903.822387,0.066145,0.000000,0.000000,0.000000,,-459.670013,1000.000000,,0.000000,0.000000,,,,0.047292,"UNDEFINED",0.000000,0.997554,0.000000,,,,,"","",,,,9.385982,,0.000000,,0.000000,,,0.000000,0.000000,"",,,0.000000,,-1.000000,,0.000000,0.000000,-1.000000,-1.000000,,,,,,,,,,,"",,,,,,,,,,"Volumetric",,,,,,,,,,0.000000,,,,,,,,,,0.000000,0.000000,,,,,,,,,,,,
"0BEC521E","Nodes",1120281.016795,1674042.536899,1313.064347,"Default Known Flow Node",69.999969,0.579999,1000.000000,0.000000,"Known Flow",0.000000,0.000000,2.16999993085665e-07,40.000000,0.579999,1000.000000,0.000000,0.000000,13.000000,0.000000,0.515382,0.579999,,,,8.910992,8.910992,,16.800279,,,,,,903.822387,0.066145,0.000000,0.000000,0.000000,,-459.670013,1000.000000,,0.000000,0.000000,,,,0.047238,"SETFLOW",0.000000,0.997557,0.000000,,,,,"","",,,,8.910992,,0.000000,,0.000000,,,0.000000,0.000000,"",,,0.000000,,-1.000000,,0.000000,0.000000,-1.000000,-1.000000,,,,,,,,,,,"",,,,,,,,,,"Volumetric",,,,,,,,,,-5.252082,,,,,,,,,,-5.252082,-0.126049,,,,,,,,,,,,
"0BEC5203","Nodes",1119264.250000,1674069.250000,1313.064347,"Default Known Flow Node",69.999969,0.579999,1000.000000,0.000000,"Known Flow",0.000000,0.000000,2.16999993085665e-07,40.000000,0.579999,1000.000000,0.000000,0.000000,13.000000,0.000000,0.515382,0.579999,,,,9.033501,9.033501,,16.800279,,,,,,903.822387,0.066145,0.000000,0.000000,0.000000,,-459.670013,1000.000000,,0.000000,0.000000,,,,0.047252,"SETFLOW",0.000000,0.997556,0.000000,,,,,"","",,,,9.033501,,0.000000,,0.000000,,,0.000000,0.000000,"",,,0.000000,,-1.000000,,0.000000,0.000000,-1.000000,-1.000000,,,,,,,,,,,"",,,,,,,,,,"Volumetric",,,,,,,,,,-0.093693,,,,,,,,,,-0.093693,-0.002248,,,,,,,,,,,,
"0BEC5220","Nodes",1119662.250000,1674074.620000,1313.064347,"Default Known Flow Node",69.999969,0.579999,1000.000000,0.000000,"Known Flow",0.000000,0.000000,2.16999993085665e-07,40.000000,0.579999,1000.000000,0.000000,0.000000,13.000000,0.000000,0.515384,0.579999,,,,9.322593,9.322593,,16.800279,,,,,,903.822387,0.066145,0.000000,0.000000,0.000000,,-459.670013,1000.000000,,0.000000,0.000000,,,,0.047285,"SETFLOW",0.000000,0.997555,0.000000,,,,,"","",,,,9.322593,,0.000000,,0.000000,,,0.000000,0.000000,"",,,0.000000,,-1.000000,,0.000000,0.000000,-1.000000,-1.000000,,,,,,,,,,,"",,,,,,,,,,"Volumetric",,,,,,,,,,-0.003275,,,,,,,,,,-0.003276,-0.000078,,,,,,,,,,,,
"0BEC5221","Nodes",1119547.000000,1674140.000000,1313.064347,"Default Known Flow Node",69.999969,0.579999,1000.000000,0.000000,"Known Flow",0.000000,0.000000,2.16999993085665e-07,40.000000,0.579999,1000.000000,0.000000,0.000000,13.000000,0.000000,0.515383,0.579999,,,,9.162301,9.162301,,16.800279,,,,,,903.822387,0.066145,0.000000,0.000000,0.000000,,-459.670013,1000.000000,,0.000000,0.000000,,,,0.047267,"SETFLOW",0.000000,0.997556,0.000000,,,,,"","",,,,9.162301,,0.000000,,0.000000,,,0.000000,0.000000,"",,,0.000000,,-1.000000,,0.000000,0.000000,-1.000000,-1.000000,,,,,,,,,,,"",,,,,,,,,,"Volumetric",,,,,,,,,,-0.017035,,,,,,,,,,-0.017035,-0.000408,,,,,,,,,,,,
"0BEC5EAE","Nodes",1119481.500000,1674399.620000,1313.064347,"Default Known Flow Node",69.999969,0.579999,1000.000000,0.000000,"Known Flow",0.000000,0.000000,2.16999993085665e-07,40.000000,0.579999,1000.000000,0.000000,0.000000,13.000000,0.000000,0.515382,0.579999,,,,8.902486,8.902486,,16.800279,,,,,,903.822387,0.066145,0.000000,0.000000,0.000000,,-459.670013,1000.000000,,0.000000,0.000000,,,,0.047237,"SETFLOW",0.000000,0.997557,0.000000,,,,,"","",,,,8.902486,,0.000000,,0.000000,,,0.000000,0.000000,"",,,0.000000,,-1.000000,,0.000000,0.000000,-1.000000,-1.000000,,,,,,,,,,,"",,,,,,,,,,"Volumetric",,,,,,,,,,-0.014414,,,,,,,,,,-0.014414,-0.000345,,,,,,,,,,,,
"Q3No137","Nodes",1119503.664813,1674405.007902,1313.064347,"Default Known Flow Node",69.999969,0.579999,1000.000000,0.000000,"Known Flow",0.000000,0.000000,2.16999993085665e-07,40.000000,0.579999,1000.000000,0.000000,0.000000,13.000000,0.000000,0.515382,0.579999,,,,8.907085,8.907085,,16.800279,,,,,,903.822387,0.066145,0.000000,0.000000,0.000000,,-459.670013,1000.000000,,0.000000,0.000000,,,,0.047238,"UNDEFINED",0.000000,0.997557,0.000000,,,,,"","",,,,8.907085,,0.000000,,0.000000,,,0.000000,0.000000,"",,,0.000000,,-1.000000,,0.000000,0.000000,0.000000,-1.000000,,,,,,,,,,,"",,,,,,,,,,"Volumetric",,,,,,,,,,0.000000,,,,,,,,,,0.000000,0.000000,,,,,,,,,,,,
"2FB8A210","Nodes",1119518.942590,1674420.285680,1313.064347,"Default Known Flow Node",69.999969,0.579999,1000.000000,0.000000,"Known Flow",0.000000,0.000000,2.16999993085665e-07,40.000000,0.579999,1000.000000,0.000000,0.000000,13.000000,0.000000,0.515382,0.579999,,,,8.911892,8.911892,,16.800279,,,,,,903.822387,0.066145,0.000000,0.000000,0.000000,,-459.670013,1000.000000,,0.000000,0.000000,,,,0.047238,"UNDEFINED",0.000000,0.997557,0.000000,,,,,"","",,,,8.911892,,0.000000,,0.000000,,,0.000000,0.000000,"",,,0.000000,,-1.000000,,0.000000,0.000000,-1.000000,-1.000000,,,,,,,,,,,"",,,,,,,,,,"Volumetric",,,,,,,,,,0.000000,,,,,,,,,,0.000000,0.000000,,,,,,,,,,,,
"0BEC5EB0","Nodes",1119569.444363,1674424.125216,1313.064347,"Default Known Flow Node",69.999969,0.579999,1000.000000,0.000000,"Known Flow",0.000000,0.000000,2.16999993085665e-07,40.000000,0.579999,1000.000000,0.000000,0.000000,13.000000,0.000000,0.515382,0.579999,,,,8.923178,8.923178,,16.800279,,,,,,903.822387,0.066145,0.000000,0.000000,0.000000,,-459.670013,1000.000000,,0.000000,0.000000,,,,0.047239,"UNDEFINED",0.000000,0.997557,0.000000,,,,,"","",,,,8.923178,,0.000000,,0.000000,,,0.000000,0.000000,"",,,0.000000,,-1.000000,,0.000000,0.000000,-1.000000,-1.000000,,,,,,,,,,,"",,,,,,,,,,"Volumetric",,,,,,,,,,0.000000,,,,,,,,,,0.000000,0.000000,,,,,,,,,,,,
"0BEC5EAF","Nodes",1119589.994291,1674426.242025,1313.064347,"Default Known Flow Node",69.999969,0.579999,1000.000000,0.000000,"Known Flow",0.000000,0.000000,2.16999993085665e-07,40.000000,0.579999,1000.000000,0.000000,0.000000,13.000000,0.000000,0.515382,0.579999,,,,8.918455,8.918455,,16.800279,,,,,,903.822387,0.066145,0.000000,0.000000,0.000000,,-459.670013,1000.000000,,0.000000,0.000000,,,,0.047239,"SETFLOW",0.000000,0.997557,0.000000,,,,,"","",,,,8.918455,,0.000000,,0.000000,,,0.000000,0.000000,"",,,0.000000,,-1.000000,,0.000000,0.000000,-1.000000,-1.000000,,,,,,,,,,,"",,,,,,,,,,"Volumetric",,,,,,,,,,-0.008517,,,,,,,,,,-0.008517,-0.000204,,,,,,,,,,,,
"2FB82E89","Nodes",1119589.286453,1674429.338819,1313.064347,"Default Known Flow Node",69.999969,0.579999,1000.000000,0.000000,"Known Flow",0.000000,0.000000,2.16999993085665e-07,40.000000,0.579999,1000.000000,0.000000,0.000000,13.000000,0.000000,0.515382,0.579999,,,,8.919583,8.919583,,16.800279,,,,,,903.822387,0.066145,0.000000,0.000000,0.000000,,-459.670013,1000.000000,,0.000000,0.000000,,,,0.047239,"UNDEFINED",0.000000,0.997557,0.000000,,,,,"","",,,,8.919583,,0.000000,,0.000000,,,0.000000,0.000000,"",,,0.000000,,-1.000000,,0.000000,0.000000,-1.000000,-1.000000,,,,,,,,,,,"",,,,,,,,,,"Volumetric",,,,,,,,,,0.000000,,,,,,,,,,0.000000,0.000000,,,,,,,,,,,,
"Q3No133","Nodes",1119696.816234,1674451.880352,1313.064347,"Default Known Flow Node",69.999969,0.579999,1000.000000,0.000000,"Known Flow",0.000000,0.000000,2.16999993085665e-07,40.000000,0.579999,1000.000000,0.000000,0.000000,13.000000,0.000000,0.515381,0.579999,,,,8.877228,8.877228,,16.800279,,,,,,903.822387,0.066145,0.000000,0.000000,0.000000,,-459.670013,1000.000000,,0.000000,0.000000,,,,0.047234,"UNDEFINED",0.000000,0.997557,0.000000,,,,,"","",,,,8.877228,,0.000000,,0.000000,,,0.000000,0.000000,"",,,0.000000,,-1.000000,,0.000000,0.000000,0.000000,-1.000000,,,,,,,,,,,"",,,,,,,,,,"Volumetric",,,,,,,,,,0.000000,,,,,,,,,,0.000000,0.000000,,,,,,,,,,,,
"2FB826B0","Nodes",1119768.250000,1674469.120000,1313.064347,"Default Known Flow Node",69.999969,0.579999,1000.000000,0.000000,"Known Flow",0.000000,0.000000,2.16999993085665e-07,40.000000,0.579999,1000.000000,0.000000,0.000000,13.000000,0.000000,0.515381,0.579999,,,,8.849867,8.849867,,16.800279,,,,,,903.822387,0.066145,0.000000,0.000000,0.000000,,-459.670013,1000.000000,,0.000000,0.000000,,,,0.047231,"SETFLOW",0.000000,0.997558,0.000000,,,,,"","",,,,8.849867,,0.000000,,0.000000,,,0.000000,0.000000,"",,,0.000000,,-1.000000,,0.000000,0.000000,-1.000000,-1.000000,,,,,,,,,,,"",,,,,,,,,,"Volumetric",,,,,,,,,,-0.014414,,,,,,,,,,-0.014414,-0.000345,,,,,,,,,,,,
"2FB826B1","Nodes",1119817.720569,1674480.992936,1313.064347,"Default Known Flow Node",69.999969,0.579999,1000.000000,0.000000,"Known Flow",0.000000,0.000000,2.16999993085665e-07,40.000000,0.579999,1000.000000,0.000000,0.000000,13.000000,0.000000,0.515381,0.579999,,,,8.827151,8.827151,,16.800279,,,,,,903.822387,0.066145,0.000000,0.000000,0.000000,,-459.670013,1000.000000,,0.000000,0.000000,,,,0.047228,"SETFLOW",0.000000,0.997558,0.000000,,,,,"","",,,,8.827151,,0.000000,,0.000000,,,0.000000,0.000000,"",,,0.000000,,-1.000000,,0.000000,0.000000,-1.000000,-1.000000,,,,,,,,,,,"",,,,,,,,,,"Volumetric",,,,,,,,,,-0.024897,,,,,,,,,,-0.024897,-0.000597,,,,,,,,,,,,
"2FB826AD","Nodes",1120250.120000,1674585.000000,1313.064347,"Default Known Flow Node",69.999969,0.579999,1000.000000,0.000000,"Known Flow",0.000000,0.000000,2.16999993085665e-07,40.000000,0.579999,1000.000000,0.000000,0.000000,13.000000,0.000000,0.515380,0.579999,,,,8.664012,8.664012,,16.800279,,,,,,903.822387,0.066145,0.000000,0.000000,0.000000,,-459.670013,1000.000000,,0.000000,0.000000,,,,0.047210,"SETFLOW",0.000000,0.997559,0.000000,,,,,"","",,,,8.664012,,0.000000,,0.000000,,,0.000000,0.000000,"",,,0.000000,,-1.000000,,0.000000,0.000000,-1.000000,-1.000000,,,,,,,,,,,"",,,,,,,,,,"Volumetric",,,,,,,,,,-0.010646,,,,,,,,,,-0.010646,-0.000255,,,,,,,,,,,,
"0BEC5EDA","Nodes",1120281.424652,1674605.081848,1313.064347,"Default Known Flow Node",69.999969,0.579999,1000.000000,0.000000,"Known Flow",0.000000,0.000000,2.16999993085665e-07,40.000000,0.579999,1000.000000,0.000000,0.000000,13.000000,0.000000,0.515380,0.579999,,,,8.650084,8.650084,,16.800279,,,,,,903.822387,0.066145,0.000000,0.000000,0.000000,,-459.670013,1000.000000,,0.000000,0.000000,,,,0.047208,"SETFLOW",0.000000,0.997559,0.000000,,,,,"","",,,,8.650084,,0.000000,,0.000000,,,0.000000,0.000000,"",,,0.000000,,-1.000000,,0.000000,0.000000,-1.000000,-1.000000,,,,,,,,,,,"",,,,,,,,,,"Volumetric",,,,,,,,,,-0.004094,,,,,,,,,,-0.004094,-0.000098,,,,,,,,,,,,
"0BEC5E54","Nodes",1119260.000000,1674618.500000,1313.064347,"Default Known Flow Node",69.999969,0.579999,1000.000000,0.000000,"Known Flow",0.000000,0.000000,2.16999993085665e-07,40.000000,0.579999,1000.000000,0.000000,0.000000,13.000000,0.000000,0.515380,0.579999,,,,8.695691,8.695691,,16.800279,,,,,,903.822387,0.066145,0.000000,0.000000,0.000000,,-459.670013,1000.000000,,0.000000,0.000000,,,,0.047213,"SETFLOW",0.000000,0.997558,0.000000,,,,,"","",,,,8.695691,,0.000000,,0.000000,,,0.000000,0.000000,"",,,0.000000,,-1.000000,,0.000000,0.000000,-1.000000,-1.000000,,,,,,,,,,,"",,,,,,,,,,"Volumetric",,,,,,,,,,-0.095003,,,,,,,,,,-0.095003,-0.002280,,,,,,,,,,,,
"0BEC5EBC","Nodes",1119382.500000,1674648.120000,1313.064347,"Default Known Flow Node",69.999969,0.579999,1000.000000,0.000000,"Known Flow",0.000000,0.000000,2.16999993085665e-07,40.000000,0.579999,1000.000000,0.000000,0.000000,13.000000,0.000000,0.515381,0.579999,,,,8.706813,8.706813,,16.800279,,,,,,903.822387,0.066145,0.000000,0.000000,0.000000,,-459.670013,1000.000000,,0.000000,0.000000,,,,0.047215,"SETFLOW",0.000000,0.997558,0.000000,,,,,"","",,,,8.706813,,0.000000,,0.000000,,,0.000000,0.000000,"",,,0.000000,,-1.000000,,0.000000,0.000000,-1.000000,-1.000000,,,,,,,,,,,"",,,,,,,,,,"Volumetric",,,,,,,,,,-0.032759,,,,,,,,,,-0.032759,-0.000786,,,,,,,,,,,,
"2FB9B251","Nodes",1119522.120000,1674682.870000,1313.064347,"Default Known Flow Node",69.999969,0.579999,1000.000000,0.000000,"Known Flow",0.000000,0.000000,2.16999993085665e-07,40.000000,0.579999,1000.000000,0.000000,0.000000,13.000000,0.000000,0.515381,0.579999,,,,8.708834,8.708834,,16.800279,,,,,,903.822387,0.066145,0.000000,0.000000,0.000000,,-459.670013,1000.000000,,0.000000,0.000000,,,,0.047215,"SETFLOW",0.000000,0.997558,0.000000,,,,,"","",,,,8.708834,,0.000000,,0.000000,,,0.000000,0.000000,"",,,0.000000,,-1.000000,,0.000000,0.000000,-1.000000,-1.000000,,,,,,,,,,,"",,,,,,,,,,"Volumetric",,,,,,,,,,-0.003275,,,,,,,,,,-0.003276,-0.000078,,,,,,,,,,,,
"29C9360E","Nodes",1119515.750000,1674676.000000,1313.064347,"Default Known Flow Node",69.999969,0.579999,1000.000000,0.000000,"Known Flow",0.000000,0.000000,2.16999993085665e-07,40.000000,0.579999,1000.000000,0.000000,0.000000,13.000000,0.000000,0.515381,0.579999,,,,8.709295,8.709295,,16.800279,,,,,,903.822387,0.066145,0.000000,0.000000,0.000000,,-459.670013,1000.000000,,0.000000,0.000000,,,,0.047215,"UNDEFINED",0.000000,0.997558,0.000000,,,,,"","",,,,8.709295,,0.000000,,0.000000,,,0.000000,0.000000,"",,,0.000000,,-1.000000,,0.000000,0.000000,-1.000000,-1.000000,,,,,,,,,,,"",,,,,,,,,,"Volumetric",,,,,,,,,,0.000000,,,,,,,,,,0.000000,0.000000,,,,,,,,,,,,
"29C93614","Nodes",1119515.250000,1674679.250000,1313.064347,"Default Known Flow Node",69.999969,0.579999,1000.000000,0.000000,"Known Flow",0.000000,0.000000,2.16999993085665e-07,40.000000,0.579999,1000.000000,0.000000,0.000000,13.000000,0.000000,0.515381,0.579999,,,,8.709349,8.709349,,16.800279,,,,,,903.822387,0.066145,0.000000,0.000000,0.000000,,-459.670013,1000.000000,,0.000000,0.000000,,,,0.047215,"UNDEFINED",0.000000,0.997558,0.000000,,,,,"","",,,,8.709349,,0.000000,,0.000000,,,0.000000,0.000000,"",,,0.000000,,-1.000000,,0.000000,0.000000,-1.000000,-1.000000,,,,,,,,,,,"",,,,,,,,,,"Volumetric",,,,,,,,,,0.000000,,,,,,,,,,0.000000,0.000000,,,,,,,,,,,,
"29C9360D","Nodes",1119514.620000,1674681.120000,1313.064347,"Default Known Flow Node",69.999969,0.579999,1000.000000,0.000000,"Known Flow",0.000000,0.000000,2.16999993085665e-07,40.000000,0.579999,1000.000000,0.000000,0.000000,13.000000,0.000000,0.515381,0.579999,,,,8.709431,8.709431,,16.800279,,,,,,903.822387,0.066145,0.000000,0.000000,0.000000,,-459.670013,1000.000000,,0.000000,0.000000,,,,0.047215,"UNDEFINED",0.000000,0.997558,0.000000,,,,,"","",,,,8.709431,,0.000000,,0.000000,,,0.000000,0.000000,"",,,0.000000,,-1.000000,,0.000000,0.000000,-1.000000,-1.000000,,,,,,,,,,,"",,,,,,,,,,"Volumetric",,,,,,,,,,0.000000,,,,,,,,,,0.000000,0.000000,,,,,,,,,,,,
"29C93613","Nodes",1119515.250000,1674678.250000,1313.064347,"Default Known Flow Node",69.999969,0.579999,1000.000000,0.000000,"Known Flow",0.000000,0.000000,2.16999993085665e-07,40.000000,0.579999,1000.000000,0.000000,0.000000,13.000000,0.000000,0.515381,0.579999,,,,8.709349,8.709349,,16.800279,,,,,,903.822387,0.066145,0.000000,0.000000,0.000000,,-459.670013,1000.000000,,0.000000,0.000000,,,,0.047215,"UNDEFINED",0.000000,0.997558,0.000000,,,,,"","",,,,8.709349,,0.000000,,0.000000,,,0.000000,0.000000,"",,,0.000000,,-1.000000,,0.000000,0.000000,-1.000000,-1.000000,,,,,,,,,,,"",,,,,,,,,,"Volumetric",,,,,,,,,,0.000000,,,,,,,,,,0.000000,0.000000,,,,,,,,,,,,
"29C9360C","Nodes",1119510.500000,1674680.120000,1313.064347,"Default Known Flow Node",69.999969,0.579999,1000.000000,0.000000,"Known Flow",0.000000,0.000000,2.16999993085665e-07,40.000000,0.579999,1000.000000,0.000000,0.000000,13.000000,0.000000,0.515381,0.579999,,,,8.709354,8.709354,,16.800279,,,,,,903.822387,0.066145,0.000000,0.000000,0.000000,,-459.670013,1000.000000,,0.000000,0.000000,,,,0.047215,"SETFLOW",0.000000,0.997558,0.000000,,,,,"","",,,,8.709354,,0.000000,,0.000000,,,0.000000,0.000000,"",,,0.000000,,-1.000000,,0.000000,0.000000,-1.000000,-1.000000,,,,,,,,,,,"",,,,,,,,,,"Volumetric",,,,,,,,,,-0.003275,,,,,,,,,,-0.003276,-0.000078,,,,,,,,,,,,
"29C9360F","Nodes",1119512.370000,1674680.620000,1313.064347,"Default Known Flow Node",69.999969,0.579999,1000.000000,0.000000,"Known Flow",0.000000,0.000000,2.16999993085665e-07,40.000000,0.579999,1000.000000,0.000000,0.000000,13.000000,0.000000,0.515381,0.579999,,,,8.709392,8.709392,,16.800279,,,,,,903.822387,0.066145,0.000000,0.000000,0.000000,,-459.670013,1000.000000,,0.000000,0.000000,,,,0.047215,"UNDEFINED",0.000000,0.997558,0.000000,,,,,"","",,,,8.709392,,0.000000,,0.000000,,,0.000000,0.000000,"",,,0.000000,,-1.000000,,0.000000,0.000000,-1.000000,-1.000000,,,,,,,,,,,"",,,,,,,,,,"Volumetric",,,,,,,,,,0.000000,,,,,,,,,,0.000000,0.000000,,,,,,,,,,,,
"29C93610","Nodes",1119512.370000,1674681.620000,1313.064347,"Default Known Flow Node",69.999969,0.579999,1000.000000,0.000000,"Known Flow",0.000000,0.000000,2.16999993085665e-07,40.000000,0.579999,1000.000000,0.000000,0.000000,13.000000,0.000000,0.515381,0.579999,,,,8.709392,8.709392,,16.800279,,,,,,903.822387,0.066145,0.000000,0.000000,0.000000,,-459.670013,1000.000000,,0.000000,0.000000,,,,0.047215,"UNDEFINED",0.000000,0.997558,0.000000,,,,,"","",,,,8.709392,,0.000000,,0.000000,,,0.000000,0.000000,"",,,0.000000,,-1.000000,,0.000000,0.000000,-1.000000,-1.000000,,,,,,,,,,,"",,,,,,,,,,"Volumetric",,,,,,,,,,0.000000,,,,,,,,,,0.000000,0.000000,,,,,,,,,,,,
"29C93611","Nodes",1119516.500000,1674681.620000,1313.064347,"Default Known Flow Node",69.999969,0.579999,1000.000000,0.000000,"Known Flow",0.000000,0.000000,2.16999993085665e-07,40.000000,0.579999,1000.000000,0.000000,0.000000,13.000000,0.000000,0.515381,0.579999,,,,8.709583,8.709583,,16.800279,,,,,,903.822387,0.066145,0.000000,0.000000,0.000000,,-459.670013,1000.000000,,0.000000,0.000000,,,,0.047215,"UNDEFINED",0.000000,0.997558,0.000000,,,,,"","",,,,8.709583,,0.000000,,0.000000,,,0.000000,0.000000,"",,,0.000000,,-1.000000,,0.000000,0.000000,-1.000000,-1.000000,,,,,,,,,,,"",,,,,,,,,,"Volumetric",,,,,,,,,,0.000000,,,,,,,,,,0.000000,0.000000,,,,,,,,,,,,
"29C93612","Nodes",1119516.500000,1674682.620000,1313.064347,"Default Known Flow Node",69.999969,0.579999,1000.000000,0.000000,"Known Flow",0.000000,0.000000,2.16999993085665e-07,40.000000,0.579999,1000.000000,0.000000,0.000000,13.000000,0.000000,0.515381,0.579999,,,,8.709583,8.709583,,16.800279,,,,,,903.822387,0.066145,0.000000,0.000000,0.000000,,-459.670013,1000.000000,,0.000000,0.000000,,,,0.047215,"UNDEFINED",0.000000,0.997558,0.000000,,,,,"","",,,,8.709583,,0.000000,,0.000000,,,0.000000,0.000000,"",,,0.000000,,-1.000000,,0.000000,0.000000,-1.000000,-1.000000,,,,,,,,,,,"",,,,,,,,,,"Volumetric",,,,,,,,,,0.000000,,,,,,,,,,0.000000,0.000000,,,,,,,,,,,,
"0BEC5EBB","Nodes",1119520.120000,1674682.500000,1313.064347,"Default Known Flow Node",69.999969,0.579999,1000.000000,0.000000,"Known Flow",0.000000,0.000000,2.16999993085665e-07,40.000000,0.579999,1000.000000,0.000000,0.000000,13.000000,0.000000,0.515381,0.579999,,,,8.709886,8.709886,,16.800279,,,,,,903.822387,0.066145,0.000000,0.000000,0.000000,,-459.670013,1000.000000,,0.000000,0.000000,,,,0.047215,"UNDEFINED",0.000000,0.997558,0.000000,,,,,"","",,,,8.709886,,0.000000,,0.000000,,,0.000000,0.000000,"",,,0.000000,,-1.000000,,0.000000,0.000000,-1.000000,-1.000000,,,,,,,,,,,"",,,,,,,,,,"Volumetric",,,,,,,,,,0.000000,,,,,,,,,,0.000000,0.000000,,,,,,,,,,,,
"2FB82E88","Nodes",1119580.517665,1674430.248368,1313.064347,"Default Known Flow Node",69.999969,0.579999,1000.000000,0.000000,"Known Flow",0.000000,0.000000,2.16999993085665e-07,40.000000,0.579999,1000.000000,0.000000,0.000000,13.000000,0.000000,0.515382,0.579999,,,,8.930686,8.930686,,16.800279,,,,,,903.822387,0.066145,0.000000,0.000000,0.000000,,-459.670013,1000.000000,,0.000000,0.000000,,,,0.047240,"UNDEFINED",0.000000,0.997557,0.000000,,,,,"","",,,,8.930686,,0.000000,,0.000000,,,0.000000,0.000000,"",,,0.000000,,-1.000000,,0.000000,0.000000,-1.000000,-1.000000,,,,,,,,,,,"",,,,,,,,,,"Volumetric",,,,,,,,,,0.000000,,,,,,,,,,0.000000,0.000000,,,,,,,,,,,,
"Q3No140","Nodes",1119572.201455,1674490.210486,1313.064347,"Default Known Flow Node",69.999969,0.579999,1000.000000,0.000000,"Known Flow",0.000000,0.000000,2.16999993085665e-07,40.000000,0.579999,1000.000000,0.000000,0.000000,13.000000,0.000000,0.515381,0.579999,,,,8.878044,8.878044,,16.800279,,,,,,903.822387,0.066145,0.000000,0.000000,0.000000,,-459.670013,1000.000000,,0.000000,0.000000,,,,0.047234,"UNDEFINED",0.000000,0.997557,0.000000,,,,,"","",,,,8.878044,,0.000000,,0.000000,,,0.000000,0.000000,"",,,0.000000,,-1.000000,,0.000000,0.000000,0.000000,-1.000000,,,,,,,,,,,"",,,,,,,,,,"Volumetric",,,,,,,,,,0.000000,,,,,,,,,,0.000000,0.000000,,,,,,,,,,,,
"2FB82E54","Nodes",1119519.750000,1674684.500000,1313.064347,"Default Known Flow Node",69.999969,0.579999,1000.000000,0.000000,"Known Flow",0.000000,0.000000,2.16999993085665e-07,40.000000,0.579999,1000.000000,0.000000,0.000000,13.000000,0.000000,0.515381,0.579999,,,,8.709206,8.709206,,16.800279,,,,,,903.822387,0.066145,0.000000,0.000000,0.000000,,-459.670013,1000.000000,,0.000000,0.000000,,,,0.047215,"SETFLOW",0.000000,0.997558,0.000000,,,,,"","",,,,8.709206,,0.000000,,0.000000,,,0.000000,0.000000,"",,,0.000000,,-1.000000,,0.000000,0.000000,-1.000000,-1.000000,,,,,,,,,,,"",,,,,,,,,,"Volumetric",,,,,,,,,,-0.003275,,,,,,,,,,-0.003276,-0.000078,,,,,,,,,,,,
"29C93615","Nodes",1119631.250000,1674708.750000,1313.064347,"Default Known Flow Node",69.999969,0.579999,1000.000000,0.000000,"Known Flow",0.000000,0.000000,2.16999993085665e-07,40.000000,0.579999,1000.000000,0.000000,0.000000,13.000000,0.000000,0.515380,0.579999,,,,8.687561,8.687561,,16.800279,,,,,,903.822387,0.066145,0.000000,0.000000,0.000000,,-459.670013,1000.000000,,0.000000,0.000000,,,,0.047213,"SETFLOW",0.000000,0.997559,0.000000,,,,,"","",,,,8.687561,,0.000000,,0.000000,,,0.000000,0.000000,"",,,0.000000,,-1.000000,,0.000000,0.000000,-1.000000,-1.000000,,,,,,,,,,,"",,,,,,,,,,"Volumetric",,,,,,,,,,-0.003275,,,,,,,,,,-0.003276,-0.000078,,,,,,,,,,,,
"0BEC5EBE","Nodes",1119643.250000,1674711.370000,1313.064347,"Default Known Flow Node",69.999969,0.579999,1000.000000,0.000000,"Known Flow",0.000000,0.000000,2.16999993085665e-07,40.000000,0.579999,1000.000000,0.000000,0.000000,13.000000,0.000000,0.515380,0.579999,,,,8.673652,8.673652,,16.800279,,,,,,903.822387,0.066145,0.000000,0.000000,0.000000,,-459.670013,1000.000000,,0.000000,0.000000,,,,0.047211,"SETFLOW",0.000000,0.997559,0.000000,,,,,"","",,,,8.673652,,0.000000,,0.000000,,,0.000000,0.000000,"",,,0.000000,,-1.000000,,0.000000,0.000000,-1.000000,-1.000000,,,,,,,,,,,"",,,,,,,,,,"Volumetric",,,,,,,,,,-0.032759,,,,,,,,,,-0.032759,-0.000786,,,,,,,,,,,,
"0BEC5EDF","Nodes",1120280.000000,1674862.620000,1313.064347,"Default Known Flow Node",69.999969,0.579999,1000.000000,0.000000,"Known Flow",0.000000,0.000000,2.16999993085665e-07,40.000000,0.579999,1000.000000,0.000000,0.000000,13.000000,0.000000,0.515380,0.579999,,,,8.555575,8.555575,,16.800279,,,,,,903.822387,0.066145,0.000000,0.000000,0.000000,,-459.670013,1000.000000,,0.000000,0.000000,,,,0.047198,"SETFLOW",0.000000,0.997559,0.000000,,,,,"","",,,,8.555575,,0.000000,,0.000000,,,0.000000,0.000000,"",,,0.000000,,-1.000000,,0.000000,0.000000,-1.000000,-1.000000,,,,,,,,,,,"",,,,,,,,,,"Volumetric",,,,,,,,,,-0.012167,,,,,,,,,,-0.012167,-0.000292,,,,,,,,,,,,
"0BEC5ECC","Nodes",1119290.370000,1674902.370000,1313.064347,"Default Known Flow Node",69.999969,0.579999,1000.000000,0.000000,"Known Flow",0.000000,0.000000,2.16999993085665e-07,40.000000,0.579999,1000.000000,0.000000,0.000000,13.000000,0.000000,0.515380,0.579999,,,,8.522797,8.522797,,16.800279,,,,,,903.822387,0.066146,0.000000,0.000000,0.000000,,-459.670013,1000.000000,,0.000000,0.000000,,,,0.047194,"SETFLOW",0.000000,0.997559,0.000000,,,,,"","",,,,8.522797,,0.000000,,0.000000,,,0.000000,0.000000,"",,,0.000000,,-1.000000,,0.000000,0.000000,-1.000000,-1.000000,,,,,,,,,,,"",,,,,,,,,,"Volumetric",,,,,,,,,,-0.009827,,,,,,,,,,-0.009827,-0.000235,,,,,,,,,,,,
"0BEC5ECD","Nodes",1119391.620000,1674928.000000,1313.064347,"Default Known Flow Node",69.999969,0.579999,1000.000000,0.000000,"Known Flow",0.000000,0.000000,2.16999993085665e-07,40.000000,0.579999,1000.000000,0.000000,0.000000,13.000000,0.000000,0.515379,0.579999,,,,8.518200,8.518200,,16.800279,,,,,,903.822387,0.066146,0.000000,0.000000,0.000000,,-459.670013,1000.000000,,0.000000,0.000000,,,,0.047193,"SETFLOW",0.000000,0.997559,0.000000,,,,,"","",,,,8.518200,,0.000000,,0.000000,,,0.000000,0.000000,"",,,0.000000,,-1.000000,,0.000000,0.000000,-1.000000,-1.000000,,,,,,,,,,,"",,,,,,,,,,"Volumetric",,,,,,,,,,-0.014414,,,,,,,,,,-0.014414,-0.000345,,,,,,,,,,,,
"2FB82E8B","Nodes",1119464.250000,1674929.750000,1313.064347,"Default Known Flow Node",69.999969,0.579999,1000.000000,0.000000,"Known Flow",0.000000,0.000000,2.16999993085665e-07,40.000000,0.579999,1000.000000,0.000000,0.000000,13.000000,0.000000,0.515379,0.579999,,,,8.515971,8.515971,,16.800279,,,,,,903.822387,0.066146,0.000000,0.000000,0.000000,,-459.670013,1000.000000,,0.000000,0.000000,,,,0.047193,"SETFLOW",0.000000,0.997560,0.000000,,,,,"","",,,,8.515971,,0.000000,,0.000000,,,0.000000,0.000000,"",,,0.000000,,-1.000000,,0.000000,0.000000,-1.000000,-1.000000,,,,,,,,,,,"",,,,,,,,,,"Volumetric",,,,,,,,,,-0.003275,,,,,,,,,,-0.003276,-0.000078,,,,,,,,,,,,
"2FB82E8D","Nodes",1119468.120000,1674934.250000,1313.064347,"Default Known Flow Node",69.999969,0.579999,1000.000000,0.000000,"Known Flow",0.000000,0.000000,2.16999993085665e-07,40.000000,0.579999,1000.000000,0.000000,0.000000,13.000000,0.000000,0.515379,0.579999,,,,8.515444,8.515444,,16.800279,,,,,,903.822387,0.066146,0.000000,0.000000,0.000000,,-459.670013,1000.000000,,0.000000,0.000000,,,,0.047193,"UNDEFINED",0.000000,0.997560,0.000000,,,,,"","",,,,8.515444,,0.000000,,0.000000,,,0.000000,0.000000,"",,,0.000000,,-1.000000,,0.000000,0.000000,-1.000000,-1.000000,,,,,,,,,,,"",,,,,,,,,,"Volumetric",,,,,,,,,,0.000000,,,,,,,,,,0.000000,0.000000,,,,,,,,,,,,
"0BEC5ECE","Nodes",1119424.750000,1674935.620000,1313.064347,"Default Known Flow Node",69.999969,0.579999,1000.000000,0.000000,"Known Flow",0.000000,0.000000,2.16999993085665e-07,40.000000,0.579999,1000.000000,0.000000,0.000000,13.000000,0.000000,0.515379,0.579999,,,,8.516870,8.516870,,16.800279,,,,,,903.822387,0.066146,0.000000,0.000000,0.000000,,-459.670013,1000.000000,,0.000000,0.000000,,,,0.047193,"SETFLOW",0.000000,0.997559,0.000000,,,,,"","",,,,8.516870,,0.000000,,0.000000,,,0.000000,0.000000,"",,,0.000000,,-1.000000,,0.000000,0.000000,-1.000000,-1.000000,,,,,,,,,,,"",,,,,,,,,,"Volumetric",,,,,,,,,,-0.003275,,,,,,,,,,-0.003276,-0.000078,,,,,,,,,,,,
"0BEC5ECF","Nodes",1119434.620000,1674938.000000,1313.064347,"Default Known Flow Node",69.999969,0.579999,1000.000000,0.000000,"Known Flow",0.000000,0.000000,2.16999993085665e-07,40.000000,0.579999,1000.000000,0.000000,0.000000,13.000000,0.000000,0.515379,0.579999,,,,8.516285,8.516285,,16.800279,,,,,,903.822387,0.066146,0.000000,0.000000,0.000000,,-459.670013,1000.000000,,0.000000,0.000000,,,,0.047193,"UNDEFINED",0.000000,0.997560,0.000000,,,,,"","",,,,8.516285,,0.000000,,0.000000,,,0.000000,0.000000,"",,,0.000000,,-1.000000,,0.000000,0.000000,-1.000000,-1.000000,,,,,,,,,,,"",,,,,,,,,,"Volumetric",,,,,,,,,,0.000000,,,,,,,,,,0.000000,0.000000,,,,,,,,,,,,
"2FB24F3A","Nodes",1119466.500000,1674939.000000,1313.064347,"Default Known Flow Node",69.999969,0.579999,1000.000000,0.000000,"Known Flow",0.000000,0.000000,2.16999993085665e-07,40.000000,0.579999,1000.000000,0.000000,0.000000,13.000000,0.000000,0.515379,0.579999,,,,8.515119,8.515119,,16.800279,,,,,,903.822387,0.066146,0.000000,0.000000,0.000000,,-459.670013,1000.000000,,0.000000,0.000000,,,,0.047193,"SETFLOW",0.000000,0.997560,0.000000,,,,,"","",,,,8.515119,,0.000000,,0.000000,,,0.000000,0.000000,"",,,0.000000,,-1.000000,,0.000000,0.000000,-1.000000,-1.000000,,,,,,,,,,,"",,,,,,,,,,"Volumetric",,,,,,,,,,-0.039967,,,,,,,,,,-0.039967,-0.000959,,,,,,,,,,,,
"2FB82E8C","Nodes",1119467.000000,1674939.120000,1313.064347,"Default Known Flow Node",69.999969,0.579999,1000.000000,0.000000,"Known Flow",0.000000,0.000000,2.16999993085665e-07,40.000000,0.579999,1000.000000,0.000000,0.000000,13.000000,0.000000,0.515379,0.579999,,,,8.515114,8.515114,,16.800279,,,,,,903.822387,0.066146,0.000000,0.000000,0.000000,,-459.670013,1000.000000,,0.000000,0.000000,,,,0.047193,"SETFLOW",0.000000,0.997560,0.000000,,,,,"","",,,,8.515114,,0.000000,,0.000000,,,0.000000,0.000000,"",,,0.000000,,-1.000000,,0.000000,0.000000,-1.000000,-1.000000,,,,,,,,,,,"",,,,,,,,,,"Volumetric",,,,,,,,,,-0.039967,,,,,,,,,,-0.039967,-0.000959,,,,,,,,,,,,
"2FB82E8E","Nodes",1119468.120000,1674935.250000,1313.064347,"Default Known Flow Node",69.999969,0.579999,1000.000000,0.000000,"Known Flow",0.000000,0.000000,2.16999993085665e-07,40.000000,0.579999,1000.000000,0.000000,0.000000,13.000000,0.000000,0.515379,0.579999,,,,8.515444,8.515444,,16.800279,,,,,,903.822387,0.066146,0.000000,0.000000,0.000000,,-459.670013,1000.000000,,0.000000,0.000000,,,,0.047193,"UNDEFINED",0.000000,0.997560,0.000000,,,,,"","",,,,8.515444,,0.000000,,0.000000,,,0.000000,0.000000,"",,,0.000000,,-1.000000,,0.000000,0.000000,-1.000000,-1.000000,,,,,,,,,,,"",,,,,,,,,,"Volumetric",,,,,,,,,,0.000000,,,,,,,,,,0.000000,0.000000,,,,,,,,,,,,
"0BEC5EC1","Nodes",1119464.750000,1674945.870000,1313.064347,"Default Known Flow Node",69.999969,0.579999,1000.000000,0.000000,"Known Flow",0.000000,0.000000,2.16999993085665e-07,40.000000,0.579999,1000.000000,0.000000,0.000000,13.000000,0.000000,0.515379,0.579999,,,,8.515148,8.515148,,16.800279,,,,,,903.822387,0.066146,0.000000,0.000000,0.000000,,-459.670013,1000.000000,,0.000000,0.000000,,,,0.047193,"UNDEFINED",0.000000,0.997560,0.000000,,,,,"","",,,,8.515148,,0.000000,,0.000000,,,0.000000,0.000000,"",,,0.000000,,-1.000000,,0.000000,0.000000,-1.000000,-1.000000,,,,,,,,,,,"",,,,,,,,,,"Volumetric",,,,,,,,,,0.000000,,,,,,,,,,0.000000,0.000000,,,,,,,,,,,,
"2FB82E55","Nodes",1119424.250000,1675107.000000,1313.064347,"Default Known Flow Node",69.999969,0.579999,1000.000000,0.000000,"Known Flow",0.000000,0.000000,2.16999993085665e-07,40.000000,0.579999,1000.000000,0.000000,0.000000,13.000000,0.000000,0.515379,0.579999,,,,8.379700,8.379700,,16.800279,,,,,,903.822387,0.066146,0.000000,0.000000,0.000000,,-459.670013,1000.000000,,0.000000,0.000000,,,,0.047178,"SETFLOW",0.000000,0.997560,0.000000,,,,,"","",,,,8.379700,,0.000000,,0.000000,,,0.000000,0.000000,"",,,0.000000,,-1.000000,,0.000000,0.000000,-1.000000,-1.000000,,,,,,,,,,,"",,,,,,,,,,"Volumetric",,,,,,,,,,-0.003275,,,,,,,,,,-0.003276,-0.000078,,,,,,,,,,,,
"0BEC5EE0","Nodes",1120280.000000,1675141.000000,1313.064347,"Default Known Flow Node",69.999969,0.579999,1000.000000,0.000000,"Known Flow",0.000000,0.000000,2.16999993085665e-07,40.000000,0.579999,1000.000000,0.000000,0.000000,13.000000,0.000000,0.515379,0.579999,,,,8.431843,8.431843,,16.800279,,,,,,903.822387,0.066146,0.000000,0.000000,0.000000,,-459.670013,1000.000000,,0.000000,0.000000,,,,0.047184,"UNDEFINED",0.000000,0.997560,0.000000,,,,,"","",,,,8.431843,,0.000000,,0.000000,,,0.000000,0.000000,"",,,0.000000,,-1.000000,,0.000000,0.000000,-1.000000,-1.000000,,,,,,,,,,,"",,,,,,,,,,"Volumetric",,,,,,,,,,0.000000,,,,,,,,,,0.000000,0.000000,,,,,,,,,,,,
"2FB281C7","Nodes",1119405.370000,1675208.250000,1313.064347,"Default Known Flow Node",69.999969,0.579999,1000.000000,0.000000,"Known Flow",0.000000,0.000000,2.16999993085665e-07,40.000000,0.579999,1000.000000,0.000000,0.000000,13.000000,0.000000,0.515378,0.579999,,,,8.296524,8.296524,,16.800279,,,,,,903.822387,0.066146,0.000000,0.000000,0.000000,,-459.670013,1000.000000,,0.000000,0.000000,,,,0.047168,"UNDEFINED",0.000000,0.997561,0.000000,,,,,"","",,,,8.296524,,0.000000,,0.000000,,,0.000000,0.000000,"",,,0.000000,,-1.000000,,0.000000,0.000000,-1.000000,-1.000000,,,,,,,,,,,"",,,,,,,,,,"Volumetric",,,,,,,,,,0.000000,,,,,,,,,,0.000000,0.000000,,,,,,,,,,,,
"2FB281C8","Nodes",1119405.370000,1675209.250000,1313.064347,"Default Known Flow Node",69.999969,0.579999,1000.000000,0.000000,"Known Flow",0.000000,0.000000,2.16999993085665e-07,40.000000,0.579999,1000.000000,0.000000,0.000000,13.000000,0.000000,0.515378,0.579999,,,,8.296524,8.296524,,16.800279,,,,,,903.822387,0.066146,0.000000,0.000000,0.000000,,-459.670013,1000.000000,,0.000000,0.000000,,,,0.047168,"UNDEFINED",0.000000,0.997561,0.000000,,,,,"","",,,,8.296524,,0.000000,,0.000000,,,0.000000,0.000000,"",,,0.000000,,-1.000000,,0.000000,0.000000,-1.000000,-1.000000,,,,,,,,,,,"",,,,,,,,,,"Volumetric",,,,,,,,,,0.000000,,,,,,,,,,0.000000,0.000000,,,,,,,,,,,,
"2FB281ED","Nodes",1119408.000000,1675208.870000,1313.064347,"Default Known Flow Node",69.999969,0.579999,1000.000000,0.000000,"Known Flow",0.000000,0.000000,2.16999993085665e-07,40.000000,0.579999,1000.000000,0.000000,0.000000,13.000000,0.000000,0.515378,0.579999,,,,8.296523,8.296523,,16.800279,,,,,,903.822387,0.066146,0.000000,0.000000,0.000000,,-459.670013,1000.000000,,0.000000,0.000000,,,,0.047168,"UNDEFINED",0.000000,0.997561,0.000000,,,,,"","",,,,8.296523,,0.000000,,0.000000,,,0.000000,0.000000,"",,,0.000000,,-1.000000,,0.000000,0.000000,-1.000000,-1.000000,,,,,,,,,,,"",,,,,,,,,,"Volumetric",,,,,,,,,,0.000000,,,,,,,,,,0.000000,0.000000,,,,,,,,,,,,
"0BEC5EC2","Nodes",1119414.500000,1675212.250000,1313.064347,"Default Known Flow Node",69.999969,0.579999,1000.000000,0.000000,"Known Flow",0.000000,0.000000,2.16999993085665e-07,40.000000,0.579999,1000.000000,0.000000,0.000000,13.000000,0.000000,0.515378,0.579999,,,,8.296552,8.296552,,16.800279,,,,,,903.822387,0.066146,0.000000,0.000000,0.000000,,-459.670013,1000.000000,,0.000000,0.000000,,,,0.047168,"UNDEFINED",0.000000,0.997561,0.000000,,,,,"","",,,,8.296552,,0.000000,,0.000000,,,0.000000,0.000000,"",,,0.000000,,-1.000000,,0.000000,0.000000,-1.000000,-1.000000,,,,,,,,,,,"",,,,,,,,,,"Volumetric",,,,,,,,,,0.000000,,,,,,,,,,0.000000,0.000000,,,,,,,,,,,,
"2FB82E8F","Nodes",1119406.620000,1675214.500000,1313.064347,"Default Known Flow Node",69.999969,0.579999,1000.000000,0.000000,"Known Flow",0.000000,0.000000,2.16999993085665e-07,40.000000,0.579999,1000.000000,0.000000,0.000000,13.000000,0.000000,0.515378,0.579999,,,,8.296495,8.296495,,16.800279,,,,,,903.822387,0.066146,0.000000,0.000000,0.000000,,-459.670013,1000.000000,,0.000000,0.000000,,,,0.047168,"UNDEFINED",0.000000,0.997561,0.000000,,,,,"","",,,,8.296495,,0.000000,,0.000000,,,0.000000,0.000000,"",,,0.000000,,-1.000000,,0.000000,0.000000,-1.000000,-1.000000,,,,,,,,,,,"",,,,,,,,,,"Volumetric",,,,,,,,,,0.000000,,,,,,,,,,0.000000,0.000000,,,,,,,,,,,,
"2FB281E8","Nodes",1119399.120000,1675217.370000,1313.064347,"Default Known Flow Node",69.999969,0.579999,1000.000000,0.000000,"Known Flow",0.000000,0.000000,2.16999993085665e-07,40.000000,0.579999,1000.000000,0.000000,0.000000,13.000000,0.000000,0.515378,0.579999,,,,8.296450,8.296450,,16.800279,,,,,,903.822387,0.066146,0.000000,0.000000,0.000000,,-459.670013,1000.000000,,0.000000,0.000000,,,,0.047168,"UNDEFINED",0.000000,0.997561,0.000000,,,,,"","",,,,8.296450,,0.000000,,0.000000,,,0.000000,0.000000,"",,,0.000000,,-1.000000,,0.000000,0.000000,-1.000000,-1.000000,,,,,,,,,,,"",,,,,,,,,,"Volumetric",,,,,,,,,,0.000000,,,,,,,,,,0.000000,0.000000,,,,,,,,,,,,
"2FB82E90","Nodes",1119406.620000,1675215.500000,1313.064347,"Default Known Flow Node",69.999969,0.579999,1000.000000,0.000000,"Known Flow",0.000000,0.000000,2.16999993085665e-07,40.000000,0.579999,1000.000000,0.000000,0.000000,13.000000,0.000000,0.515378,0.579999,,,,8.296495,8.296495,,16.800279,,,,,,903.822387,0.066146,0.000000,0.000000,0.000000,,-459.670013,1000.000000,,0.000000,0.000000,,,,0.047168,"UNDEFINED",0.000000,0.997561,0.000000,,,,,"","",,,,8.296495,,0.000000,,0.000000,,,0.000000,0.000000,"",,,0.000000,,-1.000000,,0.000000,0.000000,-1.000000,-1.000000,,,,,,,,,,,"",,,,,,,,,,"Volumetric",,,,,,,,,,0.000000,,,,,,,,,,0.000000,0.000000,,,,,,,,,,,,
"0BEC5ED3","Nodes",1119441.500000,1675219.000000,1313.064347,"Default Known Flow Node",69.999969,0.579999,1000.000000,0.000000,"Known Flow",0.000000,0.000000,2.16999993085665e-07,40.000000,0.579999,1000.000000,0.000000,0.000000,13.000000,0.000000,0.515378,0.579999,,,,8.296989,8.296989,,16.800279,,,,,,903.822387,0.066146,0.000000,0.000000,0.000000,,-459.670013,1000.000000,,0.000000,0.000000,,,,0.047168,"UNDEFINED",0.000000,0.997561,0.000000,,,,,"","",,,,8.296989,,0.000000,,0.000000,,,0.000000,0.000000,"",,,0.000000,,-1.000000,,0.000000,0.000000,-1.000000,-1.000000,,,,,,,,,,,"",,,,,,,,,,"Volumetric",,,,,,,,,,0.000000,,,,,,,,,,0.000000,0.000000,,,,,,,,,,,,
"0BEC5ED4","Nodes",1119447.000000,1675220.250000,1313.064347,"Default Known Flow Node",69.999969,0.579999,1000.000000,0.000000,"Known Flow",0.000000,0.000000,2.16999993085665e-07,40.000000,0.579999,1000.000000,0.000000,0.000000,13.000000,0.000000,0.515378,0.579999,,,,8.297127,8.297127,,16.800279,,,,,,903.822387,0.066146,0.000000,0.000000,0.000000,,-459.670013,1000.000000,,0.000000,0.000000,,,,0.047168,"SETFLOW",0.000000,0.997561,0.000000,,,,,"","",,,,8.297127,,0.000000,,0.000000,,,0.000000,0.000000,"",,,0.000000,,-1.000000,,0.000000,0.000000,-1.000000,-1.000000,,,,,,,,,,,"",,,,,,,,,,"Volumetric",,,,,,,,,,-0.052415,,,,,,,,,,-0.052415,-0.001257,,,,,,,,,,,,
"0BEC5EE1","Nodes",1120280.000000,1675415.620000,1313.064347,"Default Known Flow Node",69.999969,0.579999,1000.000000,0.000000,"Known Flow",0.000000,0.000000,2.16999993085665e-07,40.000000,0.579999,1000.000000,0.000000,0.000000,13.000000,0.000000,0.515378,0.579999,,,,8.301214,8.301214,,16.800279,,,,,,903.822387,0.066146,0.000000,0.000000,0.000000,,-459.670013,1000.000000,,0.000000,0.000000,,,,0.047169,"SETFLOW",0.000000,0.997561,0.000000,,,,,"","",,,,8.301214,,0.000000,,0.000000,,,0.000000,0.000000,"",,,0.000000,,-1.000000,,0.000000,0.000000,-1.000000,-1.000000,,,,,,,,,,,"",,,,,,,,,,"Volumetric",,,,,,,,,,-0.004679,,,,,,,,,,-0.004679,-0.000112,,,,,,,,,,,,
"2FB82E86","Nodes",1119352.000000,1675471.370000,1313.064347,"Default Known Flow Node",69.999969,0.579999,1000.000000,0.000000,"Known Flow",0.000000,0.000000,2.16999993085665e-07,40.000000,0.579999,1000.000000,0.000000,0.000000,13.000000,0.000000,0.515377,0.579999,,,,8.093070,8.093070,,16.800279,,,,,,903.822387,0.066146,0.000000,0.000000,0.000000,,-459.670013,1000.000000,,0.000000,0.000000,,,,0.047145,"UNDEFINED",0.000000,0.997562,0.000000,,,,,"","",,,,8.093070,,0.000000,,0.000000,,,0.000000,0.000000,"",,,0.000000,,-1.000000,,0.000000,0.000000,-1.000000,-1.000000,,,,,,,,,,,"",,,,,,,,,,"Volumetric",,,,,,,,,,0.000000,,,,,,,,,,0.000000,0.000000,,,,,,,,,,,,
"2FB82E82","Nodes",1119353.000000,1675465.870000,1313.064347,"Default Known Flow Node",69.999969,0.579999,1000.000000,0.000000,"Known Flow",0.000000,0.000000,2.16999993085665e-07,40.000000,0.579999,1000.000000,0.000000,0.000000,13.000000,0.000000,0.515377,0.579999,,,,8.093046,8.093046,,16.800279,,,,,,903.822387,0.066146,0.000000,0.000000,0.000000,,-459.670013,1000.000000,,0.000000,0.000000,,,,0.047145,"UNDEFINED",0.000000,0.997562,0.000000,,,,,"","",,,,8.093046,,0.000000,,0.000000,,,0.000000,0.000000,"",,,0.000000,,-1.000000,,0.000000,0.000000,-1.000000,-1.000000,,,,,,,,,,,"",,,,,,,,,,"Volumetric",,,,,,,,,,0.000000,,,,,,,,,,0.000000,0.000000,,,,,,,,,,,,
"2FB82E85","Nodes",1119352.000000,1675470.370000,1313.064347,"Default Known Flow Node",69.999969,0.579999,1000.000000,0.000000,"Known Flow",0.000000,0.000000,2.16999993085665e-07,40.000000,0.579999,1000.000000,0.000000,0.000000,13.000000,0.000000,0.515377,0.579999,,,,8.093070,8.093070,,16.800279,,,,,,903.822387,0.066146,0.000000,0.000000,0.000000,,-459.670013,1000.000000,,0.000000,0.000000,,,,0.047145,"UNDEFINED",0.000000,0.997562,0.000000,,,,,"","",,,,8.093070,,0.000000,,0.000000,,,0.000000,0.000000,"",,,0.000000,,-1.000000,,0.000000,0.000000,-1.000000,-1.000000,,,,,,,,,,,"",,,,,,,,,,"Volumetric",,,,,,,,,,0.000000,,,,,,,,,,0.000000,0.000000,,,,,,,,,,,,
"2FB82E84","Nodes",1119340.620000,1675472.000000,1313.064347,"Default Known Flow Node",69.999969,0.579999,1000.000000,0.000000,"Known Flow",0.000000,0.000000,2.16999993085665e-07,40.000000,0.579999,1000.000000,0.000000,0.000000,13.000000,0.000000,0.515377,0.579999,,,,8.093045,8.093045,,16.800279,,,,,,903.822387,0.066146,0.000000,0.000000,0.000000,,-459.670013,1000.000000,,0.000000,0.000000,,,,0.047145,"SETFLOW",0.000000,0.997562,0.000000,,,,,"","",,,,8.093045,,0.000000,,0.000000,,,0.000000,0.000000,"",,,0.000000,,-1.000000,,0.000000,0.000000,-1.000000,-1.000000,,,,,,,,,,,"",,,,,,,,,,"Volumetric",,,,,,,,,,-0.010810,,,,,,,,,,-0.010810,-0.000259,,,,,,,,,,,,
"0BEC5ECA","Nodes",1119387.120000,1675474.870000,1313.064347,"Default Known Flow Node",69.999969,0.579999,1000.000000,0.000000,"Known Flow",0.000000,0.000000,2.16999993085665e-07,40.000000,0.579999,1000.000000,0.000000,0.000000,13.000000,0.000000,0.515377,0.579999,,,,8.091164,8.091164,,16.800279,,,,,,903.822387,0.066146,0.000000,0.000000,0.000000,,-459.670013,1000.000000,,0.000000,0.000000,,,,0.047145,"UNDEFINED",0.000000,0.997562,0.000000,,,,,"","",,,,8.091164,,0.000000,,0.000000,,,0.000000,0.000000,"",,,0.000000,,-1.000000,,0.000000,0.000000,-1.000000,-1.000000,,,,,,,,,,,"",,,,,,,,,,"Volumetric",,,,,,,,,,0.000000,,,,,,,,,,0.000000,0.000000,,,,,,,,,,,,
"0BEC5ECB","Nodes",1119392.870000,1675476.250000,1313.064347,"Default Known Flow Node",69.999969,0.579999,1000.000000,0.000000,"Known Flow",0.000000,0.000000,2.16999993085665e-07,40.000000,0.579999,1000.000000,0.000000,0.000000,13.000000,0.000000,0.515377,0.579999,,,,8.090832,8.090832,,16.800279,,,,,,903.822387,0.066146,0.000000,0.000000,0.000000,,-459.670013,1000.000000,,0.000000,0.000000,,,,0.047145,"SETFLOW",0.000000,0.997562,0.000000,,,,,"","",,,,8.090832,,0.000000,,0.000000,,,0.000000,0.000000,"",,,0.000000,,-1.000000,,0.000000,0.000000,-1.000000,-1.000000,,,,,,,,,,,"",,,,,,,,,,"Volumetric",,,,,,,,,,-0.010810,,,,,,,,,,-0.010810,-0.000259,,,,,,,,,,,,
"2FB24F2F","Nodes",1119329.750000,1675518.620000,1313.064347,"Default Known Flow Node",69.999969,0.579999,1000.000000,0.000000,"Known Flow",0.000000,0.000000,2.16999993085665e-07,40.000000,0.579999,1000.000000,0.000000,0.000000,13.000000,0.000000,0.515377,0.579999,,,,8.057359,8.057359,,16.800279,,,,,,903.822387,0.066146,0.000000,0.000000,0.000000,,-459.670013,1000.000000,,0.000000,0.000000,,,,0.047141,"SETFLOW",0.000000,0.997562,0.000000,,,,,"","",,,,8.057359,,0.000000,,0.000000,,,0.000000,0.000000,"",,,0.000000,,-1.000000,,0.000000,0.000000,-1.000000,-1.000000,,,,,,,,,,,"",,,,,,,,,,"Volumetric",,,,,,,,,,-0.041768,,,,,,,,,,-0.041768,-0.001002,,,,,,,,,,,,
"0BEC5EDE","Nodes",1119574.870000,1675519.870000,1313.064347,"Default Known Flow Node",69.999969,0.579999,1000.000000,0.000000,"Known Flow",0.000000,0.000000,2.16999993085665e-07,40.000000,0.579999,1000.000000,0.000000,0.000000,13.000000,0.000000,0.515377,0.579999,,,,8.080842,8.080842,,16.800279,,,,,,903.822387,0.066146,0.000000,0.000000,0.000000,,-459.670013,1000.000000,,0.000000,0.000000,,,,0.047144,"SETFLOW",0.000000,0.997562,0.000000,,,,,"","",,,,8.080842,,0.000000,,0.000000,,,0.000000,0.000000,"",,,0.000000,,-1.000000,,0.000000,0.000000,-1.000000,-1.000000,,,,,,,,,,,"",,,,,,,,,,"Volumetric",,,,,,,,,,-0.003275,,,,,,,,,,-0.003276,-0.000078,,,,,,,,,,,,
"0BEC5F01","Nodes",1119677.870000,1675544.120000,1313.064347,"Default Known Flow Node",69.999969,0.579999,1000.000000,0.000000,"Known Flow",0.000000,0.000000,2.16999993085665e-07,40.000000,0.579999,1000.000000,0.000000,0.000000,13.000000,0.000000,0.515377,0.579999,,,,8.075398,8.075398,,16.800279,,,,,,903.822387,0.066146,0.000000,0.000000,0.000000,,-459.670013,1000.000000,,0.000000,0.000000,,,,0.047143,"SETFLOW",0.000000,0.997562,0.000000,,,,,"","",,,,8.075398,,0.000000,,0.000000,,,0.000000,0.000000,"",,,0.000000,,-1.000000,,0.000000,0.000000,-1.000000,-1.000000,,,,,,,,,,,"",,,,,,,,,,"Volumetric",,,,,,,,,,-0.008517,,,,,,,,,,-0.008517,-0.000204,,,,,,,,,,,,
"0BEC5F03","Nodes",1120259.750000,1675618.620000,1313.064347,"Default Known Flow Node",69.999969,0.579999,1000.000000,0.000000,"Known Flow",0.000000,0.000000,2.16999993085665e-07,40.000000,0.579999,1000.000000,0.000000,0.000000,13.000000,0.000000,0.515377,0.579999,,,,8.141682,8.141682,,16.800279,,,,,,903.822387,0.066146,0.000000,0.000000,0.000000,,-459.670013,1000.000000,,0.000000,0.000000,,,,0.047151,"UNDEFINED",0.000000,0.997562,0.000000,,,,,"","",,,,8.141682,,0.000000,,0.000000,,,0.000000,0.000000,"",,,0.000000,,-1.000000,,0.000000,0.000000,-1.000000,-1.000000,,,,,,,,,,,"",,,,,,,,,,"Volumetric",,,,,,,,,,0.000000,,,,,,,,,,0.000000,0.000000,,,,,,,,,,,,
"0BEC5F12","Nodes",1120280.000000,1675532.870000,1313.064347,"Default Known Flow Node",69.999969,0.579999,1000.000000,0.000000,"Known Flow",0.000000,0.000000,2.16999993085665e-07,40.000000,0.579999,1000.000000,0.000000,0.000000,13.000000,0.000000,0.515378,0.579999,,,,8.207345,8.207345,,16.800279,,,,,,903.822387,0.066146,0.000000,0.000000,0.000000,,-459.670013,1000.000000,,0.000000,0.000000,,,,0.047158,"UNDEFINED",0.000000,0.997561,0.000000,,,,,"","",,,,8.207345,,0.000000,,0.000000,,,0.000000,0.000000,"",,,0.000000,,-1.000000,,0.000000,0.000000,-1.000000,-1.000000,,,,,,,,,,,"",,,,,,,,,,"Volumetric",,,,,,,,,,0.000000,,,,,,,,,,0.000000,0.000000,,,,,,,,,,,,
"0BEC5F00","Nodes",1119723.250000,1675555.000000,1313.064347,"Default Known Flow Node",69.999969,0.579999,1000.000000,0.000000,"Known Flow",0.000000,0.000000,2.16999993085665e-07,40.000000,0.579999,1000.000000,0.000000,0.000000,13.000000,0.000000,0.515377,0.579999,,,,8.072983,8.072983,,16.800279,,,,,,903.822387,0.066146,0.000000,0.000000,0.000000,,-459.670013,1000.000000,,0.000000,0.000000,,,,0.047143,"UNDEFINED",0.000000,0.997562,0.000000,,,,,"","",,,,8.072983,,0.000000,,0.000000,,,0.000000,0.000000,"",,,0.000000,,-1.000000,,0.000000,0.000000,-1.000000,-1.000000,,,,,,,,,,,"",,,,,,,,,,"Volumetric",,,,,,,,,,0.000000,,,,,,,,,,0.000000,0.000000,,,,,,,,,,,,
"0BEC5EFF","Nodes",1119804.500000,1675576.120000,1313.064347,"Default Known Flow Node",69.999969,0.579999,1000.000000,0.000000,"Known Flow",0.000000,0.000000,2.16999993085665e-07,40.000000,0.579999,1000.000000,0.000000,0.000000,13.000000,0.000000,0.515377,0.579999,,,,8.068669,8.068669,,16.800279,,,,,,903.822387,0.066146,0.000000,0.000000,0.000000,,-459.670013,1000.000000,,0.000000,0.000000,,,,0.047142,"SETFLOW",0.000000,0.997562,0.000000,,,,,"","",,,,8.068669,,0.000000,,0.000000,,,0.000000,0.000000,"",,,0.000000,,-1.000000,,0.000000,0.000000,-1.000000,-1.000000,,,,,,,,,,,"",,,,,,,,,,"Volumetric",,,,,,,,,,-0.003275,,,,,,,,,,-0.003276,-0.000078,,,,,,,,,,,,
"0BEC5EFE","Nodes",1119992.000000,1675622.620000,1313.064347,"Default Known Flow Node",69.999969,0.579999,1000.000000,0.000000,"Known Flow",0.000000,0.000000,2.16999993085665e-07,40.000000,0.579999,1000.000000,0.000000,0.000000,13.000000,0.000000,0.515377,0.579999,,,,8.058864,8.058864,,16.800279,,,,,,903.822387,0.066146,0.000000,0.000000,0.000000,,-459.670013,1000.000000,,0.000000,0.000000,,,,0.047141,"SETFLOW",0.000000,0.997562,0.000000,,,,,"","",,,,8.058864,,0.000000,,0.000000,,,0.000000,0.000000,"",,,0.000000,,-1.000000,,0.000000,0.000000,-1.000000,-1.000000,,,,,,,,,,,"",,,,,,,,,,"Volumetric",,,,,,,,,,-0.005990,,,,,,,,,,-0.005990,-0.000143,,,,,,,,,,,,
"0BEC5F02","Nodes",1120256.000000,1675634.620000,1313.064347,"Default Known Flow Node",69.999969,0.579999,1000.000000,0.000000,"Known Flow",0.000000,0.000000,2.16999993085665e-07,40.000000,0.579999,1000.000000,0.000000,0.000000,13.000000,0.000000,0.515377,0.579999,,,,8.124522,8.124522,,16.800279,,,,,,903.822387,0.066146,0.000000,0.000000,0.000000,,-459.670013,1000.000000,,0.000000,0.000000,,,,0.047149,"UNDEFINED",0.000000,0.997562,0.000000,,,,,"","",,,,8.124522,,0.000000,,0.000000,,,0.000000,0.000000,"",,,0.000000,,-1.000000,,0.000000,0.000000,-1.000000,-1.000000,,,,,,,,,,,"",,,,,,,,,,"Volumetric",,,,,,,,,,0.000000,,,,,,,,,,0.000000,0.000000,,,,,,,,,,,,
"2FB826B8","Nodes",1120151.750000,1675662.250000,1313.064347,"Default Known Flow Node",69.999969,0.579999,1000.000000,0.000000,"Known Flow",0.000000,0.000000,2.16999993085665e-07,40.000000,0.579999,1000.000000,0.000000,0.000000,13.000000,0.000000,0.515377,0.579999,,,,8.047781,8.047781,,16.800279,,,,,,903.822387,0.066146,0.000000,0.000000,0.000000,,-459.670013,1000.000000,,0.000000,0.000000,,,,0.047140,"SETFLOW",0.000000,0.997562,0.000000,,,,,"","",,,,8.047781,,0.000000,,0.000000,,,0.000000,0.000000,"",,,0.000000,,-1.000000,,0.000000,0.000000,-1.000000,-1.000000,,,,,,,,,,,"",,,,,,,,,,"Volumetric",,,,,,,,,,-0.007487,,,,,,,,,,-0.007487,-0.000179,,,,,,,,,,,,
"0BEC5EFD","Nodes",1120245.120000,1675680.620000,1313.064347,"Default Known Flow Node",69.999969,0.579999,1000.000000,0.000000,"Known Flow",0.000000,0.000000,2.16999993085665e-07,40.000000,0.579999,1000.000000,0.000000,0.000000,13.000000,0.000000,0.515377,0.579999,,,,8.075182,8.075182,,16.800279,,,,,,903.822387,0.066146,0.000000,0.000000,0.000000,,-459.670013,1000.000000,,0.000000,0.000000,,,,0.047143,"UNDEFINED",0.000000,0.997562,0.000000,,,,,"","",,,,8.075182,,0.000000,,0.000000,,,0.000000,0.000000,"",,,0.000000,,-1.000000,,0.000000,0.000000,-1.000000,-1.000000,,,,,,,,,,,"",,,,,,,,,,"Volumetric",,,,,,,,,,0.000000,,,,,,,,,,0.000000,0.000000,,,,,,,,,,,,
"2FB826B7","Nodes",1120231.750000,1675682.000000,1313.064347,"Default Known Flow Node",69.999969,0.579999,1000.000000,0.000000,"Known Flow",0.000000,0.000000,2.16999993085665e-07,40.000000,0.579999,1000.000000,0.000000,0.000000,13.000000,0.000000,0.515377,0.579999,,,,8.042020,8.042020,,16.800279,,,,,,903.822387,0.066146,0.000000,0.000000,0.000000,,-459.670013,1000.000000,,0.000000,0.000000,,,,0.047139,"UNDEFINED",0.000000,0.997562,0.000000,,,,,"","",,,,8.042020,,0.000000,,0.000000,,,0.000000,0.000000,"",,,0.000000,,-1.000000,,0.000000,0.000000,-1.000000,-1.000000,,,,,,,,,,,"",,,,,,,,,,"Volumetric",,,,,,,,,,0.000000,,,,,,,,,,0.000000,0.000000,,,,,,,,,,,,
"0BEC5EFC","Nodes",1120244.000000,1675685.120000,1313.064347,"Default Known Flow Node",69.999969,0.579999,1000.000000,0.000000,"Known Flow",0.000000,0.000000,2.16999993085665e-07,40.000000,0.579999,1000.000000,0.000000,0.000000,13.000000,0.000000,0.515377,0.579999,,,,8.041169,8.041169,,16.800279,,,,,,903.822387,0.066146,0.000000,0.000000,0.000000,,-459.670013,1000.000000,,0.000000,0.000000,,,,0.047139,"UNDEFINED",0.000000,0.997562,0.000000,,,,,"","",,,,8.041169,,0.000000,,0.000000,,,0.000000,0.000000,"",,,0.000000,,-1.000000,,0.000000,0.000000,-1.000000,-1.000000,,,,,,,,,,,"",,,,,,,,,,"Volumetric",,,,,,,,,,0.000000,,,,,,,,,,0.000000,0.000000,,,,,,,,,,,,
"0BEC5EFB","Nodes",1120243.120000,1675689.000000,1313.064347,"Default Known Flow Node",69.999969,0.579999,1000.000000,0.000000,"Known Flow",0.000000,0.000000,2.16999993085665e-07,40.000000,0.579999,1000.000000,0.000000,0.000000,13.000000,0.000000,0.515377,0.579999,,,,8.031525,8.031525,,16.800279,,,,,,903.822387,0.066146,0.000000,0.000000,0.000000,,-459.670013,1000.000000,,0.000000,0.000000,,,,0.047138,"UNDEFINED",0.000000,0.997562,0.000000,,,,,"","",,,,8.031525,,0.000000,,0.000000,,,0.000000,0.000000,"",,,0.000000,,-1.000000,,0.000000,0.000000,-1.000000,-1.000000,,,,,,,,,,,"",,,,,,,,,,"Volumetric",,,,,,,,,,0.000000,,,,,,,,,,0.000000,0.000000,,,,,,,,,,,,
"0BEC5EFA","Nodes",1120247.500000,1675685.870000,1313.064347,"Default Known Flow Node",69.999969,0.579999,1000.000000,0.000000,"Known Flow",0.000000,0.000000,2.16999993085665e-07,40.000000,0.579999,1000.000000,0.000000,0.000000,13.000000,0.000000,0.515377,0.579999,,,,8.035476,8.035476,,16.800279,,,,,,903.822387,0.066146,0.000000,0.000000,0.000000,,-459.670013,1000.000000,,0.000000,0.000000,,,,0.047138,"UNDEFINED",0.000000,0.997562,0.000000,,,,,"","",,,,8.035476,,0.000000,,0.000000,,,0.000000,0.000000,"",,,0.000000,,-1.000000,,0.000000,0.000000,-1.000000,-1.000000,,,,,,,,,,,"",,,,,,,,,,"Volumetric",,,,,,,,,,0.000000,,,,,,,,,,0.000000,0.000000,,,,,,,,,,,,
"2FB826B6","Nodes",1120230.500000,1675743.500000,1313.064347,"Default Known Flow Node",69.999969,0.579999,1000.000000,0.000000,"Known Flow",0.000000,0.000000,2.16999993085665e-07,40.000000,0.579999,1000.000000,0.000000,0.000000,13.000000,0.000000,0.515376,0.579999,,,,7.896478,7.896478,,16.800279,,,,,,903.822387,0.066146,0.000000,0.000000,0.000000,,-459.670013,1000.000000,,0.000000,0.000000,,,,0.047123,"SETFLOW",0.000000,0.997563,0.000000,,,,,"","",,,,7.896478,,0.000000,,0.000000,,,0.000000,0.000000,"",,,0.000000,,-1.000000,,0.000000,0.000000,-1.000000,-1.000000,,,,,,,,,,,"",,,,,,,,,,"Volumetric",,,,,,,,,,-0.981862,,,,,,,,,,-0.981862,-0.023564,,,,,,,,,,,,
"2FB25655","Nodes",1119283.000000,1675713.750000,1313.064347,"Default Known Flow Node",69.999969,0.579999,1000.000000,0.000000,"Known Flow",0.000000,0.000000,2.16999993085665e-07,40.000000,0.579999,1000.000000,0.000000,0.000000,13.000000,0.000000,0.515376,0.579999,,,,7.906428,7.906428,,16.800279,,,,,,903.822387,0.066146,0.000000,0.000000,0.000000,,-459.670013,1000.000000,,0.000000,0.000000,,,,0.047124,"SETFLOW",0.000000,0.997563,0.000000,,,,,"","",,,,7.906428,,0.000000,,0.000000,,,0.000000,0.000000,"",,,0.000000,,-1.000000,,0.000000,0.000000,-1.000000,-1.000000,,,,,,,,,,,"",,,,,,,,,,"Volumetric",,,,,,,,,,-0.061916,,,,,,,,,,-0.061916,-0.001485,,,,,,,,,,,,
"2FB24F45","Nodes",1119280.370000,1675726.500000,1313.064347,"Default Known Flow Node",69.999969,0.579999,1000.000000,0.000000,"Known Flow",0.000000,0.000000,2.16999993085665e-07,40.000000,0.579999,1000.000000,0.000000,0.000000,13.000000,0.000000,0.515376,0.579999,,,,7.895829,7.895829,,16.800279,,,,,,903.822387,0.066146,0.000000,0.000000,0.000000,,-459.670013,1000.000000,,0.000000,0.000000,,,,0.047123,"UNDEFINED",0.000000,0.997563,0.000000,,,,,"","",,,,7.895829,,0.000000,,0.000000,,,0.000000,0.000000,"",,,0.000000,,-1.000000,,0.000000,0.000000,-1.000000,-1.000000,,,,,,,,,,,"",,,,,,,,,,"Volumetric",,,,,,,,,,0.000000,,,,,,,,,,0.000000,0.000000,,,,,,,,,,,,
"2FB1B65A","Nodes",1120230.120000,1675952.250000,1313.064347,"Default Known Flow Node",69.999969,0.579999,1000.000000,0.000000,"Known Flow",0.000000,0.000000,2.16999993085665e-07,40.000000,0.579999,1000.000000,0.000000,0.000000,13.000000,0.000000,0.515376,0.579999,,,,7.849853,7.849853,,16.800279,,,,,,903.822387,0.066146,0.000000,0.000000,0.000000,,-459.670013,1000.000000,,0.000000,0.000000,,,,0.047117,"UNDEFINED",0.000000,0.997563,0.000000,,,,,"","",,,,7.849853,,0.000000,,0.000000,,,0.000000,0.000000,"",,,0.000000,,-1.000000,,0.000000,0.000000,-1.000000,-1.000000,,,,,,,,,,,"",,,,,,,,,,"Volumetric",,,,,,,,,,0.000000,,,,,,,,,,0.000000,0.000000,,,,,,,,,,,,
"0BEC5EF3","Nodes",1120184.620000,1675941.000000,1313.064347,"Default Known Flow Node",69.999969,0.579999,1000.000000,0.000000,"Known Flow",0.000000,0.000000,2.16999993085665e-07,40.000000,0.579999,1000.000000,0.000000,0.000000,13.000000,0.000000,0.515376,0.579999,,,,7.852090,7.852090,,16.800279,,,,,,903.822387,0.066146,0.000000,0.000000,0.000000,,-459.670013,1000.000000,,0.000000,0.000000,,,,0.047118,"SETFLOW",0.000000,0.997563,0.000000,,,,,"","",,,,7.852090,,0.000000,,0.000000,,,0.000000,0.000000,"",,,0.000000,,-1.000000,,0.000000,0.000000,-1.000000,-1.000000,,,,,,,,,,,"",,,,,,,,,,"Volumetric",,,,,,,,,,-0.005615,,,,,,,,,,-0.005615,-0.000134,,,,,,,,,,,,
"2FB1B65B","Nodes",1120232.250000,1675952.750000,1313.064347,"Default Known Flow Node",69.999969,0.579999,1000.000000,0.000000,"Known Flow",0.000000,0.000000,2.16999993085665e-07,40.000000,0.579999,1000.000000,0.000000,0.000000,13.000000,0.000000,0.515376,0.579999,,,,7.849758,7.849758,,16.800279,,,,,,903.822387,0.066146,0.000000,0.000000,0.000000,,-459.670013,1000.000000,,0.000000,0.000000,,,,0.047117,"UNDEFINED",0.000000,0.997563,0.000000,,,,,"","",,,,7.849758,,0.000000,,0.000000,,,0.000000,0.000000,"",,,0.000000,,-1.000000,,0.000000,0.000000,-1.000000,-1.000000,,,,,,,,,,,"",,,,,,,,,,"Volumetric",,,,,,,,,,0.000000,,,,,,,,,,0.000000,0.000000,,,,,,,,,,,,
"0BEC5F10","Nodes",1120280.000000,1675964.500000,1313.064347,"Default Known Flow Node",69.999969,0.579999,1000.000000,0.000000,"Known Flow",0.000000,0.000000,2.16999993085665e-07,40.000000,0.579999,1000.000000,0.000000,0.000000,13.000000,0.000000,0.515376,0.579999,,,,7.847426,7.847426,,16.800279,,,,,,903.822387,0.066146,0.000000,0.000000,0.000000,,-459.670013,1000.000000,,0.000000,0.000000,,,,0.047117,"SETFLOW",0.000000,0.997563,0.000000,,,,,"","",,,,7.847426,,0.000000,,0.000000,,,0.000000,0.000000,"",,,0.000000,,-1.000000,,0.000000,0.000000,-1.000000,-1.000000,,,,,,,,,,,"",,,,,,,,,,"Volumetric",,,,,,,,,,-0.003509,,,,,,,,,,-0.003509,-0.000084,,,,,,,,,,,,
"2FB82E81","Nodes",1119405.870000,1676020.500000,1313.064347,"Default Known Flow Node",69.999969,0.579999,1000.000000,0.000000,"Known Flow",0.000000,0.000000,2.16999993085665e-07,40.000000,0.579999,1000.000000,0.000000,0.000000,13.000000,0.000000,0.515375,0.579999,,,,7.686801,7.686801,,16.800279,,,,,,903.822387,0.066146,0.000000,0.000000,0.000000,,-459.670013,1000.000000,,0.000000,0.000000,,,,0.047099,"SETFLOW",0.000000,0.997564,0.000000,,,,,"","",,,,7.686801,,0.000000,,0.000000,,,0.000000,0.000000,"",,,0.000000,,-1.000000,,0.000000,0.000000,-1.000000,-1.000000,,,,,,,,,,,"",,,,,,,,,,"Volumetric",,,,,,,,,,-0.044827,,,,,,,,,,-0.044827,-0.001075,,,,,,,,,,,,
"0BEC5EF5","Nodes",1119712.870000,1676095.750000,1313.064347,"Default Known Flow Node",69.999969,0.579999,1000.000000,0.000000,"Known Flow",0.000000,0.000000,2.16999993085665e-07,40.000000,0.579999,1000.000000,0.000000,0.000000,13.000000,0.000000,0.515375,0.579999,,,,7.664098,7.664098,,16.800279,,,,,,903.822387,0.066146,0.000000,0.000000,0.000000,,-459.670013,1000.000000,,0.000000,0.000000,,,,0.047096,"SETFLOW",0.000000,0.997564,0.000000,,,,,"","",,,,7.664098,,0.000000,,0.000000,,,0.000000,0.000000,"",,,0.000000,,-1.000000,,0.000000,0.000000,-1.000000,-1.000000,,,,,,,,,,,"",,,,,,,,,,"Volumetric",,,,,,,,,,-0.008562,,,,,,,,,,-0.008562,-0.000205,,,,,,,,,,,,
"0BEC5EF4","Nodes",1119949.370000,1676153.620000,1313.064347,"Default Known Flow Node",69.999969,0.579999,1000.000000,0.000000,"Known Flow",0.000000,0.000000,2.16999993085665e-07,40.000000,0.579999,1000.000000,0.000000,0.000000,13.000000,0.000000,0.515375,0.579999,,,,7.646982,7.646982,,16.800279,,,,,,903.822387,0.066146,0.000000,0.000000,0.000000,,-459.670013,1000.000000,,0.000000,0.000000,,,,0.047094,"SETFLOW",0.000000,0.997565,0.000000,,,,,"","",,,,7.646982,,0.000000,,0.000000,,,0.000000,0.000000,"",,,0.000000,,-1.000000,,0.000000,0.000000,-1.000000,-1.000000,,,,,,,,,,,"",,,,,,,,,,"Volumetric",,,,,,,,,,-0.007300,,,,,,,,,,-0.007300,-0.000175,,,,,,,,,,,,
"0BEC5EF1","Nodes",1120121.500000,1676195.750000,1313.064347,"Default Known Flow Node",69.999969,0.579999,1000.000000,0.000000,"Known Flow",0.000000,0.000000,2.16999993085665e-07,40.000000,0.579999,1000.000000,0.000000,0.000000,13.000000,0.000000,0.515375,0.579999,,,,7.634821,7.634821,,16.800279,,,,,,903.822387,0.066146,0.000000,0.000000,0.000000,,-459.670013,1000.000000,,0.000000,0.000000,,,,0.047093,"UNDEFINED",0.000000,0.997565,0.000000,,,,,"","",,,,7.634821,,0.000000,,0.000000,,,0.000000,0.000000,"",,,0.000000,,-1.000000,,0.000000,0.000000,-1.000000,-1.000000,,,,,,,,,,,"",,,,,,,,,,"Volumetric",,,,,,,,,,0.000000,,,,,,,,,,0.000000,0.000000,,,,,,,,,,,,
"0BEC5EF0","Nodes",1120124.620000,1676196.500000,1313.064347,"Default Known Flow Node",69.999969,0.579999,1000.000000,0.000000,"Known Flow",0.000000,0.000000,2.16999993085665e-07,40.000000,0.579999,1000.000000,0.000000,0.000000,13.000000,0.000000,0.515375,0.579999,,,,7.634791,7.634791,,16.800279,,,,,,903.822387,0.066146,0.000000,0.000000,0.000000,,-459.670013,1000.000000,,0.000000,0.000000,,,,0.047093,"UNDEFINED",0.000000,0.997565,0.000000,,,,,"","",,,,7.634791,,0.000000,,0.000000,,,0.000000,0.000000,"",,,0.000000,,-1.000000,,0.000000,0.000000,-1.000000,-1.000000,,,,,,,,,,,"",,,,,,,,,,"Volumetric",,,,,,,,,,0.000000,,,,,,,,,,0.000000,0.000000,,,,,,,,,,,,
"0BEC5EF2","Nodes",1120126.000000,1676190.000000,1313.064347,"Default Known Flow Node",69.999969,0.579999,1000.000000,0.000000,"Known Flow",0.000000,0.000000,2.16999993085665e-07,40.000000,0.579999,1000.000000,0.000000,0.000000,13.000000,0.000000,0.515375,0.579999,,,,7.636272,7.636272,,16.800279,,,,,,903.822387,0.066146,0.000000,0.000000,0.000000,,-459.670013,1000.000000,,0.000000,0.000000,,,,0.047093,"SETFLOW",0.000000,0.997565,0.000000,,,,,"","",,,,7.636272,,0.000000,,0.000000,,,0.000000,0.000000,"",,,0.000000,,-1.000000,,0.000000,0.000000,-1.000000,-1.000000,,,,,,,,,,,"",,,,,,,,,,"Volumetric",,,,,,,,,,-0.002807,,,,,,,,,,-0.002807,-0.000067,,,,,,,,,,,,
"0BEC5EEE","Nodes",1120126.870000,1676197.120000,1313.064347,"Default Known Flow Node",69.999969,0.579999,1000.000000,0.000000,"Known Flow",0.000000,0.000000,2.16999993085665e-07,40.000000,0.579999,1000.000000,0.000000,0.000000,13.000000,0.000000,0.515375,0.579999,,,,7.634184,7.634184,,16.800279,,,,,,903.822387,0.066146,0.000000,0.000000,0.000000,,-459.670013,1000.000000,,0.000000,0.000000,,,,0.047093,"UNDEFINED",0.000000,0.997565,0.000000,,,,,"","",,,,7.634184,,0.000000,,0.000000,,,0.000000,0.000000,"",,,0.000000,,-1.000000,,0.000000,0.000000,-1.000000,-1.000000,,,,,,,,,,,"",,,,,,,,,,"Volumetric",,,,,,,,,,0.000000,,,,,,,,,,0.000000,0.000000,,,,,,,,,,,,
"0BEC5EED","Nodes",1120068.902841,1676453.485197,1313.064347,"Default Known Flow Node",69.999969,0.579999,1000.000000,0.000000,"Known Flow",0.000000,0.000000,2.16999993085665e-07,40.000000,0.579999,1000.000000,0.000000,0.000000,13.000000,0.000000,0.515374,0.579999,,,,7.493331,7.493331,,16.800279,,,,,,903.822387,0.066146,0.000000,0.000000,0.000000,,-459.670013,1000.000000,,0.000000,0.000000,,,,0.047077,"UNDEFINED",0.000000,0.997565,0.000000,,,,,"","",,,,7.493331,,0.000000,,0.000000,,,0.000000,0.000000,"",,,0.000000,,-1.000000,,0.000000,0.000000,-1.000000,-1.000000,,,,,,,,,,,"",,,,,,,,,,"Volumetric",,,,,,,,,,0.000000,,,,,,,,,,0.000000,0.000000,,,,,,,,,,,,
"2FBE8A40","Nodes",1120070.162756,1676447.946192,1313.064347,"Default Known Flow Node",69.999969,0.579999,1000.000000,0.000000,"Known Flow",0.000000,0.000000,2.16999993085665e-07,40.000000,0.579999,1000.000000,0.000000,0.000000,13.000000,0.000000,0.515374,0.579999,,,,7.499785,7.499785,,16.800279,,,,,,903.822387,0.066146,0.000000,0.000000,0.000000,,-459.670013,1000.000000,,0.000000,0.000000,,,,0.047078,"UNDEFINED",0.000000,0.997565,0.000000,,,,,"","",,,,7.499785,,0.000000,,0.000000,,,0.000000,0.000000,"",,,0.000000,,-1.000000,,0.000000,0.000000,0.000000,-1.000000,,,,,,,,,,,"",,,,,,,,,,"Volumetric",,,,,,,,,,0.000000,,,,,,,,,,0.000000,0.000000,,,,,,,,,,,,
"0BEC5EEF","Nodes",1120131.500000,1676198.250000,1313.064347,"Default Known Flow Node",69.999969,0.579999,1000.000000,0.000000,"Known Flow",0.000000,0.000000,2.16999993085665e-07,40.000000,0.579999,1000.000000,0.000000,0.000000,13.000000,0.000000,0.515375,0.579999,,,,7.634423,7.634423,,16.800279,,,,,,903.822387,0.066146,0.000000,0.000000,0.000000,,-459.670013,1000.000000,,0.000000,0.000000,,,,0.047093,"UNDEFINED",0.000000,0.997565,0.000000,,,,,"","",,,,7.634423,,0.000000,,0.000000,,,0.000000,0.000000,"",,,0.000000,,-1.000000,,0.000000,0.000000,-1.000000,-1.000000,,,,,,,,,,,"",,,,,,,,,,"Volumetric",,,,,,,,,,0.000000,,,,,,,,,,0.000000,0.000000,,,,,,,,,,,,
"0BEC5F0F","Nodes",1120280.000000,1676234.620000,1313.064347,"Default Known Flow Node",69.999969,0.579999,1000.000000,0.000000,"Known Flow",0.000000,0.000000,2.16999993085665e-07,40.000000,0.579999,1000.000000,0.000000,0.000000,13.000000,0.000000,0.515375,0.579999,,,,7.668304,7.668304,,16.800279,,,,,,903.822387,0.066146,0.000000,0.000000,0.000000,,-459.670013,1000.000000,,0.000000,0.000000,,,,0.047097,"SETFLOW",0.000000,0.997564,0.000000,,,,,"","",,,,7.668304,,0.000000,,0.000000,,,0.000000,0.000000,"",,,0.000000,,-1.000000,,0.000000,0.000000,-1.000000,-1.000000,,,,,,,,,,,"",,,,,,,,,,"Volumetric",,,,,,,,,,-0.003509,,,,,,,,,,-0.003509,-0.000084,,,,,,,,,,,,
"0BEC5EEB","Nodes",1119657.120000,1676352.870000,1313.064347,"Default Known Flow Node",69.999969,0.579999,1000.000000,0.000000,"Known Flow",0.000000,0.000000,2.16999993085665e-07,40.000000,0.579999,1000.000000,0.000000,0.000000,13.000000,0.000000,0.515374,0.579999,,,,7.482065,7.482065,,16.800279,,,,,,903.822387,0.066146,0.000000,0.000000,0.000000,,-459.670013,1000.000000,,0.000000,0.000000,,,,0.047076,"SETFLOW",0.000000,0.997566,0.000000,,,,,"","",,,,7.482065,,0.000000,,0.000000,,,0.000000,0.000000,"",,,0.000000,,-1.000000,,0.000000,0.000000,-1.000000,-1.000000,,,,,,,,,,,"",,,,,,,,,,"Volumetric",,,,,,,,,,-0.008562,,,,,,,,,,-0.008562,-0.000205,,,,,,,,,,,,
"0BEC5EEA","Nodes",1120049.342337,1676449.081134,1313.064347,"Default Known Flow Node",69.999969,0.579999,1000.000000,0.000000,"Known Flow",0.000000,0.000000,2.16999993085665e-07,40.000000,0.579999,1000.000000,0.000000,0.000000,13.000000,0.000000,0.515374,0.579999,,,,7.492822,7.492822,,16.800279,,,,,,903.822387,0.066146,0.000000,0.000000,0.000000,,-459.670013,1000.000000,,0.000000,0.000000,,,,0.047077,"SETFLOW",0.000000,0.997565,0.000000,,,,,"","",,,,7.492822,,0.000000,,0.000000,,,0.000000,0.000000,"",,,0.000000,,-1.000000,,0.000000,0.000000,-1.000000,-1.000000,,,,,,,,,,,"",,,,,,,,,,"Volumetric",,,,,,,,,,-0.004492,,,,,,,,,,-0.004492,-0.000107,,,,,,,,,,,,
"Q3No147","Nodes",1120037.230647,1676442.090040,1313.064347,"Default Known Flow Node",69.999969,0.579999,1000.000000,0.000000,"Known Flow",0.000000,0.000000,2.16999993085665e-07,40.000000,0.579999,1000.000000,0.000000,0.000000,13.000000,0.000000,0.515374,0.579999,,,,7.492450,7.492450,,16.800279,,,,,,903.822387,0.066146,0.000000,0.000000,0.000000,,-459.670013,1000.000000,,0.000000,0.000000,,,,0.047077,"UNDEFINED",0.000000,0.997565,0.000000,,,,,"","",,,,7.492450,,0.000000,,0.000000,,,0.000000,0.000000,"",,,0.000000,,-1.000000,,0.000000,0.000000,0.000000,-1.000000,,,,,,,,,,,"",,,,,,,,,,"Volumetric",,,,,,,,,,0.000000,,,,,,,,,,0.000000,0.000000,,,,,,,,,,,,
"0BEC5EE8","Nodes",1120063.443203,1676477.880572,1313.064347,"Default Known Flow Node",69.999969,0.579999,1000.000000,0.000000,"Known Flow",0.000000,0.000000,2.16999993085665e-07,40.000000,0.579999,1000.000000,0.000000,0.000000,13.000000,0.000000,0.515374,0.579999,,,,7.472199,7.472199,,16.800279,,,,,,903.822387,0.066146,0.000000,0.000000,0.000000,,-459.670013,1000.000000,,0.000000,0.000000,,,,0.047074,"UNDEFINED",0.000000,0.997566,0.000000,,,,,"","",,,,7.472199,,0.000000,,0.000000,,,0.000000,0.000000,"",,,0.000000,,-1.000000,,0.000000,0.000000,-1.000000,-1.000000,,,,,,,,,,,"",,,,,,,,,,"Volumetric",,,,,,,,,,0.000000,,,,,,,,,,0.000000,0.000000,,,,,,,,,,,,
"0BEC5EE5","Nodes",1120011.622026,1676706.565406,1313.064347,"Default Known Flow Node",69.999969,0.579999,1000.000000,0.000000,"Known Flow",0.000000,0.000000,2.16999993085665e-07,40.000000,0.579999,1000.000000,0.000000,0.000000,13.000000,0.000000,0.515374,0.579999,,,,7.463421,7.463421,,16.800279,,,,,,903.822387,0.066146,0.000000,0.000000,0.000000,,-459.670013,1000.000000,,0.000000,0.000000,,,,0.047073,"UNDEFINED",0.000000,0.997566,0.000000,,,,,"","",,,,7.463421,,0.000000,,0.000000,,,0.000000,0.000000,"",,,0.000000,,-1.000000,,0.000000,0.000000,-1.000000,-1.000000,,,,,,,,,,,"",,,,,,,,,,"Volumetric",,,,,,,,,,0.000000,,,,,,,,,,0.000000,0.000000,,,,,,,,,,,,
"Q3No234","Nodes",1120011.843031,1676705.590121,1313.064347,"Default Known Flow Node",69.999969,0.579999,1000.000000,0.000000,"Known Flow",0.000000,0.000000,2.16999993085665e-07,40.000000,0.579999,1000.000000,0.000000,0.000000,13.000000,0.000000,0.515374,0.579999,,,,7.463447,7.463447,,16.800279,,,,,,903.822387,0.066146,0.000000,0.000000,0.000000,,-459.670013,1000.000000,,0.000000,0.000000,,,,0.047073,"UNDEFINED",0.000000,0.997566,0.000000,,,,,"","",,,,7.463447,,0.000000,,0.000000,,,0.000000,0.000000,"",,,0.000000,,-1.000000,,0.000000,0.000000,0.000000,-1.000000,,,,,,,,,,,"",,,,,,,,,,"Volumetric",,,,,,,,,,0.000000,,,,,,,,,,0.000000,0.000000,,,,,,,,,,,,
"0BEC5EE6","Nodes",1119995.086104,1676702.907690,1313.064347,"Default Known Flow Node",69.999969,0.579999,1000.000000,0.000000,"Known Flow",0.000000,0.000000,2.16999993085665e-07,40.000000,0.579999,1000.000000,0.000000,0.000000,13.000000,0.000000,0.515374,0.579999,,,,7.464338,7.464338,,16.800279,,,,,,903.822387,0.066146,0.000000,0.000000,0.000000,,-459.670013,1000.000000,,0.000000,0.000000,,,,0.047074,"UNDEFINED",0.000000,0.997566,0.000000,,,,,"","",,,,7.464338,,0.000000,,0.000000,,,0.000000,0.000000,"",,,0.000000,,-1.000000,,0.000000,0.000000,-1.000000,-1.000000,,,,,,,,,,,"",,,,,,,,,,"Volumetric",,,,,,,,,,0.000000,,,,,,,,,,0.000000,0.000000,,,,,,,,,,,,
"Q3No233","Nodes",1120002.836707,1676704.622109,1313.064347,"Default Known Flow Node",69.999969,0.579999,1000.000000,0.000000,"Known Flow",0.000000,0.000000,2.16999993085665e-07,40.000000,0.579999,1000.000000,0.000000,0.000000,13.000000,0.000000,0.515374,0.579999,,,,7.463879,7.463879,,16.800279,,,,,,903.822387,0.066146,0.000000,0.000000,0.000000,,-459.670013,1000.000000,,0.000000,0.000000,,,,0.047074,"UNDEFINED",0.000000,0.997566,0.000000,,,,,"","",,,,7.463879,,0.000000,,0.000000,,,0.000000,0.000000,"",,,0.000000,,-1.000000,,0.000000,0.000000,0.000000,-1.000000,,,,,,,,,,,"",,,,,,,,,,"Volumetric",,,,,,,,,,0.000000,,,,,,,,,,0.000000,0.000000,,,,,,,,,,,,
"0BEC5E95","Nodes",1119260.000000,1676803.120000,1313.064347,"Default Known Flow Node",69.999969,0.579999,1000.000000,0.000000,"Known Flow",0.000000,0.000000,2.16999993085665e-07,40.000000,0.579999,1000.000000,0.000000,0.000000,13.000000,0.000000,0.515374,0.579999,,,,7.443327,7.443327,,16.800279,,,,,,903.822387,0.066146,0.000000,0.000000,0.000000,,-459.670013,1000.000000,,0.000000,0.000000,,,,0.047071,"SETFLOW",0.000000,0.997566,0.000000,,,,,"","",,,,7.443327,,0.000000,,0.000000,,,0.000000,0.000000,"",,,0.000000,,-1.000000,,0.000000,0.000000,-1.000000,-1.000000,,,,,,,,,,,"",,,,,,,,,,"Volumetric",,,,,,,,,,-0.363282,,,,,,,,,,-0.363282,-0.008718,,,,,,,,,,,,
"2FB1F88B","Nodes",1119678.120000,1676900.620000,1313.064347,"Default Known Flow Node",69.999969,0.579999,1000.000000,0.000000,"Known Flow",0.000000,0.000000,2.16999993085665e-07,40.000000,0.579999,1000.000000,0.000000,0.000000,13.000000,0.000000,0.515373,0.579999,,,,7.428719,7.428719,,16.800279,,,,,,903.822387,0.066146,0.000000,0.000000,0.000000,,-459.670013,1000.000000,,0.000000,0.000000,,,,0.047070,"SETFLOW",0.000000,0.997566,0.000000,,,,,"","",,,,7.428719,,0.000000,,0.000000,,,0.000000,0.000000,"",,,0.000000,,-1.000000,,0.000000,0.000000,-1.000000,-1.000000,,,,,,,,,,,"",,,,,,,,,,"Volumetric",,,,,,,,,,-1.069321,,,,,,,,,,-1.069321,-0.025663,,,,,,,,,,,,
"2FB1F888","Nodes",1119951.125606,1676964.002991,1313.064347,"Default Known Flow Node",69.999969,0.579999,1000.000000,0.000000,"Known Flow",0.000000,0.000000,2.16999993085665e-07,40.000000,0.579999,1000.000000,0.000000,0.000000,13.000000,0.000000,0.515373,0.579999,,,,7.429678,7.429678,,16.800279,,,,,,903.822387,0.066146,0.000000,0.000000,0.000000,,-459.670013,1000.000000,,0.000000,0.000000,,,,0.047070,"SETFLOW",0.000000,0.997566,0.000000,,,,,"","",,,,7.429678,,0.000000,,0.000000,,,0.000000,0.000000,"",,,0.000000,,-1.000000,,0.000000,0.000000,-1.000000,-1.000000,,,,,,,,,,,"",,,,,,,,,,"Volumetric",,,,,,,,,,-0.007300,,,,,,,,,,-0.007300,-0.000175,,,,,,,,,,,,
"Q3No237","Nodes",1119961.726947,1676921.145867,1313.064347,"Default Known Flow Node",69.999969,0.579999,1000.000000,0.000000,"Known Flow",0.000000,0.000000,2.16999993085665e-07,40.000000,0.579999,1000.000000,0.000000,0.000000,13.000000,0.000000,0.515374,0.579999,,,,7.435430,7.435430,,16.800279,,,,,,903.822387,0.066146,0.000000,0.000000,0.000000,,-459.670013,1000.000000,,0.000000,0.000000,,,,0.047070,"UNDEFINED",0.000000,0.997566,0.000000,,,,,"","",,,,7.435430,,0.000000,,0.000000,,,0.000000,0.000000,"",,,0.000000,,-1.000000,,0.000000,0.000000,0.000000,-1.000000,,,,,,,,,,,"",,,,,,,,,,"Volumetric",,,,,,,,,,0.000000,,,,,,,,,,0.000000,0.000000,,,,,,,,,,,,
"2FAF5E08","Nodes",1119912.555553,1676953.921339,1313.064347,"Default Known Flow Node",69.999969,0.579999,1000.000000,0.000000,"Known Flow",0.000000,0.000000,2.16999993085665e-07,40.000000,0.579999,1000.000000,0.000000,0.000000,13.000000,0.000000,0.515373,0.579999,,,,7.429254,7.429254,,16.800279,,,,,,903.822387,0.066146,0.000000,0.000000,0.000000,,-459.670013,1000.000000,,0.000000,0.000000,,,,0.047070,"SETFLOW",0.000000,0.997566,0.000000,,,,,"","",,,,7.429254,,0.000000,,0.000000,,,0.000000,0.000000,"",,,0.000000,,-1.000000,,0.000000,0.000000,-1.000000,-1.000000,,,,,,,,,,,"",,,,,,,,,,"Volumetric",,,,,,,,,,-0.007300,,,,,,,,,,-0.007300,-0.000175,,,,,,,,,,,,
"0BEC5FDB","Nodes",1120279.120000,1677037.370000,1313.064347,"Default Known Flow Node",69.999969,0.579999,1000.000000,0.000000,"Known Flow",0.000000,0.000000,2.16999993085665e-07,40.000000,0.579999,1000.000000,0.000000,0.000000,13.000000,0.000000,0.515373,0.579999,,,,7.397955,7.397955,,16.800279,,,,,,903.822387,0.066146,0.000000,0.000000,0.000000,,-459.670013,1000.000000,,0.000000,0.000000,,,,0.047066,"SETFLOW",0.000000,0.997566,0.000000,,,,,"","",,,,7.397955,,0.000000,,0.000000,,,0.000000,0.000000,"",,,0.000000,,-1.000000,,0.000000,0.000000,-1.000000,-1.000000,,,,,,,,,,,"",,,,,,,,,,"Volumetric",,,,,,,,,,-1.178797,,,,,,,,,,-1.178797,-0.028291,,,,,,,,,,,,
"Q3No240","Nodes",1120004.931833,1676980.590069,1313.064347,"Default Known Flow Node",69.999969,0.579999,1000.000000,0.000000,"Known Flow",0.000000,0.000000,2.16999993085665e-07,40.000000,0.579999,1000.000000,0.000000,0.000000,13.000000,0.000000,0.515373,0.579999,,,,7.427527,7.427527,,16.800279,,,,,,903.822387,0.066146,0.000000,0.000000,0.000000,,-459.670013,1000.000000,,0.000000,0.000000,,,,0.047069,"UNDEFINED",0.000000,0.997566,0.000000,,,,,"","",,,,7.427527,,0.000000,,0.000000,,,0.000000,0.000000,"",,,0.000000,,-1.000000,,0.000000,0.000000,0.000000,-1.000000,,,,,,,,,,,"",,,,,,,,,,"Volumetric",,,,,,,,,,0.000000,,,,,,,,,,0.000000,0.000000,,,,,,,,,,,,
"2FAF5E01","Nodes",1119890.951667,1677220.390004,1313.064347,"Default Known Flow Node",69.999969,0.579999,1000.000000,0.000000,"Known Flow",0.000000,0.000000,2.16999993085665e-07,40.000000,0.579999,1000.000000,0.000000,0.000000,13.000000,0.000000,0.515373,0.579999,,,,7.400843,7.400843,,16.800279,,,,,,903.822387,0.066146,0.000000,0.000000,0.000000,,-459.670013,1000.000000,,0.000000,0.000000,,,,0.047066,"SETFLOW",0.000000,0.997566,0.000000,,,,,"","",,,,7.400843,,0.000000,,0.000000,,,0.000000,0.000000,"",,,0.000000,,-1.000000,,0.000000,0.000000,-1.000000,-1.000000,,,,,,,,,,,"",,,,,,,,,,"Volumetric",,,,,,,,,,-0.012916,,,,,,,,,,-0.012916,-0.000310,,,,,,,,,,,,
"Q3No242","Nodes",1119901.025586,1677177.183836,1313.064347,"Default Known Flow Node",69.999969,0.579999,1000.000000,0.000000,"Known Flow",0.000000,0.000000,2.16999993085665e-07,40.000000,0.579999,1000.000000,0.000000,0.000000,13.000000,0.000000,0.515373,0.579999,,,,7.405575,7.405575,,16.800279,,,,,,903.822387,0.066146,0.000000,0.000000,0.000000,,-459.670013,1000.000000,,0.000000,0.000000,,,,0.047067,"UNDEFINED",0.000000,0.997566,0.000000,,,,,"","",,,,7.405575,,0.000000,,0.000000,,,0.000000,0.000000,"",,,0.000000,,-1.000000,,0.000000,0.000000,0.000000,-1.000000,,,,,,,,,,,"",,,,,,,,,,"Volumetric",,,,,,,,,,0.000000,,,,,,,,,,0.000000,0.000000,,,,,,,,,,,,
"2FAF5E0B","Nodes",1119366.870000,1677105.120000,1313.064347,"Default Known Flow Node",69.999969,0.579999,1000.000000,0.000000,"Known Flow",0.000000,0.000000,2.16999993085665e-07,40.000000,0.579999,1000.000000,0.000000,0.000000,13.000000,0.000000,0.515373,0.579999,,,,7.347711,7.347711,,16.800279,,,,,,903.822387,0.066146,0.000000,0.000000,0.000000,,-459.670013,1000.000000,,0.000000,0.000000,,,,0.047060,"SETFLOW",0.000000,0.997566,0.000000,,,,,"","",,,,7.347711,,0.000000,,0.000000,,,0.000000,0.000000,"",,,0.000000,,-1.000000,,0.000000,0.000000,-1.000000,-1.000000,,,,,,,,,,,"",,,,,,,,,,"Volumetric",,,,,,,,,,-0.399799,,,,,,,,,,-0.399799,-0.009595,,,,,,,,,,,,
"2FB1F871","Nodes",1120307.102521,1677321.875532,1313.064347,"Default Known Flow Node",69.999969,0.579999,1000.000000,0.000000,"Known Flow",0.000000,0.000000,2.16999993085665e-07,40.000000,0.579999,1000.000000,0.000000,0.000000,13.000000,0.000000,0.515373,0.579999,,,,7.400704,7.400704,,16.800279,,,,,,903.822387,0.066146,0.000000,0.000000,0.000000,,-459.670013,1000.000000,,0.000000,0.000000,,,,0.047066,"SETFLOW",0.000000,0.997566,0.000000,,,,,"","",,,,7.400704,,0.000000,,0.000000,,,0.000000,0.000000,"",,,0.000000,,-1.000000,,0.000000,0.000000,-1.000000,-1.000000,,,,,,,,,,,"",,,,,,,,,,"Volumetric",,,,,,,,,,-0.005134,,,,,,,,,,-0.005134,-0.000123,,,,,,,,,,,,
"Q3No248","Nodes",1120263.975887,1677310.931048,1313.064347,"Default Known Flow Node",69.999969,0.579999,1000.000000,0.000000,"Known Flow",0.000000,0.000000,2.16999993085665e-07,40.000000,0.579999,1000.000000,0.000000,0.000000,13.000000,0.000000,0.515373,0.579999,,,,7.400727,7.400727,,16.800279,,,,,,903.822387,0.066146,0.000000,0.000000,0.000000,,-459.670013,1000.000000,,0.000000,0.000000,,,,0.047066,"UNDEFINED",0.000000,0.997566,0.000000,,,,,"","",,,,7.400727,,0.000000,,0.000000,,,0.000000,0.000000,"",,,0.000000,,-1.000000,,0.000000,0.000000,0.000000,-1.000000,,,,,,,,,,,"",,,,,,,,,,"Volumetric",,,,,,,,,,0.000000,,,,,,,,,,0.000000,0.000000,,,,,,,,,,,,
"2FB1E00C","Nodes",1119824.870000,1677492.250000,1313.064347,"Default Known Flow Node",69.999969,0.579999,1000.000000,0.000000,"Known Flow",0.000000,0.000000,2.16999993085665e-07,40.000000,0.579999,1000.000000,0.000000,0.000000,13.000000,0.000000,0.515373,0.579999,,,,7.375572,7.375572,,16.800279,,,,,,903.822387,0.066146,0.000000,0.000000,0.000000,,-459.670013,1000.000000,,0.000000,0.000000,,,,0.047064,"SETFLOW",0.000000,0.997566,0.000000,,,,,"","",,,,7.375572,,0.000000,,0.000000,,,0.000000,0.000000,"",,,0.000000,,-1.000000,,0.000000,0.000000,-1.000000,-1.000000,,,,,,,,,,,"",,,,,,,,,,"Volumetric",,,,,,,,,,-0.007300,,,,,,,,,,-0.007300,-0.000175,,,,,,,,,,,,
"2FAF5E10","Nodes",1120045.500000,1677541.750000,1313.064347,"Default Known Flow Node",69.999969,0.579999,1000.000000,0.000000,"Known Flow",0.000000,0.000000,2.16999993085665e-07,40.000000,0.579999,1000.000000,0.000000,0.000000,13.000000,0.000000,0.515373,0.579999,,,,7.355677,7.355677,,16.800279,,,,,,903.822387,0.066146,0.000000,0.000000,0.000000,,-459.670013,1000.000000,,0.000000,0.000000,,,,0.047061,"SETFLOW",0.000000,0.997566,0.000000,,,,,"","",,,,7.355677,,0.000000,,0.000000,,,0.000000,0.000000,"",,,0.000000,,-1.000000,,0.000000,0.000000,-1.000000,-1.000000,,,,,,,,,,,"",,,,,,,,,,"Volumetric",,,,,,,,,,-0.007300,,,,,,,,,,-0.007300,-0.000175,,,,,,,,,,,,
"2FB1F872","Nodes",1120279.500000,1677420.250000,1313.064347,"Default Known Flow Node",69.999969,0.579999,1000.000000,0.000000,"Known Flow",0.000000,0.000000,2.16999993085665e-07,40.000000,0.579999,1000.000000,0.000000,0.000000,13.000000,0.000000,0.515373,0.579999,,,,7.346610,7.346610,,16.800279,,,,,,903.822387,0.066146,0.000000,0.000000,0.000000,,-459.670013,1000.000000,,0.000000,0.000000,,,,0.047060,"SETFLOW",0.000000,0.997566,0.000000,,,,,"","",,,,7.346610,,0.000000,,0.000000,,,0.000000,0.000000,"",,,0.000000,,-1.000000,,0.000000,0.000000,-1.000000,-1.000000,,,,,,,,,,,"",,,,,,,,,,"Volumetric",,,,,,,,,,-1.772407,,,,,,,,,,-1.772407,-0.042537,,,,,,,,,,,,
"2FAF602A","Nodes",1119827.250000,1677490.250000,1313.064347,"Default Known Flow Node",69.999969,0.579999,1000.000000,0.000000,"Known Flow",0.000000,0.000000,2.16999993085665e-07,40.000000,0.579999,1000.000000,0.000000,0.000000,13.000000,0.000000,0.515373,0.579999,,,,7.375572,7.375572,,16.800279,,,,,,903.822387,0.066146,0.000000,0.000000,0.000000,,-459.670013,1000.000000,,0.000000,0.000000,,,,0.047064,"SETFLOW",0.000000,0.997566,0.000000,,,,,"","",,,,7.375572,,0.000000,,0.000000,,,0.000000,0.000000,"",,,0.000000,,-1.000000,,0.000000,0.000000,-1.000000,-1.000000,,,,,,,,,,,"",,,,,,,,,,"Volumetric",,,,,,,,,,-0.007300,,,,,,,,,,-0.007300,-0.000175,,,,,,,,,,,,
"Q3No255","Nodes",1119830.039163,1677479.146304,1313.064347,"Default Known Flow Node",69.999969,0.579999,1000.000000,0.000000,"Known Flow",0.000000,0.000000,2.16999993085665e-07,40.000000,0.579999,1000.000000,0.000000,0.000000,13.000000,0.000000,0.515373,0.579999,,,,7.376034,7.376034,,16.800279,,,,,,903.822387,0.066146,0.000000,0.000000,0.000000,,-459.670013,1000.000000,,0.000000,0.000000,,,,0.047064,"UNDEFINED",0.000000,0.997566,0.000000,,,,,"","",,,,7.376034,,0.000000,,0.000000,,,0.000000,0.000000,"",,,0.000000,,-1.000000,,0.000000,0.000000,0.000000,-1.000000,,,,,,,,,,,"",,,,,,,,,,"Volumetric",,,,,,,,,,0.000000,,,,,,,,,,0.000000,0.000000,,,,,,,,,,,,
"2FAF5E11","Nodes",1120022.870000,1677553.500000,1313.064347,"Default Known Flow Node",69.999969,0.579999,1000.000000,0.000000,"Known Flow",0.000000,0.000000,2.16999993085665e-07,40.000000,0.579999,1000.000000,0.000000,0.000000,13.000000,0.000000,0.515373,0.579999,,,,7.356495,7.356495,,16.800279,,,,,,903.822387,0.066146,0.000000,0.000000,0.000000,,-459.670013,1000.000000,,0.000000,0.000000,,,,0.047061,"SETFLOW",0.000000,0.997566,0.000000,,,,,"","",,,,7.356495,,0.000000,,0.000000,,,0.000000,0.000000,"",,,0.000000,,-1.000000,,0.000000,0.000000,-1.000000,-1.000000,,,,,,,,,,,"",,,,,,,,,,"Volumetric",,,,,,,,,,-0.007300,,,,,,,,,,-0.007300,-0.000175,,,,,,,,,,,,
"2FB1C496","Nodes",1120021.120000,1677550.370000,1313.064347,"Default Known Flow Node",69.999969,0.579999,1000.000000,0.000000,"Known Flow",0.000000,0.000000,2.16999993085665e-07,40.000000,0.579999,1000.000000,0.000000,0.000000,13.000000,0.000000,0.515373,0.579999,,,,7.356495,7.356495,,16.800279,,,,,,903.822387,0.066146,0.000000,0.000000,0.000000,,-459.670013,1000.000000,,0.000000,0.000000,,,,0.047061,"UNDEFINED",0.000000,0.997566,0.000000,,,,,"","",,,,7.356495,,0.000000,,0.000000,,,0.000000,0.000000,"",,,0.000000,,-1.000000,,0.000000,0.000000,-1.000000,-1.000000,,,,,,,,,,,"",,,,,,,,,,"Volumetric",,,,,,,,,,0.000000,,,,,,,,,,0.000000,0.000000,,,,,,,,,,,,
"2FAF5E05","Nodes",1119967.077792,1677579.619834,1313.064347,"Default Known Flow Node",69.999969,0.579999,1000.000000,0.000000,"Known Flow",0.000000,0.000000,2.16999993085665e-07,40.000000,0.579999,1000.000000,0.000000,0.000000,13.000000,0.000000,0.515373,0.579999,,,,7.358502,7.358502,,16.800279,,,,,,903.822387,0.066146,0.000000,0.000000,0.000000,,-459.670013,1000.000000,,0.000000,0.000000,,,,0.047062,"SETFLOW",0.000000,0.997566,0.000000,,,,,"","",,,,7.358502,,0.000000,,0.000000,,,0.000000,0.000000,"",,,0.000000,,-1.000000,,0.000000,0.000000,-1.000000,-1.000000,,,,,,,,,,,"",,,,,,,,,,"Volumetric",,,,,,,,,,-0.008423,,,,,,,,,,-0.008423,-0.000202,,,,,,,,,,,,
"2FAF6446","Nodes",1119803.870000,1677650.750000,1313.064347,"Default Known Flow Node",69.999969,0.579999,1000.000000,0.000000,"Known Flow",0.000000,0.000000,2.16999993085665e-07,40.000000,0.579999,1000.000000,0.000000,0.000000,13.000000,0.000000,0.515373,0.579999,,,,7.364425,7.364425,,16.800279,,,,,,903.822387,0.066146,0.000000,0.000000,0.000000,,-459.670013,1000.000000,,0.000000,0.000000,,,,0.047062,"SETFLOW",0.000000,0.997566,0.000000,,,,,"","",,,,7.364425,,0.000000,,0.000000,,,0.000000,0.000000,"",,,0.000000,,-1.000000,,0.000000,0.000000,-1.000000,-1.000000,,,,,,,,,,,"",,,,,,,,,,"Volumetric",,,,,,,,,,-0.007300,,,,,,,,,,-0.007300,-0.000175,,,,,,,,,,,,
"2FB1C497","Nodes",1119460.370000,1677652.750000,1313.064347,"Default Known Flow Node",69.999969,0.579999,1000.000000,0.000000,"Known Flow",0.000000,0.000000,2.16999993085665e-07,40.000000,0.579999,1000.000000,0.000000,0.000000,13.000000,0.000000,0.515373,0.579999,,,,7.326671,7.326671,,16.800279,,,,,,903.822387,0.066146,0.000000,0.000000,0.000000,,-459.670013,1000.000000,,0.000000,0.000000,,,,0.047058,"SETFLOW",0.000000,0.997566,0.000000,,,,,"","",,,,7.326671,,0.000000,,0.000000,,,0.000000,0.000000,"",,,0.000000,,-1.000000,,0.000000,0.000000,-1.000000,-1.000000,,,,,,,,,,,"",,,,,,,,,,"Volumetric",,,,,,,,,,-0.019832,,,,,,,,,,-0.019832,-0.000475,,,,,,,,,,,,
"2FAF6445","Nodes",1119607.750000,1677732.250000,1313.064347,"Default Known Flow Node",69.999969,0.579999,1000.000000,0.000000,"Known Flow",0.000000,0.000000,2.16999993085665e-07,40.000000,0.579999,1000.000000,0.000000,0.000000,13.000000,0.000000,0.515373,0.579999,,,,7.334594,7.334594,,16.800279,,,,,,903.822387,0.066146,0.000000,0.000000,0.000000,,-459.670013,1000.000000,,0.000000,0.000000,,,,0.047059,"SETFLOW",0.000000,0.997566,0.000000,,,,,"","",,,,7.334594,,0.000000,,0.000000,,,0.000000,0.000000,"",,,0.000000,,-1.000000,,0.000000,0.000000,-1.000000,-1.000000,,,,,,,,,,,"",,,,,,,,,,"Volumetric",,,,,,,,,,-0.009695,,,,,,,,,,-0.009695,-0.000232,,,,,,,,,,,,
"2FAF64D0","Nodes",1119557.000000,1677685.870000,1313.064347,"Default Known Flow Node",69.999969,0.579999,1000.000000,0.000000,"Known Flow",0.000000,0.000000,2.16999993085665e-07,40.000000,0.579999,1000.000000,0.000000,0.000000,13.000000,0.000000,0.515373,0.579999,,,,7.324330,7.324330,,16.800279,,,,,,903.822387,0.066146,0.000000,0.000000,0.000000,,-459.670013,1000.000000,,0.000000,0.000000,,,,0.047058,"SETFLOW",0.000000,0.997566,0.000000,,,,,"","",,,,7.324330,,0.000000,,0.000000,,,0.000000,0.000000,"",,,0.000000,,-1.000000,,0.000000,0.000000,-1.000000,-1.000000,,,,,,,,,,,"",,,,,,,,,,"Volumetric",,,,,,,,,,-0.003525,,,,,,,,,,-0.003525,-0.000084,,,,,,,,,,,,
"2FAF643D","Nodes",1119559.500000,1677728.250000,1313.064347,"Default Known Flow Node",69.999969,0.579999,1000.000000,0.000000,"Known Flow",0.000000,0.000000,2.16999993085665e-07,40.000000,0.579999,1000.000000,0.000000,0.000000,13.000000,0.000000,0.515373,0.579999,,,,7.323376,7.323376,,16.800279,,,,,,903.822387,0.066146,0.000000,0.000000,0.000000,,-459.670013,1000.000000,,0.000000,0.000000,,,,0.047058,"SETFLOW",0.000000,0.997566,0.000000,,,,,"","",,,,7.323376,,0.000000,,0.000000,,,0.000000,0.000000,"",,,0.000000,,-1.000000,,0.000000,0.000000,-1.000000,-1.000000,,,,,,,,,,,"",,,,,,,,,,"Volumetric",,,,,,,,,,-0.003525,,,,,,,,,,-0.003525,-0.000084,,,,,,,,,,,,
"2FAF6444","Nodes",1119705.370000,1677668.250000,1313.064347,"Default Known Flow Node",69.999969,0.579999,1000.000000,0.000000,"Known Flow",0.000000,0.000000,2.16999993085665e-07,40.000000,0.579999,1000.000000,0.000000,0.000000,13.000000,0.000000,0.515373,0.579999,,,,7.323376,7.323376,,16.800279,,,,,,903.822387,0.066146,0.000000,0.000000,0.000000,,-459.670013,1000.000000,,0.000000,0.000000,,,,0.047058,"SETFLOW",0.000000,0.997566,0.000000,,,,,"","",,,,7.323376,,0.000000,,0.000000,,,0.000000,0.000000,"",,,0.000000,,-1.000000,,0.000000,0.000000,-1.000000,-1.000000,,,,,,,,,,,"",,,,,,,,,,"Volumetric",,,,,,,,,,-0.002203,,,,,,,,,,-0.002203,-0.000052,,,,,,,,,,,,
"2FAF644B","Nodes",1119555.500000,1677688.120000,1313.064347,"Default Known Flow Node",69.999969,0.579999,1000.000000,0.000000,"Known Flow",0.000000,0.000000,2.16999993085665e-07,40.000000,0.579999,1000.000000,0.000000,0.000000,13.000000,0.000000,0.515373,0.579999,,,,7.324270,7.324270,,16.800279,,,,,,903.822387,0.066146,0.000000,0.000000,0.000000,,-459.670013,1000.000000,,0.000000,0.000000,,,,0.047058,"UNDEFINED",0.000000,0.997566,0.000000,,,,,"","",,,,7.324270,,0.000000,,0.000000,,,0.000000,0.000000,"",,,0.000000,,-1.000000,,0.000000,0.000000,-1.000000,-1.000000,,,,,,,,,,,"",,,,,,,,,,"Volumetric",,,,,,,,,,0.000000,,,,,,,,,,0.000000,0.000000,,,,,,,,,,,,
"2FB1C491","Nodes",1119552.500000,1677686.620000,1313.064347,"Default Known Flow Node",69.999969,0.579999,1000.000000,0.000000,"Known Flow",0.000000,0.000000,2.16999993085665e-07,40.000000,0.579999,1000.000000,0.000000,0.000000,13.000000,0.000000,0.515373,0.579999,,,,7.324270,7.324270,,16.800279,,,,,,903.822387,0.066146,0.000000,0.000000,0.000000,,-459.670013,1000.000000,,0.000000,0.000000,,,,0.047058,"UNDEFINED",0.000000,0.997566,0.000000,,,,,"","",,,,7.324270,,0.000000,,0.000000,,,0.000000,0.000000,"",,,0.000000,,-1.000000,,0.000000,0.000000,-1.000000,-1.000000,,,,,,,,,,,"",,,,,,,,,,"Volumetric",,,,,,,,,,0.000000,,,,,,,,,,0.000000,0.000000,,,,,,,,,,,,
"2FB1C490","Nodes",1119562.370000,1677692.870000,1313.064347,"Default Known Flow Node",69.999969,0.579999,1000.000000,0.000000,"Known Flow",0.000000,0.000000,2.16999993085665e-07,40.000000,0.579999,1000.000000,0.000000,0.000000,13.000000,0.000000,0.515373,0.579999,,,,7.324270,7.324270,,16.800279,,,,,,903.822387,0.066146,0.000000,0.000000,0.000000,,-459.670013,1000.000000,,0.000000,0.000000,,,,0.047058,"UNDEFINED",0.000000,0.997566,0.000000,,,,,"","",,,,7.324270,,0.000000,,0.000000,,,0.000000,0.000000,"",,,0.000000,,-1.000000,,0.000000,0.000000,-1.000000,-1.000000,,,,,,,,,,,"",,,,,,,,,,"Volumetric",,,,,,,,,,0.000000,,,,,,,,,,0.000000,0.000000,,,,,,,,,,,,
"2FB1C48E","Nodes",1119605.000000,1677725.620000,1313.064347,"Default Known Flow Node",69.999969,0.579999,1000.000000,0.000000,"Known Flow",0.000000,0.000000,2.16999993085665e-07,40.000000,0.579999,1000.000000,0.000000,0.000000,13.000000,0.000000,0.515373,0.579999,,,,7.333575,7.333575,,16.800279,,,,,,903.822387,0.066146,0.000000,0.000000,0.000000,,-459.670013,1000.000000,,0.000000,0.000000,,,,0.047059,"SETFLOW",0.000000,0.997566,0.000000,,,,,"","",,,,7.333575,,0.000000,,0.000000,,,0.000000,0.000000,"",,,0.000000,,-1.000000,,0.000000,0.000000,-1.000000,-1.000000,,,,,,,,,,,"",,,,,,,,,,"Volumetric",,,,,,,,,,-0.925079,,,,,,,,,,-0.925079,-0.022201,,,,,,,,,,,,
"2FB1C48B","Nodes",1119531.370000,1677739.870000,1313.064347,"Default Known Flow Node",69.999969,0.579999,1000.000000,0.000000,"Known Flow",0.000000,0.000000,2.16999993085665e-07,40.000000,0.579999,1000.000000,0.000000,0.000000,13.000000,0.000000,0.515373,0.579999,,,,7.322767,7.322767,,16.800279,,,,,,903.822387,0.066146,0.000000,0.000000,0.000000,,-459.670013,1000.000000,,0.000000,0.000000,,,,0.047058,"UNDEFINED",0.000000,0.997566,0.000000,,,,,"","",,,,7.322767,,0.000000,,0.000000,,,0.000000,0.000000,"",,,0.000000,,-1.000000,,0.000000,0.000000,-1.000000,-1.000000,,,,,,,,,,,"",,,,,,,,,,"Volumetric",,,,,,,,,,0.000000,,,,,,,,,,0.000000,0.000000,,,,,,,,,,,,
"2FAF6447","Nodes",1119538.870000,1677760.620000,1313.064347,"Default Known Flow Node",69.999969,0.579999,1000.000000,0.000000,"Known Flow",0.000000,0.000000,2.16999993085665e-07,40.000000,0.579999,1000.000000,0.000000,0.000000,13.000000,0.000000,0.515373,0.579999,,,,7.326853,7.326853,,16.800279,,,,,,903.822387,0.066146,0.000000,0.000000,0.000000,,-459.670013,1000.000000,,0.000000,0.000000,,,,0.047058,"SETFLOW",0.000000,0.997566,0.000000,,,,,"","",,,,7.326853,,0.000000,,0.000000,,,0.000000,0.000000,"",,,0.000000,,-1.000000,,0.000000,0.000000,-1.000000,-1.000000,,,,,,,,,,,"",,,,,,,,,,"Volumetric",,,,,,,,,,-0.008814,,,,,,,,,,-0.008814,-0.000211,,,,,,,,,,,,
"2FB1C48A","Nodes",1119513.370000,1677747.250000,1313.064347,"Default Known Flow Node",69.999969,0.579999,1000.000000,0.000000,"Known Flow",0.000000,0.000000,2.16999993085665e-07,40.000000,0.579999,1000.000000,0.000000,0.000000,13.000000,0.000000,0.515373,0.579999,,,,7.322204,7.322204,,16.800279,,,,,,903.822387,0.066146,0.000000,0.000000,0.000000,,-459.670013,1000.000000,,0.000000,0.000000,,,,0.047057,"UNDEFINED",0.000000,0.997566,0.000000,,,,,"","",,,,7.322204,,0.000000,,0.000000,,,0.000000,0.000000,"",,,0.000000,,-1.000000,,0.000000,0.000000,-1.000000,-1.000000,,,,,,,,,,,"",,,,,,,,,,"Volumetric",,,,,,,,,,0.000000,,,,,,,,,,0.000000,0.000000,,,,,,,,,,,,
"2FB1C488","Nodes",1119484.000000,1677759.370000,1313.064347,"Default Known Flow Node",69.999969,0.579999,1000.000000,0.000000,"Known Flow",0.000000,0.000000,2.16999993085665e-07,40.000000,0.579999,1000.000000,0.000000,0.000000,13.000000,0.000000,0.515373,0.579999,,,,7.321575,7.321575,,16.800279,,,,,,903.822387,0.066146,0.000000,0.000000,0.000000,,-459.670013,1000.000000,,0.000000,0.000000,,,,0.047057,"UNDEFINED",0.000000,0.997566,0.000000,,,,,"","",,,,7.321575,,0.000000,,0.000000,,,0.000000,0.000000,"",,,0.000000,,-1.000000,,0.000000,0.000000,-1.000000,-1.000000,,,,,,,,,,,"",,,,,,,,,,"Volumetric",,,,,,,,,,0.000000,,,,,,,,,,0.000000,0.000000,,,,,,,,,,,,
"2FAF6443","Nodes",1119481.870000,1677760.250000,1313.064347,"Default Known Flow Node",69.999969,0.579999,1000.000000,0.000000,"Known Flow",0.000000,0.000000,2.16999993085665e-07,40.000000,0.579999,1000.000000,0.000000,0.000000,13.000000,0.000000,0.515373,0.579999,,,,7.321536,7.321536,,16.800279,,,,,,903.822387,0.066146,0.000000,0.000000,0.000000,,-459.670013,1000.000000,,0.000000,0.000000,,,,0.047057,"UNDEFINED",0.000000,0.997566,0.000000,,,,,"","",,,,7.321536,,0.000000,,0.000000,,,0.000000,0.000000,"",,,0.000000,,-1.000000,,0.000000,0.000000,-1.000000,-1.000000,,,,,,,,,,,"",,,,,,,,,,"Volumetric",,,,,,,,,,0.000000,,,,,,,,,,0.000000,0.000000,,,,,,,,,,,,
"2FAF5E06","Nodes",1119486.750000,1677782.120000,1313.064347,"Default Known Flow Node",69.999969,0.579999,1000.000000,0.000000,"Known Flow",0.000000,0.000000,2.16999993085665e-07,40.000000,0.579999,1000.000000,0.000000,0.000000,13.000000,0.000000,0.515373,0.579999,,,,7.321104,7.321104,,16.800279,,,,,,903.822387,0.066146,0.000000,0.000000,0.000000,,-459.670013,1000.000000,,0.000000,0.000000,,,,0.047057,"UNDEFINED",0.000000,0.997566,0.000000,,,,,"","",,,,7.321104,,0.000000,,0.000000,,,0.000000,0.000000,"",,,0.000000,,-1.000000,,0.000000,0.000000,-1.000000,-1.000000,,,,,,,,,,,"",,,,,,,,,,"Volumetric",,,,,,,,,,0.000000,,,,,,,,,,0.000000,0.000000,,,,,,,,,,,,
"2FB1C489","Nodes",1119479.870000,1677761.000000,1313.064347,"Default Known Flow Node",69.999969,0.579999,1000.000000,0.000000,"Known Flow",0.000000,0.000000,2.16999993085665e-07,40.000000,0.579999,1000.000000,0.000000,0.000000,13.000000,0.000000,0.515373,0.579999,,,,7.321536,7.321536,,16.800279,,,,,,903.822387,0.066146,0.000000,0.000000,0.000000,,-459.670013,1000.000000,,0.000000,0.000000,,,,0.047057,"UNDEFINED",0.000000,0.997566,0.000000,,,,,"","",,,,7.321536,,0.000000,,0.000000,,,0.000000,0.000000,"",,,0.000000,,-1.000000,,0.000000,0.000000,-1.000000,-1.000000,,,,,,,,,,,"",,,,,,,,,,"Volumetric",,,,,,,,,,0.000000,,,,,,,,,,0.000000,0.000000,,,,,,,,,,,,
"2FAF6448","Nodes",1119522.120000,1677767.620000,1313.064347,"Default Known Flow Node",69.999969,0.579999,1000.000000,0.000000,"Known Flow",0.000000,0.000000,2.16999993085665e-07,40.000000,0.579999,1000.000000,0.000000,0.000000,13.000000,0.000000,0.515373,0.579999,,,,7.325001,7.325001,,16.800279,,,,,,903.822387,0.066146,0.000000,0.000000,0.000000,,-459.670013,1000.000000,,0.000000,0.000000,,,,0.047058,"SETFLOW",0.000000,0.997566,0.000000,,,,,"","",,,,7.325001,,0.000000,,0.000000,,,0.000000,0.000000,"",,,0.000000,,-1.000000,,0.000000,0.000000,-1.000000,-1.000000,,,,,,,,,,,"",,,,,,,,,,"Volumetric",,,,,,,,,,-0.008599,,,,,,,,,,-0.008599,-0.000206,,,,,,,,,,,,
"2FAF6449","Nodes",1119377.750000,1677827.000000,1313.064347,"Default Known Flow Node",69.999969,0.579999,1000.000000,0.000000,"Known Flow",0.000000,0.000000,2.16999993085665e-07,40.000000,0.579999,1000.000000,0.000000,0.000000,13.000000,0.000000,0.515373,0.579999,,,,7.319450,7.319450,,16.800279,,,,,,903.822387,0.066146,0.000000,0.000000,0.000000,,-459.670013,1000.000000,,0.000000,0.000000,,,,0.047057,"SETFLOW",0.000000,0.997566,0.000000,,,,,"","",,,,7.319450,,0.000000,,0.000000,,,0.000000,0.000000,"",,,0.000000,,-1.000000,,0.000000,0.000000,-1.000000,-1.000000,,,,,,,,,,,"",,,,,,,,,,"Volumetric",,,,,,,,,,-0.011488,,,,,,,,,,-0.011488,-0.000275,,,,,,,,,,,,
"2FB24804","Nodes",1119487.370000,1677784.500000,1313.064347,"Default Known Flow Node",69.999969,0.579999,1000.000000,0.000000,"Known Flow",0.000000,0.000000,2.16999993085665e-07,40.000000,0.579999,1000.000000,0.000000,0.000000,13.000000,0.000000,0.515373,0.579999,,,,7.320507,7.320507,,16.800279,,,,,,903.822387,0.066146,0.000000,0.000000,0.000000,,-459.670013,1000.000000,,0.000000,0.000000,,,,0.047057,"UNDEFINED",0.000000,0.997566,0.000000,,,,,"","",,,,7.320507,,0.000000,,0.000000,,,0.000000,0.000000,"",,,0.000000,,-1.000000,,0.000000,0.000000,-1.000000,-1.000000,,,,,,,,,,,"",,,,,,,,,,"Volumetric",,,,,,,,,,0.000000,,,,,,,,,,0.000000,0.000000,,,,,,,,,,,,
"2FAF64D2","Nodes",1119488.000000,1677786.870000,1313.064347,"Default Known Flow Node",69.999969,0.579999,1000.000000,0.000000,"Known Flow",0.000000,0.000000,2.16999993085665e-07,40.000000,0.579999,1000.000000,0.000000,0.000000,13.000000,0.000000,0.515373,0.579999,,,,7.319504,7.319504,,16.800279,,,,,,903.822387,0.066146,0.000000,0.000000,0.000000,,-459.670013,1000.000000,,0.000000,0.000000,,,,0.047057,"UNDEFINED",0.000000,0.997566,0.000000,,,,,"","",,,,7.319504,,0.000000,,0.000000,,,0.000000,0.000000,"",,,0.000000,,-1.000000,,0.000000,0.000000,-1.000000,-1.000000,,,,,,,,,,,"",,,,,,,,,,"Volumetric",,,,,,,,,,0.000000,,,,,,,,,,0.000000,0.000000,,,,,,,,,,,,
"2FAF64D1","Nodes",1119493.120000,1677808.000000,1313.064347,"Default Known Flow Node",69.999969,0.579999,1000.000000,0.000000,"Known Flow",0.000000,0.000000,2.16999993085665e-07,40.000000,0.579999,1000.000000,0.000000,0.000000,13.000000,0.000000,0.515373,0.579999,,,,7.309704,7.309704,,16.800279,,,,,,903.822387,0.066146,0.000000,0.000000,0.000000,,-459.670013,1000.000000,,0.000000,0.000000,,,,0.047056,"SETFLOW",0.000000,0.997567,0.000000,,,,,"","",,,,7.309704,,0.000000,,0.000000,,,0.000000,0.000000,"",,,0.000000,,-1.000000,,0.000000,0.000000,-1.000000,-1.000000,,,,,,,,,,,"",,,,,,,,,,"Volumetric",,,,,,,,,,-0.032678,,,,,,,,,,-0.032678,-0.000784,,,,,,,,,,,,
"2FAF644A","Nodes",1119355.750000,1677836.000000,1313.064347,"Default Known Flow Node",69.999969,0.579999,1000.000000,0.000000,"Known Flow",0.000000,0.000000,2.16999993085665e-07,40.000000,0.579999,1000.000000,0.000000,0.000000,13.000000,0.000000,0.515373,0.579999,,,,7.318884,7.318884,,16.800279,,,,,,903.822387,0.066146,0.000000,0.000000,0.000000,,-459.670013,1000.000000,,0.000000,0.000000,,,,0.047057,"SETFLOW",0.000000,0.997566,0.000000,,,,,"","",,,,7.318884,,0.000000,,0.000000,,,0.000000,0.000000,"",,,0.000000,,-1.000000,,0.000000,0.000000,-1.000000,-1.000000,,,,,,,,,,,"",,,,,,,,,,"Volumetric",,,,,,,,,,-0.016083,,,,,,,,,,-0.016083,-0.000386,,,,,,,,,,,,
"2FBFC033","Nodes",1119975.729111,1677613.772801,1313.064347,"Default Known Flow Node",69.999969,0.579999,1000.000000,0.000000,"Known Flow",0.000000,0.000000,2.16999993085665e-07,40.000000,0.579999,1000.000000,0.000000,0.000000,13.000000,0.000000,0.515373,0.579999,,,,7.358502,7.358502,,16.800279,,,,,,903.822387,0.066146,0.000000,0.000000,0.000000,,-459.670013,1000.000000,,0.000000,0.000000,,,,0.047062,"UNDEFINED",0.000000,0.997566,0.000000,,,,,"","",,,,7.358502,,0.000000,,0.000000,,,0.000000,0.000000,"",,,0.000000,,-1.000000,,0.000000,0.000000,0.000000,-1.000000,,,,,,,,,,,"",,,,,,,,,,"Volumetric",,,,,,,,,,0.000000,,,,,,,,,,0.000000,0.000000,,,,,,,,,,,,
"2FB87262","Nodes",1120039.845326,1677867.844920,1313.064347,"Default Known Flow Node",69.999969,0.579999,1000.000000,0.000000,"Known Flow",0.000000,0.000000,2.16999993085665e-07,40.000000,0.579999,1000.000000,0.000000,0.000000,13.000000,0.000000,0.515372,0.579999,,,,7.183006,7.183006,,16.800279,,,,,,903.822387,0.066146,0.000000,0.000000,0.000000,,-459.670013,1000.000000,,0.000000,0.000000,,,,0.047042,"SETFLOW",0.000000,0.997567,0.000000,,,,,"","",,,,7.183006,,0.000000,,0.000000,,,0.000000,0.000000,"",,,0.000000,,-1.000000,,0.000000,0.000000,-1.000000,-1.000000,,,,,,,,,,,"",,,,,,,,,,"Volumetric",,,,,,,,,,-0.011231,,,,,,,,,,-0.011231,-0.000269,,,,,,,,,,,,
"2FB87263","Nodes",1120044.367120,1677883.827219,1313.064347,"Default Known Flow Node",69.999969,0.579999,1000.000000,0.000000,"Known Flow",0.000000,0.000000,2.16999993085665e-07,40.000000,0.579999,1000.000000,0.000000,0.000000,13.000000,0.000000,0.515372,0.579999,,,,7.183008,7.183008,,16.800279,,,,,,903.822387,0.066146,0.000000,0.000000,0.000000,,-459.670013,1000.000000,,0.000000,0.000000,,,,0.047042,"UNDEFINED",0.000000,0.997567,0.000000,,,,,"","",,,,7.183008,,0.000000,,0.000000,,,0.000000,0.000000,"",,,0.000000,,-1.000000,,0.000000,0.000000,-1.000000,-1.000000,,,,,,,,,,,"",,,,,,,,,,"Volumetric",,,,,,,,,,0.000000,,,,,,,,,,0.000000,0.000000,,,,,,,,,,,,
"2FAF6430","Nodes",1120047.795304,1677897.326315,1313.064347,"Default Known Flow Node",69.999969,0.579999,1000.000000,0.000000,"Known Flow",0.000000,0.000000,2.16999993085665e-07,40.000000,0.579999,1000.000000,0.000000,0.000000,13.000000,0.000000,0.515372,0.579999,,,,7.183008,7.183008,,16.800279,,,,,,903.822387,0.066146,0.000000,0.000000,0.000000,,-459.670013,1000.000000,,0.000000,0.000000,,,,0.047042,"UNDEFINED",0.000000,0.997567,0.000000,,,,,"","",,,,7.183008,,0.000000,,0.000000,,,0.000000,0.000000,"",,,0.000000,"V16131",-1.000000,,0.000000,0.000000,-1.000000,-1.000000,,,,,,,,,,,"",,,,,,,,,,"Volumetric",,,,,,,,,,0.000000,,,,,,,,,,0.000000,0.000000,,,,,,,,,,,,
"0BEC5FE8","Nodes",1120279.370000,1677877.370000,1313.064347,"Default Known Flow Node",69.999969,0.579999,1000.000000,0.000000,"Known Flow",0.000000,0.000000,2.16999993085665e-07,40.000000,0.579999,1000.000000,0.000000,0.000000,13.000000,0.000000,0.515372,0.579999,,,,7.182989,7.182989,,16.800279,,,,,,903.822387,0.066146,0.000000,0.000000,0.000000,,-459.670013,1000.000000,,0.000000,0.000000,,,,0.047042,"SETFLOW",0.000000,0.997567,0.000000,,,,,"","",,,,7.182989,,0.000000,,0.000000,,,0.000000,0.000000,"",,,0.000000,,-1.000000,,0.000000,0.000000,-1.000000,-1.000000,,,,,,,,,,,"",,,,,,,,,,"Volumetric",,,,,,,,,,-1.833097,,,,,,,,,,-1.833097,-0.043994,,,,,,,,,,,,
"2FAF6432","Nodes",1120058.500000,1677937.870000,1313.064347,"Default Known Flow Node",69.999969,0.579999,1000.000000,0.000000,"Known Flow",0.000000,0.000000,2.16999993085665e-07,40.000000,0.579999,1000.000000,0.000000,0.000000,13.000000,0.000000,0.515372,0.579999,,,,7.183004,7.183004,,16.800279,,,,,,903.822387,0.066146,0.000000,0.000000,0.000000,,-459.670013,1000.000000,,0.000000,0.000000,,,,0.047042,"SETFLOW",0.000000,0.997567,0.000000,,,,,"","",,,,7.183004,,0.000000,,0.000000,,,0.000000,0.000000,"",,,0.000000,,-1.000000,,0.000000,0.000000,-1.000000,-1.000000,,,,,,,,,,,"",,,,,,,,,,"Volumetric",,,,,,,,,,-0.011231,,,,,,,,,,-0.011231,-0.000269,,,,,,,,,,,,
"2FB28160","Nodes",1120058.000000,1677938.000000,1313.064347,"Default Known Flow Node",69.999969,0.579999,1000.000000,0.000000,"Known Flow",0.000000,0.000000,2.16999993085665e-07,40.000000,0.579999,1000.000000,0.000000,0.000000,13.000000,0.000000,0.515372,0.579999,,,,7.183013,7.183013,,16.800279,,,,,,903.822387,0.066146,0.000000,0.000000,0.000000,,-459.670013,1000.000000,,0.000000,0.000000,,,,0.047042,"SETFLOW",0.000000,0.997567,0.000000,,,,,"","",,,,7.183013,,0.000000,,0.000000,,,0.000000,0.000000,"",,,0.000000,,-1.000000,,0.000000,0.000000,-1.000000,-1.000000,,,,,,,,,,,"",,,,,,,,,,"Volumetric",,,,,,,,,,-0.011231,,,,,,,,,,-0.011231,-0.000269,,,,,,,,,,,,
"2FAF64D4","Nodes",1119528.370000,1677950.750000,1313.064347,"Default Known Flow Node",69.999969,0.579999,1000.000000,0.000000,"Known Flow",0.000000,0.000000,2.16999993085665e-07,40.000000,0.579999,1000.000000,0.000000,0.000000,13.000000,0.000000,0.515372,0.579999,,,,7.261254,7.261254,,16.800279,,,,,,903.822387,0.066146,0.000000,0.000000,0.000000,,-459.670013,1000.000000,,0.000000,0.000000,,,,0.047051,"SETFLOW",0.000000,0.997567,0.000000,,,,,"","",,,,7.261254,,0.000000,,0.000000,,,0.000000,0.000000,"",,,0.000000,,-1.000000,,0.000000,0.000000,-1.000000,-1.000000,,,,,,,,,,,"",,,,,,,,,,"Volumetric",,,,,,,,,,-0.003439,,,,,,,,,,-0.003439,-0.000082,,,,,,,,,,,,
"2FBC237E","Nodes",1120066.120000,1677960.870000,1313.064347,"Default Known Flow Node",69.999969,0.579999,1000.000000,0.000000,"Known Flow",0.000000,0.000000,2.16999993085665e-07,40.000000,0.579999,1000.000000,0.000000,0.000000,13.000000,0.000000,0.515372,0.579999,,,,7.181463,7.181463,,16.800279,,,,,,903.822387,0.066146,0.000000,0.000000,0.000000,,-459.670013,1000.000000,,0.000000,0.000000,,,,0.047041,"SETFLOW",0.000000,0.997567,0.000000,,,,,"","",,,,7.181463,,0.000000,,0.000000,,,0.000000,0.000000,"",,,0.000000,,-1.000000,,0.000000,0.000000,-1.000000,-1.000000,,,,,,,,,,,"",,,,,,,,,,"Volumetric",,,,,,,,,,-0.013214,,,,,,,,,,-0.013214,-0.000317,,,,,,,,,,,,
"2FB2834B","Nodes",1120111.000000,1678141.620000,1313.064347,"Default Known Flow Node",69.999969,0.579999,1000.000000,0.000000,"Known Flow",0.000000,0.000000,2.16999993085665e-07,40.000000,0.579999,1000.000000,0.000000,0.000000,13.000000,0.000000,0.515372,0.579999,,,,7.169417,7.169417,,16.800279,,,,,,903.822387,0.066146,0.000000,0.000000,0.000000,,-459.670013,1000.000000,,0.000000,0.000000,,,,0.047040,"SETFLOW",0.000000,0.997567,0.000000,,,,,"","",,,,7.169417,,0.000000,,0.000000,,,0.000000,0.000000,"",,,0.000000,,-1.000000,,0.000000,0.000000,-1.000000,-1.000000,,,,,,,,,,,"",,,,,,,,,,"Volumetric",,,,,,,,,,-0.014762,,,,,,,,,,-0.014762,-0.000354,,,,,,,,,,,,
"2FAFC98A","Nodes",1119528.370000,1677951.750000,1313.064347,"Default Known Flow Node",69.999969,0.579999,1000.000000,0.000000,"Known Flow",0.000000,0.000000,2.16999993085665e-07,40.000000,0.579999,1000.000000,0.000000,0.000000,13.000000,0.000000,0.515372,0.579999,,,,7.261254,7.261254,,16.800279,,,,,,903.822387,0.066146,0.000000,0.000000,0.000000,,-459.670013,1000.000000,,0.000000,0.000000,,,,0.047051,"SETFLOW",0.000000,0.997567,0.000000,,,,,"","",,,,7.261254,,0.000000,,0.000000,,,0.000000,0.000000,"",,,0.000000,,-1.000000,,0.000000,0.000000,-1.000000,-1.000000,,,,,,,,,,,"",,,,,,,,,,"Volumetric",,,,,,,,,,-0.002149,,,,,,,,,,-0.002149,-0.000051,,,,,,,,,,,,
"2FB1C48C","Nodes",1119552.750000,1678049.500000,1313.064347,"Default Known Flow Node",69.999969,0.579999,1000.000000,0.000000,"Known Flow",0.000000,0.000000,2.16999993085665e-07,40.000000,0.579999,1000.000000,0.000000,0.000000,13.000000,0.000000,0.515372,0.579999,,,,7.227714,7.227714,,16.800279,,,,,,903.822387,0.066146,0.000000,0.000000,0.000000,,-459.670013,1000.000000,,0.000000,0.000000,,,,0.047047,"SETFLOW",0.000000,0.997567,0.000000,,,,,"","",,,,7.227714,,0.000000,,0.000000,,,0.000000,0.000000,"",,,0.000000,,-1.000000,,0.000000,0.000000,-1.000000,-1.000000,,,,,,,,,,,"",,,,,,,,,,"Volumetric",,,,,,,,,,-0.012284,,,,,,,,,,-0.012284,-0.000294,,,,,,,,,,,,
"2FB28161","Nodes",1119569.250000,1678055.620000,1313.064347,"Default Known Flow Node",69.999969,0.579999,1000.000000,0.000000,"Known Flow",0.000000,0.000000,2.16999993085665e-07,40.000000,0.579999,1000.000000,0.000000,0.000000,13.000000,0.000000,0.515372,0.579999,,,,7.224214,7.224214,,16.800279,,,,,,903.822387,0.066146,0.000000,0.000000,0.000000,,-459.670013,1000.000000,,0.000000,0.000000,,,,0.047046,"SETFLOW",0.000000,0.997567,0.000000,,,,,"","",,,,7.224214,,0.000000,,0.000000,,,0.000000,0.000000,"",,,0.000000,,-1.000000,,0.000000,0.000000,-1.000000,-1.000000,,,,,,,,,,,"",,,,,,,,,,"Volumetric",,,,,,,,,,-0.011793,,,,,,,,,,-0.011793,-0.000283,,,,,,,,,,,,
"2FB8265D","Nodes",1120112.620000,1678157.250000,1313.064347,"Default Known Flow Node",69.999969,0.579999,1000.000000,0.000000,"Known Flow",0.000000,0.000000,2.16999993085665e-07,40.000000,0.579999,1000.000000,0.000000,0.000000,13.000000,0.000000,0.515372,0.579999,,,,7.168463,7.168463,,16.800279,,,,,,903.822387,0.066146,0.000000,0.000000,0.000000,,-459.670013,1000.000000,,0.000000,0.000000,,,,0.047040,"SETFLOW",0.000000,0.997567,0.000000,,,,,"","",,,,7.168463,,0.000000,,0.000000,,,0.000000,0.000000,"",,,0.000000,,-1.000000,,0.000000,0.000000,-1.000000,-1.000000,,,,,,,,,,,"",,,,,,,,,,"Volumetric",,,,,,,,,,-0.014762,,,,,,,,,,-0.014762,-0.000354,,,,,,,,,,,,
"2FB8DCF9","Nodes",1120163.120000,1678179.250000,1313.064347,"Default Known Flow Node",69.999969,0.579999,1000.000000,0.000000,"Known Flow",0.000000,0.000000,2.16999993085665e-07,40.000000,0.579999,1000.000000,0.000000,0.000000,13.000000,0.000000,0.515372,0.579999,,,,7.166373,7.166373,,16.800279,,,,,,903.822387,0.066146,0.000000,0.000000,0.000000,,-459.670013,1000.000000,,0.000000,0.000000,,,,0.047040,"UNDEFINED",0.000000,0.997567,0.000000,,,,,"","",,,,7.166373,,0.000000,,0.000000,,,0.000000,0.000000,"",,,0.000000,,-1.000000,,0.000000,0.000000,-1.000000,-1.000000,,,,,,,,,,,"",,,,,,,,,,"Volumetric",,,,,,,,,,0.000000,,,,,,,,,,0.000000,0.000000,,,,,,,,,,,,
"2FAF6433","Nodes",1120120.870000,1678190.120000,1313.064347,"Default Known Flow Node",69.999969,0.579999,1000.000000,0.000000,"Known Flow",0.000000,0.000000,2.16999993085665e-07,40.000000,0.579999,1000.000000,0.000000,0.000000,13.000000,0.000000,0.515372,0.579999,,,,7.166340,7.166340,,16.800279,,,,,,903.822387,0.066146,0.000000,0.000000,0.000000,,-459.670013,1000.000000,,0.000000,0.000000,,,,0.047040,"UNDEFINED",0.000000,0.997567,0.000000,,,,,"","",,,,7.166340,,0.000000,,0.000000,,,0.000000,0.000000,"",,,0.000000,,-1.000000,,0.000000,0.000000,-1.000000,-1.000000,,,,,,,,,,,"",,,,,,,,,,"Volumetric",,,,,,,,,,0.000000,,,,,,,,,,0.000000,0.000000,,,,,,,,,,,,
"2FB8265C","Nodes",1120116.120000,1678191.000000,1313.064347,"Default Known Flow Node",69.999969,0.579999,1000.000000,0.000000,"Known Flow",0.000000,0.000000,2.16999993085665e-07,40.000000,0.579999,1000.000000,0.000000,0.000000,13.000000,0.000000,0.515372,0.579999,,,,7.166368,7.166368,,16.800279,,,,,,903.822387,0.066146,0.000000,0.000000,0.000000,,-459.670013,1000.000000,,0.000000,0.000000,,,,0.047040,"UNDEFINED",0.000000,0.997567,0.000000,,,,,"","",,,,7.166368,,0.000000,,0.000000,,,0.000000,0.000000,"",,,0.000000,,-1.000000,,0.000000,0.000000,-1.000000,-1.000000,,,,,,,,,,,"",,,,,,,,,,"Volumetric",,,,,,,,,,0.000000,,,,,,,,,,0.000000,0.000000,,,,,,,,,,,,
"2FB82660","Nodes",1120111.370000,1678192.250000,1313.064347,"Default Known Flow Node",69.999969,0.579999,1000.000000,0.000000,"Known Flow",0.000000,0.000000,2.16999993085665e-07,40.000000,0.579999,1000.000000,0.000000,0.000000,13.000000,0.000000,0.515372,0.579999,,,,7.166615,7.166615,,16.800279,,,,,,903.822387,0.066146,0.000000,0.000000,0.000000,,-459.670013,1000.000000,,0.000000,0.000000,,,,0.047040,"SETFLOW",0.000000,0.997567,0.000000,,,,,"","",,,,7.166615,,0.000000,,0.000000,,,0.000000,0.000000,"",,,0.000000,,-1.000000,,0.000000,0.000000,-1.000000,-1.000000,,,,,,,,,,,"",,,,,,,,,,"Volumetric",,,,,,,,,,-0.036470,,,,,,,,,,-0.036470,-0.000875,,,,,,,,,,,,
"2FB8265E","Nodes",1120122.250000,1678196.000000,1313.064347,"Default Known Flow Node",69.999969,0.579999,1000.000000,0.000000,"Known Flow",0.000000,0.000000,2.16999993085665e-07,40.000000,0.579999,1000.000000,0.000000,0.000000,13.000000,0.000000,0.515372,0.579999,,,,7.166229,7.166229,,16.800279,,,,,,903.822387,0.066146,0.000000,0.000000,0.000000,,-459.670013,1000.000000,,0.000000,0.000000,,,,0.047040,"UNDEFINED",0.000000,0.997567,0.000000,,,,,"","",,,,7.166229,,0.000000,,0.000000,,,0.000000,0.000000,"",,,0.000000,,-1.000000,,0.000000,0.000000,-1.000000,-1.000000,,,,,,,,,,,"",,,,,,,,,,"Volumetric",,,,,,,,,,0.000000,,,,,,,,,,0.000000,0.000000,,,,,,,,,,,,
"2FB85E44","Nodes",1119600.250000,1678242.000000,1313.064347,"Default Known Flow Node",69.999969,0.579999,1000.000000,0.000000,"Known Flow",0.000000,0.000000,2.16999993085665e-07,40.000000,0.579999,1000.000000,0.000000,0.000000,13.000000,0.000000,0.515372,0.579999,,,,7.203022,7.203022,,16.800279,,,,,,903.822387,0.066146,0.000000,0.000000,0.000000,,-459.670013,1000.000000,,0.000000,0.000000,,,,0.047044,"SETFLOW",0.000000,0.997567,0.000000,,,,,"","",,,,7.203022,,0.000000,,0.000000,,,0.000000,0.000000,"",,,0.000000,,-1.000000,,0.000000,0.000000,-1.000000,-1.000000,,,,,,,,,,,"",,,,,,,,,,"Volumetric",,,,,,,,,,-0.004913,,,,,,,,,,-0.004913,-0.000117,,,,,,,,,,,,
"2FB85E46","Nodes",1119601.500000,1678279.870000,1313.064347,"Default Known Flow Node",69.999969,0.579999,1000.000000,0.000000,"Known Flow",0.000000,0.000000,2.16999993085665e-07,40.000000,0.579999,1000.000000,0.000000,0.000000,13.000000,0.000000,0.515372,0.579999,,,,7.195627,7.195627,,16.800279,,,,,,903.822387,0.066146,0.000000,0.000000,0.000000,,-459.670013,1000.000000,,0.000000,0.000000,,,,0.047043,"SETFLOW",0.000000,0.997567,0.000000,,,,,"","",,,,7.195627,,0.000000,,0.000000,,,0.000000,0.000000,"",,,0.000000,,-1.000000,,0.000000,0.000000,-1.000000,-1.000000,,,,,,,,,,,"",,,,,,,,,,"Volumetric",,,,,,,,,,-1.085992,,,,,,,,,,-1.085992,-0.026063,,,,,,,,,,,,
"2FB1F87D","Nodes",1120143.250000,1678280.000000,1313.064347,"Default Known Flow Node",69.999969,0.579999,1000.000000,0.000000,"Known Flow",0.000000,0.000000,2.16999993085665e-07,40.000000,0.579999,1000.000000,0.000000,0.000000,13.000000,0.000000,0.515372,0.579999,,,,7.165666,7.165666,,16.800279,,,,,,903.822387,0.066146,0.000000,0.000000,0.000000,,-459.670013,1000.000000,,0.000000,0.000000,,,,0.047040,"SETFLOW",0.000000,0.997567,0.000000,,,,,"","",,,,7.165666,,0.000000,,0.000000,,,0.000000,0.000000,"",,,0.000000,,-1.000000,,0.000000,0.000000,-1.000000,-1.000000,,,,,,,,,,,"",,,,,,,,,,"Volumetric",,,,,,,,,,-0.008683,,,,,,,,,,-0.008683,-0.000208,,,,,,,,,,,,
"2FB1F880","Nodes",1119738.500000,1678280.000000,1313.064347,"Default Known Flow Node",69.999969,0.579999,1000.000000,0.000000,"Known Flow",0.000000,0.000000,2.16999993085665e-07,40.000000,0.579999,1000.000000,0.000000,0.000000,13.000000,0.000000,0.515372,0.579999,,,,7.188103,7.188103,,16.800279,,,,,,903.822387,0.066146,0.000000,0.000000,0.000000,,-459.670013,1000.000000,,0.000000,0.000000,,,,0.047042,"SETFLOW",0.000000,0.997567,0.000000,,,,,"","",,,,7.188103,,0.000000,,0.000000,,,0.000000,0.000000,"",,,0.000000,,-1.000000,,0.000000,0.000000,-1.000000,-1.000000,,,,,,,,,,,"",,,,,,,,,,"Volumetric",,,,,,,,,,-0.005781,,,,,,,,,,-0.005781,-0.000138,,,,,,,,,,,,
"2FB85E49","Nodes",1119609.250000,1678311.500000,1313.064347,"Default Known Flow Node",69.999969,0.579999,1000.000000,0.000000,"Known Flow",0.000000,0.000000,2.16999993085665e-07,40.000000,0.579999,1000.000000,0.000000,0.000000,13.000000,0.000000,0.515372,0.579999,,,,7.193339,7.193339,,16.800279,,,,,,903.822387,0.066146,0.000000,0.000000,0.000000,,-459.670013,1000.000000,,0.000000,0.000000,,,,0.047043,"SETFLOW",0.000000,0.997567,0.000000,,,,,"","",,,,7.193339,,0.000000,,0.000000,,,0.000000,0.000000,"",,,0.000000,,-1.000000,,0.000000,0.000000,-1.000000,-1.000000,,,,,,,,,,,"",,,,,,,,,,"Volumetric",,,,,,,,,,-0.002456,,,,,,,,,,-0.002457,-0.000058,,,,,,,,,,,,
"2FB85E48","Nodes",1119649.750000,1678301.370000,1313.064347,"Default Known Flow Node",69.999969,0.579999,1000.000000,0.000000,"Known Flow",0.000000,0.000000,2.16999993085665e-07,40.000000,0.579999,1000.000000,0.000000,0.000000,13.000000,0.000000,0.515372,0.579999,,,,7.192981,7.192981,,16.800279,,,,,,903.822387,0.066146,0.000000,0.000000,0.000000,,-459.670013,1000.000000,,0.000000,0.000000,,,,0.047043,"UNDEFINED",0.000000,0.997567,0.000000,,,,,"","",,,,7.192981,,0.000000,,0.000000,,,0.000000,0.000000,"",,,0.000000,,-1.000000,,0.000000,0.000000,-1.000000,-1.000000,,,,,,,,,,,"",,,,,,,,,,"Volumetric",,,,,,,,,,0.000000,,,,,,,,,,0.000000,0.000000,,,,,,,,,,,,
"2FB85E4A","Nodes",1119648.000000,1678301.870000,1313.064347,"Default Known Flow Node",69.999969,0.579999,1000.000000,0.000000,"Known Flow",0.000000,0.000000,2.16999993085665e-07,40.000000,0.579999,1000.000000,0.000000,0.000000,13.000000,0.000000,0.515372,0.579999,,,,7.192998,7.192998,,16.800279,,,,,,903.822387,0.066146,0.000000,0.000000,0.000000,,-459.670013,1000.000000,,0.000000,0.000000,,,,0.047043,"UNDEFINED",0.000000,0.997567,0.000000,,,,,"","",,,,7.192998,,0.000000,,0.000000,,,0.000000,0.000000,"",,,0.000000,,-1.000000,,0.000000,0.000000,-1.000000,-1.000000,,,,,,,,,,,"",,,,,,,,,,"Volumetric",,,,,,,,,,0.000000,,,,,,,,,,0.000000,0.000000,,,,,,,,,,,,
"2FB85E47","Nodes",1119574.750000,1678320.370000,1313.064347,"Default Known Flow Node",69.999969,0.579999,1000.000000,0.000000,"Known Flow",0.000000,0.000000,2.16999993085665e-07,40.000000,0.579999,1000.000000,0.000000,0.000000,13.000000,0.000000,0.515372,0.579999,,,,7.194179,7.194179,,16.800279,,,,,,903.822387,0.066146,0.000000,0.000000,0.000000,,-459.670013,1000.000000,,0.000000,0.000000,,,,0.047043,"SETFLOW",0.000000,0.997567,0.000000,,,,,"","",,,,7.194179,,0.000000,,0.000000,,,0.000000,0.000000,"",,,0.000000,,-1.000000,,0.000000,0.000000,-1.000000,-1.000000,,,,,,,,,,,"",,,,,,,,,,"Volumetric",,,,,,,,,,-0.008845,,,,,,,,,,-0.008845,-0.000212,,,,,,,,,,,,
"Q3No12","Nodes",1119622.577016,1678348.716725,1313.064347,"Default Known Flow Node",69.999969,0.579999,1000.000000,0.000000,"Known Flow",0.000000,0.000000,2.16999993085665e-07,40.000000,0.579999,1000.000000,0.000000,0.000000,13.000000,0.000000,0.515372,0.579999,,,,7.189409,7.189409,,16.800279,,,,,,903.822387,0.066146,0.000000,0.000000,0.000000,,-459.670013,1000.000000,,0.000000,0.000000,,,,0.047042,"UNDEFINED",0.000000,0.997567,0.000000,,,,,"","",,,,7.189409,,0.000000,,0.000000,,,0.000000,0.000000,"",,,0.000000,,-1.000000,,0.000000,0.000000,0.000000,-1.000000,,,,,,,,,,,"",,,,,,,,,,"Volumetric",,,,,,,,,,0.000000,,,,,,,,,,0.000000,0.000000,,,,,,,,,,,,
"2FB1C51C","Nodes",1120279.870000,1678406.750000,1313.064347,"Default Known Flow Node",69.999969,0.579999,1000.000000,0.000000,"Known Flow",0.000000,0.000000,2.16999993085665e-07,40.000000,0.579999,1000.000000,0.000000,0.000000,13.000000,0.000000,0.515372,0.579999,,,,7.153038,7.153038,,16.800279,,,,,,903.822387,0.066146,0.000000,0.000000,0.000000,,-459.670013,1000.000000,,0.000000,0.000000,,,,0.047038,"SETFLOW",0.000000,0.997568,0.000000,,,,,"","",,,,7.153038,,0.000000,,0.000000,,,0.000000,0.000000,"",,,0.000000,,-1.000000,,0.000000,0.000000,-1.000000,-1.000000,,,,,,,,,,,"",,,,,,,,,,"Volumetric",,,,,,,,,,-0.026655,,,,,,,,,,-0.026655,-0.000639,,,,,,,,,,,,
"2FAF6639","Nodes",1120180.500000,1678433.120000,1313.064347,"Default Known Flow Node",69.999969,0.579999,1000.000000,0.000000,"Known Flow",0.000000,0.000000,2.16999993085665e-07,40.000000,0.579999,1000.000000,0.000000,0.000000,13.000000,0.000000,0.515372,0.579999,,,,7.153240,7.153240,,16.800279,,,,,,903.822387,0.066146,0.000000,0.000000,0.000000,,-459.670013,1000.000000,,0.000000,0.000000,,,,0.047038,"SETFLOW",0.000000,0.997568,0.000000,,,,,"","",,,,7.153240,,0.000000,,0.000000,,,0.000000,0.000000,"",,,0.000000,,-1.000000,,0.000000,0.000000,-1.000000,-1.000000,,,,,,,,,,,"",,,,,,,,,,"Volumetric",,,,,,,,,,-0.048844,,,,,,,,,,-0.048844,-0.001172,,,,,,,,,,,,
"2FAF5C1A","Nodes",1119797.750000,1678535.000000,1313.064347,"Default Known Flow Node",69.999969,0.579999,1000.000000,0.000000,"Known Flow",0.000000,0.000000,2.16999993085665e-07,40.000000,0.579999,1000.000000,0.000000,0.000000,13.000000,0.000000,0.515372,0.579999,,,,7.178858,7.178858,,16.800279,,,,,,903.822387,0.066146,0.000000,0.000000,0.000000,,-459.670013,1000.000000,,0.000000,0.000000,,,,0.047041,"SETFLOW",0.000000,0.997567,0.000000,,,,,"","",,,,7.178858,,0.000000,,0.000000,,,0.000000,0.000000,"",,,0.000000,,-1.000000,,0.000000,0.000000,-1.000000,-1.000000,,,,,,,,,,,"",,,,,,,,,,"Volumetric",,,,,,,,,,-0.037892,,,,,,,,,,-0.037892,-0.000909,,,,,,,,,,,,
"2FAF5C1B","Nodes",1119794.870000,1678535.750000,1313.064347,"Default Known Flow Node",69.999969,0.579999,1000.000000,0.000000,"Known Flow",0.000000,0.000000,2.16999993085665e-07,40.000000,0.579999,1000.000000,0.000000,0.000000,13.000000,0.000000,0.515372,0.579999,,,,7.179151,7.179151,,16.800279,,,,,,903.822387,0.066146,0.000000,0.000000,0.000000,,-459.670013,1000.000000,,0.000000,0.000000,,,,0.047041,"UNDEFINED",0.000000,0.997567,0.000000,,,,,"","",,,,7.179151,,0.000000,,0.000000,,,0.000000,0.000000,"",,,0.000000,,-1.000000,,0.000000,0.000000,-1.000000,-1.000000,,,,,,,,,,,"",,,,,,,,,,"Volumetric",,,,,,,,,,0.000000,,,,,,,,,,0.000000,0.000000,,,,,,,,,,,,
"2FB24888","Nodes",1119688.538663,1678563.929682,1313.064347,"Default Known Flow Node",69.999969,0.579999,1000.000000,0.000000,"Known Flow",0.000000,0.000000,2.16999993085665e-07,40.000000,0.579999,1000.000000,0.000000,0.000000,13.000000,0.000000,0.515372,0.579999,,,,7.180798,7.180798,,16.800279,,,,,,903.822387,0.066146,0.000000,0.000000,0.000000,,-459.670013,1000.000000,,0.000000,0.000000,,,,0.047041,"UNDEFINED",0.000000,0.997567,0.000000,,,,,"","",,,,7.180798,,0.000000,,0.000000,,,0.000000,0.000000,"",,,0.000000,,-1.000000,,0.000000,0.000000,-1.000000,-1.000000,,,,,,,,,,,"",,,,,,,,,,"Volumetric",,,,,,,,,,0.000000,,,,,,,,,,0.000000,0.000000,,,,,,,,,,,,
"2FAF6891","Nodes",1119682.749745,1678565.138000,1313.064347,"Default Known Flow Node",69.999969,0.579999,1000.000000,0.000000,"Known Flow",0.000000,0.000000,2.16999993085665e-07,40.000000,0.579999,1000.000000,0.000000,0.000000,13.000000,0.000000,0.515372,0.579999,,,,7.181226,7.181226,,16.800279,,,,,,903.822387,0.066146,0.000000,0.000000,0.000000,,-459.670013,1000.000000,,0.000000,0.000000,,,,0.047041,"SETFLOW",0.000000,0.997567,0.000000,,,,,"","",,,,7.181226,,0.000000,,0.000000,,,0.000000,0.000000,"",,,0.000000,,-1.000000,,0.000000,0.000000,-1.000000,-1.000000,,,,,,,,,,,"",,,,,,,,,,"Volumetric",,,,,,,,,,-0.002890,,,,,,,,,,-0.002890,-0.000069,,,,,,,,,,,,
"Q3No27","Nodes",1119683.486660,1678568.046394,1313.064347,"Default Known Flow Node",69.999969,0.579999,1000.000000,0.000000,"Known Flow",0.000000,0.000000,2.16999993085665e-07,40.000000,0.579999,1000.000000,0.000000,0.000000,13.000000,0.000000,0.515372,0.579999,,,,7.181184,7.181184,,16.800279,,,,,,903.822387,0.066146,0.000000,0.000000,0.000000,,-459.670013,1000.000000,,0.000000,0.000000,,,,0.047041,"UNDEFINED",0.000000,0.997567,0.000000,,,,,"","",,,,7.181184,,0.000000,,0.000000,,,0.000000,0.000000,"",,,0.000000,,-1.000000,,0.000000,0.000000,0.000000,-1.000000,,,,,,,,,,,"",,,,,,,,,,"Volumetric",,,,,,,,,,0.000000,,,,,,,,,,0.000000,0.000000,,,,,,,,,,,,
"2FAF5E46","Nodes",1119545.120000,1678595.750000,1313.064347,"Default Known Flow Node",69.999969,0.579999,1000.000000,0.000000,"Known Flow",0.000000,0.000000,2.16999993085665e-07,40.000000,0.579999,1000.000000,0.000000,0.000000,13.000000,0.000000,0.515372,0.579999,,,,7.185342,7.185342,,16.800279,,,,,,903.822387,0.066146,0.000000,0.000000,0.000000,,-459.670013,1000.000000,,0.000000,0.000000,,,,0.047042,"SETFLOW",0.000000,0.997567,0.000000,,,,,"","",,,,7.185342,,0.000000,,0.000000,,,0.000000,0.000000,"",,,0.000000,,-1.000000,,0.000000,0.000000,-1.000000,-1.000000,,,,,,,,,,,"",,,,,,,,,,"Volumetric",,,,,,,,,,-0.005781,,,,,,,,,,-0.005781,-0.000138,,,,,,,,,,,,
"0BEC4902","Nodes",1121039.250000,1668231.620000,1313.064347,"Default Known Flow Node",69.999969,0.579999,1000.000000,0.000000,"Known Flow",0.000000,0.000000,2.16999993085665e-07,40.000000,0.579999,1000.000000,0.000000,0.000000,13.000000,0.000000,0.515379,0.579999,,,,8.505515,8.505515,,16.800279,,,,,,903.822387,0.066146,0.000000,0.000000,0.000000,,-459.670013,1000.000000,,0.000000,0.000000,,,,0.047192,"SETFLOW",0.000000,0.997560,0.000000,,,,,"","",,,,8.505515,,0.000000,,0.000000,,,0.000000,0.000000,"",,,0.000000,,-1.000000,,0.000000,0.000000,-1.000000,-1.000000,,,,,,,,,,,"",,,,,,,,,,"Volumetric",,,,,,,,,,-0.524159,,,,,,,,,,-0.524159,-0.012579,,,,,,,,,,,,
"0BEC30BE","Nodes",1121300.000000,1667652.250000,1313.064347,"Default Known Flow Node",69.999969,0.579999,1000.000000,0.000000,"Known Flow",0.000000,0.000000,2.16999993085665e-07,40.000000,0.579999,1000.000000,0.000000,0.000000,13.000000,0.000000,0.515380,0.579999,,,,8.674894,8.674894,,16.800279,,,,,,903.822387,0.066145,0.000000,0.000000,0.000000,,-459.670013,1000.000000,,0.000000,0.000000,,,,0.047211,"SETFLOW",0.000000,0.997559,0.000000,,,,,"","",,,,8.674894,,0.000000,,0.000000,,,0.000000,0.000000,"",,,0.000000,,-1.000000,,0.000000,0.000000,-1.000000,-1.000000,,,,,,,,,,,"",,,,,,,,,,"Volumetric",,,,,,,,,,-0.206387,,,,,,,,,,-0.206387,-0.004953,,,,,,,,,,,,
"0BEC490E","Nodes",1121270.870000,1667638.620000,1313.064347,"Default Known Flow Node",69.999969,0.579999,1000.000000,0.000000,"Known Flow",0.000000,0.000000,2.16999993085665e-07,40.000000,0.579999,1000.000000,0.000000,0.000000,13.000000,0.000000,0.515380,0.579999,,,,8.674893,8.674893,,16.800279,,,,,,903.822387,0.066145,0.000000,0.000000,0.000000,,-459.670013,1000.000000,,0.000000,0.000000,,,,0.047211,"SETFLOW",0.000000,0.997559,0.000000,,,,,"","",,,,8.674893,,0.000000,,0.000000,,,0.000000,0.000000,"",,,0.000000,,-1.000000,,0.000000,0.000000,-1.000000,-1.000000,,,,,,,,,,,"",,,,,,,,,,"Volumetric",,,,,,,,,,-0.001965,,,,,,,,,,-0.001965,-0.000047,,,,,,,,,,,,
"0BEC4905","Nodes",1121161.000000,1668227.000000,1313.064347,"Default Known Flow Node",69.999969,0.579999,1000.000000,0.000000,"Known Flow",0.000000,0.000000,2.16999993085665e-07,40.000000,0.579999,1000.000000,0.000000,0.000000,13.000000,0.000000,0.515380,0.579999,,,,8.556331,8.556331,,16.800279,,,,,,903.822387,0.066145,0.000000,0.000000,0.000000,,-459.670013,1000.000000,,0.000000,0.000000,,,,0.047198,"SETFLOW",0.000000,0.997559,0.000000,,,,,"","",,,,8.556331,,0.000000,,0.000000,,,0.000000,0.000000,"",,,0.000000,,-1.000000,,0.000000,0.000000,-1.000000,-1.000000,,,,,,,,,,,"",,,,,,,,,,"Volumetric",,,,,,,,,,-0.203111,,,,,,,,,,-0.203111,-0.004874,,,,,,,,,,,,
"0BEC30BD","Nodes",1121300.000000,1668222.000000,1313.064347,"Default Known Flow Node",69.999969,0.579999,1000.000000,0.000000,"Known Flow",0.000000,0.000000,2.16999993085665e-07,40.000000,0.579999,1000.000000,0.000000,0.000000,13.000000,0.000000,0.515380,0.579999,,,,8.616743,8.616743,,16.800279,,,,,,903.822387,0.066145,0.000000,0.000000,0.000000,,-459.670013,1000.000000,,0.000000,0.000000,,,,0.047205,"SETFLOW",0.000000,0.997559,0.000000,,,,,"","",,,,8.616743,,0.000000,,0.000000,,,0.000000,0.000000,"",,,0.000000,,-1.000000,,0.000000,0.000000,-1.000000,-1.000000,,,,,,,,,,,"",,,,,,,,,,"Volumetric",,,,,,,,,,-0.222767,,,,,,,,,,-0.222767,-0.005346,,,,,,,,,,,,
"0BEC4904","Nodes",1121130.120000,1668228.250000,1313.064347,"Default Known Flow Node",69.999969,0.579999,1000.000000,0.000000,"Known Flow",0.000000,0.000000,2.16999993085665e-07,40.000000,0.579999,1000.000000,0.000000,0.000000,13.000000,0.000000,0.515380,0.579999,,,,8.543503,8.543503,,16.800279,,,,,,903.822387,0.066145,0.000000,0.000000,0.000000,,-459.670013,1000.000000,,0.000000,0.000000,,,,0.047196,"SETFLOW",0.000000,0.997559,0.000000,,,,,"","",,,,8.543503,,0.000000,,0.000000,,,0.000000,0.000000,"",,,0.000000,,-1.000000,,0.000000,0.000000,-1.000000,-1.000000,,,,,,,,,,,"",,,,,,,,,,"Volumetric",,,,,,,,,,-0.039311,,,,,,,,,,-0.039311,-0.000943,,,,,,,,,,,,
"0BEC4903","Nodes",1121049.620000,1668231.250000,1313.064347,"Default Known Flow Node",69.999969,0.579999,1000.000000,0.000000,"Known Flow",0.000000,0.000000,2.16999993085665e-07,40.000000,0.579999,1000.000000,0.000000,0.000000,13.000000,0.000000,0.515379,0.579999,,,,8.508796,8.508796,,16.800279,,,,,,903.822387,0.066146,0.000000,0.000000,0.000000,,-459.670013,1000.000000,,0.000000,0.000000,,,,0.047192,"SETFLOW",0.000000,0.997560,0.000000,,,,,"","",,,,8.508796,,0.000000,,0.000000,,,0.000000,0.000000,"",,,0.000000,"Whitestone Realty Moved to Firm 10-22-14",-1.000000,,0.000000,0.000000,-1.000000,-1.000000,,,,,,,,,,,"",,,,,,,,,,"Volumetric",,,,,,,,,,-3.275995,,,,,,,,,,-3.275995,-0.078623,,,,,,,,,,,,
"0BEC4901","Nodes",1121001.750000,1668233.000000,1313.064347,"Default Known Flow Node",69.999969,0.579999,1000.000000,0.000000,"Known Flow",0.000000,0.000000,2.16999993085665e-07,40.000000,0.579999,1000.000000,0.000000,0.000000,13.000000,0.000000,0.515379,0.579999,,,,8.497013,8.497013,,16.800279,,,,,,903.822387,0.066146,0.000000,0.000000,0.000000,,-459.670013,1000.000000,,0.000000,0.000000,,,,0.047191,"SETFLOW",0.000000,0.997560,0.000000,,,,,"","",,,,8.497013,,0.000000,,0.000000,,,0.000000,0.000000,"",,,0.000000,,-1.000000,,0.000000,0.000000,-1.000000,-1.000000,,,,,,,,,,,"",,,,,,,,,,"Volumetric",,,,,,,,,,-0.044553,,,,,,,,,,-0.044553,-0.001069,,,,,,,,,,,,
"0BEC48FE","Nodes",1120630.370000,1668233.870000,1313.064347,"Default Known Flow Node",69.999969,0.579999,1000.000000,0.000000,"Known Flow",0.000000,0.000000,2.16999993085665e-07,40.000000,0.579999,1000.000000,0.000000,0.000000,13.000000,0.000000,0.515379,0.579999,,,,8.444723,8.444723,,16.800279,,,,,,903.822387,0.066146,0.000000,0.000000,0.000000,,-459.670013,1000.000000,,0.000000,0.000000,,,,0.047185,"SETFLOW",0.000000,0.997560,0.000000,,,,,"","",,,,8.444723,,0.000000,,0.000000,,,0.000000,0.000000,"",,,0.000000,,-1.000000,,0.000000,0.000000,-1.000000,-1.000000,,,,,,,,,,,"",,,,,,,,,,"Volumetric",,,,,,,,,,-0.001965,,,,,,,,,,-0.001965,-0.000047,,,,,,,,,,,,
"2FB25E26","Nodes",1120626.500000,1668247.500000,1313.064347,"Default Known Flow Node",69.999969,0.579999,1000.000000,0.000000,"Known Flow",0.000000,0.000000,2.16999993085665e-07,40.000000,0.579999,1000.000000,0.000000,0.000000,13.000000,0.000000,0.515379,0.579999,,,,8.439821,8.439821,,16.800279,,,,,,903.822387,0.066146,0.000000,0.000000,0.000000,,-459.670013,1000.000000,,0.000000,0.000000,,,,0.047184,"UNDEFINED",0.000000,0.997560,0.000000,,,,,"","",,,,8.439821,,0.000000,,0.000000,,,0.000000,0.000000,"",,,0.000000,,-1.000000,,0.000000,0.000000,-1.000000,-1.000000,,,,,,,,,,,"",,,,,,,,,,"Volumetric",,,,,,,,,,0.000000,,,,,,,,,,0.000000,0.000000,,,,,,,,,,,,
"0BEC48F9","Nodes",1120623.750000,1668244.620000,1313.064347,"Default Known Flow Node",69.999969,0.579999,1000.000000,0.000000,"Known Flow",0.000000,0.000000,2.16999993085665e-07,40.000000,0.579999,1000.000000,0.000000,0.000000,13.000000,0.000000,0.515379,0.579999,,,,8.435422,8.435422,,16.800279,,,,,,903.822387,0.066146,0.000000,0.000000,0.000000,,-459.670013,1000.000000,,0.000000,0.000000,,,,0.047184,"UNDEFINED",0.000000,0.997560,0.000000,,,,,"","",,,,8.435422,,0.000000,,0.000000,,,0.000000,0.000000,"",,,0.000000,,-1.000000,,0.000000,0.000000,-1.000000,-1.000000,,,,,,,,,,,"",,,,,,,,,,"Volumetric",,,,,,,,,,0.000000,,,,,,,,,,0.000000,0.000000,,,,,,,,,,,,
"3W24","Nodes",1120630.370000,1668245.500000,1313.064347,"Default Known Flow Node",69.999969,0.579999,1000.000000,0.000000,"Known Flow",0.000000,0.000000,2.16999993085665e-07,40.000000,0.579999,1000.000000,0.000000,0.000000,13.000000,0.000000,0.515379,0.579999,,,,8.442837,8.442837,,16.800279,,,,,,903.822387,0.066146,0.000000,0.000000,0.000000,,-459.670013,1000.000000,,0.000000,0.000000,,,,0.047185,"SETFLOW",0.000000,0.997560,0.000000,,,,,"","",,,,8.442837,,0.000000,,0.000000,,,0.000000,0.000000,"",,,0.000000,"CIAMPA 35 AVE INC",-1.000000,,0.000000,0.000000,-1.000000,-1.000000,,,,,,,,,,,"",,,,"",,,,,,"Volumetric",,,,"Volumetric",,,,,,0.000000,,,,-2.054999,,,,,,0.000000,0.000000,,,,,,,,,,,,
"2FB25E20","Nodes",1120629.250000,1668245.500000,1313.064347,"Default Known Flow Node",69.999969,0.579999,1000.000000,0.000000,"Known Flow",0.000000,0.000000,2.16999993085665e-07,40.000000,0.579999,1000.000000,0.000000,0.000000,13.000000,0.000000,0.515379,0.579999,,,,8.442837,8.442837,,16.800279,,,,,,903.822387,0.066146,0.000000,0.000000,0.000000,,-459.670013,1000.000000,,0.000000,0.000000,,,,0.047185,"UNDEFINED",0.000000,0.997560,0.000000,,,,,"","",,,,8.442837,,0.000000,,0.000000,,,0.000000,0.000000,"",,,0.000000,,-1.000000,,0.000000,0.000000,-1.000000,-1.000000,,,,,,,,,,,"",,,,,,,,,,"Volumetric",,,,,,,,,,0.000000,,,,,,,,,,0.000000,0.000000,,,,,,,,,,,,
"2FB25E21","Nodes",1120629.000000,1668245.500000,1313.064347,"Default Known Flow Node",69.999969,0.579999,1000.000000,0.000000,"Known Flow",0.000000,0.000000,2.16999993085665e-07,40.000000,0.579999,1000.000000,0.000000,0.000000,13.000000,0.000000,0.515379,0.579999,,,,8.442837,8.442837,,16.800279,,,,,,903.822387,0.066146,0.000000,0.000000,0.000000,,-459.670013,1000.000000,,0.000000,0.000000,,,,0.047185,"UNDEFINED",0.000000,0.997560,0.000000,,,,,"","",,,,8.442837,,0.000000,,0.000000,,,0.000000,0.000000,"",,,0.000000,,-1.000000,,0.000000,0.000000,-1.000000,-1.000000,,,,,,,,,,,"",,,,,,,,,,"Volumetric",,,,,,,,,,0.000000,,,,,,,,,,0.000000,0.000000,,,,,,,,,,,,
"2FB25E1F","Nodes",1120627.620000,1668245.620000,1313.064347,"Default Known Flow Node",69.999969,0.579999,1000.000000,0.000000,"Known Flow",0.000000,0.000000,2.16999993085665e-07,40.000000,0.579999,1000.000000,0.000000,0.000000,13.000000,0.000000,0.515379,0.579999,,,,8.442837,8.442837,,16.800279,,,,,,903.822387,0.066146,0.000000,0.000000,0.000000,,-459.670013,1000.000000,,0.000000,0.000000,,,,0.047185,"UNDEFINED",0.000000,0.997560,0.000000,,,,,"","",,,,8.442837,,0.000000,,0.000000,,,0.000000,0.000000,"",,,0.000000,,-1.000000,,0.000000,0.000000,-1.000000,-1.000000,,,,,,,,,,,"",,,,,,,,,,"Volumetric",,,,,,,,,,0.000000,,,,,,,,,,0.000000,0.000000,,,,,,,,,,,,
"3W21","Nodes",1120579.500000,1668246.000000,1313.064347,"Default Known Flow Node",69.999969,0.579999,1000.000000,0.000000,"Known Flow",0.000000,0.000000,2.16999993085665e-07,40.000000,0.579999,1000.000000,0.000000,0.000000,13.000000,0.000000,0.515379,0.579999,,,,8.396715,8.396715,,16.800279,,,,,,903.822387,0.066146,0.000000,0.000000,0.000000,,-459.670013,1000.000000,,0.000000,0.000000,,,,0.047180,"SETFLOW",0.000000,0.997560,0.000000,,,,,"","",,,,8.396715,,0.000000,,0.000000,,,0.000000,0.000000,"",,,0.000000,"35-15 Parsons Blvd, (moved to firm 4/1/09)",-1.000000,,0.000000,0.000000,-1.000000,-1.000000,,,,,,,,,,,,,,,,"",,,,,,,,,,"Volumetric",,,,,,,,,,-1.614997,,,,,-1.614997,-0.038759,,,,,,,,,,,,
"0BEC48FB","Nodes",1120575.000000,1668246.120000,1313.064347,"Default Known Flow Node",69.999969,0.579999,1000.000000,0.000000,"Known Flow",0.000000,0.000000,2.16999993085665e-07,40.000000,0.579999,1000.000000,0.000000,0.000000,13.000000,0.000000,0.515379,0.579999,,,,8.393406,8.393406,,16.800279,,,,,,903.822387,0.066146,0.000000,0.000000,0.000000,,-459.670013,1000.000000,,0.000000,0.000000,,,,0.047179,"SETFLOW",0.000000,0.997560,0.000000,,,,,"","",,,,8.393406,,0.000000,,0.000000,,,0.000000,0.000000,"",,,0.000000,,-1.000000,,0.000000,0.000000,-1.000000,-1.000000,,,,,,,,,,,"",,,,,,,,,,"Volumetric",,,,,,,,,,-0.005241,,,,,,,,,,-0.005241,-0.000125,,,,,,,,,,,,
"2FB25E24","Nodes",1120626.370000,1668248.500000,1313.064347,"Default Known Flow Node",69.999969,0.579999,1000.000000,0.000000,"Known Flow",0.000000,0.000000,2.16999993085665e-07,40.000000,0.579999,1000.000000,0.000000,0.000000,13.000000,0.000000,0.515379,0.579999,,,,8.439819,8.439819,,16.800279,,,,,,903.822387,0.066146,0.000000,0.000000,0.000000,,-459.670013,1000.000000,,0.000000,0.000000,,,,0.047184,"SETFLOW",0.000000,0.997560,0.000000,,,,,"","",,,,8.439819,,0.000000,,0.000000,,,0.000000,0.000000,"",,,0.000000,,-1.000000,,0.000000,0.000000,-1.000000,-1.000000,,,,,,,,,,,"",,,,,,,,,,"Volumetric",,,,,,,,,,-0.338082,,,,,,,,,,-0.338082,-0.008113,,,,,,,,,,,,
"2FB25E1D","Nodes",1120626.500000,1668251.870000,1313.064347,"Default Known Flow Node",69.999969,0.579999,1000.000000,0.000000,"Known Flow",0.000000,0.000000,2.16999993085665e-07,40.000000,0.579999,1000.000000,0.000000,0.000000,13.000000,0.000000,0.515379,0.579999,,,,8.439819,8.439819,,16.800279,,,,,,903.822387,0.066146,0.000000,0.000000,0.000000,,-459.670013,1000.000000,,0.000000,0.000000,,,,0.047184,"UNDEFINED",0.000000,0.997560,0.000000,,,,,"","",,,,8.439819,,0.000000,,0.000000,,,0.000000,0.000000,"",,,0.000000,,-1.000000,,0.000000,0.000000,-1.000000,-1.000000,,,,,,,,,,,"",,,,,,,,,,"Volumetric",,,,,,,,,,0.000000,,,,,,,,,,0.000000,0.000000,,,,,,,,,,,,
"2FB25E23","Nodes",1120628.750000,1668254.250000,1313.064347,"Default Known Flow Node",69.999969,0.579999,1000.000000,0.000000,"Known Flow",0.000000,0.000000,2.16999993085665e-07,40.000000,0.579999,1000.000000,0.000000,0.000000,13.000000,0.000000,0.515379,0.579999,,,,8.442501,8.442501,,16.800279,,,,,,903.822387,0.066146,0.000000,0.000000,0.000000,,-459.670013,1000.000000,,0.000000,0.000000,,,,0.047185,"UNDEFINED",0.000000,0.997560,0.000000,,,,,"","",,,,8.442501,,0.000000,,0.000000,,,0.000000,0.000000,"",,,0.000000,,-1.000000,,0.000000,0.000000,-1.000000,-1.000000,,,,,,,,,,,"",,,,,,,,,,"Volumetric",,,,,,,,,,0.000000,,,,,,,,,,0.000000,0.000000,,,,,,,,,,,,
"2FB25E1B","Nodes",1120626.750000,1668254.250000,1313.064347,"Default Known Flow Node",69.999969,0.579999,1000.000000,0.000000,"Known Flow",0.000000,0.000000,2.16999993085665e-07,40.000000,0.579999,1000.000000,0.000000,0.000000,13.000000,0.000000,0.515379,0.579999,,,,8.442501,8.442501,,16.800279,,,,,,903.822387,0.066146,0.000000,0.000000,0.000000,,-459.670013,1000.000000,,0.000000,0.000000,,,,0.047185,"UNDEFINED",0.000000,0.997560,0.000000,,,,,"","",,,,8.442501,,0.000000,,0.000000,,,0.000000,0.000000,"",,,0.000000,,-1.000000,,0.000000,0.000000,-1.000000,-1.000000,,,,,,,,,,,"",,,,,,,,,,"Volumetric",,,,,,,,,,0.000000,,,,,,,,,,0.000000,0.000000,,,,,,,,,,,,
"2FB25E1A","Nodes",1120630.250000,1668254.250000,1313.064347,"Default Known Flow Node",69.999969,0.579999,1000.000000,0.000000,"Known Flow",0.000000,0.000000,2.16999993085665e-07,40.000000,0.579999,1000.000000,0.000000,0.000000,13.000000,0.000000,0.515379,0.579999,,,,8.442501,8.442501,,16.800279,,,,,,903.822387,0.066146,0.000000,0.000000,0.000000,,-459.670013,1000.000000,,0.000000,0.000000,,,,0.047185,"SETFLOW",0.000000,0.997560,0.000000,,,,,"","",,,,8.442501,,0.000000,,0.000000,,,0.000000,0.000000,"",,,0.000000,,-1.000000,,0.000000,0.000000,-1.000000,-1.000000,,,,,,,,,,,"",,,,,,,,,,"Volumetric",,,,,,,,,,-0.209663,,,,,,,,,,-0.209663,-0.005031,,,,,,,,,,,,
"2FB25E22","Nodes",1120629.250000,1668254.250000,1313.064347,"Default Known Flow Node",69.999969,0.579999,1000.000000,0.000000,"Known Flow",0.000000,0.000000,2.16999993085665e-07,40.000000,0.579999,1000.000000,0.000000,0.000000,13.000000,0.000000,0.515379,0.579999,,,,8.442501,8.442501,,16.800279,,,,,,903.822387,0.066146,0.000000,0.000000,0.000000,,-459.670013,1000.000000,,0.000000,0.000000,,,,0.047185,"UNDEFINED",0.000000,0.997560,0.000000,,,,,"","",,,,8.442501,,0.000000,,0.000000,,,0.000000,0.000000,"",,,0.000000,,-1.000000,,0.000000,0.000000,-1.000000,-1.000000,,,,,,,,,,,"",,,,,,,,,,"Volumetric",,,,,,,,,,0.000000,,,,,,,,,,0.000000,0.000000,,,,,,,,,,,,
"0BEC4906","Nodes",1121039.620000,1668471.370000,1313.064347,"Default Known Flow Node",69.999969,0.579999,1000.000000,0.000000,"Known Flow",0.000000,0.000000,2.16999993085665e-07,40.000000,0.579999,1000.000000,0.000000,0.000000,13.000000,0.000000,0.515380,0.579999,,,,8.545149,8.545149,,16.800279,,,,,,903.822387,0.066145,0.000000,0.000000,0.000000,,-459.670013,1000.000000,,0.000000,0.000000,,,,0.047196,"SETFLOW",0.000000,0.997559,0.000000,,,,,"","",,,,8.545149,,0.000000,,0.000000,,,0.000000,0.000000,"",,,0.000000,,-1.000000,,0.000000,0.000000,-1.000000,-1.000000,,,,,,,,,,,"",,,,,,,,,,"Volumetric",,,,,,,,,,-0.026207,,,,,,,,,,-0.026207,-0.000628,,,,,,,,,,,,
"0BEC4907","Nodes",1121039.500000,1668483.870000,1313.064347,"Default Known Flow Node",69.999969,0.579999,1000.000000,0.000000,"Known Flow",0.000000,0.000000,2.16999993085665e-07,40.000000,0.579999,1000.000000,0.000000,0.000000,13.000000,0.000000,0.515380,0.579999,,,,8.548166,8.548166,,16.800279,,,,,,903.822387,0.066145,0.000000,0.000000,0.000000,,-459.670013,1000.000000,,0.000000,0.000000,,,,0.047197,"SETFLOW",0.000000,0.997559,0.000000,,,,,"","",,,,8.548166,,0.000000,,0.000000,,,0.000000,0.000000,"",,,0.000000,,-1.000000,,0.000000,0.000000,-1.000000,-1.000000,,,,,,,,,,,"",,,,,,,,,,"Volumetric",,,,,,,,,,-0.017035,,,,,,,,,,-0.017035,-0.000408,,,,,,,,,,,,
"0BEC4908","Nodes",1121039.250000,1668538.500000,1313.064347,"Default Known Flow Node",69.999969,0.579999,1000.000000,0.000000,"Known Flow",0.000000,0.000000,2.16999993085665e-07,40.000000,0.579999,1000.000000,0.000000,0.000000,13.000000,0.000000,0.515380,0.579999,,,,8.557477,8.557477,,16.800279,,,,,,903.822387,0.066145,0.000000,0.000000,0.000000,,-459.670013,1000.000000,,0.000000,0.000000,,,,0.047198,"SETFLOW",0.000000,0.997559,0.000000,,,,,"","",,,,8.557477,,0.000000,,0.000000,,,0.000000,0.000000,"",,,0.000000,,-1.000000,,0.000000,0.000000,-1.000000,-1.000000,,,,,,,,,,,"",,,,,,,,,,"Volumetric",,,,,,,,,,-0.041932,,,,,,,,,,-0.041932,-0.001006,,,,,,,,,,,,
"0BEC30BC","Nodes",1121300.120000,1668535.250000,1313.064347,"Default Known Flow Node",69.999969,0.579999,1000.000000,0.000000,"Known Flow",0.000000,0.000000,2.16999993085665e-07,40.000000,0.579999,1000.000000,0.000000,0.000000,13.000000,0.000000,0.515380,0.579999,,,,8.689577,8.689577,,16.800279,,,,,,903.822387,0.066145,0.000000,0.000000,0.000000,,-459.670013,1000.000000,,0.000000,0.000000,,,,0.047213,"SETFLOW",0.000000,0.997558,0.000000,,,,,"","",,,,8.689577,,0.000000,,0.000000,,,0.000000,0.000000,"",,,0.000000,,-1.000000,,0.000000,0.000000,-1.000000,-1.000000,,,,,,,,,,,"",,,,,,,,,,"Volumetric",,,,,,,,,,-0.008517,,,,,,,,,,-0.008517,-0.000204,,,,,,,,,,,,
"0BEC493D","Nodes",1121034.250000,1668620.000000,1313.064347,"Default Known Flow Node",69.999969,0.579999,1000.000000,0.000000,"Known Flow",0.000000,0.000000,2.16999993085665e-07,40.000000,0.579999,1000.000000,0.000000,0.000000,13.000000,0.000000,0.515380,0.579999,,,,8.560295,8.560295,,16.800279,,,,,,903.822387,0.066145,0.000000,0.000000,0.000000,,-459.670013,1000.000000,,0.000000,0.000000,,,,0.047198,"SETFLOW",0.000000,0.997559,0.000000,,,,,"","",,,,8.560295,,0.000000,,0.000000,,,0.000000,0.000000,"",,,0.000000,,-1.000000,,0.000000,0.000000,-1.000000,-1.000000,,,,,,,,,,,"",,,,,,,,,,"Volumetric",,,,,,,,,,-0.036035,,,,,,,,,,-0.036035,-0.000864,,,,,,,,,,,,
"0BEC493E","Nodes",1121032.000000,1668770.620000,1313.064347,"Default Known Flow Node",69.999969,0.579999,1000.000000,0.000000,"Known Flow",0.000000,0.000000,2.16999993085665e-07,40.000000,0.579999,1000.000000,0.000000,0.000000,13.000000,0.000000,0.515380,0.579999,,,,8.565713,8.565713,,16.800279,,,,,,903.822387,0.066145,0.000000,0.000000,0.000000,,-459.670013,1000.000000,,0.000000,0.000000,,,,0.047199,"SETFLOW",0.000000,0.997559,0.000000,,,,,"","",,,,8.565713,,0.000000,,0.000000,,,0.000000,0.000000,"",,,0.000000,,-1.000000,,0.000000,0.000000,-1.000000,-1.000000,,,,,,,,,,,"",,,,,,,,,,"Volumetric",,,,,,,,,,-0.008517,,,,,,,,,,-0.008517,-0.000204,,,,,,,,,,,,
"0BEC4943","Nodes",1121034.620000,1668773.750000,1313.064347,"Default Known Flow Node",69.999969,0.579999,1000.000000,0.000000,"Known Flow",0.000000,0.000000,2.16999993085665e-07,40.000000,0.579999,1000.000000,0.000000,0.000000,13.000000,0.000000,0.515380,0.579999,,,,8.565857,8.565857,,16.800279,,,,,,903.822387,0.066145,0.000000,0.000000,0.000000,,-459.670013,1000.000000,,0.000000,0.000000,,,,0.047199,"SETFLOW",0.000000,0.997559,0.000000,,,,,"","",,,,8.565857,,0.000000,,0.000000,,,0.000000,0.000000,"",,,0.000000,,-1.000000,,0.000000,0.000000,-1.000000,-1.000000,,,,,,,,,,,"",,,,,,,,,,"Volumetric",,,,,,,,,,-0.009827,,,,,,,,,,-0.009827,-0.000235,,,,,,,,,,,,
"0BEC4945","Nodes",1121030.000000,1668773.250000,1313.064347,"Default Known Flow Node",69.999969,0.579999,1000.000000,0.000000,"Known Flow",0.000000,0.000000,2.16999993085665e-07,40.000000,0.579999,1000.000000,0.000000,0.000000,13.000000,0.000000,0.515380,0.579999,,,,8.565859,8.565859,,16.800279,,,,,,903.822387,0.066145,0.000000,0.000000,0.000000,,-459.670013,1000.000000,,0.000000,0.000000,,,,0.047199,"SETFLOW",0.000000,0.997559,0.000000,,,,,"","",,,,8.565859,,0.000000,,0.000000,,,0.000000,0.000000,"",,,0.000000,,-1.000000,,0.000000,0.000000,-1.000000,-1.000000,,,,,,,,,,,"",,,,,,,,,,"Volumetric",,,,,,,,,,-0.041932,,,,,,,,,,-0.041932,-0.001006,,,,,,,,,,,,
"0BEC4994","Nodes",1121300.000000,1668770.620000,1313.064347,"Default Known Flow Node",69.999969,0.579999,1000.000000,0.000000,"Known Flow",0.000000,0.000000,2.16999993085665e-07,40.000000,0.579999,1000.000000,0.000000,0.000000,13.000000,0.000000,0.515380,0.579999,,,,8.565558,8.565558,,16.800279,,,,,,903.822387,0.066145,0.000000,0.000000,0.000000,,-459.670013,1000.000000,,0.000000,0.000000,,,,0.047199,"SETFLOW",0.000000,0.997559,0.000000,,,,,"","",,,,8.565558,,0.000000,,0.000000,,,0.000000,0.000000,"",,,0.000000,,-1.000000,,0.000000,0.000000,-1.000000,-1.000000,,,,,,,,,,,"",,,,,,,,,,"Volumetric",,,,,,,,,,-0.021621,,,,,,,,,,-0.021621,-0.000518,,,,,,,,,,,,
"0BEC4946","Nodes",1121032.370000,1668785.000000,1313.064347,"Default Known Flow Node",69.999969,0.579999,1000.000000,0.000000,"Known Flow",0.000000,0.000000,2.16999993085665e-07,40.000000,0.579999,1000.000000,0.000000,0.000000,13.000000,0.000000,0.515380,0.579999,,,,8.566465,8.566465,,16.800279,,,,,,903.822387,0.066145,0.000000,0.000000,0.000000,,-459.670013,1000.000000,,0.000000,0.000000,,,,0.047199,"SETFLOW",0.000000,0.997559,0.000000,,,,,"","",,,,8.566465,,0.000000,,0.000000,,,0.000000,0.000000,"",,,0.000000,,-1.000000,,0.000000,0.000000,-1.000000,-1.000000,,,,,,,,,,,"",,,,,,,,,,"Volumetric",,,,,,,,,,-0.064209,,,,,,,,,,-0.064209,-0.001541,,,,,,,,,,,,
"1453834AV","Nodes",1121032.622767,1668933.747232,1313.064347,"Default Known Flow Node",69.999969,0.579999,1000.000000,0.000000,"Known Flow",0.000000,0.000000,2.16999993085665e-07,40.000000,0.579999,1000.000000,0.000000,0.000000,13.000000,0.000000,0.515380,0.579999,,,,8.572982,8.572982,,16.800279,,,,,,903.822387,0.066145,0.000000,0.000000,0.000000,,-459.670013,1000.000000,,0.000000,0.000000,,,,0.047200,"SETFLOW",0.000000,0.997559,0.000000,,,,,"","",,,,8.572982,,0.000000,,0.000000,,,0.000000,0.000000,"",,,0.000000,"145-38 34 Ave, Q= 8.7 mcfh, Firm",-1.000000,,0.000000,0.000000,0.000000,-1.000000,,,,,,,,,,,"",,,"",,,,,,,"Volumetric",,,"Volumetric",,,,,,,0.000000,,,-8.699999,,,,,,,0.000000,0.000000,,,,,,,,,,,,
"0BEC4947","Nodes",1121032.750000,1669008.620000,1313.064347,"Default Known Flow Node",69.999969,0.579999,1000.000000,0.000000,"Known Flow",0.000000,0.000000,2.16999993085665e-07,40.000000,0.579999,1000.000000,0.000000,0.000000,13.000000,0.000000,0.515380,0.579999,,,,8.576261,8.576261,,16.800279,,,,,,903.822387,0.066145,0.000000,0.000000,0.000000,,-459.670013,1000.000000,,0.000000,0.000000,,,,0.047200,"SETFLOW",0.000000,0.997559,0.000000,,,,,"","",,,,8.576261,,0.000000,,0.000000,,,0.000000,0.000000,"",,,0.000000,,-1.000000,,0.000000,0.000000,-1.000000,-1.000000,,,,,,,,,,,"",,,,,,,,,,"Volumetric",,,,,,,,,,-0.045405,,,,,,,,,,-0.045405,-0.001089,,,,,,,,,,,,
"0BEC4948","Nodes",1121033.000000,1669012.000000,1313.064347,"Default Known Flow Node",69.999969,0.579999,1000.000000,0.000000,"Known Flow",0.000000,0.000000,2.16999993085665e-07,40.000000,0.579999,1000.000000,0.000000,0.000000,13.000000,0.000000,0.515380,0.579999,,,,8.576400,8.576400,,16.800279,,,,,,903.822387,0.066145,0.000000,0.000000,0.000000,,-459.670013,1000.000000,,0.000000,0.000000,,,,0.047200,"UNDEFINED",0.000000,0.997559,0.000000,,,,,"","",,,,8.576400,,0.000000,,0.000000,,,0.000000,0.000000,"",,,0.000000,,-1.000000,,0.000000,0.000000,-1.000000,-1.000000,,,,,,,,,,,"",,,,,,,,,,"Volumetric",,,,,,,,,,0.000000,,,,,,,,,,0.000000,0.000000,,,,,,,,,,,,
"0BEC495E","Nodes",1120999.000000,1669013.000000,1313.064347,"Default Known Flow Node",69.999969,0.579999,1000.000000,0.000000,"Known Flow",0.000000,0.000000,2.16999993085665e-07,40.000000,0.579999,1000.000000,0.000000,0.000000,13.000000,0.000000,0.515380,0.579999,,,,8.573443,8.573443,,16.800279,,,,,,903.822387,0.066145,0.000000,0.000000,0.000000,,-459.670013,1000.000000,,0.000000,0.000000,,,,0.047200,"UNDEFINED",0.000000,0.997559,0.000000,,,,,"","",,,,8.573443,,0.000000,,0.000000,,,0.000000,0.000000,"",,,0.000000,,-1.000000,,0.000000,0.000000,-1.000000,-1.000000,,,,,,,,,,,"",,,,,,,,,,"Volumetric",,,,,,,,,,0.000000,,,,,,,,,,0.000000,0.000000,,,,,,,,,,,,
"0BEC4942","Nodes",1121046.870000,1669012.120000,1313.064347,"Default Known Flow Node",69.999969,0.579999,1000.000000,0.000000,"Known Flow",0.000000,0.000000,2.16999993085665e-07,40.000000,0.579999,1000.000000,0.000000,0.000000,13.000000,0.000000,0.515380,0.579999,,,,8.577417,8.577417,,16.800279,,,,,,903.822387,0.066145,0.000000,0.000000,0.000000,,-459.670013,1000.000000,,0.000000,0.000000,,,,0.047200,"SETFLOW",0.000000,0.997559,0.000000,,,,,"","",,,,8.577417,,0.000000,,0.000000,,,0.000000,0.000000,"",,,0.000000,,-1.000000,,0.000000,0.000000,-1.000000,-1.000000,,,,,,,,,,,"",,,,,,,,,,"Volumetric",,,,,,,,,,-0.034053,,,,,,,,,,-0.034053,-0.000817,,,,,,,,,,,,
"0BEC4993","Nodes",1121300.000000,1669004.500000,1313.064347,"Default Known Flow Node",69.999969,0.579999,1000.000000,0.000000,"Known Flow",0.000000,0.000000,2.16999993085665e-07,40.000000,0.579999,1000.000000,0.000000,0.000000,13.000000,0.000000,0.515380,0.579999,,,,8.596205,8.596205,,16.800279,,,,,,903.822387,0.066145,0.000000,0.000000,0.000000,,-459.670013,1000.000000,,0.000000,0.000000,,,,0.047202,"SETFLOW",0.000000,0.997559,0.000000,,,,,"","",,,,8.596205,,0.000000,,0.000000,,,0.000000,0.000000,"",,,0.000000,,-1.000000,,0.000000,0.000000,-1.000000,-1.000000,,,,,,,,,,,"",,,,,,,,,,"Volumetric",,,,,,,,,,-0.091842,,,,,,,,,,-0.091842,-0.002204,,,,,,,,,,,,
"0BEC495D","Nodes",1120963.620000,1669013.750000,1313.064347,"Default Known Flow Node",69.999969,0.579999,1000.000000,0.000000,"Known Flow",0.000000,0.000000,2.16999993085665e-07,40.000000,0.579999,1000.000000,0.000000,0.000000,13.000000,0.000000,0.515380,0.579999,,,,8.570342,8.570342,,16.800279,,,,,,903.822387,0.066145,0.000000,0.000000,0.000000,,-459.670013,1000.000000,,0.000000,0.000000,,,,0.047199,"UNDEFINED",0.000000,0.997559,0.000000,,,,,"","",,,,8.570342,,0.000000,,0.000000,,,0.000000,0.000000,"",,,0.000000,"V16206",-1.000000,,0.000000,0.000000,-1.000000,-1.000000,,,,,,,,,,,"",,,,,,,,,,"Volumetric",,,,,,,,,,0.000000,,,,,,,,,,0.000000,0.000000,,,,,,,,,,,,
"0BEC4949","Nodes",1121033.000000,1669016.000000,1313.064347,"Default Known Flow Node",69.999969,0.579999,1000.000000,0.000000,"Known Flow",0.000000,0.000000,2.16999993085665e-07,40.000000,0.579999,1000.000000,0.000000,0.000000,13.000000,0.000000,0.515380,0.579999,,,,8.576794,8.576794,,16.800279,,,,,,903.822387,0.066145,0.000000,0.000000,0.000000,,-459.670013,1000.000000,,0.000000,0.000000,,,,0.047200,"SETFLOW",0.000000,0.997559,0.000000,,,,,"","",,,,8.576794,,0.000000,,0.000000,,,0.000000,0.000000,"",,,0.000000,,-1.000000,,0.000000,0.000000,-1.000000,-1.000000,,,,,,,,,,,"",,,,,,,,,,"Volumetric",,,,,,,,,,-0.026830,,,,,,,,,,-0.026830,-0.000643,,,,,,,,,,,,
"2FB280F2","Nodes",1120605.823072,1669022.835085,1313.064347,"Default Known Flow Node",69.999969,0.579999,1000.000000,0.000000,"Known Flow",0.000000,0.000000,2.16999993085665e-07,40.000000,0.579999,1000.000000,0.000000,0.000000,13.000000,0.000000,0.515379,0.579999,,,,8.473980,8.473980,,16.800279,,,,,,903.822387,0.066146,0.000000,0.000000,0.000000,,-459.670013,1000.000000,,0.000000,0.000000,,,,0.047188,"SETFLOW",0.000000,0.997560,0.000000,,,,,"","",,,,8.473980,,0.000000,,0.000000,,,0.000000,0.000000,"",,,0.000000,"V50356",-1.000000,,0.000000,0.000000,-1.000000,-1.000000,,,,,,,,,,,"",,,,,,,,,,"Volumetric",,,,,,,,,,-0.045405,,,,,,,,,,-0.045405,-0.001089,,,,,,,,,,,,
"0BEC4959","Nodes",1120628.432979,1669022.248256,1313.064347,"Default Known Flow Node",69.999969,0.579999,1000.000000,0.000000,"Known Flow",0.000000,0.000000,2.16999993085665e-07,40.000000,0.579999,1000.000000,0.000000,0.000000,13.000000,0.000000,0.515379,0.579999,,,,8.478939,8.478939,,16.800279,,,,,,903.822387,0.066146,0.000000,0.000000,0.000000,,-459.670013,1000.000000,,0.000000,0.000000,,,,0.047189,"SETFLOW",0.000000,0.997560,0.000000,,,,,"","",,,,8.478939,,0.000000,,0.000000,,,0.000000,0.000000,"",,,0.000000,,-1.000000,,0.000000,0.000000,-1.000000,-1.000000,,,,,,,,,,,"",,,,,,,,,,"Volumetric",,,,,,,,,,-0.061916,,,,,,,,,,-0.061916,-0.001485,,,,,,,,,,,,
"0BEC494A","Nodes",1121032.120000,1669343.120000,1313.064347,"Default Known Flow Node",69.999969,0.579999,1000.000000,0.000000,"Known Flow",0.000000,0.000000,2.16999993085665e-07,40.000000,0.579999,1000.000000,0.000000,0.000000,13.000000,0.000000,0.515380,0.579999,,,,8.609681,8.609681,,16.800279,,,,,,903.822387,0.066145,0.000000,0.000000,0.000000,,-459.670013,1000.000000,,0.000000,0.000000,,,,0.047204,"SETFLOW",0.000000,0.997559,0.000000,,,,,"","",,,,8.609681,,0.000000,,0.000000,,,0.000000,0.000000,"",,,0.000000,,-1.000000,,0.000000,0.000000,-1.000000,-1.000000,,,,,,,,,,,"",,,,,,,,,,"Volumetric",,,,,,,,,,-0.013415,,,,,,,,,,-0.013415,-0.000321,,,,,,,,,,,,
"0BEC30C8","Nodes",1121299.750000,1669343.620000,1313.064347,"Default Known Flow Node",69.999969,0.579999,1000.000000,0.000000,"Known Flow",0.000000,0.000000,2.16999993085665e-07,40.000000,0.579999,1000.000000,0.000000,0.000000,13.000000,0.000000,0.515380,0.579999,,,,8.656281,8.656281,,16.800279,,,,,,903.822387,0.066145,0.000000,0.000000,0.000000,,-459.670013,1000.000000,,0.000000,0.000000,,,,0.047209,"SETFLOW",0.000000,0.997559,0.000000,,,,,"","",,,,8.656281,,0.000000,,0.000000,,,0.000000,0.000000,"",,,0.000000,,-1.000000,,0.000000,0.000000,-1.000000,-1.000000,,,,,,,,,,,"",,,,,,,,,,"Volumetric",,,,,,,,,,-0.016511,,,,,,,,,,-0.016511,-0.000396,,,,,,,,,,,,
"0BEC493F","Nodes",1121039.000000,1669343.370000,1313.064347,"Default Known Flow Node",69.999969,0.579999,1000.000000,0.000000,"Known Flow",0.000000,0.000000,2.16999993085665e-07,40.000000,0.579999,1000.000000,0.000000,0.000000,13.000000,0.000000,0.515380,0.579999,,,,8.609857,8.609857,,16.800279,,,,,,903.822387,0.066145,0.000000,0.000000,0.000000,,-459.670013,1000.000000,,0.000000,0.000000,,,,0.047204,"SETFLOW",0.000000,0.997559,0.000000,,,,,"","",,,,8.609857,,0.000000,,0.000000,,,0.000000,0.000000,"",,,0.000000,,-1.000000,,0.000000,0.000000,-1.000000,-1.000000,,,,,,,,,,,"",,,,,,,,,,"Volumetric",,,,,,,,,,-0.008255,,,,,,,,,,-0.008255,-0.000198,,,,,,,,,,,,
"0BEC4997","Nodes",1120621.120000,1670000.000000,1313.064347,"Default Known Flow Node",69.999969,0.579999,1000.000000,0.000000,"Known Flow",0.000000,0.000000,2.16999993085665e-07,40.000000,0.579999,1000.000000,0.000000,0.000000,13.000000,0.000000,0.515380,0.579999,,,,8.587986,8.587986,,16.800279,,,,,,903.822387,0.066145,0.000000,0.000000,0.000000,,-459.670013,1000.000000,,0.000000,0.000000,,,,0.047201,"SETFLOW",0.000000,0.997559,0.000000,,,,,"","",,,,8.587986,,0.000000,,0.000000,,,0.000000,0.000000,"",,,0.000000,,-1.000000,,0.000000,0.000000,-1.000000,-1.000000,,,,,,,,,,,"",,,,,,,,,,"Volumetric",,,,,,,,,,-0.055869,,,,,,,,,,-0.055869,-0.001340,,,,,,,,,,,,
"0BEC494F","Nodes",1120623.370000,1669373.370000,1313.064347,"Default Known Flow Node",69.999969,0.579999,1000.000000,0.000000,"Known Flow",0.000000,0.000000,2.16999993085665e-07,40.000000,0.579999,1000.000000,0.000000,0.000000,13.000000,0.000000,0.515379,0.579999,,,,8.495280,8.495280,,16.800279,,,,,,903.822387,0.066146,0.000000,0.000000,0.000000,,-459.670013,1000.000000,,0.000000,0.000000,,,,0.047191,"SETFLOW",0.000000,0.997560,0.000000,,,,,"","",,,,8.495280,,0.000000,,0.000000,,,0.000000,0.000000,"",,,0.000000,,-1.000000,,0.000000,0.000000,-1.000000,-1.000000,,,,,,,,,,,"",,,,,,,,,,"Volumetric",,,,,,,,,,-0.151646,,,,,,,,,,-0.151646,-0.003639,,,,,,,,,,,,
"0BEC4971","Nodes",1120624.870000,1669145.120000,1313.064347,"Default Known Flow Node",69.999969,0.579999,1000.000000,0.000000,"Known Flow",0.000000,0.000000,2.16999993085665e-07,40.000000,0.579999,1000.000000,0.000000,0.000000,13.000000,0.000000,0.515379,0.579999,,,,8.481763,8.481763,,16.800279,,,,,,903.822387,0.066146,0.000000,0.000000,0.000000,,-459.670013,1000.000000,,0.000000,0.000000,,,,0.047189,"SETFLOW",0.000000,0.997560,0.000000,,,,,"","",,,,8.481763,,0.000000,,0.000000,,,0.000000,0.000000,"",,,0.000000,,-1.000000,,0.000000,0.000000,-1.000000,-1.000000,,,,,,,,,,,"",,,,,,,,,,"Volumetric",,,,,,,,,,-0.245601,,,,,,,,,,-0.245601,-0.005894,,,,,,,,,,,,
"0BEC496E","Nodes",1120625.500000,1669373.500000,1313.064347,"Default Known Flow Node",69.999969,0.579999,1000.000000,0.000000,"Known Flow",0.000000,0.000000,2.16999993085665e-07,40.000000,0.579999,1000.000000,0.000000,0.000000,13.000000,0.000000,0.515379,0.579999,,,,8.495280,8.495280,,16.800279,,,,,,903.822387,0.066146,0.000000,0.000000,0.000000,,-459.670013,1000.000000,,0.000000,0.000000,,,,0.047191,"UNDEFINED",0.000000,0.997560,0.000000,,,,,"","",,,,8.495280,,0.000000,,0.000000,,,0.000000,0.000000,"",,,0.000000,,-1.000000,,0.000000,0.000000,-1.000000,-1.000000,,,,,,,,,,,"",,,,,,,,,,"Volumetric",,,,,,,,,,0.000000,,,,,,,,,,0.000000,0.000000,,,,,,,,,,,,
"0BEC4975","Nodes",1120617.620000,1669378.250000,1313.064347,"Default Known Flow Node",69.999969,0.579999,1000.000000,0.000000,"Known Flow",0.000000,0.000000,2.16999993085665e-07,40.000000,0.579999,1000.000000,0.000000,0.000000,13.000000,0.000000,0.515379,0.579999,,,,8.493557,8.493557,,16.800279,,,,,,903.822387,0.066146,0.000000,0.000000,0.000000,,-459.670013,1000.000000,,0.000000,0.000000,,,,0.047191,"UNDEFINED",0.000000,0.997560,0.000000,,,,,"","",,,,8.493557,,0.000000,,0.000000,,,0.000000,0.000000,"",,,0.000000,,-1.000000,,0.000000,0.000000,-1.000000,-1.000000,,,,,,,,,,,"",,,,,,,,,,"Volumetric",,,,,,,,,,0.000000,,,,,,,,,,0.000000,0.000000,,,,,,,,,,,,
"0BEC4950","Nodes",1120617.620000,1669383.120000,1313.064347,"Default Known Flow Node",69.999969,0.579999,1000.000000,0.000000,"Known Flow",0.000000,0.000000,2.16999993085665e-07,40.000000,0.579999,1000.000000,0.000000,0.000000,13.000000,0.000000,0.515379,0.579999,,,,8.493126,8.493126,,16.800279,,,,,,903.822387,0.066146,0.000000,0.000000,0.000000,,-459.670013,1000.000000,,0.000000,0.000000,,,,0.047190,"SETFLOW",0.000000,0.997560,0.000000,,,,,"","",,,,8.493126,,0.000000,,0.000000,,,0.000000,0.000000,"",,,0.000000,,-1.000000,,0.000000,0.000000,-1.000000,-1.000000,,,,,,,,,,,"",,,,,,,,,,"Volumetric",,,,,,,,,,-0.009976,,,,,,,,,,-0.009976,-0.000239,,,,,,,,,,,,
"0BEC4972","Nodes",1120627.370000,1669382.250000,1313.064347,"Default Known Flow Node",69.999969,0.579999,1000.000000,0.000000,"Known Flow",0.000000,0.000000,2.16999993085665e-07,40.000000,0.579999,1000.000000,0.000000,0.000000,13.000000,0.000000,0.515379,0.579999,,,,8.493126,8.493126,,16.800279,,,,,,903.822387,0.066146,0.000000,0.000000,0.000000,,-459.670013,1000.000000,,0.000000,0.000000,,,,0.047190,"UNDEFINED",0.000000,0.997560,0.000000,,,,,"","",,,,8.493126,,0.000000,,0.000000,,,0.000000,0.000000,"",,,0.000000,,-1.000000,,0.000000,0.000000,-1.000000,-1.000000,,,,,,,,,,,"",,,,,,,,,,"Volumetric",,,,,,,,,,0.000000,,,,,,,,,,0.000000,0.000000,,,,,,,,,,,,
"0BEC4976","Nodes",1120617.620000,1669379.250000,1313.064347,"Default Known Flow Node",69.999969,0.579999,1000.000000,0.000000,"Known Flow",0.000000,0.000000,2.16999993085665e-07,40.000000,0.579999,1000.000000,0.000000,0.000000,13.000000,0.000000,0.515379,0.579999,,,,8.493557,8.493557,,16.800279,,,,,,903.822387,0.066146,0.000000,0.000000,0.000000,,-459.670013,1000.000000,,0.000000,0.000000,,,,0.047191,"UNDEFINED",0.000000,0.997560,0.000000,,,,,"","",,,,8.493557,,0.000000,,0.000000,,,0.000000,0.000000,"",,,0.000000,,-1.000000,,0.000000,0.000000,-1.000000,-1.000000,,,,,,,,,,,"",,,,,,,,,,"Volumetric",,,,,,,,,,0.000000,,,,,,,,,,0.000000,0.000000,,,,,,,,,,,,
"0BEC4992","Nodes",1121300.000000,1669625.500000,1313.064347,"Default Known Flow Node",69.999969,0.579999,1000.000000,0.000000,"Known Flow",0.000000,0.000000,2.16999993085665e-07,40.000000,0.579999,1000.000000,0.000000,0.000000,13.000000,0.000000,0.515380,0.579999,,,,8.657125,8.657125,,16.800279,,,,,,903.822387,0.066145,0.000000,0.000000,0.000000,,-459.670013,1000.000000,,0.000000,0.000000,,,,0.047209,"SETFLOW",0.000000,0.997559,0.000000,,,,,"","",,,,8.657125,,0.000000,,0.000000,,,0.000000,0.000000,"",,,0.000000,,-1.000000,,0.000000,0.000000,-1.000000,-1.000000,,,,,,,,,,,"",,,,,,,,,,"Volumetric",,,,,,,,,,-0.015479,,,,,,,,,,-0.015479,-0.000371,,,,,,,,,,,,
"0BEC4940","Nodes",1121033.000000,1669594.370000,1313.064347,"Default Known Flow Node",69.999969,0.579999,1000.000000,0.000000,"Known Flow",0.000000,0.000000,2.16999993085665e-07,40.000000,0.579999,1000.000000,0.000000,0.000000,13.000000,0.000000,0.515380,0.579999,,,,8.618809,8.618809,,16.800279,,,,,,903.822387,0.066145,0.000000,0.000000,0.000000,,-459.670013,1000.000000,,0.000000,0.000000,,,,0.047205,"SETFLOW",0.000000,0.997559,0.000000,,,,,"","",,,,8.618809,,0.000000,,0.000000,,,0.000000,0.000000,"",,,0.000000,,-1.000000,,0.000000,0.000000,-1.000000,-1.000000,,,,,,,,,,,"",,,,,,,,,,"Volumetric",,,,,,,,,,-0.013415,,,,,,,,,,-0.013415,-0.000321,,,,,,,,,,,,
"0BEC494B","Nodes",1121036.870000,1669735.870000,1313.064347,"Default Known Flow Node",69.999969,0.579999,1000.000000,0.000000,"Known Flow",0.000000,0.000000,2.16999993085665e-07,40.000000,0.579999,1000.000000,0.000000,0.000000,13.000000,0.000000,0.515380,0.579999,,,,8.619287,8.619287,,16.800279,,,,,,903.822387,0.066145,0.000000,0.000000,0.000000,,-459.670013,1000.000000,,0.000000,0.000000,,,,0.047205,"SETFLOW",0.000000,0.997559,0.000000,,,,,"","",,,,8.619287,,0.000000,,0.000000,,,0.000000,0.000000,"",,,0.000000,,-1.000000,,0.000000,0.000000,-1.000000,-1.000000,,,,,,,,,,,"",,,,,,,,,,"Volumetric",,,,,,,,,,-0.001418,,,,,,,,,,-0.001418,-0.000034,,,,,,,,,,,,
"0BEC494D","Nodes",1120990.000000,1669736.370000,1313.064347,"Default Known Flow Node",69.999969,0.579999,1000.000000,0.000000,"Known Flow",0.000000,0.000000,2.16999993085665e-07,40.000000,0.579999,1000.000000,0.000000,0.000000,13.000000,0.000000,0.515380,0.579999,,,,8.619275,8.619275,,16.800279,,,,,,903.822387,0.066145,0.000000,0.000000,0.000000,,-459.670013,1000.000000,,0.000000,0.000000,,,,0.047205,"SETFLOW",0.000000,0.997559,0.000000,,,,,"","",,,,8.619275,,0.000000,,0.000000,,,0.000000,0.000000,"",,,0.000000,,-1.000000,,0.000000,0.000000,-1.000000,-1.000000,,,,,,,,,,,"",,,,,,,,,,"Volumetric",,,,,,,,,,-0.011351,,,,,,,,,,-0.011351,-0.000272,,,,,,,,,,,,
"0BEC494E","Nodes",1120704.120000,1669737.370000,1313.064347,"Default Known Flow Node",69.999969,0.579999,1000.000000,0.000000,"Known Flow",0.000000,0.000000,2.16999993085665e-07,40.000000,0.579999,1000.000000,0.000000,0.000000,13.000000,0.000000,0.515380,0.579999,,,,8.619063,8.619063,,16.800279,,,,,,903.822387,0.066145,0.000000,0.000000,0.000000,,-459.670013,1000.000000,,0.000000,0.000000,,,,0.047205,"SETFLOW",0.000000,0.997559,0.000000,,,,,"","",,,,8.619063,,0.000000,,0.000000,,,0.000000,0.000000,"",,,0.000000,,-1.000000,,0.000000,0.000000,-1.000000,-1.000000,,,,,,,,,,,"",,,,,,,,,,"Volumetric",,,,,,,,,,-0.015962,,,,,,,,,,-0.015962,-0.000383,,,,,,,,,,,,
"0BEC494C","Nodes",1121037.250000,1669879.000000,1313.064347,"Default Known Flow Node",69.999969,0.579999,1000.000000,0.000000,"Known Flow",0.000000,0.000000,2.16999993085665e-07,40.000000,0.579999,1000.000000,0.000000,0.000000,13.000000,0.000000,0.515380,0.579999,,,,8.619796,8.619796,,16.800279,,,,,,903.822387,0.066145,0.000000,0.000000,0.000000,,-459.670013,1000.000000,,0.000000,0.000000,,,,0.047205,"SETFLOW",0.000000,0.997559,0.000000,,,,,"","",,,,8.619796,,0.000000,,0.000000,,,0.000000,0.000000,"",,,0.000000,,-1.000000,,0.000000,0.000000,-1.000000,-1.000000,,,,,,,,,,,"",,,,,,,,,,"Volumetric",,,,,,,,,,-0.004256,,,,,,,,,,-0.004256,-0.000102,,,,,,,,,,,,
"0BEC4941","Nodes",1121042.500000,1669880.120000,1313.064347,"Default Known Flow Node",69.999969,0.579999,1000.000000,0.000000,"Known Flow",0.000000,0.000000,2.16999993085665e-07,40.000000,0.579999,1000.000000,0.000000,0.000000,13.000000,0.000000,0.515380,0.579999,,,,8.619817,8.619817,,16.800279,,,,,,903.822387,0.066145,0.000000,0.000000,0.000000,,-459.670013,1000.000000,,0.000000,0.000000,,,,0.047205,"SETFLOW",0.000000,0.997559,0.000000,,,,,"","",,,,8.619817,,0.000000,,0.000000,,,0.000000,0.000000,"",,,0.000000,,-1.000000,,0.000000,0.000000,-1.000000,-1.000000,,,,,,,,,,,"",,,,,,,,,,"Volumetric",,,,,,,,,,-0.001418,,,,,,,,,,-0.001418,-0.000034,,,,,,,,,,,,
"2FB996E1","Nodes",1121206.500000,1669899.120000,1313.064347,"Default Known Flow Node",69.999969,0.579999,1000.000000,0.000000,"Known Flow",0.000000,0.000000,2.16999993085665e-07,40.000000,0.579999,1000.000000,0.000000,0.000000,13.000000,0.000000,0.515380,0.579999,,,,8.626997,8.626997,,16.800279,,,,,,903.822387,0.066145,0.000000,0.000000,0.000000,,-459.670013,1000.000000,,0.000000,0.000000,,,,0.047206,"SETFLOW",0.000000,0.997559,0.000000,,,,,"","",,,,8.626997,,0.000000,,0.000000,,,0.000000,0.000000,"",,,0.000000,,-1.000000,,0.000000,0.000000,-1.000000,-1.000000,,,,,,,,,,,"",,,,,,,,,,"Volumetric",,,,,,,,,,-0.001418,,,,,,,,,,-0.001418,-0.000034,,,,,,,,,,,,
"2FB996E2","Nodes",1121211.500000,1669899.750000,1313.064347,"Default Known Flow Node",69.999969,0.579999,1000.000000,0.000000,"Known Flow",0.000000,0.000000,2.16999993085665e-07,40.000000,0.579999,1000.000000,0.000000,0.000000,13.000000,0.000000,0.515380,0.579999,,,,8.627303,8.627303,,16.800279,,,,,,903.822387,0.066145,0.000000,0.000000,0.000000,,-459.670013,1000.000000,,0.000000,0.000000,,,,0.047206,"UNDEFINED",0.000000,0.997559,0.000000,,,,,"","",,,,8.627303,,0.000000,,0.000000,,,0.000000,0.000000,"",,,0.000000,,-1.000000,,0.000000,0.000000,-1.000000,-1.000000,,,,,,,,,,,"",,,,,,,,,,"Volumetric",,,,,,,,,,0.000000,,,,,,,,,,0.000000,0.000000,,,,,,,,,,,,
"2FB996E0","Nodes",1121216.620000,1669900.250000,1313.064347,"Default Known Flow Node",69.999969,0.579999,1000.000000,0.000000,"Known Flow",0.000000,0.000000,2.16999993085665e-07,40.000000,0.579999,1000.000000,0.000000,0.000000,13.000000,0.000000,0.515380,0.579999,,,,8.627548,8.627548,,16.800279,,,,,,903.822387,0.066145,0.000000,0.000000,0.000000,,-459.670013,1000.000000,,0.000000,0.000000,,,,0.047206,"SETFLOW",0.000000,0.997559,0.000000,,,,,"","",,,,8.627548,,0.000000,,0.000000,,,0.000000,0.000000,"",,,0.000000,,-1.000000,,0.000000,0.000000,-1.000000,-1.000000,,,,,,,,,,,"",,,,,,,,,,"Volumetric",,,,,,,,,,-0.041148,,,,,,,,,,-0.041148,-0.000987,,,,,,,,,,,,
"0BEC30CC","Nodes",1121299.870000,1669909.750000,1313.064347,"Default Known Flow Node",69.999969,0.579999,1000.000000,0.000000,"Known Flow",0.000000,0.000000,2.16999993085665e-07,40.000000,0.579999,1000.000000,0.000000,0.000000,13.000000,0.000000,0.515380,0.579999,,,,8.631943,8.631943,,16.800279,,,,,,903.822387,0.066145,0.000000,0.000000,0.000000,,-459.670013,1000.000000,,0.000000,0.000000,,,,0.047206,"SETFLOW",0.000000,0.997559,0.000000,,,,,"","",,,,8.631943,,0.000000,,0.000000,,,0.000000,0.000000,"",,,0.000000,,-1.000000,,0.000000,0.000000,-1.000000,-1.000000,,,,,,,,,,,"",,,,,,,,,,"Volumetric",,,,,,,,,,-0.023734,,,,,,,,,,-0.023734,-0.000569,,,,,,,,,,,,
"0BEC4996","Nodes",1121039.000000,1670000.000000,1313.064347,"Default Known Flow Node",69.999969,0.579999,1000.000000,0.000000,"Known Flow",0.000000,0.000000,2.16999993085665e-07,40.000000,0.579999,1000.000000,0.000000,0.000000,13.000000,0.000000,0.515380,0.579999,,,,8.619737,8.619737,,16.800279,,,,,,903.822387,0.066145,0.000000,0.000000,0.000000,,-459.670013,1000.000000,,0.000000,0.000000,,,,0.047205,"SETFLOW",0.000000,0.997559,0.000000,,,,,"","",,,,8.619737,,0.000000,,0.000000,,,0.000000,0.000000,"",,,0.000000,,-1.000000,,0.000000,0.000000,-1.000000,-1.000000,,,,,,,,,,,"",,,,,,,,,,"Volumetric",,,,,,,,,,-0.007094,,,,,,,,,,-0.007094,-0.000170,,,,,,,,,,,,
"0BEC526E","Nodes",1120293.500000,1670001.500000,1313.064347,"Default Known Flow Node",69.999969,0.579999,1000.000000,0.000000,"Known Flow",0.000000,0.000000,2.16999993085665e-07,40.000000,0.579999,1000.000000,0.000000,0.000000,13.000000,0.000000,0.515380,0.579999,,,,8.565571,8.565571,,16.800279,,,,,,903.822387,0.066145,0.000000,0.000000,0.000000,,-459.670013,1000.000000,,0.000000,0.000000,,,,0.047199,"SETFLOW",0.000000,0.997559,0.000000,,,,,"","",,,,8.565571,,0.000000,,0.000000,,,0.000000,0.000000,"",,,0.000000,,-1.000000,,0.000000,0.000000,-1.000000,-1.000000,,,,,,,,,,,"",,,,,,,,,,"Volumetric",,,,,,,,,,-0.002244,,,,,,,,,,-0.002244,-0.000053,,,,,,,,,,,,
"0BEC526D","Nodes",1120305.500000,1670003.120000,1313.064347,"Default Known Flow Node",69.999969,0.579999,1000.000000,0.000000,"Known Flow",0.000000,0.000000,2.16999993085665e-07,40.000000,0.579999,1000.000000,0.000000,0.000000,13.000000,0.000000,0.515380,0.579999,,,,8.567492,8.567492,,16.800279,,,,,,903.822387,0.066145,0.000000,0.000000,0.000000,,-459.670013,1000.000000,,0.000000,0.000000,,,,0.047199,"SETFLOW",0.000000,0.997559,0.000000,,,,,"","",,,,8.567492,,0.000000,,0.000000,,,0.000000,0.000000,"",,,0.000000,,-1.000000,,0.000000,0.000000,-1.000000,-1.000000,,,,,,,,,,,"",,,,,,,,,,"Volumetric",,,,,,,,,,-0.029181,,,,,,,,,,-0.029181,-0.000700,,,,,,,,,,,,
"0BEC526C","Nodes",1120609.370000,1670046.500000,1313.064347,"Default Known Flow Node",69.999969,0.579999,1000.000000,0.000000,"Known Flow",0.000000,0.000000,2.16999993085665e-07,40.000000,0.579999,1000.000000,0.000000,0.000000,13.000000,0.000000,0.515380,0.579999,,,,8.609936,8.609936,,16.800279,,,,,,903.822387,0.066145,0.000000,0.000000,0.000000,,-459.670013,1000.000000,,0.000000,0.000000,,,,0.047204,"SETFLOW",0.000000,0.997559,0.000000,,,,,"","",,,,8.609936,,0.000000,,0.000000,,,0.000000,0.000000,"",,,0.000000,,-1.000000,,0.000000,0.000000,-1.000000,-1.000000,,,,,,,,,,,"",,,,,,,,,,"Volumetric",,,,,,,,,,-0.029930,,,,,,,,,,-0.029930,-0.000718,,,,,,,,,,,,
"2FB1C639","Nodes",1120621.870000,1670028.750000,1313.064347,"Default Known Flow Node",69.999969,0.579999,1000.000000,0.000000,"Known Flow",0.000000,0.000000,2.16999993085665e-07,40.000000,0.579999,1000.000000,0.000000,0.000000,13.000000,0.000000,0.515380,0.579999,,,,8.592292,8.592292,,16.800279,,,,,,903.822387,0.066145,0.000000,0.000000,0.000000,,-459.670013,1000.000000,,0.000000,0.000000,,,,0.047202,"UNDEFINED",0.000000,0.997559,0.000000,,,,,"","",,,,8.592292,,0.000000,,0.000000,,,0.000000,0.000000,"",,,0.000000,,-1.000000,,0.000000,0.000000,-1.000000,-1.000000,,,,,,,,,,,"",,,,,,,,,,"Volumetric",,,,,,,,,,0.000000,,,,,,,,,,0.000000,0.000000,,,,,,,,,,,,
"0BEC52A0","Nodes",1120625.250000,1670043.750000,1313.064347,"Default Known Flow Node",69.999969,0.579999,1000.000000,0.000000,"Known Flow",0.000000,0.000000,2.16999993085665e-07,40.000000,0.579999,1000.000000,0.000000,0.000000,13.000000,0.000000,0.515380,0.579999,,,,8.612031,8.612031,,16.800279,,,,,,903.822387,0.066145,0.000000,0.000000,0.000000,,-459.670013,1000.000000,,0.000000,0.000000,,,,0.047204,"UNDEFINED",0.000000,0.997559,0.000000,,,,,"","",,,,8.612031,,0.000000,,0.000000,,,0.000000,0.000000,"",,,0.000000,,-1.000000,,0.000000,0.000000,-1.000000,-1.000000,,,,,,,,,,,"",,,,,,,,,,"Volumetric",,,,,,,,,,0.000000,,,,,,,,,,0.000000,0.000000,,,,,,,,,,,,
"0BEC52A1","Nodes",1120625.120000,1670041.500000,1313.064347,"Default Known Flow Node",69.999969,0.579999,1000.000000,0.000000,"Known Flow",0.000000,0.000000,2.16999993085665e-07,40.000000,0.579999,1000.000000,0.000000,0.000000,13.000000,0.000000,0.515380,0.579999,,,,8.612031,8.612031,,16.800279,,,,,,903.822387,0.066145,0.000000,0.000000,0.000000,,-459.670013,1000.000000,,0.000000,0.000000,,,,0.047204,"UNDEFINED",0.000000,0.997559,0.000000,,,,,"","",,,,8.612031,,0.000000,,0.000000,,,0.000000,0.000000,"",,,0.000000,,-1.000000,,0.000000,0.000000,-1.000000,-1.000000,,,,,,,,,,,"",,,,,,,,,,"Volumetric",,,,,,,,,,0.000000,,,,,,,,,,0.000000,0.000000,,,,,,,,,,,,
"0BEC529A","Nodes",1120628.870000,1670043.500000,1313.064347,"Default Known Flow Node",69.999969,0.579999,1000.000000,0.000000,"Known Flow",0.000000,0.000000,2.16999993085665e-07,40.000000,0.579999,1000.000000,0.000000,0.000000,13.000000,0.000000,0.515380,0.579999,,,,8.612061,8.612061,,16.800279,,,,,,903.822387,0.066145,0.000000,0.000000,0.000000,,-459.670013,1000.000000,,0.000000,0.000000,,,,0.047204,"UNDEFINED",0.000000,0.997559,0.000000,,,,,"","",,,,8.612061,,0.000000,,0.000000,,,0.000000,0.000000,"",,,0.000000,,-1.000000,,0.000000,0.000000,-1.000000,-1.000000,,,,,,,,,,,"",,,,,,,,,,"Volumetric",,,,,,,,,,0.000000,,,,,,,,,,0.000000,0.000000,,,,,,,,,,,,
"0BEC529F","Nodes",1120623.750000,1670048.250000,1313.064347,"Default Known Flow Node",69.999969,0.579999,1000.000000,0.000000,"Known Flow",0.000000,0.000000,2.16999993085665e-07,40.000000,0.579999,1000.000000,0.000000,0.000000,13.000000,0.000000,0.515380,0.579999,,,,8.612000,8.612000,,16.800279,,,,,,903.822387,0.066145,0.000000,0.000000,0.000000,,-459.670013,1000.000000,,0.000000,0.000000,,,,0.047204,"UNDEFINED",0.000000,0.997559,0.000000,,,,,"","",,,,8.612000,,0.000000,,0.000000,,,0.000000,0.000000,"",,,0.000000,,-1.000000,,0.000000,0.000000,-1.000000,-1.000000,,,,,,,,,,,"",,,,,,,,,,"Volumetric",,,,,,,,,,0.000000,,,,,,,,,,0.000000,0.000000,,,,,,,,,,,,
"0BEC526B","Nodes",1120615.750000,1670045.120000,1313.064347,"Default Known Flow Node",69.999969,0.579999,1000.000000,0.000000,"Known Flow",0.000000,0.000000,2.16999993085665e-07,40.000000,0.579999,1000.000000,0.000000,0.000000,13.000000,0.000000,0.515380,0.579999,,,,8.610821,8.610821,,16.800279,,,,,,903.822387,0.066145,0.000000,0.000000,0.000000,,-459.670013,1000.000000,,0.000000,0.000000,,,,0.047204,"UNDEFINED",0.000000,0.997559,0.000000,,,,,"","",,,,8.610821,,0.000000,,0.000000,,,0.000000,0.000000,"",,,0.000000,,-1.000000,,0.000000,0.000000,-1.000000,-1.000000,,,,,,,,,,,"",,,,,,,,,,"Volumetric",,,,,,,,,,0.000000,,,,,,,,,,0.000000,0.000000,,,,,,,,,,,,
"0BEC528A","Nodes",1120636.120000,1670048.870000,1313.064347,"Default Known Flow Node",69.999969,0.579999,1000.000000,0.000000,"Known Flow",0.000000,0.000000,2.16999993085665e-07,40.000000,0.579999,1000.000000,0.000000,0.000000,13.000000,0.000000,0.515380,0.579999,,,,8.612123,8.612123,,16.800279,,,,,,903.822387,0.066145,0.000000,0.000000,0.000000,,-459.670013,1000.000000,,0.000000,0.000000,,,,0.047204,"UNDEFINED",0.000000,0.997559,0.000000,,,,,"","",,,,8.612123,,0.000000,,0.000000,,,0.000000,0.000000,"",,,0.000000,,-1.000000,,0.000000,0.000000,-1.000000,-1.000000,,,,,,,,,,,"",,,,,,,,,,"Volumetric",,,,,,,,,,0.000000,,,,,,,,,,0.000000,0.000000,,,,,,,,,,,,
"0BEC526A","Nodes",1120614.750000,1670088.120000,1313.064347,"Default Known Flow Node",69.999969,0.579999,1000.000000,0.000000,"Known Flow",0.000000,0.000000,2.16999993085665e-07,40.000000,0.579999,1000.000000,0.000000,0.000000,13.000000,0.000000,0.515380,0.579999,,,,8.616073,8.616073,,16.800279,,,,,,903.822387,0.066145,0.000000,0.000000,0.000000,,-459.670013,1000.000000,,0.000000,0.000000,,,,0.047204,"UNDEFINED",0.000000,0.997559,0.000000,,,,,"","",,,,8.616073,,0.000000,,0.000000,,,0.000000,0.000000,"",,,0.000000,,-1.000000,,0.000000,0.000000,-1.000000,-1.000000,,,,,,,,,,,"",,,,,,,,,,"Volumetric",,,,,,,,,,0.000000,,,,,,,,,,0.000000,0.000000,,,,,,,,,,,,
"0BEC5289","Nodes",1120668.387446,1670056.167982,1313.064347,"Default Known Flow Node",69.999969,0.579999,1000.000000,0.000000,"Known Flow",0.000000,0.000000,2.16999993085665e-07,40.000000,0.579999,1000.000000,0.000000,0.000000,13.000000,0.000000,0.515380,0.579999,,,,8.612407,8.612407,,16.800279,,,,,,903.822387,0.066145,0.000000,0.000000,0.000000,,-459.670013,1000.000000,,0.000000,0.000000,,,,0.047204,"SETFLOW",0.000000,0.997559,0.000000,,,,,"","",,,,8.612407,,0.000000,,0.000000,,,0.000000,0.000000,"",,,0.000000,,-1.000000,,0.000000,0.000000,-1.000000,-1.000000,,,,,,,,,,,"",,,,,,,,,,"Volumetric",,,,,,,,,,-0.009976,,,,,,,,,,-0.009976,-0.000239,,,,,,,,,,,,
"Q3No206","Nodes",1120660.369603,1670057.197029,1313.064347,"Default Known Flow Node",69.999969,0.579999,1000.000000,0.000000,"Known Flow",0.000000,0.000000,2.16999993085665e-07,40.000000,0.579999,1000.000000,0.000000,0.000000,13.000000,0.000000,0.515380,0.579999,,,,8.612332,8.612332,,16.800279,,,,,,903.822387,0.066145,0.000000,0.000000,0.000000,,-459.670013,1000.000000,,0.000000,0.000000,,,,0.047204,"UNDEFINED",0.000000,0.997559,0.000000,,,,,"","",,,,8.612332,,0.000000,,0.000000,,,0.000000,0.000000,"",,,0.000000,,-1.000000,,0.000000,0.000000,0.000000,-1.000000,,,,,,,,,,,"",,,,,,,,,,"Volumetric",,,,,,,,,,0.000000,,,,,,,,,,0.000000,0.000000,,,,,,,,,,,,
"0BEC5288","Nodes",1120981.920661,1670102.768744,1313.064347,"Default Known Flow Node",69.999969,0.579999,1000.000000,0.000000,"Known Flow",0.000000,0.000000,2.16999993085665e-07,40.000000,0.579999,1000.000000,0.000000,0.000000,13.000000,0.000000,0.515380,0.579999,,,,8.619027,8.619027,,16.800279,,,,,,903.822387,0.066145,0.000000,0.000000,0.000000,,-459.670013,1000.000000,,0.000000,0.000000,,,,0.047205,"SETFLOW",0.000000,0.997559,0.000000,,,,,"","",,,,8.619027,,0.000000,,0.000000,,,0.000000,0.000000,"",,,0.000000,,-1.000000,,0.000000,0.000000,-1.000000,-1.000000,,,,,,,,,,,"",,,,,,,,,,"Volumetric",,,,,,,,,,-0.007094,,,,,,,,,,-0.007094,-0.000170,,,,,,,,,,,,
"Q3No197","Nodes",1120980.931557,1670102.621571,1313.064347,"Default Known Flow Node",69.999969,0.579999,1000.000000,0.000000,"Known Flow",0.000000,0.000000,2.16999993085665e-07,40.000000,0.579999,1000.000000,0.000000,0.000000,13.000000,0.000000,0.515380,0.579999,,,,8.619016,8.619016,,16.800279,,,,,,903.822387,0.066145,0.000000,0.000000,0.000000,,-459.670013,1000.000000,,0.000000,0.000000,,,,0.047205,"UNDEFINED",0.000000,0.997559,0.000000,,,,,"","",,,,8.619016,,0.000000,,0.000000,,,0.000000,0.000000,"",,,0.000000,,-1.000000,,0.000000,0.000000,0.000000,-1.000000,,,,,,,,,,,"",,,,,,,,,,"Volumetric",,,,,,,,,,0.000000,,,,,,,,,,0.000000,0.000000,,,,,,,,,,,,
"0BEC5269","Nodes",1120613.370000,1670093.870000,1313.064347,"Default Known Flow Node",69.999969,0.579999,1000.000000,0.000000,"Known Flow",0.000000,0.000000,2.16999993085665e-07,40.000000,0.579999,1000.000000,0.000000,0.000000,13.000000,0.000000,0.515380,0.579999,,,,8.616634,8.616634,,16.800279,,,,,,903.822387,0.066145,0.000000,0.000000,0.000000,,-459.670013,1000.000000,,0.000000,0.000000,,,,0.047205,"UNDEFINED",0.000000,0.997559,0.000000,,,,,"","",,,,8.616634,,0.000000,,0.000000,,,0.000000,0.000000,"",,,0.000000,,-1.000000,,0.000000,0.000000,-1.000000,-1.000000,,,,,,,,,,,"",,,,,,,,,,"Volumetric",,,,,,,,,,0.000000,,,,,,,,,,0.000000,0.000000,,,,,,,,,,,,
"0BEC522B","Nodes",1120574.120000,1670265.250000,1313.064347,"Default Known Flow Node",69.999969,0.579999,1000.000000,0.000000,"Known Flow",0.000000,0.000000,2.16999993085665e-07,40.000000,0.579999,1000.000000,0.000000,0.000000,13.000000,0.000000,0.515380,0.579999,,,,8.634452,8.634452,,16.800279,,,,,,903.822387,0.066145,0.000000,0.000000,0.000000,,-459.670013,1000.000000,,0.000000,0.000000,,,,0.047207,"UNDEFINED",0.000000,0.997559,0.000000,,,,,"","",,,,8.634452,,0.000000,,0.000000,,,0.000000,0.000000,"",,,0.000000,,-1.000000,,0.000000,0.000000,-1.000000,-1.000000,,,,,,,,,,,"",,,,,,,,,,"Volumetric",,,,,,,,,,0.000000,,,,,,,,,,0.000000,0.000000,,,,,,,,,,,,
"0BEC5287","Nodes",1121039.473965,1670112.402659,1313.064347,"Default Known Flow Node",69.999969,0.579999,1000.000000,0.000000,"Known Flow",0.000000,0.000000,2.16999993085665e-07,40.000000,0.579999,1000.000000,0.000000,0.000000,13.000000,0.000000,0.515380,0.579999,,,,8.619700,8.619700,,16.800279,,,,,,903.822387,0.066145,0.000000,0.000000,0.000000,,-459.670013,1000.000000,,0.000000,0.000000,,,,0.047205,"SETFLOW",0.000000,0.997559,0.000000,,,,,"","",,,,8.619700,,0.000000,,0.000000,,,0.000000,0.000000,"",,,0.000000,,-1.000000,,0.000000,0.000000,-1.000000,-1.000000,,,,,,,,,,,"",,,,,,,,,,"Volumetric",,,,,,,,,,-0.001418,,,,,,,,,,-0.001418,-0.000034,,,,,,,,,,,,
"Q3No196","Nodes",1121038.533127,1670052.251469,1313.064347,"Default Known Flow Node",69.999969,0.579999,1000.000000,0.000000,"Known Flow",0.000000,0.000000,2.16999993085665e-07,40.000000,0.579999,1000.000000,0.000000,0.000000,13.000000,0.000000,0.515380,0.579999,,,,8.619714,8.619714,,16.800279,,,,,,903.822387,0.066145,0.000000,0.000000,0.000000,,-459.670013,1000.000000,,0.000000,0.000000,,,,0.047205,"UNDEFINED",0.000000,0.997559,0.000000,,,,,"","",,,,8.619714,,0.000000,,0.000000,,,0.000000,0.000000,"",,,0.000000,,-1.000000,,0.000000,0.000000,0.000000,-1.000000,,,,,,,,,,,"",,,,,,,,,,"Volumetric",,,,,,,,,,0.000000,,,,,,,,,,0.000000,0.000000,,,,,,,,,,,,
"Q3No194","Nodes",1121040.939480,1670112.612018,1313.064347,"Default Known Flow Node",69.999969,0.579999,1000.000000,0.000000,"Known Flow",0.000000,0.000000,2.16999993085665e-07,40.000000,0.579999,1000.000000,0.000000,0.000000,13.000000,0.000000,0.515380,0.579999,,,,8.619722,8.619722,,16.800279,,,,,,903.822387,0.066145,0.000000,0.000000,0.000000,,-459.670013,1000.000000,,0.000000,0.000000,,,,0.047205,"UNDEFINED",0.000000,0.997559,0.000000,,,,,"","",,,,8.619722,,0.000000,,0.000000,,,0.000000,0.000000,"",,,0.000000,,-1.000000,,0.000000,0.000000,0.000000,-1.000000,,,,,,,,,,,"",,,,,,,,,,"Volumetric",,,,,,,,,,0.000000,,,,,,,,,,0.000000,0.000000,,,,,,,,,,,,
"0BEC5229","Nodes",1120541.870000,1670281.620000,1313.064347,"Default Known Flow Node",69.999969,0.579999,1000.000000,0.000000,"Known Flow",0.000000,0.000000,2.16999993085665e-07,40.000000,0.579999,1000.000000,0.000000,0.000000,13.000000,0.000000,0.515380,0.579999,,,,8.635051,8.635051,,16.800279,,,,,,903.822387,0.066145,0.000000,0.000000,0.000000,,-459.670013,1000.000000,,0.000000,0.000000,,,,0.047207,"UNDEFINED",0.000000,0.997559,0.000000,,,,,"","",,,,8.635051,,0.000000,,0.000000,,,0.000000,0.000000,"",,,0.000000,,-1.000000,,0.000000,0.000000,-1.000000,-1.000000,,,,,,,,,,,"",,,,,,,,,,"Volumetric",,,,,,,,,,0.000000,,,,,,,,,,0.000000,0.000000,,,,,,,,,,,,
"0BEC5198","Nodes",1120279.985124,1670240.049669,1313.064347,"Default Known Flow Node",69.999969,0.579999,1000.000000,0.000000,"Known Flow",0.000000,0.000000,2.16999993085665e-07,40.000000,0.579999,1000.000000,0.000000,0.000000,13.000000,0.000000,0.515380,0.579999,,,,8.674242,8.674242,,16.800279,,,,,,903.822387,0.066145,0.000000,0.000000,0.000000,,-459.670013,1000.000000,,0.000000,0.000000,,,,0.047211,"UNDEFINED",0.000000,0.997559,0.000000,,,,,"","",,,,8.674242,,0.000000,,0.000000,,,0.000000,0.000000,"",,,0.000000,,-1.000000,,0.000000,0.000000,-1.000000,-1.000000,,,,,,,,,,,"",,,,,,,,,,"Volumetric",,,,,,,,,,0.000000,,,,,,,,,,0.000000,0.000000,,,,,,,,,,,,
"0BEC522A","Nodes",1120565.120000,1670261.750000,1313.064347,"Default Known Flow Node",69.999969,0.579999,1000.000000,0.000000,"Known Flow",0.000000,0.000000,2.16999993085665e-07,40.000000,0.579999,1000.000000,0.000000,0.000000,13.000000,0.000000,0.515380,0.579999,,,,8.635572,8.635572,,16.800279,,,,,,903.822387,0.066145,0.000000,0.000000,0.000000,,-459.670013,1000.000000,,0.000000,0.000000,,,,0.047207,"UNDEFINED",0.000000,0.997559,0.000000,,,,,"","",,,,8.635572,,0.000000,,0.000000,,,0.000000,0.000000,"",,,0.000000,,-1.000000,,0.000000,0.000000,-1.000000,-1.000000,,,,,,,,,,,"",,,,,,,,,,"Volumetric",,,,,,,,,,0.000000,,,,,,,,,,0.000000,0.000000,,,,,,,,,,,,
"2FB14CF5","Nodes",1120564.870000,1670263.620000,1313.064347,"Default Known Flow Node",69.999969,0.579999,1000.000000,0.000000,"Known Flow",0.000000,0.000000,2.16999993085665e-07,40.000000,0.579999,1000.000000,0.000000,0.000000,13.000000,0.000000,0.515380,0.579999,,,,8.635572,8.635572,,16.800279,,,,,,903.822387,0.066145,0.000000,0.000000,0.000000,,-459.670013,1000.000000,,0.000000,0.000000,,,,0.047207,"SETFLOW",0.000000,0.997559,0.000000,,,,,"","",,,,8.635572,,0.000000,,0.000000,,,0.000000,0.000000,"",,,0.000000,,-1.000000,,0.000000,0.000000,-1.000000,-1.000000,,,,,,,,,,,"",,,,,,,,,,"Volumetric",,,,,,,,,,-0.011223,,,,,,,,,,-0.011223,-0.000269,,,,,,,,,,,,
"2FB14CF6","Nodes",1120564.370000,1670265.750000,1313.064347,"Default Known Flow Node",69.999969,0.579999,1000.000000,0.000000,"Known Flow",0.000000,0.000000,2.16999993085665e-07,40.000000,0.579999,1000.000000,0.000000,0.000000,13.000000,0.000000,0.515380,0.579999,,,,8.635764,8.635764,,16.800279,,,,,,903.822387,0.066145,0.000000,0.000000,0.000000,,-459.670013,1000.000000,,0.000000,0.000000,,,,0.047207,"UNDEFINED",0.000000,0.997559,0.000000,,,,,"","",,,,8.635764,,0.000000,,0.000000,,,0.000000,0.000000,"",,,0.000000,,-1.000000,,0.000000,0.000000,-1.000000,-1.000000,,,,,,,,,,,"",,,,,,,,,,"Volumetric",,,,,,,,,,0.000000,,,,,,,,,,0.000000,0.000000,,,,,,,,,,,,
"0BEC522C","Nodes",1120577.250000,1670266.000000,1313.064347,"Default Known Flow Node",69.999969,0.579999,1000.000000,0.000000,"Known Flow",0.000000,0.000000,2.16999993085665e-07,40.000000,0.579999,1000.000000,0.000000,0.000000,13.000000,0.000000,0.515380,0.579999,,,,8.634452,8.634452,,16.800279,,,,,,903.822387,0.066145,0.000000,0.000000,0.000000,,-459.670013,1000.000000,,0.000000,0.000000,,,,0.047207,"UNDEFINED",0.000000,0.997559,0.000000,,,,,"","",,,,8.634452,,0.000000,,0.000000,,,0.000000,0.000000,"",,,0.000000,,-1.000000,,0.000000,0.000000,-1.000000,-1.000000,,,,,,,,,,,"",,,,,,,,,,"Volumetric",,,,,,,,,,0.000000,,,,,,,,,,0.000000,0.000000,,,,,,,,,,,,
"0BEC5268","Nodes",1120573.500000,1670268.120000,1313.064347,"Default Known Flow Node",69.999969,0.579999,1000.000000,0.000000,"Known Flow",0.000000,0.000000,2.16999993085665e-07,40.000000,0.579999,1000.000000,0.000000,0.000000,13.000000,0.000000,0.515380,0.579999,,,,8.634452,8.634452,,16.800279,,,,,,903.822387,0.066145,0.000000,0.000000,0.000000,,-459.670013,1000.000000,,0.000000,0.000000,,,,0.047207,"UNDEFINED",0.000000,0.997559,0.000000,,,,,"","",,,,8.634452,,0.000000,,0.000000,,,0.000000,0.000000,"",,,0.000000,,-1.000000,,0.000000,0.000000,-1.000000,-1.000000,,,,,,,,,,,"",,,,,,,,,,"Volumetric",,,,,,,,,,0.000000,,,,,,,,,,0.000000,0.000000,,,,,,,,,,,,
"0BEC522D","Nodes",1120562.120000,1670285.000000,1313.064347,"Default Known Flow Node",69.999969,0.579999,1000.000000,0.000000,"Known Flow",0.000000,0.000000,2.16999993085665e-07,40.000000,0.579999,1000.000000,0.000000,0.000000,13.000000,0.000000,0.515380,0.579999,,,,8.631785,8.631785,,16.800279,,,,,,903.822387,0.066145,0.000000,0.000000,0.000000,,-459.670013,1000.000000,,0.000000,0.000000,,,,0.047206,"UNDEFINED",0.000000,0.997559,0.000000,,,,,"","",,,,8.631785,,0.000000,,0.000000,,,0.000000,0.000000,"",,,0.000000,,-1.000000,,0.000000,0.000000,-1.000000,-1.000000,,,,,,,,,,,"",,,,,,,,,,"Volumetric",,,,,,,,,,0.000000,,,,,,,,,,0.000000,0.000000,,,,,,,,,,,,
"0BEC5237","Nodes",1120564.250000,1670285.620000,1313.064347,"Default Known Flow Node",69.999969,0.579999,1000.000000,0.000000,"Known Flow",0.000000,0.000000,2.16999993085665e-07,40.000000,0.579999,1000.000000,0.000000,0.000000,13.000000,0.000000,0.515380,0.579999,,,,8.631785,8.631785,,16.800279,,,,,,903.822387,0.066145,0.000000,0.000000,0.000000,,-459.670013,1000.000000,,0.000000,0.000000,,,,0.047206,"UNDEFINED",0.000000,0.997559,0.000000,,,,,"","",,,,8.631785,,0.000000,,0.000000,,,0.000000,0.000000,"",,,0.000000,,-1.000000,,0.000000,0.000000,-1.000000,-1.000000,,,,,,,,,,,"",,,,,,,,,,"Volumetric",,,,,,,,,,0.000000,,,,,,,,,,0.000000,0.000000,,,,,,,,,,,,
"0BEC522E","Nodes",1120558.750000,1670288.000000,1313.064347,"Default Known Flow Node",69.999969,0.579999,1000.000000,0.000000,"Known Flow",0.000000,0.000000,2.16999993085665e-07,40.000000,0.579999,1000.000000,0.000000,0.000000,13.000000,0.000000,0.515380,0.579999,,,,8.637873,8.637873,,16.800279,,,,,,903.822387,0.066145,0.000000,0.000000,0.000000,,-459.670013,1000.000000,,0.000000,0.000000,,,,0.047207,"SETFLOW",0.000000,0.997559,0.000000,,,,,"","",,,,8.637873,,0.000000,,0.000000,,,0.000000,0.000000,"",,,0.000000,,-1.000000,,0.000000,0.000000,-1.000000,-1.000000,,,,,,,,,,,"",,,,,,,,,,"Volumetric",,,,,,,,,,-0.017958,,,,,,,,,,-0.017958,-0.000430,,,,,,,,,,,,
"0BEC5231","Nodes",1120945.620000,1670349.750000,1313.064347,"Default Known Flow Node",69.999969,0.579999,1000.000000,0.000000,"Known Flow",0.000000,0.000000,2.16999993085665e-07,40.000000,0.579999,1000.000000,0.000000,0.000000,13.000000,0.000000,0.515380,0.579999,,,,8.655955,8.655955,,16.800279,,,,,,903.822387,0.066145,0.000000,0.000000,0.000000,,-459.670013,1000.000000,,0.000000,0.000000,,,,0.047209,"UNDEFINED",0.000000,0.997559,0.000000,,,,,"","",,,,8.655955,,0.000000,,0.000000,,,0.000000,0.000000,"",,,0.000000,,-1.000000,,0.000000,0.000000,-1.000000,-1.000000,,,,,,,,,,,"",,,,,,,,,,"Volumetric",,,,,,,,,,0.000000,,,,,,,,,,0.000000,0.000000,,,,,,,,,,,,
"0BEC5232","Nodes",1120946.250000,1670347.370000,1313.064347,"Default Known Flow Node",69.999969,0.579999,1000.000000,0.000000,"Known Flow",0.000000,0.000000,2.16999993085665e-07,40.000000,0.579999,1000.000000,0.000000,0.000000,13.000000,0.000000,0.515380,0.579999,,,,8.655955,8.655955,,16.800279,,,,,,903.822387,0.066145,0.000000,0.000000,0.000000,,-459.670013,1000.000000,,0.000000,0.000000,,,,0.047209,"UNDEFINED",0.000000,0.997559,0.000000,,,,,"","",,,,8.655955,,0.000000,,0.000000,,,0.000000,0.000000,"",,,0.000000,,-1.000000,,0.000000,0.000000,-1.000000,-1.000000,,,,,,,,,,,"",,,,,,,,,,"Volumetric",,,,,,,,,,0.000000,,,,,,,,,,0.000000,0.000000,,,,,,,,,,,,
"0BEC522F","Nodes",1120941.750000,1670348.620000,1313.064347,"Default Known Flow Node",69.999969,0.579999,1000.000000,0.000000,"Known Flow",0.000000,0.000000,2.16999993085665e-07,40.000000,0.579999,1000.000000,0.000000,0.000000,13.000000,0.000000,0.515380,0.579999,,,,8.655937,8.655937,,16.800279,,,,,,903.822387,0.066145,0.000000,0.000000,0.000000,,-459.670013,1000.000000,,0.000000,0.000000,,,,0.047209,"SETFLOW",0.000000,0.997559,0.000000,,,,,"","",,,,8.655937,,0.000000,,0.000000,,,0.000000,0.000000,"",,,0.000000,,-1.000000,,0.000000,0.000000,-1.000000,-1.000000,,,,,,,,,,,"",,,,,,,,,,"Volumetric",,,,,,,,,,-0.005320,,,,,,,,,,-0.005320,-0.000127,,,,,,,,,,,,
"0BEC5230","Nodes",1120942.000000,1670366.250000,1313.064347,"Default Known Flow Node",69.999969,0.579999,1000.000000,0.000000,"Known Flow",0.000000,0.000000,2.16999993085665e-07,40.000000,0.579999,1000.000000,0.000000,0.000000,13.000000,0.000000,0.515380,0.579999,,,,8.656026,8.656026,,16.800279,,,,,,903.822387,0.066145,0.000000,0.000000,0.000000,,-459.670013,1000.000000,,0.000000,0.000000,,,,0.047209,"SETFLOW",0.000000,0.997559,0.000000,,,,,"","",,,,8.656026,,0.000000,,0.000000,,,0.000000,0.000000,"",,,0.000000,,-1.000000,,0.000000,0.000000,-1.000000,-1.000000,,,,,,,,,,,"",,,,,,,,,,"Volumetric",,,,,,,,,,-0.005320,,,,,,,,,,-0.005320,-0.000127,,,,,,,,,,,,
"0BEC5234","Nodes",1120956.000000,1670368.870000,1313.064347,"Default Known Flow Node",69.999969,0.579999,1000.000000,0.000000,"Known Flow",0.000000,0.000000,2.16999993085665e-07,40.000000,0.579999,1000.000000,0.000000,0.000000,13.000000,0.000000,0.515380,0.579999,,,,8.656092,8.656092,,16.800279,,,,,,903.822387,0.066145,0.000000,0.000000,0.000000,,-459.670013,1000.000000,,0.000000,0.000000,,,,0.047209,"UNDEFINED",0.000000,0.997559,0.000000,,,,,"","",,,,8.656092,,0.000000,,0.000000,,,0.000000,0.000000,"",,,0.000000,,-1.000000,,0.000000,0.000000,-1.000000,-1.000000,,,,,,,,,,,"",,,,,,,,,,"Volumetric",,,,,,,,,,0.000000,,,,,,,,,,0.000000,0.000000,,,,,,,,,,,,
"0BEC5235","Nodes",1121037.120000,1670381.120000,1313.064347,"Default Known Flow Node",69.999969,0.579999,1000.000000,0.000000,"Known Flow",0.000000,0.000000,2.16999993085665e-07,40.000000,0.579999,1000.000000,0.000000,0.000000,13.000000,0.000000,0.515380,0.579999,,,,8.660277,8.660277,,16.800279,,,,,,903.822387,0.066145,0.000000,0.000000,0.000000,,-459.670013,1000.000000,,0.000000,0.000000,,,,0.047209,"SETFLOW",0.000000,0.997559,0.000000,,,,,"","",,,,8.660277,,0.000000,,0.000000,,,0.000000,0.000000,"",,,0.000000,,-1.000000,,0.000000,0.000000,-1.000000,-1.000000,,,,,,,,,,,"",,,,,,,,,,"Volumetric",,,,,,,,,,-0.001418,,,,,,,,,,-0.001418,-0.000034,,,,,,,,,,,,
"0BEC5238","Nodes",1121145.750000,1670398.370000,1313.064347,"Default Known Flow Node",69.999969,0.579999,1000.000000,0.000000,"Known Flow",0.000000,0.000000,2.16999993085665e-07,40.000000,0.579999,1000.000000,0.000000,0.000000,13.000000,0.000000,0.515380,0.579999,,,,8.665865,8.665865,,16.800279,,,,,,903.822387,0.066145,0.000000,0.000000,0.000000,,-459.670013,1000.000000,,0.000000,0.000000,,,,0.047210,"SETFLOW",0.000000,0.997559,0.000000,,,,,"","",,,,8.665865,,0.000000,,0.000000,,,0.000000,0.000000,"",,,0.000000,,-1.000000,,0.000000,0.000000,-1.000000,-1.000000,,,,,,,,,,,"",,,,,,,,,,"Volumetric",,,,,,,,,,-0.007094,,,,,,,,,,-0.007094,-0.000170,,,,,,,,,,,,
"0BEC5267","Nodes",1120477.370000,1670620.500000,1313.064347,"Default Known Flow Node",69.999969,0.579999,1000.000000,0.000000,"Known Flow",0.000000,0.000000,2.16999993085665e-07,40.000000,0.579999,1000.000000,0.000000,0.000000,13.000000,0.000000,0.515380,0.579999,,,,8.642706,8.642706,,16.800279,,,,,,903.822387,0.066145,0.000000,0.000000,0.000000,,-459.670013,1000.000000,,0.000000,0.000000,,,,0.047207,"SETFLOW",0.000000,0.997559,0.000000,,,,,"","",,,,8.642706,,0.000000,,0.000000,,,0.000000,0.000000,"",,,0.000000,,-1.000000,,0.000000,0.000000,-1.000000,-1.000000,,,,,,,,,,,"",,,,,,,,,,"Volumetric",,,,,,,,,,-0.002020,,,,,,,,,,-0.002020,-0.000048,,,,,,,,,,,,
"0BEC5236","Nodes",1120528.870000,1670409.500000,1313.064347,"Default Known Flow Node",69.999969,0.579999,1000.000000,0.000000,"Known Flow",0.000000,0.000000,2.16999993085665e-07,40.000000,0.579999,1000.000000,0.000000,0.000000,13.000000,0.000000,0.515380,0.579999,,,,8.639344,8.639344,,16.800279,,,,,,903.822387,0.066145,0.000000,0.000000,0.000000,,-459.670013,1000.000000,,0.000000,0.000000,,,,0.047207,"SETFLOW",0.000000,0.997559,0.000000,,,,,"","",,,,8.639344,,0.000000,,0.000000,,,0.000000,0.000000,"",,,0.000000,,-1.000000,,0.000000,0.000000,-1.000000,-1.000000,,,,,,,,,,,"",,,,,,,,,,"Volumetric",,,,,,,,,,-0.006734,,,,,,,,,,-0.006734,-0.000161,,,,,,,,,,,,
"0BEC52B5","Nodes",1121299.750000,1670422.500000,1313.064347,"Default Known Flow Node",69.999969,0.579999,1000.000000,0.000000,"Known Flow",0.000000,0.000000,2.16999993085665e-07,40.000000,0.579999,1000.000000,0.000000,0.000000,13.000000,0.000000,0.515380,0.579999,,,,8.674004,8.674004,,16.800279,,,,,,903.822387,0.066145,0.000000,0.000000,0.000000,,-459.670013,1000.000000,,0.000000,0.000000,,,,0.047211,"SETFLOW",0.000000,0.997559,0.000000,,,,,"","",,,,8.674004,,0.000000,,0.000000,,,0.000000,0.000000,"",,,0.000000,,-1.000000,,0.000000,0.000000,-1.000000,-1.000000,,,,,,,,,,,"",,,,,,,,,,"Volumetric",,,,,,,,,,-0.013415,,,,,,,,,,-0.013415,-0.000321,,,,,,,,,,,,
"0BEC5233","Nodes",1120908.620000,1670503.870000,1313.064347,"Default Known Flow Node",69.999969,0.579999,1000.000000,0.000000,"Known Flow",0.000000,0.000000,2.16999993085665e-07,40.000000,0.579999,1000.000000,0.000000,0.000000,13.000000,0.000000,0.515380,0.579999,,,,8.656023,8.656023,,16.800279,,,,,,903.822387,0.066145,0.000000,0.000000,0.000000,,-459.670013,1000.000000,,0.000000,0.000000,,,,0.047209,"SETFLOW",0.000000,0.997559,0.000000,,,,,"","",,,,8.656023,,0.000000,,0.000000,,,0.000000,0.000000,"",,,0.000000,,-1.000000,,0.000000,0.000000,-1.000000,-1.000000,,,,,,,,,,,"",,,,,,,,,,"Volumetric",,,,,,,,,,-0.005986,,,,,,,,,,-0.005986,-0.000143,,,,,,,,,,,,
"0BEC5266","Nodes",1120475.620000,1670628.500000,1313.064347,"Default Known Flow Node",69.999969,0.579999,1000.000000,0.000000,"Known Flow",0.000000,0.000000,2.16999993085665e-07,40.000000,0.579999,1000.000000,0.000000,0.000000,13.000000,0.000000,0.515380,0.579999,,,,8.642732,8.642732,,16.800279,,,,,,903.822387,0.066145,0.000000,0.000000,0.000000,,-459.670013,1000.000000,,0.000000,0.000000,,,,0.047207,"SETFLOW",0.000000,0.997559,0.000000,,,,,"","",,,,8.642732,,0.000000,,0.000000,,,0.000000,0.000000,"",,,0.000000,,-1.000000,,0.000000,0.000000,-1.000000,-1.000000,,,,,,,,,,,"",,,,,,,,,,"Volumetric",,,,,,,,,,-0.002020,,,,,,,,,,-0.002020,-0.000048,,,,,,,,,,,,
"0BEC5265","Nodes",1120407.000000,1670905.370000,1313.064347,"Default Known Flow Node",69.999969,0.579999,1000.000000,0.000000,"Known Flow",0.000000,0.000000,2.16999993085665e-07,40.000000,0.579999,1000.000000,0.000000,0.000000,13.000000,0.000000,0.515380,0.579999,,,,8.650998,8.650998,,16.800279,,,,,,903.822387,0.066145,0.000000,0.000000,0.000000,,-459.670013,1000.000000,,0.000000,0.000000,,,,0.047208,"SETFLOW",0.000000,0.997559,0.000000,,,,,"","",,,,8.650998,,0.000000,,0.000000,,,0.000000,0.000000,"",,,0.000000,,-1.000000,,0.000000,0.000000,-1.000000,-1.000000,,,,,,,,,,,"",,,,,,,,,,"Volumetric",,,,,,,,,,-0.002020,,,,,,,,,,-0.002020,-0.000048,,,,,,,,,,,,
"0BEC5242","Nodes",1120468.870000,1670628.000000,1313.064347,"Default Known Flow Node",69.999969,0.579999,1000.000000,0.000000,"Known Flow",0.000000,0.000000,2.16999993085665e-07,40.000000,0.579999,1000.000000,0.000000,0.000000,13.000000,0.000000,0.515380,0.579999,,,,8.642571,8.642571,,16.800279,,,,,,903.822387,0.066145,0.000000,0.000000,0.000000,,-459.670013,1000.000000,,0.000000,0.000000,,,,0.047207,"SETFLOW",0.000000,0.997559,0.000000,,,,,"","",,,,8.642571,,0.000000,,0.000000,,,0.000000,0.000000,"",,,0.000000,,-1.000000,,0.000000,0.000000,-1.000000,-1.000000,,,,,,,,,,,"",,,,,,,,,,"Volumetric",,,,,,,,,,-0.010101,,,,,,,,,,-0.010101,-0.000242,,,,,,,,,,,,
"0BEC5240","Nodes",1120569.000000,1670634.000000,1313.064347,"Default Known Flow Node",69.999969,0.579999,1000.000000,0.000000,"Known Flow",0.000000,0.000000,2.16999993085665e-07,40.000000,0.579999,1000.000000,0.000000,0.000000,13.000000,0.000000,0.515380,0.579999,,,,8.644319,8.644319,,16.800279,,,,,,903.822387,0.066145,0.000000,0.000000,0.000000,,-459.670013,1000.000000,,0.000000,0.000000,,,,0.047208,"SETFLOW",0.000000,0.997559,0.000000,,,,,"","",,,,8.644319,,0.000000,,0.000000,,,0.000000,0.000000,"",,,0.000000,,-1.000000,,0.000000,0.000000,-1.000000,-1.000000,,,,,,,,,,,"",,,,,,,,,,"Volumetric",,,,,,,,,,-0.002244,,,,,,,,,,-0.002244,-0.000053,,,,,,,,,,,,
"0BEC5241","Nodes",1120482.250000,1670628.620000,1313.064347,"Default Known Flow Node",69.999969,0.579999,1000.000000,0.000000,"Known Flow",0.000000,0.000000,2.16999993085665e-07,40.000000,0.579999,1000.000000,0.000000,0.000000,13.000000,0.000000,0.515380,0.579999,,,,8.642827,8.642827,,16.800279,,,,,,903.822387,0.066145,0.000000,0.000000,0.000000,,-459.670013,1000.000000,,0.000000,0.000000,,,,0.047207,"SETFLOW",0.000000,0.997559,0.000000,,,,,"","",,,,8.642827,,0.000000,,0.000000,,,0.000000,0.000000,"",,,0.000000,,-1.000000,,0.000000,0.000000,-1.000000,-1.000000,,,,,,,,,,,"",,,,,,,,,,"Volumetric",,,,,,,,,,-0.002020,,,,,,,,,,-0.002020,-0.000048,,,,,,,,,,,,
"0BEC523F","Nodes",1120585.750000,1670635.000000,1313.064347,"Default Known Flow Node",69.999969,0.579999,1000.000000,0.000000,"Known Flow",0.000000,0.000000,2.16999993085665e-07,40.000000,0.579999,1000.000000,0.000000,0.000000,13.000000,0.000000,0.515380,0.579999,,,,8.644778,8.644778,,16.800279,,,,,,903.822387,0.066145,0.000000,0.000000,0.000000,,-459.670013,1000.000000,,0.000000,0.000000,,,,0.047208,"SETFLOW",0.000000,0.997559,0.000000,,,,,"","",,,,8.644778,,0.000000,,0.000000,,,0.000000,0.000000,"",,,0.000000,,-1.000000,,0.000000,0.000000,-1.000000,-1.000000,,,,,,,,,,,"",,,,,,,,,,"Volumetric",,,,,,,,,,-0.002244,,,,,,,,,,-0.002244,-0.000053,,,,,,,,,,,,
"0BEC523D","Nodes",1120654.370000,1670640.120000,1313.064347,"Default Known Flow Node",69.999969,0.579999,1000.000000,0.000000,"Known Flow",0.000000,0.000000,2.16999993085665e-07,40.000000,0.579999,1000.000000,0.000000,0.000000,13.000000,0.000000,0.515380,0.579999,,,,8.646342,8.646342,,16.800279,,,,,,903.822387,0.066145,0.000000,0.000000,0.000000,,-459.670013,1000.000000,,0.000000,0.000000,,,,0.047208,"SETFLOW",0.000000,0.997559,0.000000,,,,,"","",,,,8.646342,,0.000000,,0.000000,,,0.000000,0.000000,"",,,0.000000,,-1.000000,,0.000000,0.000000,-1.000000,-1.000000,,,,,,,,,,,"",,,,,,,,,,"Volumetric",,,,,,,,,,-0.017958,,,,,,,,,,-0.017958,-0.000430,,,,,,,,,,,,
"0BEC523E","Nodes",1120629.250000,1670638.250000,1313.064347,"Default Known Flow Node",69.999969,0.579999,1000.000000,0.000000,"Known Flow",0.000000,0.000000,2.16999993085665e-07,40.000000,0.579999,1000.000000,0.000000,0.000000,13.000000,0.000000,0.515380,0.579999,,,,8.645480,8.645480,,16.800279,,,,,,903.822387,0.066145,0.000000,0.000000,0.000000,,-459.670013,1000.000000,,0.000000,0.000000,,,,0.047208,"SETFLOW",0.000000,0.997559,0.000000,,,,,"","",,,,8.645480,,0.000000,,0.000000,,,0.000000,0.000000,"",,,0.000000,"149-43 35 Ave, Q = -1.23 mcfh, Firm (S08-28154-Q)",-1.000000,,0.000000,0.000000,-1.000000,-1.000000,,,,,,,,,,,,,,,,"",,,,,,,,,,"Volumetric",,,,,,,,,,-0.264373,,,,,-0.264373,-0.006344,,,,,,,,,,,,
"0BEC523C","Nodes",1120834.370000,1670651.120000,1313.064347,"Default Known Flow Node",69.999969,0.579999,1000.000000,0.000000,"Known Flow",0.000000,0.000000,2.16999993085665e-07,40.000000,0.579999,1000.000000,0.000000,0.000000,13.000000,0.000000,0.515380,0.579999,,,,8.650443,8.650443,,16.800279,,,,,,903.822387,0.066145,0.000000,0.000000,0.000000,,-459.670013,1000.000000,,0.000000,0.000000,,,,0.047208,"SETFLOW",0.000000,0.997559,0.000000,,,,,"","",,,,8.650443,,0.000000,,0.000000,,,0.000000,0.000000,"",,,0.000000,,-1.000000,,0.000000,0.000000,-1.000000,-1.000000,,,,,,,,,,,"",,,,,,,,,,"Volumetric",,,,,,,,,,-0.015962,,,,,,,,,,-0.015962,-0.000383,,,,,,,,,,,,
"0BEC523A","Nodes",1120868.000000,1670653.250000,1313.064347,"Default Known Flow Node",69.999969,0.579999,1000.000000,0.000000,"Known Flow",0.000000,0.000000,2.16999993085665e-07,40.000000,0.579999,1000.000000,0.000000,0.000000,13.000000,0.000000,0.515380,0.579999,,,,8.651136,8.651136,,16.800279,,,,,,903.822387,0.066145,0.000000,0.000000,0.000000,,-459.670013,1000.000000,,0.000000,0.000000,,,,0.047208,"UNDEFINED",0.000000,0.997559,0.000000,,,,,"","",,,,8.651136,,0.000000,,0.000000,,,0.000000,0.000000,"",,,0.000000,,-1.000000,,0.000000,0.000000,-1.000000,-1.000000,,,,,,,,,,,"",,,,,,,,,,"Volumetric",,,,,,,,,,0.000000,,,,,,,,,,0.000000,0.000000,,,,,,,,,,,,
"0BEC523B","Nodes",1120853.620000,1670652.750000,1313.064347,"Default Known Flow Node",69.999969,0.579999,1000.000000,0.000000,"Known Flow",0.000000,0.000000,2.16999993085665e-07,40.000000,0.579999,1000.000000,0.000000,0.000000,13.000000,0.000000,0.515380,0.579999,,,,8.650842,8.650842,,16.800279,,,,,,903.822387,0.066145,0.000000,0.000000,0.000000,,-459.670013,1000.000000,,0.000000,0.000000,,,,0.047208,"UNDEFINED",0.000000,0.997559,0.000000,,,,,"","",,,,8.650842,,0.000000,,0.000000,,,0.000000,0.000000,"",,,0.000000,,-1.000000,,0.000000,0.000000,-1.000000,-1.000000,,,,,,,,,,,"",,,,,,,,,,"Volumetric",,,,,,,,,,0.000000,,,,,,,,,,0.000000,0.000000,,,,,,,,,,,,
"0BEC52A9","Nodes",1120834.370000,1670652.120000,1313.064347,"Default Known Flow Node",69.999969,0.579999,1000.000000,0.000000,"Known Flow",0.000000,0.000000,2.16999993085665e-07,40.000000,0.579999,1000.000000,0.000000,0.000000,13.000000,0.000000,0.515380,0.579999,,,,8.650443,8.650443,,16.800279,,,,,,903.822387,0.066145,0.000000,0.000000,0.000000,,-459.670013,1000.000000,,0.000000,0.000000,,,,0.047208,"UNDEFINED",0.000000,0.997559,0.000000,,,,,"","",,,,8.650443,,0.000000,,0.000000,,,0.000000,0.000000,"",,,0.000000,,-1.000000,,0.000000,0.000000,-1.000000,-1.000000,,,,,,,,,,,"",,,,,,,,,,"Volumetric",,,,,,,,,,0.000000,,,,,,,,,,0.000000,0.000000,,,,,,,,,,,,
"0BEC5239","Nodes",1120883.750000,1670653.750000,1313.064347,"Default Known Flow Node",69.999969,0.579999,1000.000000,0.000000,"Known Flow",0.000000,0.000000,2.16999993085665e-07,40.000000,0.579999,1000.000000,0.000000,0.000000,13.000000,0.000000,0.515380,0.579999,,,,8.651471,8.651471,,16.800279,,,,,,903.822387,0.066145,0.000000,0.000000,0.000000,,-459.670013,1000.000000,,0.000000,0.000000,,,,0.047208,"SETFLOW",0.000000,0.997559,0.000000,,,,,"","",,,,8.651471,,0.000000,,0.000000,,,0.000000,0.000000,"",,,0.000000,,-1.000000,,0.000000,0.000000,-1.000000,-1.000000,,,,,,,,,,,"",,,,,,,,,,"Volumetric",,,,,,,,,,-0.009976,,,,,,,,,,-0.009976,-0.000239,,,,,,,,,,,,
"0BEC52B6","Nodes",1121300.000000,1670679.120000,1313.064347,"Default Known Flow Node",69.999969,0.579999,1000.000000,0.000000,"Known Flow",0.000000,0.000000,2.16999993085665e-07,40.000000,0.579999,1000.000000,0.000000,0.000000,13.000000,0.000000,0.515380,0.579999,,,,8.660301,8.660301,,16.800279,,,,,,903.822387,0.066145,0.000000,0.000000,0.000000,,-459.670013,1000.000000,,0.000000,0.000000,,,,0.047209,"SETFLOW",0.000000,0.997559,0.000000,,,,,"","",,,,8.660301,,0.000000,,0.000000,,,0.000000,0.000000,"",,,0.000000,,-1.000000,,0.000000,0.000000,-1.000000,-1.000000,,,,,,,,,,,"",,,,,,,,,,"Volumetric",,,,,,,,,,-0.013415,,,,,,,,,,-0.013415,-0.000321,,,,,,,,,,,,
"0BEC5223","Nodes",1120832.750000,1670812.870000,1313.064347,"Default Known Flow Node",69.999969,0.579999,1000.000000,0.000000,"Known Flow",0.000000,0.000000,2.16999993085665e-07,40.000000,0.579999,1000.000000,0.000000,0.000000,13.000000,0.000000,0.515380,0.579999,,,,8.654738,8.654738,,16.800279,,,,,,903.822387,0.066145,0.000000,0.000000,0.000000,,-459.670013,1000.000000,,0.000000,0.000000,,,,0.047209,"SETFLOW",0.000000,0.997559,0.000000,,,,,"","",,,,8.654738,,0.000000,,0.000000,,,0.000000,0.000000,"",,,0.000000,,-1.000000,,0.000000,0.000000,-1.000000,-1.000000,,,,,,,,,,,"",,,,,,,,,,"Volumetric",,,,,,,,,,-0.001995,,,,,,,,,,-0.001995,-0.000047,,,,,,,,,,,,
"0BEC5224","Nodes",1120814.000000,1670889.120000,1313.064347,"Default Known Flow Node",69.999969,0.579999,1000.000000,0.000000,"Known Flow",0.000000,0.000000,2.16999993085665e-07,40.000000,0.579999,1000.000000,0.000000,0.000000,13.000000,0.000000,0.515380,0.579999,,,,8.654738,8.654738,,16.800279,,,,,,903.822387,0.066145,0.000000,0.000000,0.000000,,-459.670013,1000.000000,,0.000000,0.000000,,,,0.047209,"SETFLOW",0.000000,0.997559,0.000000,,,,,"","",,,,8.654738,,0.000000,,0.000000,,,0.000000,0.000000,"",,,0.000000,,-1.000000,,0.000000,0.000000,-1.000000,-1.000000,,,,,,,,,,,"",,,,,,,,,,"Volumetric",,,,,,,,,,-0.001995,,,,,,,,,,-0.001995,-0.000047,,,,,,,,,,,,
"0BEC5225","Nodes",1120811.870000,1670898.870000,1313.064347,"Default Known Flow Node",69.999969,0.579999,1000.000000,0.000000,"Known Flow",0.000000,0.000000,2.16999993085665e-07,40.000000,0.579999,1000.000000,0.000000,0.000000,13.000000,0.000000,0.515380,0.579999,,,,8.654738,8.654738,,16.800279,,,,,,903.822387,0.066145,0.000000,0.000000,0.000000,,-459.670013,1000.000000,,0.000000,0.000000,,,,0.047209,"UNDEFINED",0.000000,0.997559,0.000000,,,,,"","",,,,8.654738,,0.000000,,0.000000,,,0.000000,0.000000,"",,,0.000000,,-1.000000,,0.000000,0.000000,-1.000000,-1.000000,,,,,,,,,,,"",,,,,,,,,,"Volumetric",,,,,,,,,,0.000000,,,,,,,,,,0.000000,0.000000,,,,,,,,,,,,
"0BEC5262","Nodes",1120403.500000,1670918.500000,1313.064347,"Default Known Flow Node",69.999969,0.579999,1000.000000,0.000000,"Known Flow",0.000000,0.000000,2.16999993085665e-07,40.000000,0.579999,1000.000000,0.000000,0.000000,13.000000,0.000000,0.515380,0.579999,,,,8.653343,8.653343,,16.800279,,,,,,903.822387,0.066145,0.000000,0.000000,0.000000,,-459.670013,1000.000000,,0.000000,0.000000,,,,0.047209,"UNDEFINED",0.000000,0.997559,0.000000,,,,,"","",,,,8.653343,,0.000000,,0.000000,,,0.000000,0.000000,"",,,0.000000,,-1.000000,,0.000000,0.000000,-1.000000,-1.000000,,,,,,,,,,,"",,,,,,,,,,"Volumetric",,,,,,,,,,0.000000,,,,,,,,,,0.000000,0.000000,,,,,,,,,,,,
"0BEC5263","Nodes",1120393.250000,1670917.000000,1313.064347,"Default Known Flow Node",69.999969,0.579999,1000.000000,0.000000,"Known Flow",0.000000,0.000000,2.16999993085665e-07,40.000000,0.579999,1000.000000,0.000000,0.000000,13.000000,0.000000,0.515380,0.579999,,,,8.653934,8.653934,,16.800279,,,,,,903.822387,0.066145,0.000000,0.000000,0.000000,,-459.670013,1000.000000,,0.000000,0.000000,,,,0.047209,"UNDEFINED",0.000000,0.997559,0.000000,,,,,"","",,,,8.653934,,0.000000,,0.000000,,,0.000000,0.000000,"",,,0.000000,,-1.000000,,0.000000,0.000000,-1.000000,-1.000000,,,,,,,,,,,"",,,,,,,,,,"Volumetric",,,,,,,,,,0.000000,,,,,,,,,,0.000000,0.000000,,,,,,,,,,,,
"2FB82F2A","Nodes",1120389.120000,1670916.500000,1313.064347,"Default Known Flow Node",69.999969,0.579999,1000.000000,0.000000,"Known Flow",0.000000,0.000000,2.16999993085665e-07,40.000000,0.579999,1000.000000,0.000000,0.000000,13.000000,0.000000,0.515380,0.579999,,,,8.654170,8.654170,,16.800279,,,,,,903.822387,0.066145,0.000000,0.000000,0.000000,,-459.670013,1000.000000,,0.000000,0.000000,,,,0.047209,"UNDEFINED",0.000000,0.997559,0.000000,,,,,"","",,,,8.654170,,0.000000,,0.000000,,,0.000000,0.000000,"",,,0.000000,,-1.000000,,0.000000,0.000000,-1.000000,-1.000000,,,,,,,,,,,"",,,,,,,,,,"Volumetric",,,,,,,,,,0.000000,,,,,,,,,,0.000000,0.000000,,,,,,,,,,,,
"0BEC5261","Nodes",1120415.620000,1670918.750000,1313.064347,"Default Known Flow Node",69.999969,0.579999,1000.000000,0.000000,"Known Flow",0.000000,0.000000,2.16999993085665e-07,40.000000,0.579999,1000.000000,0.000000,0.000000,13.000000,0.000000,0.515380,0.579999,,,,8.653394,8.653394,,16.800279,,,,,,903.822387,0.066145,0.000000,0.000000,0.000000,,-459.670013,1000.000000,,0.000000,0.000000,,,,0.047209,"SETFLOW",0.000000,0.997559,0.000000,,,,,"","",,,,8.653394,,0.000000,,0.000000,,,0.000000,0.000000,"",,,0.000000,,-1.000000,,0.000000,0.000000,-1.000000,-1.000000,,,,,,,,,,,"",,,,,,,,,,"Volumetric",,,,,,,,,,-0.002020,,,,,,,,,,-0.002020,-0.000048,,,,,,,,,,,,
"0BEC5260","Nodes",1120762.120000,1670938.750000,1313.064347,"Default Known Flow Node",69.999969,0.579999,1000.000000,0.000000,"Known Flow",0.000000,0.000000,2.16999993085665e-07,40.000000,0.579999,1000.000000,0.000000,0.000000,13.000000,0.000000,0.515380,0.579999,,,,8.654593,8.654593,,16.800279,,,,,,903.822387,0.066145,0.000000,0.000000,0.000000,,-459.670013,1000.000000,,0.000000,0.000000,,,,0.047209,"SETFLOW",0.000000,0.997559,0.000000,,,,,"","",,,,8.654593,,0.000000,,0.000000,,,0.000000,0.000000,"",,,0.000000,,-1.000000,,0.000000,0.000000,-1.000000,-1.000000,,,,,,,,,,,"",,,,,,,,,,"Volumetric",,,,,,,,,,-0.001995,,,,,,,,,,-0.001995,-0.000047,,,,,,,,,,,,
"0BEC5264","Nodes",1120403.221828,1670919.543143,1313.064347,"Default Known Flow Node",69.999969,0.579999,1000.000000,0.000000,"Known Flow",0.000000,0.000000,2.16999993085665e-07,40.000000,0.579999,1000.000000,0.000000,0.000000,13.000000,0.000000,0.515380,0.579999,,,,8.653368,8.653368,,16.800279,,,,,,903.822387,0.066145,0.000000,0.000000,0.000000,,-459.670013,1000.000000,,0.000000,0.000000,,,,0.047209,"SETFLOW",0.000000,0.997559,0.000000,,,,,"","",,,,8.653368,,0.000000,,0.000000,,,0.000000,0.000000,"",,,0.000000,,-1.000000,,0.000000,0.000000,-1.000000,-1.000000,,,,,,,,,,,"",,,,,,,,,,"Volumetric",,,,,,,,,,-0.002020,,,,,,,,,,-0.002020,-0.000048,,,,,,,,,,,,
"0BEC525F","Nodes",1120794.370000,1670940.750000,1313.064347,"Default Known Flow Node",69.999969,0.579999,1000.000000,0.000000,"Known Flow",0.000000,0.000000,2.16999993085665e-07,40.000000,0.579999,1000.000000,0.000000,0.000000,13.000000,0.000000,0.515380,0.579999,,,,8.654706,8.654706,,16.800279,,,,,,903.822387,0.066145,0.000000,0.000000,0.000000,,-459.670013,1000.000000,,0.000000,0.000000,,,,0.047209,"UNDEFINED",0.000000,0.997559,0.000000,,,,,"","",,,,8.654706,,0.000000,,0.000000,,,0.000000,0.000000,"",,,0.000000,,-1.000000,,0.000000,0.000000,-1.000000,-1.000000,,,,,,,,,,,"",,,,,,,,,,"Volumetric",,,,,,,,,,0.000000,,,,,,,,,,0.000000,0.000000,,,,,,,,,,,,
"0BEC525E","Nodes",1120797.120000,1670939.370000,1313.064347,"Default Known Flow Node",69.999969,0.579999,1000.000000,0.000000,"Known Flow",0.000000,0.000000,2.16999993085665e-07,40.000000,0.579999,1000.000000,0.000000,0.000000,13.000000,0.000000,0.515380,0.579999,,,,8.654717,8.654717,,16.800279,,,,,,903.822387,0.066145,0.000000,0.000000,0.000000,,-459.670013,1000.000000,,0.000000,0.000000,,,,0.047209,"UNDEFINED",0.000000,0.997559,0.000000,,,,,"","",,,,8.654717,,0.000000,,0.000000,,,0.000000,0.000000,"",,,0.000000,,-1.000000,,0.000000,0.000000,-1.000000,-1.000000,,,,,,,,,,,"",,,,,,,,,,"Volumetric",,,,,,,,,,0.000000,,,,,,,,,,0.000000,0.000000,,,,,,,,,,,,
"0BEC5226","Nodes",1120803.000000,1670939.500000,1313.064347,"Default Known Flow Node",69.999969,0.579999,1000.000000,0.000000,"Known Flow",0.000000,0.000000,2.16999993085665e-07,40.000000,0.579999,1000.000000,0.000000,0.000000,13.000000,0.000000,0.515380,0.579999,,,,8.654738,8.654738,,16.800279,,,,,,903.822387,0.066145,0.000000,0.000000,0.000000,,-459.670013,1000.000000,,0.000000,0.000000,,,,0.047209,"UNDEFINED",0.000000,0.997559,0.000000,,,,,"","",,,,8.654738,,0.000000,,0.000000,,,0.000000,0.000000,"",,,0.000000,,-1.000000,,0.000000,0.000000,-1.000000,-1.000000,,,,,,,,,,,"",,,,,,,,,,"Volumetric",,,,,,,,,,0.000000,,,,,,,,,,0.000000,0.000000,,,,,,,,,,,,
"0BEC525D","Nodes",1120806.250000,1670939.620000,1313.064347,"Default Known Flow Node",69.999969,0.579999,1000.000000,0.000000,"Known Flow",0.000000,0.000000,2.16999993085665e-07,40.000000,0.579999,1000.000000,0.000000,0.000000,13.000000,0.000000,0.515380,0.579999,,,,8.654943,8.654943,,16.800279,,,,,,903.822387,0.066145,0.000000,0.000000,0.000000,,-459.670013,1000.000000,,0.000000,0.000000,,,,0.047209,"UNDEFINED",0.000000,0.997559,0.000000,,,,,"","",,,,8.654943,,0.000000,,0.000000,,,0.000000,0.000000,"",,,0.000000,,-1.000000,,0.000000,0.000000,-1.000000,-1.000000,,,,,,,,,,,"",,,,,,,,,,"Volumetric",,,,,,,,,,0.000000,,,,,,,,,,0.000000,0.000000,,,,,,,,,,,,
"2FB1B9DF","Nodes",1120809.000000,1670941.620000,1313.064347,"Default Known Flow Node",69.999969,0.579999,1000.000000,0.000000,"Known Flow",0.000000,0.000000,2.16999993085665e-07,40.000000,0.579999,1000.000000,0.000000,0.000000,13.000000,0.000000,0.515380,0.579999,,,,8.654955,8.654955,,16.800279,,,,,,903.822387,0.066145,0.000000,0.000000,0.000000,,-459.670013,1000.000000,,0.000000,0.000000,,,,0.047209,"UNDEFINED",0.000000,0.997559,0.000000,,,,,"","",,,,8.654955,,0.000000,,0.000000,,,0.000000,0.000000,"",,,0.000000,,-1.000000,,0.000000,0.000000,-1.000000,-1.000000,,,,,,,,,,,"",,,,,,,,,,"Volumetric",,,,,,,,,,0.000000,,,,,,,,,,0.000000,0.000000,,,,,,,,,,,,
"0BEC525C","Nodes",1120817.620000,1670942.000000,1313.064347,"Default Known Flow Node",69.999969,0.579999,1000.000000,0.000000,"Known Flow",0.000000,0.000000,2.16999993085665e-07,40.000000,0.579999,1000.000000,0.000000,0.000000,13.000000,0.000000,0.515380,0.579999,,,,8.654989,8.654989,,16.800279,,,,,,903.822387,0.066145,0.000000,0.000000,0.000000,,-459.670013,1000.000000,,0.000000,0.000000,,,,0.047209,"SETFLOW",0.000000,0.997559,0.000000,,,,,"","",,,,8.654989,,0.000000,,0.000000,,,0.000000,0.000000,"",,,0.000000,,-1.000000,,0.000000,0.000000,-1.000000,-1.000000,,,,,,,,,,,"",,,,,,,,,,"Volumetric",,,,,,,,,,-0.001995,,,,,,,,,,-0.001995,-0.000047,,,,,,,,,,,,
"0BEC52A2","Nodes",1121039.620000,1670953.000000,1313.064347,"Default Known Flow Node",69.999969,0.579999,1000.000000,0.000000,"Known Flow",0.000000,0.000000,2.16999993085665e-07,40.000000,0.579999,1000.000000,0.000000,0.000000,13.000000,0.000000,0.515380,0.579999,,,,8.663917,8.663917,,16.800279,,,,,,903.822387,0.066145,0.000000,0.000000,0.000000,,-459.670013,1000.000000,,0.000000,0.000000,,,,0.047210,"SETFLOW",0.000000,0.997559,0.000000,,,,,"","",,,,8.663917,,0.000000,,0.000000,,,0.000000,0.000000,"",,,0.000000,,-1.000000,,0.000000,0.000000,-1.000000,-1.000000,,,,,,,,,,,"",,,,,,,,,,"Volumetric",,,,,,,,,,-0.004256,,,,,,,,,,-0.004256,-0.000102,,,,,,,,,,,,
"0BEC5227","Nodes",1120801.250000,1670948.000000,1313.064347,"Default Known Flow Node",69.999969,0.579999,1000.000000,0.000000,"Known Flow",0.000000,0.000000,2.16999993085665e-07,40.000000,0.579999,1000.000000,0.000000,0.000000,13.000000,0.000000,0.515380,0.579999,,,,8.654728,8.654728,,16.800279,,,,,,903.822387,0.066145,0.000000,0.000000,0.000000,,-459.670013,1000.000000,,0.000000,0.000000,,,,0.047209,"SETFLOW",0.000000,0.997559,0.000000,,,,,"","",,,,8.654728,,0.000000,,0.000000,,,0.000000,0.000000,"",,,0.000000,,-1.000000,,0.000000,0.000000,-1.000000,-1.000000,,,,,,,,,,,"",,,,,,,,,,"Volumetric",,,,,,,,,,-0.001995,,,,,,,,,,-0.001995,-0.000047,,,,,,,,,,,,
"0BEC52A3","Nodes",1121146.370000,1670958.500000,1313.064347,"Default Known Flow Node",69.999969,0.579999,1000.000000,0.000000,"Known Flow",0.000000,0.000000,2.16999993085665e-07,40.000000,0.579999,1000.000000,0.000000,0.000000,13.000000,0.000000,0.515380,0.579999,,,,8.668334,8.668334,,16.800279,,,,,,903.822387,0.066145,0.000000,0.000000,0.000000,,-459.670013,1000.000000,,0.000000,0.000000,,,,0.047210,"SETFLOW",0.000000,0.997559,0.000000,,,,,"","",,,,8.668334,,0.000000,,0.000000,,,0.000000,0.000000,"",,,0.000000,,-1.000000,,0.000000,0.000000,-1.000000,-1.000000,,,,,,,,,,,"",,,,,,,,,,"Volumetric",,,,,,,,,,-0.005159,,,,,,,,,,-0.005159,-0.000123,,,,,,,,,,,,
"0BEC52A4","Nodes",1121250.370000,1670963.750000,1313.064347,"Default Known Flow Node",69.999969,0.579999,1000.000000,0.000000,"Known Flow",0.000000,0.000000,2.16999993085665e-07,40.000000,0.579999,1000.000000,0.000000,0.000000,13.000000,0.000000,0.515380,0.579999,,,,8.673284,8.673284,,16.800279,,,,,,903.822387,0.066145,0.000000,0.000000,0.000000,,-459.670013,1000.000000,,0.000000,0.000000,,,,0.047211,"SETFLOW",0.000000,0.997559,0.000000,,,,,"","",,,,8.673284,,0.000000,,0.000000,,,0.000000,0.000000,"",,,0.000000,,-1.000000,,0.000000,0.000000,-1.000000,-1.000000,,,,,,,,,,,"",,,,,,,,,,"Volumetric",,,,,,,,,,-0.005159,,,,,,,,,,-0.005159,-0.000123,,,,,,,,,,,,
"0BEC52C1","Nodes",1121299.620000,1670966.500000,1313.064347,"Default Known Flow Node",69.999969,0.579999,1000.000000,0.000000,"Known Flow",0.000000,0.000000,2.16999993085665e-07,40.000000,0.579999,1000.000000,0.000000,0.000000,13.000000,0.000000,0.515380,0.579999,,,,8.675660,8.675660,,16.800279,,,,,,903.822387,0.066145,0.000000,0.000000,0.000000,,-459.670013,1000.000000,,0.000000,0.000000,,,,0.047211,"UNDEFINED",0.000000,0.997559,0.000000,,,,,"","",,,,8.675660,,0.000000,,0.000000,,,0.000000,0.000000,"",,,0.000000,,-1.000000,,0.000000,0.000000,-1.000000,-1.000000,,,,,,,,,,,"",,,,,,,,,,"Volumetric",,,,,,,,,,0.000000,,,,,,,,,,0.000000,0.000000,,,,,,,,,,,,
"2FB1C634","Nodes",1121280.370000,1671211.250000,1313.064347,"Default Known Flow Node",69.999969,0.579999,1000.000000,0.000000,"Known Flow",0.000000,0.000000,2.16999993085665e-07,40.000000,0.579999,1000.000000,0.000000,0.000000,13.000000,0.000000,0.515380,0.579999,,,,8.677478,8.677478,,16.800279,,,,,,903.822387,0.066145,0.000000,0.000000,0.000000,,-459.670013,1000.000000,,0.000000,0.000000,,,,0.047211,"UNDEFINED",0.000000,0.997559,0.000000,,,,,"","",,,,8.677478,,0.000000,,0.000000,,,0.000000,0.000000,"",,,0.000000,,-1.000000,,0.000000,0.000000,-1.000000,-1.000000,,,,,,,,,,,"",,,,,,,,,,"Volumetric",,,,,,,,,,0.000000,,,,,,,,,,0.000000,0.000000,,,,,,,,,,,,
"0BEC52C2","Nodes",1121299.870000,1671131.750000,1313.064347,"Default Known Flow Node",69.999969,0.579999,1000.000000,0.000000,"Known Flow",0.000000,0.000000,2.16999993085665e-07,40.000000,0.579999,1000.000000,0.000000,0.000000,13.000000,0.000000,0.515380,0.579999,,,,8.678053,8.678053,,16.800279,,,,,,903.822387,0.066145,0.000000,0.000000,0.000000,,-459.670013,1000.000000,,0.000000,0.000000,,,,0.047211,"UNDEFINED",0.000000,0.997559,0.000000,,,,,"","",,,,8.678053,,0.000000,,0.000000,,,0.000000,0.000000,"",,,0.000000,,-1.000000,,0.000000,0.000000,-1.000000,-1.000000,,,,,,,,,,,"",,,,,,,,,,"Volumetric",,,,,,,,,,0.000000,,,,,,,,,,0.000000,0.000000,,,,,,,,,,,,
"0BEC525A","Nodes",1121246.000000,1671353.500000,1313.064347,"Default Known Flow Node",69.999969,0.579999,1000.000000,0.000000,"Known Flow",0.000000,0.000000,2.16999993085665e-07,40.000000,0.579999,1000.000000,0.000000,0.000000,13.000000,0.000000,0.515380,0.579999,,,,8.676440,8.676440,,16.800279,,,,,,903.822387,0.066145,0.000000,0.000000,0.000000,,-459.670013,1000.000000,,0.000000,0.000000,,,,0.047211,"UNDEFINED",0.000000,0.997559,0.000000,,,,,"","",,,,8.676440,,0.000000,,0.000000,,,0.000000,0.000000,"",,,0.000000,,-1.000000,,0.000000,0.000000,-1.000000,-1.000000,,,,,,,,,,,"",,,,,,,,,,"Volumetric",,,,,,,,,,0.000000,,,,,,,,,,0.000000,0.000000,,,,,,,,,,,,
"0BEC52B9","Nodes",1121300.000000,1671222.250000,1313.064347,"Default Known Flow Node",69.999969,0.579999,1000.000000,0.000000,"Known Flow",0.000000,0.000000,2.16999993085665e-07,40.000000,0.579999,1000.000000,0.000000,0.000000,13.000000,0.000000,0.515380,0.579999,,,,8.656417,8.656417,,16.800279,,,,,,903.822387,0.066145,0.000000,0.000000,0.000000,,-459.670013,1000.000000,,0.000000,0.000000,,,,0.047209,"SETFLOW",0.000000,0.997559,0.000000,,,,,"","",,,,8.656417,,0.000000,,0.000000,,,0.000000,0.000000,"",,,0.000000,,-1.000000,,0.000000,0.000000,-1.000000,-1.000000,,,,,,,,,,,"",,,,,,,,,,"Volumetric",,,,,,,,,,-0.027088,,,,,,,,,,-0.027088,-0.000650,,,,,,,,,,,,
"0BEC524D","Nodes",1121283.870000,1671222.750000,1313.064347,"Default Known Flow Node",69.999969,0.579999,1000.000000,0.000000,"Known Flow",0.000000,0.000000,2.16999993085665e-07,40.000000,0.579999,1000.000000,0.000000,0.000000,13.000000,0.000000,0.515380,0.579999,,,,8.656402,8.656402,,16.800279,,,,,,903.822387,0.066145,0.000000,0.000000,0.000000,,-459.670013,1000.000000,,0.000000,0.000000,,,,0.047209,"SETFLOW",0.000000,0.997559,0.000000,,,,,"","",,,,8.656402,,0.000000,,0.000000,,,0.000000,0.000000,"",,,0.000000,,-1.000000,,0.000000,0.000000,-1.000000,-1.000000,,,,,,,,,,,"",,,,,,,,,,"Volumetric",,,,,,,,,,-0.003869,,,,,,,,,,-0.003869,-0.000092,,,,,,,,,,,,
"0BEC52A6","Nodes",1120900.500000,1671223.250000,1313.064347,"Default Known Flow Node",69.999969,0.579999,1000.000000,0.000000,"Known Flow",0.000000,0.000000,2.16999993085665e-07,40.000000,0.579999,1000.000000,0.000000,0.000000,13.000000,0.000000,0.515380,0.579999,,,,8.654761,8.654761,,16.800279,,,,,,903.822387,0.066145,0.000000,0.000000,0.000000,,-459.670013,1000.000000,,0.000000,0.000000,,,,0.047209,"SETFLOW",0.000000,0.997559,0.000000,,,,,"","",,,,8.654761,,0.000000,,0.000000,,,0.000000,0.000000,"",,,0.000000,,-1.000000,,0.000000,0.000000,-1.000000,-1.000000,,,,,,,,,,,"",,,,,,,,,,"Volumetric",,,,,,,,,,-0.007482,,,,,,,,,,-0.007482,-0.000179,,,,,,,,,,,,
"0BEC524E","Nodes",1121001.750000,1671223.370000,1313.064347,"Default Known Flow Node",69.999969,0.579999,1000.000000,0.000000,"Known Flow",0.000000,0.000000,2.16999993085665e-07,40.000000,0.579999,1000.000000,0.000000,0.000000,13.000000,0.000000,0.515380,0.579999,,,,8.655149,8.655149,,16.800279,,,,,,903.822387,0.066145,0.000000,0.000000,0.000000,,-459.670013,1000.000000,,0.000000,0.000000,,,,0.047209,"SETFLOW",0.000000,0.997559,0.000000,,,,,"","",,,,8.655149,,0.000000,,0.000000,,,0.000000,0.000000,"",,,0.000000,,-1.000000,,0.000000,0.000000,-1.000000,-1.000000,,,,,,,,,,,"",,,,,,,,,,"Volumetric",,,,,,,,,,-0.012470,,,,,,,,,,-0.012470,-0.000299,,,,,,,,,,,,
"0BEC5251","Nodes",1120734.620000,1671228.250000,1313.064347,"Default Known Flow Node",69.999969,0.579999,1000.000000,0.000000,"Known Flow",0.000000,0.000000,2.16999993085665e-07,40.000000,0.579999,1000.000000,0.000000,0.000000,13.000000,0.000000,0.515380,0.579999,,,,8.654384,8.654384,,16.800279,,,,,,903.822387,0.066145,0.000000,0.000000,0.000000,,-459.670013,1000.000000,,0.000000,0.000000,,,,0.047209,"UNDEFINED",0.000000,0.997559,0.000000,,,,,"","",,,,8.654384,,0.000000,,0.000000,,,0.000000,0.000000,"",,,0.000000,,-1.000000,,0.000000,0.000000,-1.000000,-1.000000,,,,,,,,,,,"",,,,,,,,,,"Volumetric",,,,,,,,,,0.000000,,,,,,,,,,0.000000,0.000000,,,,,,,,,,,,
"0BEC5228","Nodes",1120735.120000,1671223.870000,1313.064347,"Default Known Flow Node",69.999969,0.579999,1000.000000,0.000000,"Known Flow",0.000000,0.000000,2.16999993085665e-07,40.000000,0.579999,1000.000000,0.000000,0.000000,13.000000,0.000000,0.515380,0.579999,,,,8.654398,8.654398,,16.800279,,,,,,903.822387,0.066145,0.000000,0.000000,0.000000,,-459.670013,1000.000000,,0.000000,0.000000,,,,0.047209,"SETFLOW",0.000000,0.997559,0.000000,,,,,"","",,,,8.654398,,0.000000,,0.000000,,,0.000000,0.000000,"",,,0.000000,,-1.000000,,0.000000,0.000000,-1.000000,-1.000000,,,,,,,,,,,"",,,,,,,,,,"Volumetric",,,,,,,,,,-0.002494,,,,,,,,,,-0.002494,-0.000059,,,,,,,,,,,,
"0BEC5243","Nodes",1120326.713314,1671232.150941,1313.064347,"Default Known Flow Node",69.999969,0.579999,1000.000000,0.000000,"Known Flow",0.000000,0.000000,2.16999993085665e-07,40.000000,0.579999,1000.000000,0.000000,0.000000,13.000000,0.000000,0.515380,0.579999,,,,8.655047,8.655047,,16.800279,,,,,,903.822387,0.066145,0.000000,0.000000,0.000000,,-459.670013,1000.000000,,0.000000,0.000000,,,,0.047209,"UNDEFINED",0.000000,0.997559,0.000000,,,,,"","",,,,8.655047,,0.000000,,0.000000,,,0.000000,0.000000,"",,,0.000000,,-1.000000,,0.000000,0.000000,-1.000000,-1.000000,,,,,,,,,,,"",,,,,,,,,,"Volumetric",,,,,,,,,,0.000000,,,,,,,,,,0.000000,0.000000,,,,,,,,,,,,
"2FBE6BFD","Nodes",1120329.707013,1671232.185192,1313.064347,"Default Known Flow Node",69.999969,0.579999,1000.000000,0.000000,"Known Flow",0.000000,0.000000,2.16999993085665e-07,40.000000,0.579999,1000.000000,0.000000,0.000000,13.000000,0.000000,0.515380,0.579999,,,,8.655040,8.655040,,16.800279,,,,,,903.822387,0.066145,0.000000,0.000000,0.000000,,-459.670013,1000.000000,,0.000000,0.000000,,,,0.047209,"UNDEFINED",0.000000,0.997559,0.000000,,,,,"","",,,,8.655040,,0.000000,,0.000000,,,0.000000,0.000000,"",,,0.000000,"V57687",-1.000000,,0.000000,0.000000,0.000000,-1.000000,,,,,,,,,,,"",,,,,,,,,,"Volumetric",,,,,,,,,,0.000000,,,,,,,,,,0.000000,0.000000,,,,,,,,,,,,
"0BEC524C","Nodes",1120581.250000,1671226.120000,1313.064347,"Default Known Flow Node",69.999969,0.579999,1000.000000,0.000000,"Known Flow",0.000000,0.000000,2.16999993085665e-07,40.000000,0.579999,1000.000000,0.000000,0.000000,13.000000,0.000000,0.515380,0.579999,,,,8.654615,8.654615,,16.800279,,,,,,903.822387,0.066145,0.000000,0.000000,0.000000,,-459.670013,1000.000000,,0.000000,0.000000,,,,0.047209,"UNDEFINED",0.000000,0.997559,0.000000,,,,,"","",,,,8.654615,,0.000000,,0.000000,,,0.000000,0.000000,"",,,0.000000,,-1.000000,,0.000000,0.000000,-1.000000,-1.000000,,,,,,,,,,,"",,,,,,,,,,"Volumetric",,,,,,,,,,0.000000,,,,,,,,,,0.000000,0.000000,,,,,,,,,,,,
"0BEC5253","Nodes",1120691.120000,1671226.750000,1313.064347,"Default Known Flow Node",69.999969,0.579999,1000.000000,0.000000,"Known Flow",0.000000,0.000000,2.16999993085665e-07,40.000000,0.579999,1000.000000,0.000000,0.000000,13.000000,0.000000,0.515380,0.579999,,,,8.654438,8.654438,,16.800279,,,,,,903.822387,0.066145,0.000000,0.000000,0.000000,,-459.670013,1000.000000,,0.000000,0.000000,,,,0.047209,"UNDEFINED",0.000000,0.997559,0.000000,,,,,"","",,,,8.654438,,0.000000,,0.000000,,,0.000000,0.000000,"",,,0.000000,,-1.000000,,0.000000,0.000000,-1.000000,-1.000000,,,,,,,,,,,"",,,,,,,,,,"Volumetric",,,,,,,,,,0.000000,,,,,,,,,,0.000000,0.000000,,,,,,,,,,,,
"0BEC5252","Nodes",1120721.750000,1671229.000000,1313.064347,"Default Known Flow Node",69.999969,0.579999,1000.000000,0.000000,"Known Flow",0.000000,0.000000,2.16999993085665e-07,40.000000,0.579999,1000.000000,0.000000,0.000000,13.000000,0.000000,0.515380,0.579999,,,,8.654388,8.654388,,16.800279,,,,,,903.822387,0.066145,0.000000,0.000000,0.000000,,-459.670013,1000.000000,,0.000000,0.000000,,,,0.047209,"UNDEFINED",0.000000,0.997559,0.000000,,,,,"","",,,,8.654388,,0.000000,,0.000000,,,0.000000,0.000000,"",,,0.000000,,-1.000000,,0.000000,0.000000,-1.000000,-1.000000,,,,,,,,,,,"",,,,,,,,,,"Volumetric",,,,,,,,,,0.000000,,,,,,,,,,0.000000,0.000000,,,,,,,,,,,,
"0BEC524F","Nodes",1120769.750000,1671227.000000,1313.064347,"Default Known Flow Node",69.999969,0.579999,1000.000000,0.000000,"Known Flow",0.000000,0.000000,2.16999993085665e-07,40.000000,0.579999,1000.000000,0.000000,0.000000,13.000000,0.000000,0.515380,0.579999,,,,8.654301,8.654301,,16.800279,,,,,,903.822387,0.066145,0.000000,0.000000,0.000000,,-459.670013,1000.000000,,0.000000,0.000000,,,,0.047209,"UNDEFINED",0.000000,0.997559,0.000000,,,,,"","",,,,8.654301,,0.000000,,0.000000,,,0.000000,0.000000,"",,,0.000000,,-1.000000,,0.000000,0.000000,-1.000000,-1.000000,,,,,,,,,,,"",,,,,,,,,,"Volumetric",,,,,,,,,,0.000000,,,,,,,,,,0.000000,0.000000,,,,,,,,,,,,
"0BEC5250","Nodes",1120758.370000,1671227.370000,1313.064347,"Default Known Flow Node",69.999969,0.579999,1000.000000,0.000000,"Known Flow",0.000000,0.000000,2.16999993085665e-07,40.000000,0.579999,1000.000000,0.000000,0.000000,13.000000,0.000000,0.515380,0.579999,,,,8.654294,8.654294,,16.800279,,,,,,903.822387,0.066145,0.000000,0.000000,0.000000,,-459.670013,1000.000000,,0.000000,0.000000,,,,0.047209,"UNDEFINED",0.000000,0.997559,0.000000,,,,,"","",,,,8.654294,,0.000000,,0.000000,,,0.000000,0.000000,"",,,0.000000,,-1.000000,,0.000000,0.000000,-1.000000,-1.000000,,,,,,,,,,,"",,,,,,,,,,"Volumetric",,,,,,,,,,0.000000,,,,,,,,,,0.000000,0.000000,,,,,,,,,,,,
"0BEC5248","Nodes",1120742.000000,1671305.620000,1313.064347,"Default Known Flow Node",69.999969,0.579999,1000.000000,0.000000,"Known Flow",0.000000,0.000000,2.16999993085665e-07,40.000000,0.579999,1000.000000,0.000000,0.000000,13.000000,0.000000,0.515380,0.579999,,,,8.654174,8.654174,,16.800279,,,,,,903.822387,0.066145,0.000000,0.000000,0.000000,,-459.670013,1000.000000,,0.000000,0.000000,,,,0.047209,"UNDEFINED",0.000000,0.997559,0.000000,,,,,"","",,,,8.654174,,0.000000,,0.000000,,,0.000000,0.000000,"",,,0.000000,,-1.000000,,0.000000,0.000000,-1.000000,-1.000000,,,,,,,,,,,"",,,,,,,,,,"Volumetric",,,,,,,,,,0.000000,,,,,,,,,,0.000000,0.000000,,,,,,,,,,,,
"0BEC5196","Nodes",1120280.120996,1671258.228665,1313.064347,"Default Known Flow Node",69.999969,0.579999,1000.000000,0.000000,"Known Flow",0.000000,0.000000,2.16999993085665e-07,40.000000,0.579999,1000.000000,0.000000,0.000000,13.000000,0.000000,0.515380,0.579999,,,,8.655186,8.655186,,16.800279,,,,,,903.822387,0.066145,0.000000,0.000000,0.000000,,-459.670013,1000.000000,,0.000000,0.000000,,,,0.047209,"UNDEFINED",0.000000,0.997559,0.000000,,,,,"","",,,,8.655186,,0.000000,,0.000000,,,0.000000,0.000000,"",,,0.000000,,-1.000000,,0.000000,0.000000,-1.000000,-1.000000,,,,,,,,,,,"",,,,,,,,,,"Volumetric",,,,,,,,,,0.000000,,,,,,,,,,0.000000,0.000000,,,,,,,,,,,,
"2FBE6BFF","Nodes",1120323.202792,1671257.680101,1313.064347,"Default Known Flow Node",69.999969,0.579999,1000.000000,0.000000,"Known Flow",0.000000,0.000000,2.16999993085665e-07,40.000000,0.579999,1000.000000,0.000000,0.000000,13.000000,0.000000,0.515380,0.579999,,,,8.655202,8.655202,,16.800279,,,,,,903.822387,0.066145,0.000000,0.000000,0.000000,,-459.670013,1000.000000,,0.000000,0.000000,,,,0.047209,"UNDEFINED",0.000000,0.997559,0.000000,,,,,"","",,,,8.655202,,0.000000,,0.000000,,,0.000000,0.000000,"",,,0.000000,,-1.000000,,0.000000,0.000000,0.000000,-1.000000,,,,,,,,,,,"",,,,,,,,,,"Volumetric",,,,,,,,,,0.000000,,,,,,,,,,0.000000,0.000000,,,,,,,,,,,,
"0BEC5245","Nodes",1120343.332031,1671265.475763,1313.064347,"Default Known Flow Node",69.999969,0.579999,1000.000000,0.000000,"Known Flow",0.000000,0.000000,2.16999993085665e-07,40.000000,0.579999,1000.000000,0.000000,0.000000,13.000000,0.000000,0.515380,0.579999,,,,8.655809,8.655809,,16.800279,,,,,,903.822387,0.066145,0.000000,0.000000,0.000000,,-459.670013,1000.000000,,0.000000,0.000000,,,,0.047209,"UNDEFINED",0.000000,0.997559,0.000000,,,,,"","",,,,8.655809,,0.000000,,0.000000,,,0.000000,0.000000,"",,,0.000000,,-1.000000,,0.000000,0.000000,-1.000000,-1.000000,,,,,,,,,,,"",,,,,,,,,,"Volumetric",,,,,,,,,,0.000000,,,,,,,,,,0.000000,0.000000,,,,,,,,,,,,
"2FBAE40C","Nodes",1120342.245860,1671269.630821,1313.064347,"Default Known Flow Node",69.999969,0.579999,1000.000000,0.000000,"Known Flow",0.000000,0.000000,2.16999993085665e-07,40.000000,0.579999,1000.000000,0.000000,0.000000,13.000000,0.000000,0.515380,0.579999,,,,8.656016,8.656016,,16.800279,,,,,,903.822387,0.066145,0.000000,0.000000,0.000000,,-459.670013,1000.000000,,0.000000,0.000000,,,,0.047209,"UNDEFINED",0.000000,0.997559,0.000000,,,,,"","",,,,8.656016,,0.000000,,0.000000,,,0.000000,0.000000,"",,,0.000000,,-1.000000,,0.000000,0.000000,-1.000000,-1.000000,,,,,,,,,,,"",,,,,,,,,,"Volumetric",,,,,,,,,,0.000000,,,,,,,,,,0.000000,0.000000,,,,,,,,,,,,
"0BEC5246","Nodes",1120652.250000,1671296.870000,1313.064347,"Default Known Flow Node",69.999969,0.579999,1000.000000,0.000000,"Known Flow",0.000000,0.000000,2.16999993085665e-07,40.000000,0.579999,1000.000000,0.000000,0.000000,13.000000,0.000000,0.515380,0.579999,,,,8.654418,8.654418,,16.800279,,,,,,903.822387,0.066145,0.000000,0.000000,0.000000,,-459.670013,1000.000000,,0.000000,0.000000,,,,0.047209,"SETFLOW",0.000000,0.997559,0.000000,,,,,"","",,,,8.654418,,0.000000,,0.000000,,,0.000000,0.000000,"",,,0.000000,,-1.000000,,0.000000,0.000000,-1.000000,-1.000000,,,,,,,,,,,"",,,,,,,,,,"Volumetric",,,,,,,,,,-0.007482,,,,,,,,,,-0.007482,-0.000179,,,,,,,,,,,,
"0BEC5247","Nodes",1120703.500000,1671302.370000,1313.064347,"Default Known Flow Node",69.999969,0.579999,1000.000000,0.000000,"Known Flow",0.000000,0.000000,2.16999993085665e-07,40.000000,0.579999,1000.000000,0.000000,0.000000,13.000000,0.000000,0.515380,0.579999,,,,8.654206,8.654206,,16.800279,,,,,,903.822387,0.066145,0.000000,0.000000,0.000000,,-459.670013,1000.000000,,0.000000,0.000000,,,,0.047209,"UNDEFINED",0.000000,0.997559,0.000000,,,,,"","",,,,8.654206,,0.000000,,0.000000,,,0.000000,0.000000,"",,,0.000000,,-1.000000,,0.000000,0.000000,-1.000000,-1.000000,,,,,,,,,,,"",,,,,,,,,,"Volumetric",,,,,,,,,,0.000000,,,,,,,,,,0.000000,0.000000,,,,,,,,,,,,
"0BEC52BA","Nodes",1120723.500000,1671379.870000,1313.064347,"Default Known Flow Node",69.999969,0.579999,1000.000000,0.000000,"Known Flow",0.000000,0.000000,2.16999993085665e-07,40.000000,0.579999,1000.000000,0.000000,0.000000,13.000000,0.000000,0.515380,0.579999,,,,8.654116,8.654116,,16.800279,,,,,,903.822387,0.066145,0.000000,0.000000,0.000000,,-459.670013,1000.000000,,0.000000,0.000000,,,,0.047209,"SETFLOW",0.000000,0.997559,0.000000,,,,,"","",,,,8.654116,,0.000000,,0.000000,,,0.000000,0.000000,"",,,0.000000,,-1.000000,,0.000000,0.000000,-1.000000,-1.000000,,,,,,,,,,,"",,,,,,,,,,"Volumetric",,,,,,,,,,-0.107250,,,,,,,,,,-0.107250,-0.002574,,,,,,,,,,,,
"0BEC5249","Nodes",1120750.250000,1671306.370000,1313.064347,"Default Known Flow Node",69.999969,0.579999,1000.000000,0.000000,"Known Flow",0.000000,0.000000,2.16999993085665e-07,40.000000,0.579999,1000.000000,0.000000,0.000000,13.000000,0.000000,0.515380,0.579999,,,,8.654150,8.654150,,16.800279,,,,,,903.822387,0.066145,0.000000,0.000000,0.000000,,-459.670013,1000.000000,,0.000000,0.000000,,,,0.047209,"SETFLOW",0.000000,0.997559,0.000000,,,,,"","",,,,8.654150,,0.000000,,0.000000,,,0.000000,0.000000,"",,,0.000000,,-1.000000,,0.000000,0.000000,-1.000000,-1.000000,,,,,,,,,,,"",,,,,,,,,,"Volumetric",,,,,,,,,,-0.007482,,,,,,,,,,-0.007482,-0.000179,,,,,,,,,,,,
"0BEC5257","Nodes",1120983.000000,1671331.250000,1313.064347,"Default Known Flow Node",69.999969,0.579999,1000.000000,0.000000,"Known Flow",0.000000,0.000000,2.16999993085665e-07,40.000000,0.579999,1000.000000,0.000000,0.000000,13.000000,0.000000,0.515380,0.579999,,,,8.650463,8.650463,,16.800279,,,,,,903.822387,0.066145,0.000000,0.000000,0.000000,,-459.670013,1000.000000,,0.000000,0.000000,,,,0.047208,"SETFLOW",0.000000,0.997559,0.000000,,,,,"","",,,,8.650463,,0.000000,,0.000000,,,0.000000,0.000000,"",,,0.000000,,-1.000000,,0.000000,0.000000,-1.000000,-1.000000,,,,,,,,,,,"",,,,,,,,,,"Volumetric",,,,,,,,,,-0.002494,,,,,,,,,,-0.002494,-0.000059,,,,,,,,,,,,
"0BEC524A","Nodes",1120870.370000,1671319.250000,1313.064347,"Default Known Flow Node",69.999969,0.579999,1000.000000,0.000000,"Known Flow",0.000000,0.000000,2.16999993085665e-07,40.000000,0.579999,1000.000000,0.000000,0.000000,13.000000,0.000000,0.515380,0.579999,,,,8.652232,8.652232,,16.800279,,,,,,903.822387,0.066145,0.000000,0.000000,0.000000,,-459.670013,1000.000000,,0.000000,0.000000,,,,0.047209,"SETFLOW",0.000000,0.997559,0.000000,,,,,"","",,,,8.652232,,0.000000,,0.000000,,,0.000000,0.000000,"",,,0.000000,,-1.000000,,0.000000,0.000000,-1.000000,-1.000000,,,,,,,,,,,"",,,,,,,,,,"Volumetric",,,,,,,,,,-0.002494,,,,,,,,,,-0.002494,-0.000059,,,,,,,,,,,,
"0BEC525B","Nodes",1121241.750000,1671352.750000,1313.064347,"Default Known Flow Node",69.999969,0.579999,1000.000000,0.000000,"Known Flow",0.000000,0.000000,2.16999993085665e-07,40.000000,0.579999,1000.000000,0.000000,0.000000,13.000000,0.000000,0.515380,0.579999,,,,8.676440,8.676440,,16.800279,,,,,,903.822387,0.066145,0.000000,0.000000,0.000000,,-459.670013,1000.000000,,0.000000,0.000000,,,,0.047211,"UNDEFINED",0.000000,0.997559,0.000000,,,,,"","",,,,8.676440,,0.000000,,0.000000,,,0.000000,0.000000,"",,,0.000000,,-1.000000,,0.000000,0.000000,-1.000000,-1.000000,,,,,,,,,,,"",,,,,,,,,,"Volumetric",,,,,,,,,,0.000000,,,,,,,,,,0.000000,0.000000,,,,,,,,,,,,
"2FB21337","Nodes",1121251.500000,1671354.000000,1313.064347,"Default Known Flow Node",69.999969,0.579999,1000.000000,0.000000,"Known Flow",0.000000,0.000000,2.16999993085665e-07,40.000000,0.579999,1000.000000,0.000000,0.000000,13.000000,0.000000,0.515380,0.579999,,,,8.674978,8.674978,,16.800279,,,,,,903.822387,0.066145,0.000000,0.000000,0.000000,,-459.670013,1000.000000,,0.000000,0.000000,,,,0.047211,"UNDEFINED",0.000000,0.997559,0.000000,,,,,"","",,,,8.674978,,0.000000,,0.000000,,,0.000000,0.000000,"",,,0.000000,,-1.000000,,0.000000,0.000000,-1.000000,-1.000000,,,,,,,,,,,"",,,,,,,,,,"Volumetric",,,,,,,,,,0.000000,,,,,,,,,,0.000000,0.000000,,,,,,,,,,,,
"2FB258EB","Nodes",1121243.370000,1671357.870000,1313.064347,"Default Known Flow Node",69.999969,0.579999,1000.000000,0.000000,"Known Flow",0.000000,0.000000,2.16999993085665e-07,40.000000,0.579999,1000.000000,0.000000,0.000000,13.000000,0.000000,0.515380,0.579999,,,,8.639796,8.639796,,16.800279,,,,,,903.822387,0.066145,0.000000,0.000000,0.000000,,-459.670013,1000.000000,,0.000000,0.000000,,,,0.047207,"SETFLOW",0.000000,0.997559,0.000000,,,,,"","",,,,8.639796,,0.000000,,0.000000,,,0.000000,0.000000,"",,,0.000000,,-1.000000,,0.000000,0.000000,-1.000000,-1.000000,,,,,,,,,,,"",,,,,,,,,,"Volumetric",,,,,,,,,,-0.001289,,,,,,,,,,-0.001289,-0.000030,,,,,,,,,,,,
"2FB1B9E2","Nodes",1121245.000000,1671358.000000,1313.064347,"Default Known Flow Node",69.999969,0.579999,1000.000000,0.000000,"Known Flow",0.000000,0.000000,2.16999993085665e-07,40.000000,0.579999,1000.000000,0.000000,0.000000,13.000000,0.000000,0.515380,0.579999,,,,8.676442,8.676442,,16.800279,,,,,,903.822387,0.066145,0.000000,0.000000,0.000000,,-459.670013,1000.000000,,0.000000,0.000000,,,,0.047211,"UNDEFINED",0.000000,0.997559,0.000000,,,,,"","",,,,8.676442,,0.000000,,0.000000,,,0.000000,0.000000,"",,,0.000000,,-1.000000,,0.000000,0.000000,-1.000000,-1.000000,,,,,,,,,,,"",,,,,,,,,,"Volumetric",,,,,,,,,,0.000000,,,,,,,,,,0.000000,0.000000,,,,,,,,,,,,
"0BEC52BC","Nodes",1121300.000000,1671362.870000,1313.064347,"Default Known Flow Node",69.999969,0.579999,1000.000000,0.000000,"Known Flow",0.000000,0.000000,2.16999993085665e-07,40.000000,0.579999,1000.000000,0.000000,0.000000,13.000000,0.000000,0.515380,0.579999,,,,8.639109,8.639109,,16.800279,,,,,,903.822387,0.066145,0.000000,0.000000,0.000000,,-459.670013,1000.000000,,0.000000,0.000000,,,,0.047207,"UNDEFINED",0.000000,0.997559,0.000000,,,,,"","",,,,8.639109,,0.000000,,0.000000,,,0.000000,0.000000,"",,,0.000000,,-1.000000,,0.000000,0.000000,-1.000000,-1.000000,,,,,,,,,,,"",,,,,,,,,,"Volumetric",,,,,,,,,,0.000000,,,,,,,,,,0.000000,0.000000,,,,,,,,,,,,
"0BEC5256","Nodes",1121251.500000,1671358.250000,1313.064347,"Default Known Flow Node",69.999969,0.579999,1000.000000,0.000000,"Known Flow",0.000000,0.000000,2.16999993085665e-07,40.000000,0.579999,1000.000000,0.000000,0.000000,13.000000,0.000000,0.515380,0.579999,,,,8.639496,8.639496,,16.800279,,,,,,903.822387,0.066145,0.000000,0.000000,0.000000,,-459.670013,1000.000000,,0.000000,0.000000,,,,0.047207,"UNDEFINED",0.000000,0.997559,0.000000,,,,,"","",,,,8.639496,,0.000000,,0.000000,,,0.000000,0.000000,"",,,0.000000,,-1.000000,,0.000000,0.000000,-1.000000,-1.000000,,,,,,,,,,,"",,,,,,,,,,"Volumetric",,,,,,,,,,0.000000,,,,,,,,,,0.000000,0.000000,,,,,,,,,,,,
"0BEC5258","Nodes",1121248.250000,1671358.250000,1313.064347,"Default Known Flow Node",69.999969,0.579999,1000.000000,0.000000,"Known Flow",0.000000,0.000000,2.16999993085665e-07,40.000000,0.579999,1000.000000,0.000000,0.000000,13.000000,0.000000,0.515380,0.579999,,,,8.639625,8.639625,,16.800279,,,,,,903.822387,0.066145,0.000000,0.000000,0.000000,,-459.670013,1000.000000,,0.000000,0.000000,,,,0.047207,"UNDEFINED",0.000000,0.997559,0.000000,,,,,"","",,,,8.639625,,0.000000,,0.000000,,,0.000000,0.000000,"",,,0.000000,,-1.000000,,0.000000,0.000000,-1.000000,-1.000000,,,,,,,,,,,"",,,,,,,,,,"Volumetric",,,,,,,,,,0.000000,,,,,,,,,,0.000000,0.000000,,,,,,,,,,,,
"0BEC52BE","Nodes",1121299.870000,1671358.750000,1313.064347,"Default Known Flow Node",69.999969,0.579999,1000.000000,0.000000,"Known Flow",0.000000,0.000000,2.16999993085665e-07,40.000000,0.579999,1000.000000,0.000000,0.000000,13.000000,0.000000,0.515380,0.579999,,,,8.660651,8.660651,,16.800279,,,,,,903.822387,0.066145,0.000000,0.000000,0.000000,,-459.670013,1000.000000,,0.000000,0.000000,,,,0.047210,"UNDEFINED",0.000000,0.997559,0.000000,,,,,"","",,,,8.660651,,0.000000,,0.000000,,,0.000000,0.000000,"",,,0.000000,,-1.000000,,0.000000,0.000000,-1.000000,-1.000000,,,,,,,,,,,"",,,,,,,,,,"Volumetric",,,,,,,,,,0.000000,,,,,,,,,,0.000000,0.000000,,,,,,,,,,,,
"0BEC52A5","Nodes",1121250.620000,1671361.370000,1313.064347,"Default Known Flow Node",69.999969,0.579999,1000.000000,0.000000,"Known Flow",0.000000,0.000000,2.16999993085665e-07,40.000000,0.579999,1000.000000,0.000000,0.000000,13.000000,0.000000,0.515380,0.579999,,,,8.639496,8.639496,,16.800279,,,,,,903.822387,0.066145,0.000000,0.000000,0.000000,,-459.670013,1000.000000,,0.000000,0.000000,,,,0.047207,"UNDEFINED",0.000000,0.997559,0.000000,,,,,"","",,,,8.639496,,0.000000,,0.000000,,,0.000000,0.000000,"",,,0.000000,,-1.000000,,0.000000,0.000000,-1.000000,-1.000000,,,,,,,,,,,"",,,,,,,,,,"Volumetric",,,,,,,,,,0.000000,,,,,,,,,,0.000000,0.000000,,,,,,,,,,,,
"0BEC5259","Nodes",1121242.250000,1671369.500000,1313.064347,"Default Known Flow Node",69.999969,0.579999,1000.000000,0.000000,"Known Flow",0.000000,0.000000,2.16999993085665e-07,40.000000,0.579999,1000.000000,0.000000,0.000000,13.000000,0.000000,0.515380,0.579999,,,,8.676446,8.676446,,16.800279,,,,,,903.822387,0.066145,0.000000,0.000000,0.000000,,-459.670013,1000.000000,,0.000000,0.000000,,,,0.047211,"UNDEFINED",0.000000,0.997559,0.000000,,,,,"","",,,,8.676446,,0.000000,,0.000000,,,0.000000,0.000000,"",,,0.000000,,-1.000000,,0.000000,0.000000,-1.000000,-1.000000,,,,,,,,,,,"",,,,,,,,,,"Volumetric",,,,,,,,,,0.000000,,,,,,,,,,0.000000,0.000000,,,,,,,,,,,,
"0BEC529D","Nodes",1120974.370000,1671369.870000,1313.064347,"Default Known Flow Node",69.999969,0.579999,1000.000000,0.000000,"Known Flow",0.000000,0.000000,2.16999993085665e-07,40.000000,0.579999,1000.000000,0.000000,0.000000,13.000000,0.000000,0.515380,0.579999,,,,8.650709,8.650709,,16.800279,,,,,,903.822387,0.066145,0.000000,0.000000,0.000000,,-459.670013,1000.000000,,0.000000,0.000000,,,,0.047208,"UNDEFINED",0.000000,0.997559,0.000000,,,,,"","",,,,8.650709,,0.000000,,0.000000,,,0.000000,0.000000,"",,,0.000000,,-1.000000,,0.000000,0.000000,-1.000000,-1.000000,,,,,,,,,,,"",,,,,,,,,,"Volumetric",,,,,,,,,,0.000000,,,,,,,,,,0.000000,0.000000,,,,,,,,,,,,
"0BEC52FD","Nodes",1120971.750000,1671379.870000,1313.064347,"Default Known Flow Node",69.999969,0.579999,1000.000000,0.000000,"Known Flow",0.000000,0.000000,2.16999993085665e-07,40.000000,0.579999,1000.000000,0.000000,0.000000,13.000000,0.000000,0.515380,0.579999,,,,8.650836,8.650836,,16.800279,,,,,,903.822387,0.066145,0.000000,0.000000,0.000000,,-459.670013,1000.000000,,0.000000,0.000000,,,,0.047208,"SETFLOW",0.000000,0.997559,0.000000,,,,,"","",,,,8.650836,,0.000000,,0.000000,,,0.000000,0.000000,"",,,0.000000,,-1.000000,,0.000000,0.000000,-1.000000,-1.000000,,,,,,,,,,,"",,,,,,,,,,"Volumetric",,,,,,,,,,-0.034918,,,,,,,,,,-0.034918,-0.000838,,,,,,,,,,,,
"0BEC52BD","Nodes",1121239.750000,1671380.000000,1313.064347,"Default Known Flow Node",69.999969,0.579999,1000.000000,0.000000,"Known Flow",0.000000,0.000000,2.16999993085665e-07,40.000000,0.579999,1000.000000,0.000000,0.000000,13.000000,0.000000,0.515380,0.579999,,,,8.676452,8.676452,,16.800279,,,,,,903.822387,0.066145,0.000000,0.000000,0.000000,,-459.670013,1000.000000,,0.000000,0.000000,,,,0.047211,"SETFLOW",0.000000,0.997559,0.000000,,,,,"","",,,,8.676452,,0.000000,,0.000000,,,0.000000,0.000000,"",,,0.000000,,-1.000000,,0.000000,0.000000,-1.000000,-1.000000,,,,,,,,,,,"",,,,,,,,,,"Volumetric",,,,,,,,,,-0.010319,,,,,,,,,,-0.010319,-0.000247,,,,,,,,,,,,
"0BEC52C3","Nodes",1120342.036146,1671270.927992,1313.064347,"Default Known Flow Node",69.999969,0.579999,1000.000000,0.000000,"Known Flow",0.000000,0.000000,2.16999993085665e-07,40.000000,0.579999,1000.000000,0.000000,0.000000,13.000000,0.000000,0.515380,0.579999,,,,8.656023,8.656023,,16.800279,,,,,,903.822387,0.066145,0.000000,0.000000,0.000000,,-459.670013,1000.000000,,0.000000,0.000000,,,,0.047209,"UNDEFINED",0.000000,0.997559,0.000000,,,,,"","",,,,8.656023,,0.000000,,0.000000,,,0.000000,0.000000,"",,,0.000000,,-1.000000,,0.000000,0.000000,-1.000000,-1.000000,,,,,,,,,,,"",,,,,,,,,,"Volumetric",,,,,,,,,,0.000000,,,,,,,,,,0.000000,0.000000,,,,,,,,,,,,
"0BEC52EC","Nodes",1121154.000000,1671743.620000,1313.064347,"Default Known Flow Node",69.999969,0.579999,1000.000000,0.000000,"Known Flow",0.000000,0.000000,2.16999993085665e-07,40.000000,0.579999,1000.000000,0.000000,0.000000,13.000000,0.000000,0.515380,0.579999,,,,8.676696,8.676696,,16.800279,,,,,,903.822387,0.066145,0.000000,0.000000,0.000000,,-459.670013,1000.000000,,0.000000,0.000000,,,,0.047211,"SETFLOW",0.000000,0.997559,0.000000,,,,,"","",,,,8.676696,,0.000000,,0.000000,,,0.000000,0.000000,"",,,0.000000,,-1.000000,,0.000000,0.000000,-1.000000,-1.000000,,,,,,,,,,,"",,,,,,,,,,"Volumetric",,,,,,,,,,-0.001289,,,,,,,,,,-0.001289,-0.000030,,,,,,,,,,,,
"0BEC52D6","Nodes",1121202.370000,1671535.870000,1313.064347,"Default Known Flow Node",69.999969,0.579999,1000.000000,0.000000,"Known Flow",0.000000,0.000000,2.16999993085665e-07,40.000000,0.579999,1000.000000,0.000000,0.000000,13.000000,0.000000,0.515380,0.579999,,,,8.676535,8.676535,,16.800279,,,,,,903.822387,0.066145,0.000000,0.000000,0.000000,,-459.670013,1000.000000,,0.000000,0.000000,,,,0.047211,"SETFLOW",0.000000,0.997559,0.000000,,,,,"","",,,,8.676535,,0.000000,,0.000000,,,0.000000,0.000000,"",,,0.000000,,-1.000000,,0.000000,0.000000,-1.000000,-1.000000,,,,,,,,,,,"",,,,,,,,,,"Volumetric",,,,,,,,,,-0.014189,,,,,,,,,,-0.014189,-0.000340,,,,,,,,,,,,
"0BEC52D5","Nodes",1121208.620000,1671537.750000,1313.064347,"Default Known Flow Node",69.999969,0.579999,1000.000000,0.000000,"Known Flow",0.000000,0.000000,2.16999993085665e-07,40.000000,0.579999,1000.000000,0.000000,0.000000,13.000000,0.000000,0.515380,0.579999,,,,8.676535,8.676535,,16.800279,,,,,,903.822387,0.066145,0.000000,0.000000,0.000000,,-459.670013,1000.000000,,0.000000,0.000000,,,,0.047211,"UNDEFINED",0.000000,0.997559,0.000000,,,,,"","",,,,8.676535,,0.000000,,0.000000,,,0.000000,0.000000,"",,,0.000000,,-1.000000,,0.000000,0.000000,-1.000000,-1.000000,,,,,,,,,,,"",,,,,,,,,,"Volumetric",,,,,,,,,,0.000000,,,,,,,,,,0.000000,0.000000,,,,,,,,,,,,
"0BEC51E0","Nodes",1120341.518951,1671277.560745,1313.064347,"Default Known Flow Node",69.999969,0.579999,1000.000000,0.000000,"Known Flow",0.000000,0.000000,2.16999993085665e-07,40.000000,0.579999,1000.000000,0.000000,0.000000,13.000000,0.000000,0.515380,0.579999,,,,8.656071,8.656071,,16.800279,,,,,,903.822387,0.066145,0.000000,0.000000,0.000000,,-459.670013,1000.000000,,0.000000,0.000000,,,,0.047209,"UNDEFINED",0.000000,0.997559,0.000000,,,,,"","",,,,8.656071,,0.000000,,0.000000,,,0.000000,0.000000,"",,,0.000000,"V43078",-1.000000,,0.000000,0.000000,-1.000000,-1.000000,,,,,,,,,,,"",,,,,,,,,,"Volumetric",,,,,,,,,,0.000000,,,,,,,,,,0.000000,0.000000,,,,,,,,,,,,
"3W28","Nodes",1120636.250000,1671647.870000,1313.064347,"Default Known Flow Node",69.999969,0.579999,1000.000000,0.000000,"Known Flow",0.000000,0.000000,2.16999993085665e-07,40.000000,0.579999,1000.000000,0.000000,0.000000,13.000000,0.000000,0.515380,0.579999,,,,8.654037,8.654037,,16.800279,,,,,,903.822387,0.066145,0.000000,0.000000,0.000000,,-459.670013,1000.000000,,0.000000,0.000000,,,,0.047209,"SETFLOW",0.000000,0.997559,0.000000,,,,,"","",,,,8.654037,,0.000000,,0.000000,,,0.000000,0.000000,"",,,0.000000,"MARIO & LUCIA MILEVOI",-1.000000,,0.000000,0.000000,-1.000000,-1.000000,,,,,,,,,,,"",,,,"",,,,,,"Volumetric",,,,"Volumetric",,,,,,0.000000,,,,-0.558576,,,,,,0.000000,0.000000,,,,,,,,,,,,
"0BEC52C7","Nodes",1120637.250000,1671644.120000,1313.064347,"Default Known Flow Node",69.999969,0.579999,1000.000000,0.000000,"Known Flow",0.000000,0.000000,2.16999993085665e-07,40.000000,0.579999,1000.000000,0.000000,0.000000,13.000000,0.000000,0.515380,0.579999,,,,8.654037,8.654037,,16.800279,,,,,,903.822387,0.066145,0.000000,0.000000,0.000000,,-459.670013,1000.000000,,0.000000,0.000000,,,,0.047209,"UNDEFINED",0.000000,0.997559,0.000000,,,,,"","",,,,8.654037,,0.000000,,0.000000,,,0.000000,0.000000,"",,,0.000000,,-1.000000,,0.000000,0.000000,-1.000000,-1.000000,,,,,,,,,,,"",,,,,,,,,,"Volumetric",,,,,,,,,,0.000000,,,,,,,,,,0.000000,0.000000,,,,,,,,,,,,
"0BEC52C4","Nodes",1120630.870000,1671668.370000,1313.064347,"Default Known Flow Node",69.999969,0.579999,1000.000000,0.000000,"Known Flow",0.000000,0.000000,2.16999993085665e-07,40.000000,0.579999,1000.000000,0.000000,0.000000,13.000000,0.000000,0.515380,0.579999,,,,8.654050,8.654050,,16.800279,,,,,,903.822387,0.066145,0.000000,0.000000,0.000000,,-459.670013,1000.000000,,0.000000,0.000000,,,,0.047209,"SETFLOW",0.000000,0.997559,0.000000,,,,,"","",,,,8.654050,,0.000000,,0.000000,,,0.000000,0.000000,"",,,0.000000,,-1.000000,,0.000000,0.000000,-1.000000,-1.000000,,,,,,,,,,,"",,,,,,,,,,"Volumetric",,,,,,,,,,-0.066511,,,,,,,,,,-0.066511,-0.001596,,,,,,,,,,,,
"0BEC52C8","Nodes",1120661.250000,1671653.370000,1313.064347,"Default Known Flow Node",69.999969,0.579999,1000.000000,0.000000,"Known Flow",0.000000,0.000000,2.16999993085665e-07,40.000000,0.579999,1000.000000,0.000000,0.000000,13.000000,0.000000,0.515380,0.579999,,,,8.653991,8.653991,,16.800279,,,,,,903.822387,0.066145,0.000000,0.000000,0.000000,,-459.670013,1000.000000,,0.000000,0.000000,,,,0.047209,"SETFLOW",0.000000,0.997559,0.000000,,,,,"","",,,,8.653991,,0.000000,,0.000000,,,0.000000,0.000000,"",,,0.000000,,-1.000000,,0.000000,0.000000,-1.000000,-1.000000,,,,,,,,,,,"",,,,,,,,,,"Volumetric",,,,,,,,,,-0.124709,,,,,,,,,,-0.124709,-0.002993,,,,,,,,,,,,
"0BEC51DF","Nodes",1120306.054613,1671590.573059,1313.064347,"Default Known Flow Node",69.999969,0.579999,1000.000000,0.000000,"Known Flow",0.000000,0.000000,2.16999993085665e-07,40.000000,0.579999,1000.000000,0.000000,0.000000,13.000000,0.000000,0.515380,0.579999,,,,8.658108,8.658108,,16.800279,,,,,,903.822387,0.066145,0.000000,0.000000,0.000000,,-459.670013,1000.000000,,0.000000,0.000000,,,,0.047209,"UNDEFINED",0.000000,0.997559,0.000000,,,,,"","",,,,8.658108,,0.000000,,0.000000,,,0.000000,0.000000,"",,,0.000000,,-1.000000,,0.000000,0.000000,-1.000000,-1.000000,,,,,,,,,,,"",,,,,,,,,,"Volumetric",,,,,,,,,,0.000000,,,,,,,,,,0.000000,0.000000,,,,,,,,,,,,
"0BEC52C5","Nodes",1120635.000000,1671669.370000,1313.064347,"Default Known Flow Node",69.999969,0.579999,1000.000000,0.000000,"Known Flow",0.000000,0.000000,2.16999993085665e-07,40.000000,0.579999,1000.000000,0.000000,0.000000,13.000000,0.000000,0.515380,0.579999,,,,8.654050,8.654050,,16.800279,,,,,,903.822387,0.066145,0.000000,0.000000,0.000000,,-459.670013,1000.000000,,0.000000,0.000000,,,,0.047209,"UNDEFINED",0.000000,0.997559,0.000000,,,,,"","",,,,8.654050,,0.000000,,0.000000,,,0.000000,0.000000,"",,,0.000000,,-1.000000,,0.000000,0.000000,-1.000000,-1.000000,,,,,,,,,,,"",,,,,,,,,,"Volumetric",,,,,,,,,,0.000000,,,,,,,,,,0.000000,0.000000,,,,,,,,,,,,
"0BEC52C9","Nodes",1120900.250000,1671709.750000,1313.064347,"Default Known Flow Node",69.999969,0.579999,1000.000000,0.000000,"Known Flow",0.000000,0.000000,2.16999993085665e-07,40.000000,0.579999,1000.000000,0.000000,0.000000,13.000000,0.000000,0.515380,0.579999,,,,8.653491,8.653491,,16.800279,,,,,,903.822387,0.066145,0.000000,0.000000,0.000000,,-459.670013,1000.000000,,0.000000,0.000000,,,,0.047209,"SETFLOW",0.000000,0.997559,0.000000,,,,,"","",,,,8.653491,,0.000000,,0.000000,,,0.000000,0.000000,"",,,0.000000,,-1.000000,,0.000000,0.000000,-1.000000,-1.000000,,,,,,,,,,,"",,,,,,,,,,"Volumetric",,,,,,,,,,-0.046558,,,,,,,,,,-0.046558,-0.001117,,,,,,,,,,,,
"0BEC52EB","Nodes",1121158.250000,1671746.620000,1313.064347,"Default Known Flow Node",69.999969,0.579999,1000.000000,0.000000,"Known Flow",0.000000,0.000000,2.16999993085665e-07,40.000000,0.579999,1000.000000,0.000000,0.000000,13.000000,0.000000,0.515380,0.579999,,,,8.653474,8.653474,,16.800279,,,,,,903.822387,0.066145,0.000000,0.000000,0.000000,,-459.670013,1000.000000,,0.000000,0.000000,,,,0.047209,"SETFLOW",0.000000,0.997559,0.000000,,,,,"","",,,,8.653474,,0.000000,,0.000000,,,0.000000,0.000000,"",,,0.000000,,-1.000000,,0.000000,0.000000,-1.000000,-1.000000,,,,,,,,,,,"",,,,,,,,,,"Volumetric",,,,,,,,,,-0.006449,,,,,,,,,,-0.006449,-0.000154,,,,,,,,,,,,
"0BEC52ED","Nodes",1121156.750000,1671752.620000,1313.064347,"Default Known Flow Node",69.999969,0.579999,1000.000000,0.000000,"Known Flow",0.000000,0.000000,2.16999993085665e-07,40.000000,0.579999,1000.000000,0.000000,0.000000,13.000000,0.000000,0.515380,0.579999,,,,8.653475,8.653475,,16.800279,,,,,,903.822387,0.066145,0.000000,0.000000,0.000000,,-459.670013,1000.000000,,0.000000,0.000000,,,,0.047209,"UNDEFINED",0.000000,0.997559,0.000000,,,,,"","",,,,8.653475,,0.000000,,0.000000,,,0.000000,0.000000,"",,,0.000000,,-1.000000,,0.000000,0.000000,-1.000000,-1.000000,,,,,,,,,,,"",,,,,,,,,,"Volumetric",,,,,,,,,,0.000000,,,,,,,,,,0.000000,0.000000,,,,,,,,,,,,
"0BEC52CA","Nodes",1121144.750000,1671769.870000,1313.064347,"Default Known Flow Node",69.999969,0.579999,1000.000000,0.000000,"Known Flow",0.000000,0.000000,2.16999993085665e-07,40.000000,0.579999,1000.000000,0.000000,0.000000,13.000000,0.000000,0.515380,0.579999,,,,8.653475,8.653475,,16.800279,,,,,,903.822387,0.066145,0.000000,0.000000,0.000000,,-459.670013,1000.000000,,0.000000,0.000000,,,,0.047209,"SETFLOW",0.000000,0.997559,0.000000,,,,,"","",,,,8.653475,,0.000000,,0.000000,,,0.000000,0.000000,"",,,0.000000,,-1.000000,,0.000000,0.000000,-1.000000,-1.000000,,,,,,,,,,,"",,,,,,,,,,"Volumetric",,,,,,,,,,-0.003869,,,,,,,,,,-0.003869,-0.000092,,,,,,,,,,,,
"0BEC52EE","Nodes",1121150.500000,1671771.120000,1313.064347,"Default Known Flow Node",69.999969,0.579999,1000.000000,0.000000,"Known Flow",0.000000,0.000000,2.16999993085665e-07,40.000000,0.579999,1000.000000,0.000000,0.000000,13.000000,0.000000,0.515380,0.579999,,,,8.653475,8.653475,,16.800279,,,,,,903.822387,0.066145,0.000000,0.000000,0.000000,,-459.670013,1000.000000,,0.000000,0.000000,,,,0.047209,"UNDEFINED",0.000000,0.997559,0.000000,,,,,"","",,,,8.653475,,0.000000,,0.000000,,,0.000000,0.000000,"",,,0.000000,,-1.000000,,0.000000,0.000000,-1.000000,-1.000000,,,,,,,,,,,"",,,,,,,,,,"Volumetric",,,,,,,,,,0.000000,,,,,,,,,,0.000000,0.000000,,,,,,,,,,,,
"0BEC52D7","Nodes",1121170.000000,1671796.120000,1313.064347,"Default Known Flow Node",69.999969,0.579999,1000.000000,0.000000,"Known Flow",0.000000,0.000000,2.16999993085665e-07,40.000000,0.579999,1000.000000,0.000000,0.000000,13.000000,0.000000,0.515380,0.579999,,,,8.675686,8.675686,,16.800279,,,,,,903.822387,0.066145,0.000000,0.000000,0.000000,,-459.670013,1000.000000,,0.000000,0.000000,,,,0.047211,"UNDEFINED",0.000000,0.997559,0.000000,,,,,"","",,,,8.675686,,0.000000,,0.000000,,,0.000000,0.000000,"",,,0.000000,,-1.000000,,0.000000,0.000000,-1.000000,-1.000000,,,,,,,,,,,"",,,,,,,,,,"Volumetric",,,,,,,,,,0.000000,,,,,,,,,,0.000000,0.000000,,,,,,,,,,,,
"0BEC52D8","Nodes",1121165.500000,1671796.000000,1290.994423,"Default Known Flow Node",69.999969,0.579999,1000.000000,0.000000,"Known Flow",0.000000,0.000000,2.16999993085665e-07,40.000000,0.579999,1000.000000,0.000000,0.000000,13.000000,0.000000,0.508429,0.600000,,,,8.676520,8.676520,,17.379600,,,,,,905.729919,0.068774,0.000000,0.000000,0.000000,,-459.670013,1000.000000,,0.000000,0.000000,,,,0.048847,"UNDEFINED",0.000000,0.997399,0.000000,,,,,"","",,,,8.676520,,0.000000,,0.000000,,,0.000000,0.000000,"",,,0.000000,,-1.000000,,0.000000,0.000000,-1.000000,-1.000000,,,,,,,,,,,"",,,,,,,,,,"Volumetric",,,,,,,,,,0.000000,,,,,,,,,,0.000000,0.000000,,,,,,,,,,,,
"0BEC52FA","Nodes",1121300.750000,1671828.620000,1313.064347,"Default Known Flow Node",69.999969,0.579999,1000.000000,0.000000,"Known Flow",0.000000,0.000000,2.16999993085665e-07,40.000000,0.579999,1000.000000,0.000000,0.000000,13.000000,0.000000,0.515380,0.579999,,,,8.654944,8.654944,,16.800279,,,,,,903.822387,0.066145,0.000000,0.000000,0.000000,,-459.670013,1000.000000,,0.000000,0.000000,,,,0.047209,"SETFLOW",0.000000,0.997559,0.000000,,,,,"","",,,,8.654944,,0.000000,,0.000000,,,0.000000,0.000000,"",,,0.000000,,-1.000000,,0.000000,0.000000,-1.000000,-1.000000,,,,,,,,,,,"",,,,,,,,,,"Volumetric",,,,,,,,,,-0.001289,,,,,,,,,,-0.001289,-0.000030,,,,,,,,,,,,
"0BEC52FB","Nodes",1121300.000000,1672128.870000,1313.064347,"Default Known Flow Node",69.999969,0.579999,1000.000000,0.000000,"Known Flow",0.000000,0.000000,2.16999993085665e-07,40.000000,0.579999,1000.000000,0.000000,0.000000,13.000000,0.000000,0.515380,0.579999,,,,8.679931,8.679931,,16.800279,,,,,,903.822387,0.066145,0.000000,0.000000,0.000000,,-459.670013,1000.000000,,0.000000,0.000000,,,,0.047212,"SETFLOW",0.000000,0.997559,0.000000,,,,,"","",,,,8.679931,,0.000000,,0.000000,,,0.000000,0.000000,"",,,0.000000,,-1.000000,,0.000000,0.000000,-1.000000,-1.000000,,,,,,,,,,,"",,,,,,,,,,"Volumetric",,,,,,,,,,-0.006551,,,,,,,,,,-0.006551,-0.000157,,,,,,,,,,,,
"0BEC52D9","Nodes",1121112.500000,1672071.120000,1313.064347,"Default Known Flow Node",69.999969,0.579999,1000.000000,0.000000,"Known Flow",0.000000,0.000000,2.16999993085665e-07,40.000000,0.579999,1000.000000,0.000000,0.000000,13.000000,0.000000,0.515380,0.579999,,,,8.677927,8.677927,,16.800279,,,,,,903.822387,0.066145,0.000000,0.000000,0.000000,,-459.670013,1000.000000,,0.000000,0.000000,,,,0.047211,"SETFLOW",0.000000,0.997559,0.000000,,,,,"","",,,,8.677927,,0.000000,,0.000000,,,0.000000,0.000000,"",,,0.000000,,-1.000000,,0.000000,0.000000,-1.000000,-1.000000,,,,,,,,,,,"",,,,,,,,,,"Volumetric",,,,,,,,,,-0.005118,,,,,,,,,,-0.005118,-0.000122,,,,,,,,,,,,
"0BEC52E1","Nodes",1120524.870000,1672209.620000,1313.064347,"Default Known Flow Node",69.999969,0.579999,1000.000000,0.000000,"Known Flow",0.000000,0.000000,2.16999993085665e-07,40.000000,0.579999,1000.000000,0.000000,0.000000,13.000000,0.000000,0.515380,0.579999,,,,8.691779,8.691779,,16.800279,,,,,,903.822387,0.066145,0.000000,0.000000,0.000000,,-459.670013,1000.000000,,0.000000,0.000000,,,,0.047213,"SETFLOW",0.000000,0.997558,0.000000,,,,,"","",,,,8.691779,,0.000000,,0.000000,,,0.000000,0.000000,"",,,0.000000,,-1.000000,,0.000000,0.000000,-1.000000,-1.000000,,,,,,,,,,,"",,,,,,,,,,"Volumetric",,,,,,,,,,-0.014332,,,,,,,,,,-0.014332,-0.000343,,,,,,,,,,,,
"0BEC52E3","Nodes",1120528.500000,1672210.370000,1313.064347,"Default Known Flow Node",69.999969,0.579999,1000.000000,0.000000,"Known Flow",0.000000,0.000000,2.16999993085665e-07,40.000000,0.579999,1000.000000,0.000000,0.000000,13.000000,0.000000,0.515380,0.579999,,,,8.691778,8.691778,,16.800279,,,,,,903.822387,0.066145,0.000000,0.000000,0.000000,,-459.670013,1000.000000,,0.000000,0.000000,,,,0.047213,"SETFLOW",0.000000,0.997558,0.000000,,,,,"","",,,,8.691778,,0.000000,,0.000000,,,0.000000,0.000000,"",,,0.000000,,-1.000000,,0.000000,0.000000,-1.000000,-1.000000,,,,,,,,,,,"",,,,,,,,,,"Volumetric",,,,,,,,,,-0.003071,,,,,,,,,,-0.003071,-0.000073,,,,,,,,,,,,
"0BEC52E4","Nodes",1120566.120000,1672228.870000,1313.064347,"Default Known Flow Node",69.999969,0.579999,1000.000000,0.000000,"Known Flow",0.000000,0.000000,2.16999993085665e-07,40.000000,0.579999,1000.000000,0.000000,0.000000,13.000000,0.000000,0.515380,0.579999,,,,8.691758,8.691758,,16.800279,,,,,,903.822387,0.066145,0.000000,0.000000,0.000000,,-459.670013,1000.000000,,0.000000,0.000000,,,,0.047213,"SETFLOW",0.000000,0.997558,0.000000,,,,,"","",,,,8.691758,,0.000000,,0.000000,,,0.000000,0.000000,"",,,0.000000,,-1.000000,,0.000000,0.000000,-1.000000,-1.000000,,,,,,,,,,,"",,,,,,,,,,"Volumetric",,,,,,,,,,-0.003071,,,,,,,,,,-0.003071,-0.000073,,,,,,,,,,,,
"0BEC52E5","Nodes",1120606.250000,1672238.120000,1313.064347,"Default Known Flow Node",69.999969,0.579999,1000.000000,0.000000,"Known Flow",0.000000,0.000000,2.16999993085665e-07,40.000000,0.579999,1000.000000,0.000000,0.000000,13.000000,0.000000,0.515380,0.579999,,,,8.691701,8.691701,,16.800279,,,,,,903.822387,0.066145,0.000000,0.000000,0.000000,,-459.670013,1000.000000,,0.000000,0.000000,,,,0.047213,"SETFLOW",0.000000,0.997558,0.000000,,,,,"","",,,,8.691701,,0.000000,,0.000000,,,0.000000,0.000000,"",,,0.000000,,-1.000000,,0.000000,0.000000,-1.000000,-1.000000,,,,,,,,,,,"",,,,,,,,,,"Volumetric",,,,,,,,,,-0.003071,,,,,,,,,,-0.003071,-0.000073,,,,,,,,,,,,
"0BEC52E6","Nodes",1120634.870000,1672240.120000,1313.064347,"Default Known Flow Node",69.999969,0.579999,1000.000000,0.000000,"Known Flow",0.000000,0.000000,2.16999993085665e-07,40.000000,0.579999,1000.000000,0.000000,0.000000,13.000000,0.000000,0.515380,0.579999,,,,8.691666,8.691666,,16.800279,,,,,,903.822387,0.066145,0.000000,0.000000,0.000000,,-459.670013,1000.000000,,0.000000,0.000000,,,,0.047213,"SETFLOW",0.000000,0.997558,0.000000,,,,,"","",,,,8.691666,,0.000000,,0.000000,,,0.000000,0.000000,"",,,0.000000,,-1.000000,,0.000000,0.000000,-1.000000,-1.000000,,,,,,,,,,,"",,,,,,,,,,"Volumetric",,,,,,,,,,-0.005118,,,,,,,,,,-0.005118,-0.000122,,,,,,,,,,,,
"2FB1BF00","Nodes",1120685.870000,1672251.620000,1313.064347,"Default Known Flow Node",69.999969,0.579999,1000.000000,0.000000,"Known Flow",0.000000,0.000000,2.16999993085665e-07,40.000000,0.579999,1000.000000,0.000000,0.000000,13.000000,0.000000,0.515380,0.579999,,,,8.691612,8.691612,,16.800279,,,,,,903.822387,0.066145,0.000000,0.000000,0.000000,,-459.670013,1000.000000,,0.000000,0.000000,,,,0.047213,"SETFLOW",0.000000,0.997558,0.000000,,,,,"","",,,,8.691612,,0.000000,,0.000000,,,0.000000,0.000000,"",,,0.000000,,-1.000000,,0.000000,0.000000,-1.000000,-1.000000,,,,,,,,,,,"",,,,,,,,,,"Volumetric",,,,,,,,,,-0.003071,,,,,,,,,,-0.003071,-0.000073,,,,,,,,,,,,
"2FB1BEFF","Nodes",1120708.750000,1672257.120000,1313.064347,"Default Known Flow Node",69.999969,0.579999,1000.000000,0.000000,"Known Flow",0.000000,0.000000,2.16999993085665e-07,40.000000,0.579999,1000.000000,0.000000,0.000000,13.000000,0.000000,0.515380,0.579999,,,,8.691591,8.691591,,16.800279,,,,,,903.822387,0.066145,0.000000,0.000000,0.000000,,-459.670013,1000.000000,,0.000000,0.000000,,,,0.047213,"SETFLOW",0.000000,0.997558,0.000000,,,,,"","",,,,8.691591,,0.000000,,0.000000,,,0.000000,0.000000,"",,,0.000000,,-1.000000,,0.000000,0.000000,-1.000000,-1.000000,,,,,,,,,,,"",,,,,,,,,,"Volumetric",,,,,,,,,,-0.014332,,,,,,,,,,-0.014332,-0.000343,,,,,,,,,,,,
"0BEC52E7","Nodes",1121015.870000,1672338.620000,1313.064347,"Default Known Flow Node",69.999969,0.579999,1000.000000,0.000000,"Known Flow",0.000000,0.000000,2.16999993085665e-07,40.000000,0.579999,1000.000000,0.000000,0.000000,13.000000,0.000000,0.515380,0.579999,,,,8.691551,8.691551,,16.800279,,,,,,903.822387,0.066145,0.000000,0.000000,0.000000,,-459.670013,1000.000000,,0.000000,0.000000,,,,0.047213,"SETFLOW",0.000000,0.997558,0.000000,,,,,"","",,,,8.691551,,0.000000,,0.000000,,,0.000000,0.000000,"",,,0.000000,,-1.000000,,0.000000,0.000000,-1.000000,-1.000000,,,,,,,,,,,"",,,,,,,,,,"Volumetric",,,,,,,,,,-0.005118,,,,,,,,,,-0.005118,-0.000122,,,,,,,,,,,,
"0BEC52E8","Nodes",1121022.500000,1672340.250000,1313.064347,"Default Known Flow Node",69.999969,0.579999,1000.000000,0.000000,"Known Flow",0.000000,0.000000,2.16999993085665e-07,40.000000,0.579999,1000.000000,0.000000,0.000000,13.000000,0.000000,0.515380,0.579999,,,,8.691551,8.691551,,16.800279,,,,,,903.822387,0.066145,0.000000,0.000000,0.000000,,-459.670013,1000.000000,,0.000000,0.000000,,,,0.047213,"UNDEFINED",0.000000,0.997558,0.000000,,,,,"","",,,,8.691551,,0.000000,,0.000000,,,0.000000,0.000000,"",,,0.000000,,-1.000000,,0.000000,0.000000,-1.000000,-1.000000,,,,,,,,,,,"",,,,,,,,,,"Volumetric",,,,,,,,,,0.000000,,,,,,,,,,0.000000,0.000000,,,,,,,,,,,,
"0BEC52EF","Nodes",1121039.120000,1672344.000000,1313.064347,"Default Known Flow Node",69.999969,0.579999,1000.000000,0.000000,"Known Flow",0.000000,0.000000,2.16999993085665e-07,40.000000,0.579999,1000.000000,0.000000,0.000000,13.000000,0.000000,0.515380,0.579999,,,,8.691551,8.691551,,16.800279,,,,,,903.822387,0.066145,0.000000,0.000000,0.000000,,-459.670013,1000.000000,,0.000000,0.000000,,,,0.047213,"UNDEFINED",0.000000,0.997558,0.000000,,,,,"","",,,,8.691551,,0.000000,,0.000000,,,0.000000,0.000000,"",,,0.000000,,-1.000000,,0.000000,0.000000,-1.000000,-1.000000,,,,,,,,,,,"",,,,,,,,,,"Volumetric",,,,,,,,,,0.000000,,,,,,,,,,0.000000,0.000000,,,,,,,,,,,,
"0BEC52E0","Nodes",1121046.370000,1672314.870000,1313.064347,"Default Known Flow Node",69.999969,0.579999,1000.000000,0.000000,"Known Flow",0.000000,0.000000,2.16999993085665e-07,40.000000,0.579999,1000.000000,0.000000,0.000000,13.000000,0.000000,0.515380,0.579999,,,,8.691551,8.691551,,16.800279,,,,,,903.822387,0.066145,0.000000,0.000000,0.000000,,-459.670013,1000.000000,,0.000000,0.000000,,,,0.047213,"UNDEFINED",0.000000,0.997558,0.000000,,,,,"","",,,,8.691551,,0.000000,,0.000000,,,0.000000,0.000000,"",,,0.000000,,-1.000000,,0.000000,0.000000,-1.000000,-1.000000,,,,,,,,,,,"",,,,,,,,,,"Volumetric",,,,,,,,,,0.000000,,,,,,,,,,0.000000,0.000000,,,,,,,,,,,,
"0BEC52F0","Nodes",1121047.370000,1672345.870000,1313.064347,"Default Known Flow Node",69.999969,0.579999,1000.000000,0.000000,"Known Flow",0.000000,0.000000,2.16999993085665e-07,40.000000,0.579999,1000.000000,0.000000,0.000000,13.000000,0.000000,0.515380,0.579999,,,,8.691551,8.691551,,16.800279,,,,,,903.822387,0.066145,0.000000,0.000000,0.000000,,-459.670013,1000.000000,,0.000000,0.000000,,,,0.047213,"UNDEFINED",0.000000,0.997558,0.000000,,,,,"","",,,,8.691551,,0.000000,,0.000000,,,0.000000,0.000000,"",,,0.000000,,-1.000000,,0.000000,0.000000,-1.000000,-1.000000,,,,,,,,,,,"",,,,,,,,,,"Volumetric",,,,,,,,,,0.000000,,,,,,,,,,0.000000,0.000000,,,,,,,,,,,,
"0BEC52E9","Nodes",1120725.750000,1672543.750000,1313.064347,"Default Known Flow Node",69.999969,0.579999,1000.000000,0.000000,"Known Flow",0.000000,0.000000,2.16999993085665e-07,40.000000,0.579999,1000.000000,0.000000,0.000000,13.000000,0.000000,0.515380,0.579999,,,,8.701672,8.701672,,16.800279,,,,,,903.822387,0.066145,0.000000,0.000000,0.000000,,-459.670013,1000.000000,,0.000000,0.000000,,,,0.047214,"SETFLOW",0.000000,0.997558,0.000000,,,,,"","",,,,8.701672,,0.000000,,0.000000,,,0.000000,0.000000,"",,,0.000000,,-1.000000,,0.000000,0.000000,-1.000000,-1.000000,,,,,,,,,,,"",,,,,,,,,,"Volumetric",,,,,,,,,,-0.010237,,,,,,,,,,-0.010237,-0.000245,,,,,,,,,,,,
"0BEC52D2","Nodes",1120826.370000,1672570.120000,1313.064347,"Default Known Flow Node",69.999969,0.579999,1000.000000,0.000000,"Known Flow",0.000000,0.000000,2.16999993085665e-07,40.000000,0.579999,1000.000000,0.000000,0.000000,13.000000,0.000000,0.515380,0.579999,,,,8.701846,8.701846,,16.800279,,,,,,903.822387,0.066145,0.000000,0.000000,0.000000,,-459.670013,1000.000000,,0.000000,0.000000,,,,0.047214,"UNDEFINED",0.000000,0.997558,0.000000,,,,,"","",,,,8.701846,,0.000000,,0.000000,,,0.000000,0.000000,"",,,0.000000,,-1.000000,,0.000000,0.000000,-1.000000,-1.000000,,,,,,,,,,,"",,,,,,,,,,"Volumetric",,,,,,,,,,0.000000,,,,,,,,,,0.000000,0.000000,,,,,,,,,,,,
"0BEC52D0","Nodes",1120950.132315,1672605.820934,1313.064347,"Default Known Flow Node",69.999969,0.579999,1000.000000,0.000000,"Known Flow",0.000000,0.000000,2.16999993085665e-07,40.000000,0.579999,1000.000000,0.000000,0.000000,13.000000,0.000000,0.515381,0.579999,,,,8.702061,8.702061,,16.800279,,,,,,903.822387,0.066145,0.000000,0.000000,0.000000,,-459.670013,1000.000000,,0.000000,0.000000,,,,0.047214,"UNDEFINED",0.000000,0.997558,0.000000,,,,,"","",,,,8.702061,,0.000000,,0.000000,,,0.000000,0.000000,"",,,0.000000,,-1.000000,,0.000000,0.000000,-1.000000,-1.000000,,,,,,,,,,,"",,,,,,,,,,"Volumetric",,,,,,,,,,0.000000,,,,,,,,,,0.000000,0.000000,,,,,,,,,,,,
"0BEC52CF","Nodes",1120969.076502,1672610.928469,1313.064347,"Default Known Flow Node",69.999969,0.579999,1000.000000,0.000000,"Known Flow",0.000000,0.000000,2.16999993085665e-07,40.000000,0.579999,1000.000000,0.000000,0.000000,13.000000,0.000000,0.515381,0.579999,,,,8.702070,8.702070,,16.800279,,,,,,903.822387,0.066145,0.000000,0.000000,0.000000,,-459.670013,1000.000000,,0.000000,0.000000,,,,0.047214,"UNDEFINED",0.000000,0.997558,0.000000,,,,,"","",,,,8.702070,,0.000000,,0.000000,,,0.000000,0.000000,"",,,0.000000,,-1.000000,,0.000000,0.000000,-1.000000,-1.000000,,,,,,,,,,,"",,,,,,,,,,"Volumetric",,,,,,,,,,0.000000,,,,,,,,,,0.000000,0.000000,,,,,,,,,,,,
"0BEC52CE","Nodes",1121038.500000,1672626.750000,1313.064347,"Default Known Flow Node",69.999969,0.579999,1000.000000,0.000000,"Known Flow",0.000000,0.000000,2.16999993085665e-07,40.000000,0.579999,1000.000000,0.000000,0.000000,13.000000,0.000000,0.515381,0.579999,,,,8.702331,8.702331,,16.800279,,,,,,903.822387,0.066145,0.000000,0.000000,0.000000,,-459.670013,1000.000000,,0.000000,0.000000,,,,0.047214,"SETFLOW",0.000000,0.997558,0.000000,,,,,"","",,,,8.702331,,0.000000,,0.000000,,,0.000000,0.000000,"",,,0.000000,,-1.000000,,0.000000,0.000000,-1.000000,-1.000000,,,,,,,,,,,"",,,,,,,,,,"Volumetric",,,,,,,,,,-0.004094,,,,,,,,,,-0.004094,-0.000098,,,,,,,,,,,,
"0BEC52F7","Nodes",1121300.000000,1672697.370000,1313.064347,"Default Known Flow Node",69.999969,0.579999,1000.000000,0.000000,"Known Flow",0.000000,0.000000,2.16999993085665e-07,40.000000,0.579999,1000.000000,0.000000,0.000000,13.000000,0.000000,0.515381,0.579999,,,,8.702353,8.702353,,16.800279,,,,,,903.822387,0.066145,0.000000,0.000000,0.000000,,-459.670013,1000.000000,,0.000000,0.000000,,,,0.047214,"SETFLOW",0.000000,0.997558,0.000000,,,,,"","",,,,8.702353,,0.000000,,0.000000,,,0.000000,0.000000,"",,,0.000000,,-1.000000,,0.000000,0.000000,-1.000000,-1.000000,,,,,,,,,,,"",,,,,,,,,,"Volumetric",,,,,,,,,,-0.006551,,,,,,,,,,-0.006551,-0.000157,,,,,,,,,,,,
"0BEC51D9","Nodes",1120270.985452,1672693.461039,1313.064347,"Default Known Flow Node",69.999969,0.579999,1000.000000,0.000000,"Known Flow",0.000000,0.000000,2.16999993085665e-07,40.000000,0.579999,1000.000000,0.000000,0.000000,13.000000,0.000000,0.515381,0.579999,,,,8.709851,8.709851,,16.800279,,,,,,903.822387,0.066145,0.000000,0.000000,0.000000,,-459.670013,1000.000000,,0.000000,0.000000,,,,0.047215,"SETFLOW",0.000000,0.997558,0.000000,,,,,"","",,,,8.709851,,0.000000,,0.000000,,,0.000000,0.000000,"",,,0.000000,,-1.000000,,0.000000,0.000000,-1.000000,-1.000000,,,,,,,,,,,"",,,,,,,,,,"Volumetric",,,,,,,,,,-0.006551,,,,,,,,,,-0.006551,-0.000157,,,,,,,,,,,,
"0BEC52E2","Nodes",1120471.120000,1672745.620000,1313.064347,"Default Known Flow Node",69.999969,0.579999,1000.000000,0.000000,"Known Flow",0.000000,0.000000,2.16999993085665e-07,40.000000,0.579999,1000.000000,0.000000,0.000000,13.000000,0.000000,0.515381,0.579999,,,,8.709169,8.709169,,16.800279,,,,,,903.822387,0.066145,0.000000,0.000000,0.000000,,-459.670013,1000.000000,,0.000000,0.000000,,,,0.047215,"SETFLOW",0.000000,0.997558,0.000000,,,,,"","",,,,8.709169,,0.000000,,0.000000,,,0.000000,0.000000,"",,,0.000000,,-1.000000,,0.000000,0.000000,-1.000000,-1.000000,,,,,,,,,,,"",,,,,,,,,,"Volumetric",,,,,,,,,,-0.005118,,,,,,,,,,-0.005118,-0.000122,,,,,,,,,,,,
"0BEC52FC","Nodes",1120528.750000,1672760.000000,1313.064347,"Default Known Flow Node",69.999969,0.579999,1000.000000,0.000000,"Known Flow",0.000000,0.000000,2.16999993085665e-07,40.000000,0.579999,1000.000000,0.000000,0.000000,13.000000,0.000000,0.515381,0.579999,,,,8.708312,8.708312,,16.800279,,,,,,903.822387,0.066145,0.000000,0.000000,0.000000,,-459.670013,1000.000000,,0.000000,0.000000,,,,0.047215,"SETFLOW",0.000000,0.997558,0.000000,,,,,"","",,,,8.708312,,0.000000,,0.000000,,,0.000000,0.000000,"",,,0.000000,,-1.000000,,0.000000,0.000000,-1.000000,-1.000000,,,,,,,,,,,"",,,,,,,,,,"Volumetric",,,,,,,,,,-0.002456,,,,,,,,,,-0.002457,-0.000058,,,,,,,,,,,,
"0BEC5309","Nodes",1120525.870000,1672760.750000,1313.064347,"Default Known Flow Node",69.999969,0.579999,1000.000000,0.000000,"Known Flow",0.000000,0.000000,2.16999993085665e-07,40.000000,0.579999,1000.000000,0.000000,0.000000,13.000000,0.000000,0.515381,0.579999,,,,8.708287,8.708287,,16.800279,,,,,,903.822387,0.066145,0.000000,0.000000,0.000000,,-459.670013,1000.000000,,0.000000,0.000000,,,,0.047215,"UNDEFINED",0.000000,0.997558,0.000000,,,,,"","",,,,8.708287,,0.000000,,0.000000,,,0.000000,0.000000,"",,,0.000000,,-1.000000,,0.000000,0.000000,-1.000000,-1.000000,,,,,,,,,,,"",,,,,,,,,,"Volumetric",,,,,,,,,,0.000000,,,,,,,,,,0.000000,0.000000,,,,,,,,,,,,
"0BEC530A","Nodes",1120624.500000,1672786.620000,1313.064347,"Default Known Flow Node",69.999969,0.579999,1000.000000,0.000000,"Known Flow",0.000000,0.000000,2.16999993085665e-07,40.000000,0.579999,1000.000000,0.000000,0.000000,13.000000,0.000000,0.515381,0.579999,,,,8.707030,8.707030,,16.800279,,,,,,903.822387,0.066145,0.000000,0.000000,0.000000,,-459.670013,1000.000000,,0.000000,0.000000,,,,0.047215,"SETFLOW",0.000000,0.997558,0.000000,,,,,"","",,,,8.707030,,0.000000,,0.000000,,,0.000000,0.000000,"",,,0.000000,,-1.000000,,0.000000,0.000000,-1.000000,-1.000000,,,,,,,,,,,"",,,,,,,,,,"Volumetric",,,,,,,,,,-0.004094,,,,,,,,,,-0.004094,-0.000098,,,,,,,,,,,,
"0BEC5311","Nodes",1120889.500000,1672857.000000,1313.064347,"Default Known Flow Node",69.999969,0.579999,1000.000000,0.000000,"Known Flow",0.000000,0.000000,2.16999993085665e-07,40.000000,0.579999,1000.000000,0.000000,0.000000,13.000000,0.000000,0.515381,0.579999,,,,8.703708,8.703708,,16.800279,,,,,,903.822387,0.066145,0.000000,0.000000,0.000000,,-459.670013,1000.000000,,0.000000,0.000000,,,,0.047214,"SETFLOW",0.000000,0.997558,0.000000,,,,,"","",,,,8.703708,,0.000000,,0.000000,,,0.000000,0.000000,"",,,0.000000,,-1.000000,,0.000000,0.000000,-1.000000,-1.000000,,,,,,,,,,,"",,,,,,,,,,"Volumetric",,,,,,,,,,-0.002456,,,,,,,,,,-0.002457,-0.000058,,,,,,,,,,,,
"0BEC5312","Nodes",1120929.000000,1672868.000000,1313.064347,"Default Known Flow Node",69.999969,0.579999,1000.000000,0.000000,"Known Flow",0.000000,0.000000,2.16999993085665e-07,40.000000,0.579999,1000.000000,0.000000,0.000000,13.000000,0.000000,0.515381,0.579999,,,,8.703613,8.703613,,16.800279,,,,,,903.822387,0.066145,0.000000,0.000000,0.000000,,-459.670013,1000.000000,,0.000000,0.000000,,,,0.047214,"SETFLOW",0.000000,0.997558,0.000000,,,,,"","",,,,8.703613,,0.000000,,0.000000,,,0.000000,0.000000,"",,,0.000000,,-1.000000,,0.000000,0.000000,-1.000000,-1.000000,,,,,,,,,,,"",,,,,,,,,,"Volumetric",,,,,,,,,,-0.004094,,,,,,,,,,-0.004094,-0.000098,,,,,,,,,,,,
"0BEC52FE","Nodes",1120949.250000,1672760.000000,1313.064347,"Default Known Flow Node",69.999969,0.579999,1000.000000,0.000000,"Known Flow",0.000000,0.000000,2.16999993085665e-07,40.000000,0.579999,1000.000000,0.000000,0.000000,13.000000,0.000000,0.515380,0.579999,,,,8.677609,8.677609,,16.800279,,,,,,903.822387,0.066145,0.000000,0.000000,0.000000,,-459.670013,1000.000000,,0.000000,0.000000,,,,0.047211,"UNDEFINED",0.000000,0.997559,0.000000,,,,,"","",,,,8.677609,,0.000000,,0.000000,,,0.000000,0.000000,"",,,0.000000,,-1.000000,,0.000000,0.000000,-1.000000,-1.000000,,,,,,,,,,,"",,,,,,,,,,"Volumetric",,,,,,,,,,0.000000,,,,,,,,,,0.000000,0.000000,,,,,,,,,,,,
"0BEC530B","Nodes",1120867.870000,1673114.870000,1313.064347,"Default Known Flow Node",69.999969,0.579999,1000.000000,0.000000,"Known Flow",0.000000,0.000000,2.16999993085665e-07,40.000000,0.579999,1000.000000,0.000000,0.000000,13.000000,0.000000,0.515380,0.579999,,,,8.677914,8.677914,,16.800279,,,,,,903.822387,0.066145,0.000000,0.000000,0.000000,,-459.670013,1000.000000,,0.000000,0.000000,,,,0.047211,"UNDEFINED",0.000000,0.997559,0.000000,,,,,"","",,,,8.677914,,0.000000,,0.000000,,,0.000000,0.000000,"",,,0.000000,,-1.000000,,0.000000,0.000000,-1.000000,-1.000000,,,,,,,,,,,"",,,,,,,,,,"Volumetric",,,,,,,,,,0.000000,,,,,,,,,,0.000000,0.000000,,,,,,,,,,,,
"0BEC52FF","Nodes",1120842.750000,1673116.250000,1313.064347,"Default Known Flow Node",69.999969,0.579999,1000.000000,0.000000,"Known Flow",0.000000,0.000000,2.16999993085665e-07,40.000000,0.579999,1000.000000,0.000000,0.000000,13.000000,0.000000,0.515381,0.579999,,,,8.718206,8.718206,,16.800279,,,,,,903.822387,0.066145,0.000000,0.000000,0.000000,,-459.670013,1000.000000,,0.000000,0.000000,,,,0.047216,"SETFLOW",0.000000,0.997558,0.000000,,,,,"","",,,,8.718206,,0.000000,,0.000000,,,0.000000,0.000000,"",,,0.000000,,-1.000000,,0.000000,0.000000,-1.000000,-1.000000,,,,,,,,,,,"",,,,,,,,,,"Volumetric",,,,,,,,,,-0.063881,,,,,,,,,,-0.063881,-0.001533,,,,,,,,,,,,
"0BEC532E","Nodes",1120836.008375,1673150.301949,1313.064347,"Default Known Flow Node",69.999969,0.579999,1000.000000,0.000000,"Known Flow",0.000000,0.000000,2.16999993085665e-07,40.000000,0.579999,1000.000000,0.000000,0.000000,13.000000,0.000000,0.515380,0.579999,,,,8.677964,8.677964,,16.800279,,,,,,903.822387,0.066145,0.000000,0.000000,0.000000,,-459.670013,1000.000000,,0.000000,0.000000,,,,0.047211,"UNDEFINED",0.000000,0.997559,0.000000,,,,,"","",,,,8.677964,,0.000000,,0.000000,,,0.000000,0.000000,"",,,0.000000,,-1.000000,,0.000000,0.000000,-1.000000,-1.000000,,,,,,,,,,,"",,,,,,,,,,"Volumetric",,,,,,,,,,0.000000,,,,,,,,,,0.000000,0.000000,,,,,,,,,,,,
"0BEC5313","Nodes",1120466.750000,1673290.870000,1313.064347,"Default Known Flow Node",69.999969,0.579999,1000.000000,0.000000,"Known Flow",0.000000,0.000000,2.16999993085665e-07,40.000000,0.579999,1000.000000,0.000000,0.000000,13.000000,0.000000,0.515381,0.579999,,,,8.754430,8.754430,,16.800279,,,,,,903.822387,0.066145,0.000000,0.000000,0.000000,,-459.670013,1000.000000,,0.000000,0.000000,,,,0.047220,"SETFLOW",0.000000,0.997558,0.000000,,,,,"","",,,,8.754430,,0.000000,,0.000000,,,0.000000,0.000000,"",,,0.000000,,-1.000000,,0.000000,0.000000,-1.000000,-1.000000,,,,,,,,,,,"",,,,,,,,,,"Volumetric",,,,,,,,,,-0.024569,,,,,,,,,,-0.024569,-0.000589,,,,,,,,,,,,
"0BEC5314","Nodes",1120652.250000,1673338.500000,1313.064347,"Default Known Flow Node",69.999969,0.579999,1000.000000,0.000000,"Known Flow",0.000000,0.000000,2.16999993085665e-07,40.000000,0.579999,1000.000000,0.000000,0.000000,13.000000,0.000000,0.515381,0.579999,,,,8.733822,8.733822,,16.800279,,,,,,903.822387,0.066145,0.000000,0.000000,0.000000,,-459.670013,1000.000000,,0.000000,0.000000,,,,0.047218,"SETFLOW",0.000000,0.997558,0.000000,,,,,"","",,,,8.733822,,0.000000,,0.000000,,,0.000000,0.000000,"",,,0.000000,,-1.000000,,0.000000,0.000000,-1.000000,-1.000000,,,,,,,,,,,"",,,,,,,,,,"Volumetric",,,,,,,,,,-0.024569,,,,,,,,,,-0.024569,-0.000589,,,,,,,,,,,,
"0BEC5315","Nodes",1120778.870000,1673371.120000,1313.064347,"Default Known Flow Node",69.999969,0.579999,1000.000000,0.000000,"Known Flow",0.000000,0.000000,2.16999993085665e-07,40.000000,0.579999,1000.000000,0.000000,0.000000,13.000000,0.000000,0.515381,0.579999,,,,8.720446,8.720446,,16.800279,,,,,,903.822387,0.066145,0.000000,0.000000,0.000000,,-459.670013,1000.000000,,0.000000,0.000000,,,,0.047216,"SETFLOW",0.000000,0.997558,0.000000,,,,,"","",,,,8.720446,,0.000000,,0.000000,,,0.000000,0.000000,"",,,0.000000,,-1.000000,,0.000000,0.000000,-1.000000,-1.000000,,,,,,,,,,,"",,,,,,,,,,"Volumetric",,,,,,,,,,-0.031121,,,,,,,,,,-0.031121,-0.000746,,,,,,,,,,,,
"2FBA3F66","Nodes",1120830.303268,1673384.386804,1313.064347,"Default Known Flow Node",69.999969,0.579999,1000.000000,0.000000,"Known Flow",0.000000,0.000000,2.16999993085665e-07,40.000000,0.579999,1000.000000,0.000000,0.000000,13.000000,0.000000,0.515381,0.579999,,,,8.715412,8.715412,,16.800279,,,,,,903.822387,0.066145,0.000000,0.000000,0.000000,,-459.670013,1000.000000,,0.000000,0.000000,,,,0.047216,"UNDEFINED",0.000000,0.997558,0.000000,,,,,"","",,,,8.715412,,0.000000,,0.000000,,,0.000000,0.000000,"",,,0.000000,,-1.000000,,0.000000,0.000000,0.000000,-1.000000,,,,,,,,,,,"",,,,,,,,,,"Volumetric",,,,,,,,,,0.000000,,,,,,,,,,0.000000,0.000000,,,,,,,,,,,,
"2FB9974A","Nodes",1121276.620000,1673456.250000,1313.064347,"Default Known Flow Node",69.999969,0.579999,1000.000000,0.000000,"Known Flow",0.000000,0.000000,2.16999993085665e-07,40.000000,0.579999,1000.000000,0.000000,0.000000,13.000000,0.000000,0.515381,0.579999,,,,8.703582,8.703582,,16.800279,,,,,,903.822387,0.066145,0.000000,0.000000,0.000000,,-459.670013,1000.000000,,0.000000,0.000000,,,,0.047214,"UNDEFINED",0.000000,0.997558,0.000000,,,,,"","",,,,8.703582,,0.000000,,0.000000,,,0.000000,0.000000,"",,,0.000000,,-1.000000,,0.000000,0.000000,-1.000000,-1.000000,,,,,,,,,,,"",,,,,,,,,,"Volumetric",,,,,,,,,,0.000000,,,,,,,,,,0.000000,0.000000,,,,,,,,,,,,
"2FB8DE89","Nodes",1121267.370000,1673493.120000,1313.064347,"Default Known Flow Node",69.999969,0.579999,1000.000000,0.000000,"Known Flow",0.000000,0.000000,2.16999993085665e-07,40.000000,0.579999,1000.000000,0.000000,0.000000,13.000000,0.000000,0.515381,0.579999,,,,8.703582,8.703582,,16.800279,,,,,,903.822387,0.066145,0.000000,0.000000,0.000000,,-459.670013,1000.000000,,0.000000,0.000000,,,,0.047214,"UNDEFINED",0.000000,0.997558,0.000000,,,,,"","",,,,8.703582,,0.000000,,0.000000,,,0.000000,0.000000,"",,,0.000000,,-1.000000,,0.000000,0.000000,-1.000000,-1.000000,,,,,,,,,,,"",,,,,,,,,,"Volumetric",,,,,,,,,,0.000000,,,,,,,,,,0.000000,0.000000,,,,,,,,,,,,
"0BEC5316","Nodes",1121176.750000,1673473.750000,1313.064347,"Default Known Flow Node",69.999969,0.579999,1000.000000,0.000000,"Known Flow",0.000000,0.000000,2.16999993085665e-07,40.000000,0.579999,1000.000000,0.000000,0.000000,13.000000,0.000000,0.515381,0.579999,,,,8.708019,8.708019,,16.800279,,,,,,903.822387,0.066145,0.000000,0.000000,0.000000,,-459.670013,1000.000000,,0.000000,0.000000,,,,0.047215,"SETFLOW",0.000000,0.997558,0.000000,,,,,"","",,,,8.708019,,0.000000,,0.000000,,,0.000000,0.000000,"",,,0.000000,,-1.000000,,0.000000,0.000000,-1.000000,-1.000000,,,,,,,,,,,"",,,,,,,,,,"Volumetric",,,,,,,,,,-0.012284,,,,,,,,,,-0.012284,-0.000294,,,,,,,,,,,,
"0BEC530F","Nodes",1121266.500000,1673496.870000,1313.064347,"Default Known Flow Node",69.999969,0.579999,1000.000000,0.000000,"Known Flow",0.000000,0.000000,2.16999993085665e-07,40.000000,0.579999,1000.000000,0.000000,0.000000,13.000000,0.000000,0.515380,0.579999,,,,8.653617,8.653617,,16.800279,,,,,,903.822387,0.066145,0.000000,0.000000,0.000000,,-459.670013,1000.000000,,0.000000,0.000000,,,,0.047209,"SETFLOW",0.000000,0.997559,0.000000,,,,,"","",,,,8.653617,,0.000000,,0.000000,,,0.000000,0.000000,"",,,0.000000,,-1.000000,,0.000000,0.000000,-1.000000,-1.000000,,,,,,,,,,,"",,,,,,,,,,"Volumetric",,,,,,,,,,-0.002456,,,,,,,,,,-0.002457,-0.000058,,,,,,,,,,,,
"2FB8DE88","Nodes",1121267.250000,1673493.620000,1313.064347,"Default Known Flow Node",69.999969,0.579999,1000.000000,0.000000,"Known Flow",0.000000,0.000000,2.16999993085665e-07,40.000000,0.579999,1000.000000,0.000000,0.000000,13.000000,0.000000,0.515380,0.579999,,,,8.653617,8.653617,,16.800279,,,,,,903.822387,0.066145,0.000000,0.000000,0.000000,,-459.670013,1000.000000,,0.000000,0.000000,,,,0.047209,"UNDEFINED",0.000000,0.997559,0.000000,,,,,"","",,,,8.653617,,0.000000,,0.000000,,,0.000000,0.000000,"",,,0.000000,,-1.000000,,0.000000,0.000000,-1.000000,-1.000000,,,,,,,,,,,"",,,,,,,,,,"Volumetric",,,,,,,,,,0.000000,,,,,,,,,,0.000000,0.000000,,,,,,,,,,,,
"0BEC5347","Nodes",1121299.990669,1673506.226969,1313.064347,"Default Known Flow Node",69.999969,0.579999,1000.000000,0.000000,"Known Flow",0.000000,0.000000,2.16999993085665e-07,40.000000,0.579999,1000.000000,0.000000,0.000000,13.000000,0.000000,0.515380,0.579999,,,,8.698093,8.698093,,16.800279,,,,,,903.822387,0.066145,0.000000,0.000000,0.000000,,-459.670013,1000.000000,,0.000000,0.000000,,,,0.047214,"SETFLOW",0.000000,0.997558,0.000000,,,,,"","",,,,8.698093,,0.000000,,0.000000,,,0.000000,0.000000,"",,,0.000000,,-1.000000,,0.000000,0.000000,-1.000000,-1.000000,,,,,,,,,,,"",,,,,,,,,,"Volumetric",,,,,,,,,,-0.002456,,,,,,,,,,-0.002457,-0.000058,,,,,,,,,,,,
"0BEC5301","Nodes",1120341.250000,1673532.000000,1313.064347,"Default Known Flow Node",69.999969,0.579999,1000.000000,0.000000,"Known Flow",0.000000,0.000000,2.16999993085665e-07,40.000000,0.579999,1000.000000,0.000000,0.000000,13.000000,0.000000,0.515382,0.579999,,,,8.885968,8.885968,,16.800279,,,,,,903.822387,0.066145,0.000000,0.000000,0.000000,,-459.670013,1000.000000,,0.000000,0.000000,,,,0.047235,"SETFLOW",0.000000,0.997557,0.000000,,,,,"","",,,,8.885968,,0.000000,,0.000000,,,0.000000,0.000000,"",,,0.000000,,-1.000000,,0.000000,0.000000,-1.000000,-1.000000,,,,,,,,,,,"",,,,,,,,,,"Volumetric",,,,,,,,,,-0.006551,,,,,,,,,,-0.006551,-0.000157,,,,,,,,,,,,
"0BEC5302","Nodes",1120448.870000,1673559.370000,1313.064347,"Default Known Flow Node",69.999969,0.579999,1000.000000,0.000000,"Known Flow",0.000000,0.000000,2.16999993085665e-07,40.000000,0.579999,1000.000000,0.000000,0.000000,13.000000,0.000000,0.515382,0.579999,,,,8.885906,8.885906,,16.800279,,,,,,903.822387,0.066145,0.000000,0.000000,0.000000,,-459.670013,1000.000000,,0.000000,0.000000,,,,0.047235,"SETFLOW",0.000000,0.997557,0.000000,,,,,"","",,,,8.885906,,0.000000,,0.000000,,,0.000000,0.000000,"",,,0.000000,,-1.000000,,0.000000,0.000000,-1.000000,-1.000000,,,,,,,,,,,"",,,,,,,,,,"Volumetric",,,,,,,,,,-0.012284,,,,,,,,,,-0.012284,-0.000294,,,,,,,,,,,,
"2FB82E58","Nodes",1120723.855426,1673635.315110,1313.064347,"Default Known Flow Node",69.999969,0.579999,1000.000000,0.000000,"Known Flow",0.000000,0.000000,2.16999993085665e-07,40.000000,0.579999,1000.000000,0.000000,0.000000,13.000000,0.000000,0.515380,0.579999,,,,8.678375,8.678375,,16.800279,,,,,,903.822387,0.066145,0.000000,0.000000,0.000000,,-459.670013,1000.000000,,0.000000,0.000000,,,,0.047212,"SETFLOW",0.000000,0.997559,0.000000,,,,,"","",,,,8.678375,,0.000000,,0.000000,,,0.000000,0.000000,"",,,0.000000,,-1.000000,,0.000000,0.000000,-1.000000,-1.000000,,,,,,,,,,,"",,,,,,,,,,"Volumetric",,,,,,,,,,-0.021293,,,,,,,,,,-0.021293,-0.000511,,,,,,,,,,,,
"2FB8DE91","Nodes",1121218.250000,1673703.000000,1313.064347,"Default Known Flow Node",69.999969,0.579999,1000.000000,0.000000,"Known Flow",0.000000,0.000000,2.16999993085665e-07,40.000000,0.579999,1000.000000,0.000000,0.000000,13.000000,0.000000,0.515380,0.579999,,,,8.653617,8.653617,,16.800279,,,,,,903.822387,0.066145,0.000000,0.000000,0.000000,,-459.670013,1000.000000,,0.000000,0.000000,,,,0.047209,"SETFLOW",0.000000,0.997559,0.000000,,,,,"","",,,,8.653617,,0.000000,,0.000000,,,0.000000,0.000000,"",,,0.000000,,-1.000000,,0.000000,0.000000,-1.000000,-1.000000,,,,,,,,,,,"",,,,,,,,,,"Volumetric",,,,,,,,,,-0.001023,,,,,,,,,,-0.001023,-0.000024,,,,,,,,,,,,
"2FB8DE96","Nodes",1121214.000000,1673721.500000,1313.064347,"Default Known Flow Node",69.999969,0.579999,1000.000000,0.000000,"Known Flow",0.000000,0.000000,2.16999993085665e-07,40.000000,0.579999,1000.000000,0.000000,0.000000,13.000000,0.000000,0.515380,0.579999,,,,8.653617,8.653617,,16.800279,,,,,,903.822387,0.066145,0.000000,0.000000,0.000000,,-459.670013,1000.000000,,0.000000,0.000000,,,,0.047209,"UNDEFINED",0.000000,0.997559,0.000000,,,,,"","",,,,8.653617,,0.000000,,0.000000,,,0.000000,0.000000,"",,,0.000000,,-1.000000,,0.000000,0.000000,-1.000000,-1.000000,,,,,,,,,,,"",,,,,,,,,,"Volumetric",,,,,,,,,,0.000000,,,,,,,,,,0.000000,0.000000,,,,,,,,,,,,
"2FB8DE97","Nodes",1121214.000000,1673722.500000,1313.064347,"Default Known Flow Node",69.999969,0.579999,1000.000000,0.000000,"Known Flow",0.000000,0.000000,2.16999993085665e-07,40.000000,0.579999,1000.000000,0.000000,0.000000,13.000000,0.000000,0.515380,0.579999,,,,8.653617,8.653617,,16.800279,,,,,,903.822387,0.066145,0.000000,0.000000,0.000000,,-459.670013,1000.000000,,0.000000,0.000000,,,,0.047209,"SETFLOW",0.000000,0.997559,0.000000,,,,,"","",,,,8.653617,,0.000000,,0.000000,,,0.000000,0.000000,"",,,0.000000,,-1.000000,,0.000000,0.000000,-1.000000,-1.000000,,,,,,,,,,,"",,,,,,,,,,"Volumetric",,,,,,,,,,-0.003071,,,,,,,,,,-0.003071,-0.000073,,,,,,,,,,,,
"0BEC5310","Nodes",1121206.120000,1673755.250000,1313.064347,"Default Known Flow Node",69.999969,0.579999,1000.000000,0.000000,"Known Flow",0.000000,0.000000,2.16999993085665e-07,40.000000,0.579999,1000.000000,0.000000,0.000000,13.000000,0.000000,0.515380,0.579999,,,,8.653618,8.653618,,16.800279,,,,,,903.822387,0.066145,0.000000,0.000000,0.000000,,-459.670013,1000.000000,,0.000000,0.000000,,,,0.047209,"SETFLOW",0.000000,0.997559,0.000000,,,,,"","",,,,8.653618,,0.000000,,0.000000,,,0.000000,0.000000,"",,,0.000000,,-1.000000,,0.000000,0.000000,-1.000000,-1.000000,,,,,,,,,,,"",,,,,,,,,,"Volumetric",,,,,,,,,,-0.003071,,,,,,,,,,-0.003071,-0.000073,,,,,,,,,,,,
"2FB9BA07","Nodes",1120670.370000,1673883.000000,1313.064347,"Default Known Flow Node",69.999969,0.579999,1000.000000,0.000000,"Known Flow",0.000000,0.000000,2.16999993085665e-07,40.000000,0.579999,1000.000000,0.000000,0.000000,13.000000,0.000000,0.515380,0.579999,,,,8.653651,8.653651,,16.800279,,,,,,903.822387,0.066145,0.000000,0.000000,0.000000,,-459.670013,1000.000000,,0.000000,0.000000,,,,0.047209,"UNDEFINED",0.000000,0.997559,0.000000,,,,,"","",,,,8.653651,,0.000000,,0.000000,,,0.000000,0.000000,"",,,0.000000,,-1.000000,,0.000000,0.000000,-1.000000,-1.000000,,,,,,,,,,,"",,,,,,,,,,"Volumetric",,,,,,,,,,0.000000,,,,,,,,,,0.000000,0.000000,,,,,,,,,,,,
"2FB9BA09","Nodes",1120723.120000,1673897.000000,1313.064347,"Default Known Flow Node",69.999969,0.579999,1000.000000,0.000000,"Known Flow",0.000000,0.000000,2.16999993085665e-07,40.000000,0.579999,1000.000000,0.000000,0.000000,13.000000,0.000000,0.515380,0.579999,,,,8.653651,8.653651,,16.800279,,,,,,903.822387,0.066145,0.000000,0.000000,0.000000,,-459.670013,1000.000000,,0.000000,0.000000,,,,0.047209,"UNDEFINED",0.000000,0.997559,0.000000,,,,,"","",,,,8.653651,,0.000000,,0.000000,,,0.000000,0.000000,"",,,0.000000,,-1.000000,,0.000000,0.000000,-1.000000,-1.000000,,,,,,,,,,,"",,,,,,,,,,"Volumetric",,,,,,,,,,0.000000,,,,,,,,,,0.000000,0.000000,,,,,,,,,,,,
"2FB8DE94","Nodes",1121158.750000,1673968.750000,1313.064347,"Default Known Flow Node",69.999969,0.579999,1000.000000,0.000000,"Known Flow",0.000000,0.000000,2.16999993085665e-07,40.000000,0.579999,1000.000000,0.000000,0.000000,13.000000,0.000000,0.515380,0.579999,,,,8.653623,8.653623,,16.800279,,,,,,903.822387,0.066145,0.000000,0.000000,0.000000,,-459.670013,1000.000000,,0.000000,0.000000,,,,0.047209,"SETFLOW",0.000000,0.997559,0.000000,,,,,"","",,,,8.653623,,0.000000,,0.000000,,,0.000000,0.000000,"",,,0.000000,,-1.000000,,0.000000,0.000000,-1.000000,-1.000000,,,,,,,,,,,"",,,,,,,,,,"Volumetric",,,,,,,,,,-0.003071,,,,,,,,,,-0.003071,-0.000073,,,,,,,,,,,,
"2FB8DE95","Nodes",1121158.750000,1673969.750000,1313.064347,"Default Known Flow Node",69.999969,0.579999,1000.000000,0.000000,"Known Flow",0.000000,0.000000,2.16999993085665e-07,40.000000,0.579999,1000.000000,0.000000,0.000000,13.000000,0.000000,0.515380,0.579999,,,,8.653623,8.653623,,16.800279,,,,,,903.822387,0.066145,0.000000,0.000000,0.000000,,-459.670013,1000.000000,,0.000000,0.000000,,,,0.047209,"SETFLOW",0.000000,0.997559,0.000000,,,,,"","",,,,8.653623,,0.000000,,0.000000,,,0.000000,0.000000,"",,,0.000000,,-1.000000,,0.000000,0.000000,-1.000000,-1.000000,,,,,,,,,,,"",,,,,,,,,,"Volumetric",,,,,,,,,,-0.001023,,,,,,,,,,-0.001023,-0.000024,,,,,,,,,,,,
"2FB8DE92","Nodes",1121151.500000,1674000.500000,1313.064347,"Default Known Flow Node",69.999969,0.579999,1000.000000,0.000000,"Known Flow",0.000000,0.000000,2.16999993085665e-07,40.000000,0.579999,1000.000000,0.000000,0.000000,13.000000,0.000000,0.515380,0.579999,,,,8.653624,8.653624,,16.800279,,,,,,903.822387,0.066145,0.000000,0.000000,0.000000,,-459.670013,1000.000000,,0.000000,0.000000,,,,0.047209,"UNDEFINED",0.000000,0.997559,0.000000,,,,,"","",,,,8.653624,,0.000000,,0.000000,,,0.000000,0.000000,"",,,0.000000,,-1.000000,,0.000000,0.000000,-1.000000,-1.000000,,,,,,,,,,,"",,,,,,,,,,"Volumetric",,,,,,,,,,0.000000,,,,,,,,,,0.000000,0.000000,,,,,,,,,,,,
"2FB9BA0A","Nodes",1120723.120000,1673898.000000,1313.064347,"Default Known Flow Node",69.999969,0.579999,1000.000000,0.000000,"Known Flow",0.000000,0.000000,2.16999993085665e-07,40.000000,0.579999,1000.000000,0.000000,0.000000,13.000000,0.000000,0.515380,0.579999,,,,8.653651,8.653651,,16.800279,,,,,,903.822387,0.066145,0.000000,0.000000,0.000000,,-459.670013,1000.000000,,0.000000,0.000000,,,,0.047209,"SETFLOW",0.000000,0.997559,0.000000,,,,,"","",,,,8.653651,,0.000000,,0.000000,,,0.000000,0.000000,"",,,0.000000,,-1.000000,,0.000000,0.000000,-1.000000,-1.000000,,,,,,,,,,,"",,,,,,,,,,"Volumetric",,,,,,,,,,-0.005118,,,,,,,,,,-0.005118,-0.000122,,,,,,,,,,,,
"2FB9BA08","Nodes",1121144.500000,1674007.870000,1313.064347,"Default Known Flow Node",69.999969,0.579999,1000.000000,0.000000,"Known Flow",0.000000,0.000000,2.16999993085665e-07,40.000000,0.579999,1000.000000,0.000000,0.000000,13.000000,0.000000,0.515380,0.579999,,,,8.653661,8.653661,,16.800279,,,,,,903.822387,0.066145,0.000000,0.000000,0.000000,,-459.670013,1000.000000,,0.000000,0.000000,,,,0.047209,"SETFLOW",0.000000,0.997559,0.000000,,,,,"","",,,,8.653661,,0.000000,,0.000000,,,0.000000,0.000000,"",,,0.000000,,-1.000000,,0.000000,0.000000,-1.000000,-1.000000,,,,,,,,,,,"",,,,,,,,,,"Volumetric",,,,,,,,,,-0.003071,,,,,,,,,,-0.003071,-0.000073,,,,,,,,,,,,
"2FB9093F","Nodes",1121149.206160,1674011.572530,1313.064347,"Default Known Flow Node",69.999969,0.579999,1000.000000,0.000000,"Known Flow",0.000000,0.000000,2.16999993085665e-07,40.000000,0.579999,1000.000000,0.000000,0.000000,13.000000,0.000000,0.515380,0.579999,,,,8.653700,8.653700,,16.800279,,,,,,903.822387,0.066145,0.000000,0.000000,0.000000,,-459.670013,1000.000000,,0.000000,0.000000,,,,0.047209,"UNDEFINED",0.000000,0.997559,0.000000,,,,,"","",,,,8.653700,,0.000000,,0.000000,,,0.000000,0.000000,"",,,0.000000,,-1.000000,,0.000000,0.000000,-1.000000,-1.000000,,,,,,,,,,,"",,,,,,,,,,"Volumetric",,,,,,,,,,0.000000,,,,,,,,,,0.000000,0.000000,,,,,,,,,,,,
"0BEC5308","Nodes",1121149.648389,1674009.037822,1313.064347,"Default Known Flow Node",69.999969,0.579999,1000.000000,0.000000,"Known Flow",0.000000,0.000000,2.16999993085665e-07,40.000000,0.579999,1000.000000,0.000000,0.000000,13.000000,0.000000,0.515380,0.579999,,,,8.653662,8.653662,,16.800279,,,,,,903.822387,0.066145,0.000000,0.000000,0.000000,,-459.670013,1000.000000,,0.000000,0.000000,,,,0.047209,"UNDEFINED",0.000000,0.997559,0.000000,,,,,"","",,,,8.653662,,0.000000,,0.000000,,,0.000000,0.000000,"",,,0.000000,,-1.000000,,0.000000,0.000000,-1.000000,-1.000000,,,,,,,,,,,"",,,,,,,,,,"Volumetric",,,,,,,,,,0.000000,,,,,,,,,,0.000000,0.000000,,,,,,,,,,,,
"Q3No21","Nodes",1121150.495808,1674005.130352,1313.064347,"Default Known Flow Node",69.999969,0.579999,1000.000000,0.000000,"Known Flow",0.000000,0.000000,2.16999993085665e-07,40.000000,0.579999,1000.000000,0.000000,0.000000,13.000000,0.000000,0.515380,0.579999,,,,8.653624,8.653624,,16.800279,,,,,,903.822387,0.066145,0.000000,0.000000,0.000000,,-459.670013,1000.000000,,0.000000,0.000000,,,,0.047209,"UNDEFINED",0.000000,0.997559,0.000000,,,,,"","",,,,8.653624,,0.000000,,0.000000,,,0.000000,0.000000,"",,,0.000000,,-1.000000,,0.000000,0.000000,0.000000,-1.000000,,,,,,,,,,,"",,,,,,,,,,"Volumetric",,,,,,,,,,0.000000,,,,,,,,,,0.000000,0.000000,,,,,,,,,,,,
"2FB90941","Nodes",1121147.354612,1674008.547788,1313.064347,"Default Known Flow Node",69.999969,0.579999,1000.000000,0.000000,"Known Flow",0.000000,0.000000,2.16999993085665e-07,40.000000,0.579999,1000.000000,0.000000,0.000000,13.000000,0.000000,0.515380,0.579999,,,,8.653662,8.653662,,16.800279,,,,,,903.822387,0.066145,0.000000,0.000000,0.000000,,-459.670013,1000.000000,,0.000000,0.000000,,,,0.047209,"UNDEFINED",0.000000,0.997559,0.000000,,,,,"","",,,,8.653662,,0.000000,,0.000000,,,0.000000,0.000000,"",,,0.000000,,-1.000000,,0.000000,0.000000,-1.000000,-1.000000,,,,,,,,,,,"",,,,,,,,,,"Volumetric",,,,,,,,,,0.000000,,,,,,,,,,0.000000,0.000000,,,,,,,,,,,,
"Q3No20","Nodes",1121148.561435,1674008.805609,1313.064347,"Default Known Flow Node",69.999969,0.579999,1000.000000,0.000000,"Known Flow",0.000000,0.000000,2.16999993085665e-07,40.000000,0.579999,1000.000000,0.000000,0.000000,13.000000,0.000000,0.515380,0.579999,,,,8.653662,8.653662,,16.800279,,,,,,903.822387,0.066145,0.000000,0.000000,0.000000,,-459.670013,1000.000000,,0.000000,0.000000,,,,0.047209,"UNDEFINED",0.000000,0.997559,0.000000,,,,,"","",,,,8.653662,,0.000000,,0.000000,,,0.000000,0.000000,"",,,0.000000,,-1.000000,,0.000000,0.000000,0.000000,-1.000000,,,,,,,,,,,"",,,,,,,,,,"Volumetric",,,,,,,,,,0.000000,,,,,,,,,,0.000000,0.000000,,,,,,,,,,,,
"2FB9093B","Nodes",1121146.870000,1674021.500000,1313.064347,"Default Known Flow Node",69.999969,0.579999,1000.000000,0.000000,"Known Flow",0.000000,0.000000,2.16999993085665e-07,40.000000,0.579999,1000.000000,0.000000,0.000000,13.000000,0.000000,0.515380,0.579999,,,,8.653897,8.653897,,16.800279,,,,,,903.822387,0.066145,0.000000,0.000000,0.000000,,-459.670013,1000.000000,,0.000000,0.000000,,,,0.047209,"SETFLOW",0.000000,0.997559,0.000000,,,,,"","",,,,8.653897,,0.000000,,0.000000,,,0.000000,0.000000,"",,,0.000000,,-1.000000,,0.000000,0.000000,-1.000000,-1.000000,,,,,,,,,,,"",,,,,,,,,,"Volumetric",,,,,,,,,,-0.001169,,,,,,,,,,-0.001169,-0.000028,,,,,,,,,,,,
"2FB9093E","Nodes",1121148.500000,1674014.620000,1313.064347,"Default Known Flow Node",69.999969,0.579999,1000.000000,0.000000,"Known Flow",0.000000,0.000000,2.16999993085665e-07,40.000000,0.579999,1000.000000,0.000000,0.000000,13.000000,0.000000,0.515380,0.579999,,,,8.653764,8.653764,,16.800279,,,,,,903.822387,0.066145,0.000000,0.000000,0.000000,,-459.670013,1000.000000,,0.000000,0.000000,,,,0.047209,"UNDEFINED",0.000000,0.997559,0.000000,,,,,"","",,,,8.653764,,0.000000,,0.000000,,,0.000000,0.000000,"",,,0.000000,,-1.000000,,0.000000,0.000000,-1.000000,-1.000000,,,,,,,,,,,"",,,,,,,,,,"Volumetric",,,,,,,,,,0.000000,,,,,,,,,,0.000000,0.000000,,,,,,,,,,,,
"0BEC5343","Nodes",1121118.620000,1674140.000000,1313.064347,"Default Known Flow Node",69.999969,0.579999,1000.000000,0.000000,"Known Flow",0.000000,0.000000,2.16999993085665e-07,40.000000,0.579999,1000.000000,0.000000,0.000000,13.000000,0.000000,0.515380,0.579999,,,,8.655648,8.655648,,16.800279,,,,,,903.822387,0.066145,0.000000,0.000000,0.000000,,-459.670013,1000.000000,,0.000000,0.000000,,,,0.047209,"SETFLOW",0.000000,0.997559,0.000000,,,,,"","",,,,8.655648,,0.000000,,0.000000,,,0.000000,0.000000,"",,,0.000000,,-1.000000,,0.000000,0.000000,-1.000000,-1.000000,,,,,,,,,,,"",,,,,,,,,,"Volumetric",,,,,,,,,,-0.001169,,,,,,,,,,-0.001169,-0.000028,,,,,,,,,,,,
"Q3No23","Nodes",1121137.531157,1674060.673553,1313.064347,"Default Known Flow Node",69.999969,0.579999,1000.000000,0.000000,"Known Flow",0.000000,0.000000,2.16999993085665e-07,40.000000,0.579999,1000.000000,0.000000,0.000000,13.000000,0.000000,0.515380,0.579999,,,,8.654746,8.654746,,16.800279,,,,,,903.822387,0.066145,0.000000,0.000000,0.000000,,-459.670013,1000.000000,,0.000000,0.000000,,,,0.047209,"UNDEFINED",0.000000,0.997559,0.000000,,,,,"","",,,,8.654746,,0.000000,,0.000000,,,0.000000,0.000000,"",,,0.000000,,-1.000000,,0.000000,0.000000,0.000000,-1.000000,,,,,,,,,,,"",,,,,,,,,,"Volumetric",,,,,,,,,,0.000000,,,,,,,,,,0.000000,0.000000,,,,,,,,,,,,
"2FB24FDB","Nodes",1120612.581963,1674132.605731,1313.064347,"Default Known Flow Node",69.999969,0.579999,1000.000000,0.000000,"Known Flow",0.000000,0.000000,2.16999993085665e-07,40.000000,0.579999,1000.000000,0.000000,0.000000,13.000000,0.000000,0.515380,0.579999,,,,8.678797,8.678797,,16.800279,,,,,,903.822387,0.066145,0.000000,0.000000,0.000000,,-459.670013,1000.000000,,0.000000,0.000000,,,,0.047212,"SETFLOW",0.000000,0.997559,0.000000,,,,,"","",,,,8.678797,,0.000000,,0.000000,,,0.000000,0.000000,"",,,0.000000,,-1.000000,,0.000000,0.000000,-1.000000,-1.000000,,,,,,,,,,,"",,,,,,,,,,"Volumetric",,,,,,,,,,-0.008189,,,,,,,,,,-0.008189,-0.000196,,,,,,,,,,,,
"Q3No629","Nodes",1120594.254069,1674127.132193,1313.064347,"Default Known Flow Node",69.999969,0.579999,1000.000000,0.000000,"Known Flow",0.000000,0.000000,2.16999993085665e-07,40.000000,0.579999,1000.000000,0.000000,0.000000,13.000000,0.000000,0.515380,0.579999,,,,8.691625,8.691625,,16.800279,,,,,,903.822387,0.066145,0.000000,0.000000,0.000000,,-459.670013,1000.000000,,0.000000,0.000000,,,,0.047213,"UNDEFINED",0.000000,0.997558,0.000000,,,,,"","",,,,8.691625,,0.000000,,0.000000,,,0.000000,0.000000,"",,,0.000000,,-1.000000,,0.000000,0.000000,0.000000,-1.000000,,,,,,,,,,,"",,,,,,,,,,"Volumetric",,,,,,,,,,0.000000,,,,,,,,,,0.000000,0.000000,,,,,,,,,,,,
"Q3No628","Nodes",1120621.166179,1674134.879315,1313.064347,"Default Known Flow Node",69.999969,0.579999,1000.000000,0.000000,"Known Flow",0.000000,0.000000,2.16999993085665e-07,40.000000,0.579999,1000.000000,0.000000,0.000000,13.000000,0.000000,0.515380,0.579999,,,,8.675257,8.675257,,16.800279,,,,,,903.822387,0.066145,0.000000,0.000000,0.000000,,-459.670013,1000.000000,,0.000000,0.000000,,,,0.047211,"UNDEFINED",0.000000,0.997559,0.000000,,,,,"","",,,,8.675257,,0.000000,,0.000000,,,0.000000,0.000000,"",,,0.000000,,-1.000000,,0.000000,0.000000,0.000000,-1.000000,,,,,,,,,,,"",,,,,,,,,,"Volumetric",,,,,,,,,,0.000000,,,,,,,,,,0.000000,0.000000,,,,,,,,,,,,
"0BEC5F19","Nodes",1121045.120000,1674238.500000,1313.064347,"Default Known Flow Node",69.999969,0.579999,1000.000000,0.000000,"Known Flow",0.000000,0.000000,2.16999993085665e-07,40.000000,0.579999,1000.000000,0.000000,0.000000,13.000000,0.000000,0.515380,0.579999,,,,8.666748,8.666748,,16.800279,,,,,,903.822387,0.066145,0.000000,0.000000,0.000000,,-459.670013,1000.000000,,0.000000,0.000000,,,,0.047210,"SETFLOW",0.000000,0.997559,0.000000,,,,,"","",,,,8.666748,,0.000000,,0.000000,,,0.000000,0.000000,"",,,0.000000,,-1.000000,,0.000000,0.000000,-1.000000,-1.000000,,,,,,,,,,,"",,,,,,,,,,"Volumetric",,,,,,,,,,-0.003509,,,,,,,,,,-0.003509,-0.000084,,,,,,,,,,,,
"0BEC5342","Nodes",1120640.500000,1674140.000000,1313.064347,"Default Known Flow Node",69.999969,0.579999,1000.000000,0.000000,"Known Flow",0.000000,0.000000,2.16999993085665e-07,40.000000,0.579999,1000.000000,0.000000,0.000000,13.000000,0.000000,0.515380,0.579999,,,,8.674868,8.674868,,16.800279,,,,,,903.822387,0.066145,0.000000,0.000000,0.000000,,-459.670013,1000.000000,,0.000000,0.000000,,,,0.047211,"SETFLOW",0.000000,0.997559,0.000000,,,,,"","",,,,8.674868,,0.000000,,0.000000,,,0.000000,0.000000,"",,,0.000000,,-1.000000,,0.000000,0.000000,-1.000000,-1.000000,,,,,,,,,,,"",,,,,,,,,,"Volumetric",,,,,,,,,,-0.005118,,,,,,,,,,-0.005118,-0.000122,,,,,,,,,,,,
"2FB873F7","Nodes",1121103.750000,1674197.870000,1313.064347,"Default Known Flow Node",69.999969,0.579999,1000.000000,0.000000,"Known Flow",0.000000,0.000000,2.16999993085665e-07,40.000000,0.579999,1000.000000,0.000000,0.000000,13.000000,0.000000,0.515380,0.579999,,,,8.656306,8.656306,,16.800279,,,,,,903.822387,0.066145,0.000000,0.000000,0.000000,,-459.670013,1000.000000,,0.000000,0.000000,,,,0.047209,"UNDEFINED",0.000000,0.997559,0.000000,,,,,"","",,,,8.656306,,0.000000,,0.000000,,,0.000000,0.000000,"",,,0.000000,,-1.000000,,0.000000,0.000000,-1.000000,-1.000000,,,,,,,,,,,"",,,,,,,,,,"Volumetric",,,,,,,,,,0.000000,,,,,,,,,,0.000000,0.000000,,,,,,,,,,,,
"2FB826BB","Nodes",1121091.120000,1674252.870000,1313.064347,"Default Known Flow Node",69.999969,0.579999,1000.000000,0.000000,"Known Flow",0.000000,0.000000,2.16999993085665e-07,40.000000,0.579999,1000.000000,0.000000,0.000000,13.000000,0.000000,0.515380,0.579999,,,,8.657391,8.657391,,16.800279,,,,,,903.822387,0.066145,0.000000,0.000000,0.000000,,-459.670013,1000.000000,,0.000000,0.000000,,,,0.047209,"UNDEFINED",0.000000,0.997559,0.000000,,,,,"","",,,,8.657391,,0.000000,,0.000000,,,0.000000,0.000000,"",,,0.000000,,-1.000000,,0.000000,0.000000,-1.000000,-1.000000,,,,,,,,,,,"",,,,,,,,,,"Volumetric",,,,,,,,,,0.000000,,,,,,,,,,0.000000,0.000000,,,,,,,,,,,,
"0BEC5F18","Nodes",1121072.370000,1674245.250000,1313.064347,"Default Known Flow Node",69.999969,0.579999,1000.000000,0.000000,"Known Flow",0.000000,0.000000,2.16999993085665e-07,40.000000,0.579999,1000.000000,0.000000,0.000000,13.000000,0.000000,0.515380,0.579999,,,,8.666204,8.666204,,16.800279,,,,,,903.822387,0.066145,0.000000,0.000000,0.000000,,-459.670013,1000.000000,,0.000000,0.000000,,,,0.047210,"UNDEFINED",0.000000,0.997559,0.000000,,,,,"","",,,,8.666204,,0.000000,,0.000000,,,0.000000,0.000000,"",,,0.000000,,-1.000000,,0.000000,0.000000,-1.000000,-1.000000,,,,,,,,,,,"",,,,,,,,,,"Volumetric",,,,,,,,,,0.000000,,,,,,,,,,0.000000,0.000000,,,,,,,,,,,,
"2FB1F424","Nodes",1121076.870000,1674251.870000,1313.064347,"Default Known Flow Node",69.999969,0.579999,1000.000000,0.000000,"Known Flow",0.000000,0.000000,2.16999993085665e-07,40.000000,0.579999,1000.000000,0.000000,0.000000,13.000000,0.000000,0.515380,0.579999,,,,8.663222,8.663222,,16.800279,,,,,,903.822387,0.066145,0.000000,0.000000,0.000000,,-459.670013,1000.000000,,0.000000,0.000000,,,,0.047210,"UNDEFINED",0.000000,0.997559,0.000000,,,,,"","",,,,8.663222,,0.000000,,0.000000,,,0.000000,0.000000,"",,,0.000000,,-1.000000,,0.000000,0.000000,-1.000000,-1.000000,,,,,,,,,,,"",,,,,,,,,,"Volumetric",,,,,,,,,,0.000000,,,,,,,,,,0.000000,0.000000,,,,,,,,,,,,
"0BEC5F17","Nodes",1121081.750000,1674247.870000,1313.064347,"Default Known Flow Node",69.999969,0.579999,1000.000000,0.000000,"Known Flow",0.000000,0.000000,2.16999993085665e-07,40.000000,0.579999,1000.000000,0.000000,0.000000,13.000000,0.000000,0.515380,0.579999,,,,8.666086,8.666086,,16.800279,,,,,,903.822387,0.066145,0.000000,0.000000,0.000000,,-459.670013,1000.000000,,0.000000,0.000000,,,,0.047210,"UNDEFINED",0.000000,0.997559,0.000000,,,,,"","",,,,8.666086,,0.000000,,0.000000,,,0.000000,0.000000,"",,,0.000000,,-1.000000,,0.000000,0.000000,-1.000000,-1.000000,,,,,,,,,,,"",,,,,,,,,,"Volumetric",,,,,,,,,,0.000000,,,,,,,,,,0.000000,0.000000,,,,,,,,,,,,
"0BEC5F50","Nodes",1121300.000000,1674307.250000,1313.064347,"Default Known Flow Node",69.999969,0.579999,1000.000000,0.000000,"Known Flow",0.000000,0.000000,2.16999993085665e-07,40.000000,0.579999,1000.000000,0.000000,0.000000,13.000000,0.000000,0.515380,0.579999,,,,8.663408,8.663408,,16.800279,,,,,,903.822387,0.066145,0.000000,0.000000,0.000000,,-459.670013,1000.000000,,0.000000,0.000000,,,,0.047210,"UNDEFINED",0.000000,0.997559,0.000000,,,,,"","",,,,8.663408,,0.000000,,0.000000,,,0.000000,0.000000,"",,,0.000000,,-1.000000,,0.000000,0.000000,-1.000000,-1.000000,,,,,,,,,,,"",,,,,,,,,,"Volumetric",,,,,,,,,,0.000000,,,,,,,,,,0.000000,0.000000,,,,,,,,,,,,
"0BEC5F15","Nodes",1121076.620000,1674254.120000,1313.064347,"Default Known Flow Node",69.999969,0.579999,1000.000000,0.000000,"Known Flow",0.000000,0.000000,2.16999993085665e-07,40.000000,0.579999,1000.000000,0.000000,0.000000,13.000000,0.000000,0.515380,0.579999,,,,8.662679,8.662679,,16.800279,,,,,,903.822387,0.066145,0.000000,0.000000,0.000000,,-459.670013,1000.000000,,0.000000,0.000000,,,,0.047210,"UNDEFINED",0.000000,0.997559,0.000000,,,,,"","",,,,8.662679,,0.000000,,0.000000,,,0.000000,0.000000,"",,,0.000000,,-1.000000,,0.000000,0.000000,-1.000000,-1.000000,,,,,,,,,,,"",,,,,,,,,,"Volumetric",,,,,,,,,,0.000000,,,,,,,,,,0.000000,0.000000,,,,,,,,,,,,
"0BEC5F16","Nodes",1121070.500000,1674252.500000,1313.064347,"Default Known Flow Node",69.999969,0.579999,1000.000000,0.000000,"Known Flow",0.000000,0.000000,2.16999993085665e-07,40.000000,0.579999,1000.000000,0.000000,0.000000,13.000000,0.000000,0.515380,0.579999,,,,8.662679,8.662679,,16.800279,,,,,,903.822387,0.066145,0.000000,0.000000,0.000000,,-459.670013,1000.000000,,0.000000,0.000000,,,,0.047210,"UNDEFINED",0.000000,0.997559,0.000000,,,,,"","",,,,8.662679,,0.000000,,0.000000,,,0.000000,0.000000,"",,,0.000000,,-1.000000,,0.000000,0.000000,-1.000000,-1.000000,,,,,,,,,,,"",,,,,,,,,,"Volumetric",,,,,,,,,,0.000000,,,,,,,,,,0.000000,0.000000,,,,,,,,,,,,
"0BEC5F14","Nodes",1121090.000000,1674257.620000,1313.064347,"Default Known Flow Node",69.999969,0.579999,1000.000000,0.000000,"Known Flow",0.000000,0.000000,2.16999993085665e-07,40.000000,0.579999,1000.000000,0.000000,0.000000,13.000000,0.000000,0.515380,0.579999,,,,8.657487,8.657487,,16.800279,,,,,,903.822387,0.066145,0.000000,0.000000,0.000000,,-459.670013,1000.000000,,0.000000,0.000000,,,,0.047209,"UNDEFINED",0.000000,0.997559,0.000000,,,,,"","",,,,8.657487,,0.000000,,0.000000,,,0.000000,0.000000,"",,,0.000000,,-1.000000,,0.000000,0.000000,-1.000000,-1.000000,,,,,,,,,,,"",,,,,,,,,,"Volumetric",,,,,,,,,,0.000000,,,,,,,,,,0.000000,0.000000,,,,,,,,,,,,
"2FB873F5","Nodes",1121081.370000,1674255.250000,1313.064347,"Default Known Flow Node",69.999969,0.579999,1000.000000,0.000000,"Known Flow",0.000000,0.000000,2.16999993085665e-07,40.000000,0.579999,1000.000000,0.000000,0.000000,13.000000,0.000000,0.515380,0.579999,,,,8.661324,8.661324,,16.800279,,,,,,903.822387,0.066145,0.000000,0.000000,0.000000,,-459.670013,1000.000000,,0.000000,0.000000,,,,0.047210,"UNDEFINED",0.000000,0.997559,0.000000,,,,,"","",,,,8.661324,,0.000000,,0.000000,,,0.000000,0.000000,"",,,0.000000,,-1.000000,,0.000000,0.000000,-1.000000,-1.000000,,,,,,,,,,,"",,,,,,,,,,"Volumetric",,,,,,,,,,0.000000,,,,,,,,,,0.000000,0.000000,,,,,,,,,,,,
"2FB873F6","Nodes",1121142.370000,1674271.000000,1313.064347,"Default Known Flow Node",69.999969,0.579999,1000.000000,0.000000,"Known Flow",0.000000,0.000000,2.16999993085665e-07,40.000000,0.579999,1000.000000,0.000000,0.000000,13.000000,0.000000,0.515380,0.579999,,,,8.657483,8.657483,,16.800279,,,,,,903.822387,0.066145,0.000000,0.000000,0.000000,,-459.670013,1000.000000,,0.000000,0.000000,,,,0.047209,"UNDEFINED",0.000000,0.997559,0.000000,,,,,"","",,,,8.657483,,0.000000,,0.000000,,,0.000000,0.000000,"",,,0.000000,,-1.000000,,0.000000,0.000000,-1.000000,-1.000000,,,,,,,,,,,"",,,,,,,,,,"Volumetric",,,,,,,,,,0.000000,,,,,,,,,,0.000000,0.000000,,,,,,,,,,,,
"0BEC5F13","Nodes",1121192.500000,1674283.750000,1313.064347,"Default Known Flow Node",69.999969,0.579999,1000.000000,0.000000,"Known Flow",0.000000,0.000000,2.16999993085665e-07,40.000000,0.579999,1000.000000,0.000000,0.000000,13.000000,0.000000,0.515380,0.579999,,,,8.657481,8.657481,,16.800279,,,,,,903.822387,0.066145,0.000000,0.000000,0.000000,,-459.670013,1000.000000,,0.000000,0.000000,,,,0.047209,"UNDEFINED",0.000000,0.997559,0.000000,,,,,"","",,,,8.657481,,0.000000,,0.000000,,,0.000000,0.000000,"",,,0.000000,,-1.000000,,0.000000,0.000000,-1.000000,-1.000000,,,,,,,,,,,"",,,,,,,,,,"Volumetric",,,,,,,,,,0.000000,,,,,,,,,,0.000000,0.000000,,,,,,,,,,,,
"0BEC5F4F","Nodes",1121300.000000,1674311.250000,1313.064347,"Default Known Flow Node",69.999969,0.579999,1000.000000,0.000000,"Known Flow",0.000000,0.000000,2.16999993085665e-07,40.000000,0.579999,1000.000000,0.000000,0.000000,13.000000,0.000000,0.515380,0.579999,,,,8.657476,8.657476,,16.800279,,,,,,903.822387,0.066145,0.000000,0.000000,0.000000,,-459.670013,1000.000000,,0.000000,0.000000,,,,0.047209,"SETFLOW",0.000000,0.997559,0.000000,,,,,"","",,,,8.657476,,0.000000,,0.000000,,,0.000000,0.000000,"",,,0.000000,,-1.000000,,0.000000,0.000000,-1.000000,-1.000000,,,,,,,,,,,"",,,,,,,,,,"Volumetric",,,,,,,,,,-0.012869,,,,,,,,,,-0.012869,-0.000308,,,,,,,,,,,,
"2FB873F8","Nodes",1121083.120000,1674288.750000,1313.064347,"Default Known Flow Node",69.999969,0.579999,1000.000000,0.000000,"Known Flow",0.000000,0.000000,2.16999993085665e-07,40.000000,0.579999,1000.000000,0.000000,0.000000,13.000000,0.000000,0.515380,0.579999,,,,8.647671,8.647671,,16.800279,,,,,,903.822387,0.066145,0.000000,0.000000,0.000000,,-459.670013,1000.000000,,0.000000,0.000000,,,,0.047208,"SETFLOW",0.000000,0.997559,0.000000,,,,,"","",,,,8.647671,,0.000000,,0.000000,,,0.000000,0.000000,"",,,0.000000,,-1.000000,,0.000000,0.000000,-1.000000,-1.000000,,,,,,,,,,,"",,,,,,,,,,"Volumetric",,,,,,,,,,-0.001169,,,,,,,,,,-0.001169,-0.000028,,,,,,,,,,,,
"0BEC5F1F","Nodes",1120546.000000,1674383.370000,1313.064347,"Default Known Flow Node",69.999969,0.579999,1000.000000,0.000000,"Known Flow",0.000000,0.000000,2.16999993085665e-07,40.000000,0.579999,1000.000000,0.000000,0.000000,13.000000,0.000000,0.515381,0.579999,,,,8.799757,8.799757,,16.800279,,,,,,903.822387,0.066145,0.000000,0.000000,0.000000,,-459.670013,1000.000000,,0.000000,0.000000,,,,0.047225,"SETFLOW",0.000000,0.997558,0.000000,,,,,"","",,,,8.799757,,0.000000,,0.000000,,,0.000000,0.000000,"",,,0.000000,,-1.000000,,0.000000,0.000000,-1.000000,-1.000000,,,,,,,,,,,"",,,,,,,,,,"Volumetric",,,,,,,,,,-0.017403,,,,,,,,,,-0.017403,-0.000417,,,,,,,,,,,,
"0BEC5ED9","Nodes",1120280.000000,1674313.370000,1313.064347,"Default Known Flow Node",69.999969,0.579999,1000.000000,0.000000,"Known Flow",0.000000,0.000000,2.16999993085665e-07,40.000000,0.579999,1000.000000,0.000000,0.000000,13.000000,0.000000,0.515382,0.579999,,,,8.912360,8.912360,,16.800279,,,,,,903.822387,0.066145,0.000000,0.000000,0.000000,,-459.670013,1000.000000,,0.000000,0.000000,,,,0.047238,"SETFLOW",0.000000,0.997557,0.000000,,,,,"","",,,,8.912360,,0.000000,,0.000000,,,0.000000,0.000000,"",,,0.000000,,-1.000000,,0.000000,0.000000,-1.000000,-1.000000,,,,,,,,,,,"",,,,,,,,,,"Volumetric",,,,,,,,,,-0.012284,,,,,,,,,,-0.012284,-0.000294,,,,,,,,,,,,
"2FB873F1","Nodes",1121025.120000,1674504.870000,1313.064347,"Default Known Flow Node",69.999969,0.579999,1000.000000,0.000000,"Known Flow",0.000000,0.000000,2.16999993085665e-07,40.000000,0.579999,1000.000000,0.000000,0.000000,13.000000,0.000000,0.515380,0.579999,,,,8.600491,8.600491,,16.800279,,,,,,903.822387,0.066145,0.000000,0.000000,0.000000,,-459.670013,1000.000000,,0.000000,0.000000,,,,0.047203,"SETFLOW",0.000000,0.997559,0.000000,,,,,"","",,,,8.600491,,0.000000,,0.000000,,,0.000000,0.000000,"",,,0.000000,,-1.000000,,0.000000,0.000000,-1.000000,-1.000000,,,,,,,,,,,"",,,,,,,,,,"Volumetric",,,,,,,,,,-0.009359,,,,,,,,,,-0.009359,-0.000224,,,,,,,,,,,,
"2FB1F42B","Nodes",1120545.250000,1674386.620000,1313.064347,"Default Known Flow Node",69.999969,0.579999,1000.000000,0.000000,"Known Flow",0.000000,0.000000,2.16999993085665e-07,40.000000,0.579999,1000.000000,0.000000,0.000000,13.000000,0.000000,0.515381,0.579999,,,,8.799757,8.799757,,16.800279,,,,,,903.822387,0.066145,0.000000,0.000000,0.000000,,-459.670013,1000.000000,,0.000000,0.000000,,,,0.047225,"UNDEFINED",0.000000,0.997558,0.000000,,,,,"","",,,,8.799757,,0.000000,,0.000000,,,0.000000,0.000000,"",,,0.000000,,-1.000000,,0.000000,0.000000,-1.000000,-1.000000,,,,,,,,,,,"",,,,,,,,,,"Volumetric",,,,,,,,,,0.000000,,,,,,,,,,0.000000,0.000000,,,,,,,,,,,,
"2FB8A219","Nodes",1120543.750000,1674393.370000,1313.064347,"Default Known Flow Node",69.999969,0.579999,1000.000000,0.000000,"Known Flow",0.000000,0.000000,2.16999993085665e-07,40.000000,0.579999,1000.000000,0.000000,0.000000,13.000000,0.000000,0.515381,0.579999,,,,8.799757,8.799757,,16.800279,,,,,,903.822387,0.066145,0.000000,0.000000,0.000000,,-459.670013,1000.000000,,0.000000,0.000000,,,,0.047225,"UNDEFINED",0.000000,0.997558,0.000000,,,,,"","",,,,8.799757,,0.000000,,0.000000,,,0.000000,0.000000,"",,,0.000000,,-1.000000,,0.000000,0.000000,-1.000000,-1.000000,,,,,,,,,,,"",,,,,,,,,,"Volumetric",,,,,,,,,,0.000000,,,,,,,,,,0.000000,0.000000,,,,,,,,,,,,
"2FB8DE99","Nodes",1121050.370000,1674434.000000,1313.064347,"Default Known Flow Node",69.999969,0.579999,1000.000000,0.000000,"Known Flow",0.000000,0.000000,2.16999993085665e-07,40.000000,0.579999,1000.000000,0.000000,0.000000,13.000000,0.000000,0.515380,0.579999,,,,8.619382,8.619382,,16.800279,,,,,,903.822387,0.066145,0.000000,0.000000,0.000000,,-459.670013,1000.000000,,0.000000,0.000000,,,,0.047205,"SETFLOW",0.000000,0.997559,0.000000,,,,,"","",,,,8.619382,,0.000000,,0.000000,,,0.000000,0.000000,"",,,0.000000,,-1.000000,,0.000000,0.000000,-1.000000,-1.000000,,,,,,,,,,,"",,,,,,,,,,"Volumetric",,,,,,,,,,-0.003509,,,,,,,,,,-0.003509,-0.000084,,,,,,,,,,,,
"2FB8A218","Nodes",1120530.750000,1674451.120000,1313.064347,"Default Known Flow Node",69.999969,0.579999,1000.000000,0.000000,"Known Flow",0.000000,0.000000,2.16999993085665e-07,40.000000,0.579999,1000.000000,0.000000,0.000000,13.000000,0.000000,0.515381,0.579999,,,,8.799757,8.799757,,16.800279,,,,,,903.822387,0.066145,0.000000,0.000000,0.000000,,-459.670013,1000.000000,,0.000000,0.000000,,,,0.047225,"UNDEFINED",0.000000,0.997558,0.000000,,,,,"","",,,,8.799757,,0.000000,,0.000000,,,0.000000,0.000000,"",,,0.000000,,-1.000000,,0.000000,0.000000,-1.000000,-1.000000,,,,,,,,,,,"",,,,,,,,,,"Volumetric",,,,,,,,,,0.000000,,,,,,,,,,0.000000,0.000000,,,,,,,,,,,,
"2FB996C6","Nodes",1121042.370000,1674467.870000,1313.064347,"Default Known Flow Node",69.999969,0.579999,1000.000000,0.000000,"Known Flow",0.000000,0.000000,2.16999993085665e-07,40.000000,0.579999,1000.000000,0.000000,0.000000,13.000000,0.000000,0.515380,0.579999,,,,8.608964,8.608964,,16.800279,,,,,,903.822387,0.066145,0.000000,0.000000,0.000000,,-459.670013,1000.000000,,0.000000,0.000000,,,,0.047204,"UNDEFINED",0.000000,0.997559,0.000000,,,,,"","",,,,8.608964,,0.000000,,0.000000,,,0.000000,0.000000,"",,,0.000000,,-1.000000,,0.000000,0.000000,-1.000000,-1.000000,,,,,,,,,,,"",,,,,,,,,,"Volumetric",,,,,,,,,,0.000000,,,,,,,,,,0.000000,0.000000,,,,,,,,,,,,
"2FB996C7","Nodes",1121042.370000,1674468.870000,1313.064347,"Default Known Flow Node",69.999969,0.579999,1000.000000,0.000000,"Known Flow",0.000000,0.000000,2.16999993085665e-07,40.000000,0.579999,1000.000000,0.000000,0.000000,13.000000,0.000000,0.515380,0.579999,,,,8.608964,8.608964,,16.800279,,,,,,903.822387,0.066145,0.000000,0.000000,0.000000,,-459.670013,1000.000000,,0.000000,0.000000,,,,0.047204,"UNDEFINED",0.000000,0.997559,0.000000,,,,,"","",,,,8.608964,,0.000000,,0.000000,,,0.000000,0.000000,"",,,0.000000,,-1.000000,,0.000000,0.000000,-1.000000,-1.000000,,,,,,,,,,,"",,,,,,,,,,"Volumetric",,,,,,,,,,0.000000,,,,,,,,,,0.000000,0.000000,,,,,,,,,,,,
"2FB8DE98","Nodes",1121034.250000,1674502.120000,1313.064347,"Default Known Flow Node",69.999969,0.579999,1000.000000,0.000000,"Known Flow",0.000000,0.000000,2.16999993085665e-07,40.000000,0.579999,1000.000000,0.000000,0.000000,13.000000,0.000000,0.515380,0.579999,,,,8.598239,8.598239,,16.800279,,,,,,903.822387,0.066145,0.000000,0.000000,0.000000,,-459.670013,1000.000000,,0.000000,0.000000,,,,0.047202,"UNDEFINED",0.000000,0.997559,0.000000,,,,,"","",,,,8.598239,,0.000000,,0.000000,,,0.000000,0.000000,"",,,0.000000,,-1.000000,,0.000000,0.000000,-1.000000,-1.000000,,,,,,,,,,,"",,,,,,,,,,"Volumetric",,,,,,,,,,0.000000,,,,,,,,,,0.000000,0.000000,,,,,,,,,,,,
"2FB996C8","Nodes",1121033.370000,1674507.000000,1313.064347,"Default Known Flow Node",69.999969,0.579999,1000.000000,0.000000,"Known Flow",0.000000,0.000000,2.16999993085665e-07,40.000000,0.579999,1000.000000,0.000000,0.000000,13.000000,0.000000,0.515380,0.579999,,,,8.597320,8.597320,,16.800279,,,,,,903.822387,0.066145,0.000000,0.000000,0.000000,,-459.670013,1000.000000,,0.000000,0.000000,,,,0.047202,"UNDEFINED",0.000000,0.997559,0.000000,,,,,"","",,,,8.597320,,0.000000,,0.000000,,,0.000000,0.000000,"",,,0.000000,,-1.000000,,0.000000,0.000000,-1.000000,-1.000000,,,,,,,,,,,"",,,,,,,,,,"Volumetric",,,,,,,,,,0.000000,,,,,,,,,,0.000000,0.000000,,,,,,,,,,,,
"2FB996C4","Nodes",1121035.870000,1674507.620000,1313.064347,"Default Known Flow Node",69.999969,0.579999,1000.000000,0.000000,"Known Flow",0.000000,0.000000,2.16999993085665e-07,40.000000,0.579999,1000.000000,0.000000,0.000000,13.000000,0.000000,0.515380,0.579999,,,,8.594420,8.594420,,16.800279,,,,,,903.822387,0.066145,0.000000,0.000000,0.000000,,-459.670013,1000.000000,,0.000000,0.000000,,,,0.047202,"UNDEFINED",0.000000,0.997559,0.000000,,,,,"","",,,,8.594420,,0.000000,,0.000000,,,0.000000,0.000000,"",,,0.000000,,-1.000000,,0.000000,0.000000,-1.000000,-1.000000,,,,,,,,,,,"",,,,,,,,,,"Volumetric",,,,,,,,,,0.000000,,,,,,,,,,0.000000,0.000000,,,,,,,,,,,,
"0BEC5F1C","Nodes",1121076.120000,1674518.500000,1313.064347,"Default Known Flow Node",69.999969,0.579999,1000.000000,0.000000,"Known Flow",0.000000,0.000000,2.16999993085665e-07,40.000000,0.579999,1000.000000,0.000000,0.000000,13.000000,0.000000,0.515380,0.579999,,,,8.566146,8.566146,,16.800279,,,,,,903.822387,0.066145,0.000000,0.000000,0.000000,,-459.670013,1000.000000,,0.000000,0.000000,,,,0.047199,"UNDEFINED",0.000000,0.997559,0.000000,,,,,"","",,,,8.566146,,0.000000,,0.000000,,,0.000000,0.000000,"",,,0.000000,,-1.000000,,0.000000,0.000000,-1.000000,-1.000000,,,,,,,,,,,"",,,,,,,,,,"Volumetric",,,,,,,,,,0.000000,,,,,,,,,,0.000000,0.000000,,,,,,,,,,,,
"2FB996C5","Nodes",1121037.500000,1674509.120000,1313.064347,"Default Known Flow Node",69.999969,0.579999,1000.000000,0.000000,"Known Flow",0.000000,0.000000,2.16999993085665e-07,40.000000,0.579999,1000.000000,0.000000,0.000000,13.000000,0.000000,0.515380,0.579999,,,,8.594420,8.594420,,16.800279,,,,,,903.822387,0.066145,0.000000,0.000000,0.000000,,-459.670013,1000.000000,,0.000000,0.000000,,,,0.047202,"UNDEFINED",0.000000,0.997559,0.000000,,,,,"","",,,,8.594420,,0.000000,,0.000000,,,0.000000,0.000000,"",,,0.000000,,-1.000000,,0.000000,0.000000,-1.000000,-1.000000,,,,,,,,,,,"",,,,,,,,,,"Volumetric",,,,,,,,,,0.000000,,,,,,,,,,0.000000,0.000000,,,,,,,,,,,,
"2FB996C3","Nodes",1121031.620000,1674515.120000,1313.064347,"Default Known Flow Node",69.999969,0.579999,1000.000000,0.000000,"Known Flow",0.000000,0.000000,2.16999993085665e-07,40.000000,0.579999,1000.000000,0.000000,0.000000,13.000000,0.000000,0.515380,0.579999,,,,8.595476,8.595476,,16.800279,,,,,,903.822387,0.066145,0.000000,0.000000,0.000000,,-459.670013,1000.000000,,0.000000,0.000000,,,,0.047202,"UNDEFINED",0.000000,0.997559,0.000000,,,,,"","",,,,8.595476,,0.000000,,0.000000,,,0.000000,0.000000,"",,,0.000000,,-1.000000,,0.000000,0.000000,-1.000000,-1.000000,,,,,,,,,,,"",,,,,,,,,,"Volumetric",,,,,,,,,,0.000000,,,,,,,,,,0.000000,0.000000,,,,,,,,,,,,
"2FB996C2","Nodes",1121031.620000,1674514.120000,1313.064347,"Default Known Flow Node",69.999969,0.579999,1000.000000,0.000000,"Known Flow",0.000000,0.000000,2.16999993085665e-07,40.000000,0.579999,1000.000000,0.000000,0.000000,13.000000,0.000000,0.515380,0.579999,,,,8.595476,8.595476,,16.800279,,,,,,903.822387,0.066145,0.000000,0.000000,0.000000,,-459.670013,1000.000000,,0.000000,0.000000,,,,0.047202,"UNDEFINED",0.000000,0.997559,0.000000,,,,,"","",,,,8.595476,,0.000000,,0.000000,,,0.000000,0.000000,"",,,0.000000,,-1.000000,,0.000000,0.000000,-1.000000,-1.000000,,,,,,,,,,,"",,,,,,,,,,"Volumetric",,,,,,,,,,0.000000,,,,,,,,,,0.000000,0.000000,,,,,,,,,,,,
"2FB996C1","Nodes",1121026.620000,1674536.500000,1313.064347,"Default Known Flow Node",69.999969,0.579999,1000.000000,0.000000,"Known Flow",0.000000,0.000000,2.16999993085665e-07,40.000000,0.579999,1000.000000,0.000000,0.000000,13.000000,0.000000,0.515380,0.579999,,,,8.589678,8.589678,,16.800279,,,,,,903.822387,0.066145,0.000000,0.000000,0.000000,,-459.670013,1000.000000,,0.000000,0.000000,,,,0.047201,"UNDEFINED",0.000000,0.997559,0.000000,,,,,"","",,,,8.589678,,0.000000,,0.000000,,,0.000000,0.000000,"",,,0.000000,,-1.000000,,0.000000,0.000000,-1.000000,-1.000000,,,,,,,,,,,"",,,,,,,,,,"Volumetric",,,,,,,,,,0.000000,,,,,,,,,,0.000000,0.000000,,,,,,,,,,,,
"2FB826AF","Nodes",1120330.795101,1674603.375855,1313.064347,"Default Known Flow Node",69.999969,0.579999,1000.000000,0.000000,"Known Flow",0.000000,0.000000,2.16999993085665e-07,40.000000,0.579999,1000.000000,0.000000,0.000000,13.000000,0.000000,0.515380,0.579999,,,,8.630693,8.630693,,16.800279,,,,,,903.822387,0.066145,0.000000,0.000000,0.000000,,-459.670013,1000.000000,,0.000000,0.000000,,,,0.047206,"SETFLOW",0.000000,0.997559,0.000000,,,,,"","",,,,8.630693,,0.000000,,0.000000,,,0.000000,0.000000,"",,,0.000000,,-1.000000,,0.000000,0.000000,-1.000000,-1.000000,,,,,,,,,,,"",,,,,,,,,,"Volumetric",,,,,,,,,,-0.004094,,,,,,,,,,-0.004094,-0.000098,,,,,,,,,,,,
"0BEC5F2B","Nodes",1120488.767908,1674643.220883,1313.064347,"Default Known Flow Node",69.999969,0.579999,1000.000000,0.000000,"Known Flow",0.000000,0.000000,2.16999993085665e-07,40.000000,0.579999,1000.000000,0.000000,0.000000,13.000000,0.000000,0.515380,0.579999,,,,8.571545,8.571545,,16.800279,,,,,,903.822387,0.066145,0.000000,0.000000,0.000000,,-459.670013,1000.000000,,0.000000,0.000000,,,,0.047199,"UNDEFINED",0.000000,0.997559,0.000000,,,,,"","",,,,8.571545,,0.000000,,0.000000,,,0.000000,0.000000,"",,,0.000000,,-1.000000,,0.000000,0.000000,-1.000000,-1.000000,,,,,,,,,,,"",,,,,,,,,,"Volumetric",,,,,,,,,,0.000000,,,,,,,,,,0.000000,0.000000,,,,,,,,,,,,
"0BEC5F2C","Nodes",1120473.053728,1674639.203854,1313.064347,"Default Known Flow Node",69.999969,0.579999,1000.000000,0.000000,"Known Flow",0.000000,0.000000,2.16999993085665e-07,40.000000,0.579999,1000.000000,0.000000,0.000000,13.000000,0.000000,0.515380,0.579999,,,,8.577737,8.577737,,16.800279,,,,,,903.822387,0.066145,0.000000,0.000000,0.000000,,-459.670013,1000.000000,,0.000000,0.000000,,,,0.047200,"SETFLOW",0.000000,0.997559,0.000000,,,,,"","",,,,8.577737,,0.000000,,0.000000,,,0.000000,0.000000,"",,,0.000000,,-1.000000,,0.000000,0.000000,-1.000000,-1.000000,,,,,,,,,,,"",,,,,,,,,,"Volumetric",,,,,,,,,,-0.005849,,,,,,,,,,-0.005849,-0.000140,,,,,,,,,,,,
"0BEC5F2A","Nodes",1120523.164609,1674652.118452,1313.064347,"Default Known Flow Node",69.999969,0.579999,1000.000000,0.000000,"Known Flow",0.000000,0.000000,2.16999993085665e-07,40.000000,0.579999,1000.000000,0.000000,0.000000,13.000000,0.000000,0.515380,0.579999,,,,8.569253,8.569253,,16.800279,,,,,,903.822387,0.066145,0.000000,0.000000,0.000000,,-459.670013,1000.000000,,0.000000,0.000000,,,,0.047199,"UNDEFINED",0.000000,0.997559,0.000000,,,,,"","",,,,8.569253,,0.000000,,0.000000,,,0.000000,0.000000,"",,,0.000000,,-1.000000,,0.000000,0.000000,-1.000000,-1.000000,,,,,,,,,,,"",,,,,,,,,,"Volumetric",,,,,,,,,,0.000000,,,,,,,,,,0.000000,0.000000,,,,,,,,,,,,
"2FB1F42A","Nodes",1120483.810001,1674663.719249,1313.064347,"Default Known Flow Node",69.999969,0.579999,1000.000000,0.000000,"Known Flow",0.000000,0.000000,2.16999993085665e-07,40.000000,0.579999,1000.000000,0.000000,0.000000,13.000000,0.000000,0.515380,0.579999,,,,8.568159,8.568159,,16.800279,,,,,,903.822387,0.066145,0.000000,0.000000,0.000000,,-459.670013,1000.000000,,0.000000,0.000000,,,,0.047199,"SETFLOW",0.000000,0.997559,0.000000,,,,,"","",,,,8.568159,,0.000000,,0.000000,,,0.000000,0.000000,"",,,0.000000,,-1.000000,,0.000000,0.000000,-1.000000,-1.000000,,,,,,,,,,,"",,,,,,,,,,"Volumetric",,,,,,,,,,-0.005849,,,,,,,,,,-0.005849,-0.000140,,,,,,,,,,,,
"0BEC5F28","Nodes",1120703.806970,1674699.720449,1313.064347,"Default Known Flow Node",69.999969,0.579999,1000.000000,0.000000,"Known Flow",0.000000,0.000000,2.16999993085665e-07,40.000000,0.579999,1000.000000,0.000000,0.000000,13.000000,0.000000,0.515380,0.579999,,,,8.557013,8.557013,,16.800279,,,,,,903.822387,0.066145,0.000000,0.000000,0.000000,,-459.670013,1000.000000,,0.000000,0.000000,,,,0.047198,"UNDEFINED",0.000000,0.997559,0.000000,,,,,"","",,,,8.557013,,0.000000,,0.000000,,,0.000000,0.000000,"",,,0.000000,,-1.000000,,0.000000,0.000000,-1.000000,-1.000000,,,,,,,,,,,"",,,,,,,,,,"Volumetric",,,,,,,,,,0.000000,,,,,,,,,,0.000000,0.000000,,,,,,,,,,,,
"2FB826A6","Nodes",1120996.120000,1674671.870000,1313.064347,"Default Known Flow Node",69.999969,0.579999,1000.000000,0.000000,"Known Flow",0.000000,0.000000,2.16999993085665e-07,40.000000,0.579999,1000.000000,0.000000,0.000000,13.000000,0.000000,0.515380,0.579999,,,,8.567131,8.567131,,16.800279,,,,,,903.822387,0.066145,0.000000,0.000000,0.000000,,-459.670013,1000.000000,,0.000000,0.000000,,,,0.047199,"UNDEFINED",0.000000,0.997559,0.000000,,,,,"","",,,,8.567131,,0.000000,,0.000000,,,0.000000,0.000000,"",,,0.000000,,-1.000000,,0.000000,0.000000,-1.000000,-1.000000,,,,,,,,,,,"",,,,,,,,,,"Volumetric",,,,,,,,,,0.000000,,,,,,,,,,0.000000,0.000000,,,,,,,,,,,,
"2FB826AA","Nodes",1120957.870000,1674769.620000,1313.064347,"Default Known Flow Node",69.999969,0.579999,1000.000000,0.000000,"Known Flow",0.000000,0.000000,2.16999993085665e-07,40.000000,0.579999,1000.000000,0.000000,0.000000,13.000000,0.000000,0.515380,0.579999,,,,8.539665,8.539665,,16.800279,,,,,,903.822387,0.066145,0.000000,0.000000,0.000000,,-459.670013,1000.000000,,0.000000,0.000000,,,,0.047196,"SETFLOW",0.000000,0.997559,0.000000,,,,,"","",,,,8.539665,,0.000000,,0.000000,,,0.000000,0.000000,"",,,0.000000,,-1.000000,,0.000000,0.000000,-1.000000,-1.000000,,,,,,,,,,,"",,,,,,,,,,"Volumetric",,,,,,,,,,-0.005849,,,,,,,,,,-0.005849,-0.000140,,,,,,,,,,,,
"2FB826AC","Nodes",1120959.620000,1674770.120000,1313.064347,"Default Known Flow Node",69.999969,0.579999,1000.000000,0.000000,"Known Flow",0.000000,0.000000,2.16999993085665e-07,40.000000,0.579999,1000.000000,0.000000,0.000000,13.000000,0.000000,0.515380,0.579999,,,,8.539535,8.539535,,16.800279,,,,,,903.822387,0.066145,0.000000,0.000000,0.000000,,-459.670013,1000.000000,,0.000000,0.000000,,,,0.047196,"UNDEFINED",0.000000,0.997559,0.000000,,,,,"","",,,,8.539535,,0.000000,,0.000000,,,0.000000,0.000000,"",,,0.000000,,-1.000000,,0.000000,0.000000,-1.000000,-1.000000,,,,,,,,,,,"",,,,,,,,,,"Volumetric",,,,,,,,,,0.000000,,,,,,,,,,0.000000,0.000000,,,,,,,,,,,,
"2FB826A8","Nodes",1120964.120000,1674771.250000,1313.064347,"Default Known Flow Node",69.999969,0.579999,1000.000000,0.000000,"Known Flow",0.000000,0.000000,2.16999993085665e-07,40.000000,0.579999,1000.000000,0.000000,0.000000,13.000000,0.000000,0.515380,0.579999,,,,8.539460,8.539460,,16.800279,,,,,,903.822387,0.066145,0.000000,0.000000,0.000000,,-459.670013,1000.000000,,0.000000,0.000000,,,,0.047196,"UNDEFINED",0.000000,0.997559,0.000000,,,,,"","",,,,8.539460,,0.000000,,0.000000,,,0.000000,0.000000,"",,,0.000000,,-1.000000,,0.000000,0.000000,-1.000000,-1.000000,,,,,,,,,,,"",,,,,,,,,,"Volumetric",,,,,,,,,,0.000000,,,,,,,,,,0.000000,0.000000,,,,,,,,,,,,
"0BEC5F52","Nodes",1121300.000000,1674861.870000,1313.064347,"Default Known Flow Node",69.999969,0.579999,1000.000000,0.000000,"Known Flow",0.000000,0.000000,2.16999993085665e-07,40.000000,0.579999,1000.000000,0.000000,0.000000,13.000000,0.000000,0.515379,0.579999,,,,8.508021,8.508021,,16.800279,,,,,,903.822387,0.066146,0.000000,0.000000,0.000000,,-459.670013,1000.000000,,0.000000,0.000000,,,,0.047192,"SETFLOW",0.000000,0.997560,0.000000,,,,,"","",,,,8.508021,,0.000000,,0.000000,,,0.000000,0.000000,"",,,0.000000,,-1.000000,,0.000000,0.000000,-1.000000,-1.000000,,,,,,,,,,,"",,,,,,,,,,"Volumetric",,,,,,,,,,-0.010054,,,,,,,,,,-0.010054,-0.000241,,,,,,,,,,,,
"2FB826A9","Nodes",1121018.120000,1674785.000000,1313.064347,"Default Known Flow Node",69.999969,0.579999,1000.000000,0.000000,"Known Flow",0.000000,0.000000,2.16999993085665e-07,40.000000,0.579999,1000.000000,0.000000,0.000000,13.000000,0.000000,0.515380,0.579999,,,,8.537779,8.537779,,16.800279,,,,,,903.822387,0.066145,0.000000,0.000000,0.000000,,-459.670013,1000.000000,,0.000000,0.000000,,,,0.047196,"SETFLOW",0.000000,0.997559,0.000000,,,,,"","",,,,8.537779,,0.000000,,0.000000,,,0.000000,0.000000,"",,,0.000000,,-1.000000,,0.000000,0.000000,-1.000000,-1.000000,,,,,,,,,,,"",,,,,,,,,,"Volumetric",,,,,,,,,,-0.008043,,,,,,,,,,-0.008043,-0.000193,,,,,,,,,,,,
"2FB826A5","Nodes",1120955.250000,1674844.120000,1313.064347,"Default Known Flow Node",69.999969,0.579999,1000.000000,0.000000,"Known Flow",0.000000,0.000000,2.16999993085665e-07,40.000000,0.579999,1000.000000,0.000000,0.000000,13.000000,0.000000,0.515380,0.579999,,,,8.521471,8.521471,,16.800279,,,,,,903.822387,0.066146,0.000000,0.000000,0.000000,,-459.670013,1000.000000,,0.000000,0.000000,,,,0.047194,"SETFLOW",0.000000,0.997559,0.000000,,,,,"","",,,,8.521471,,0.000000,,0.000000,,,0.000000,0.000000,"",,,0.000000,,-1.000000,,0.000000,0.000000,-1.000000,-1.000000,,,,,,,,,,,"",,,,,,,,,,"Volumetric",,,,,,,,,,-0.005849,,,,,,,,,,-0.005849,-0.000140,,,,,,,,,,,,
"0BEC5F33","Nodes",1120418.870000,1674900.750000,1313.064347,"Default Known Flow Node",69.999969,0.579999,1000.000000,0.000000,"Known Flow",0.000000,0.000000,2.16999993085665e-07,40.000000,0.579999,1000.000000,0.000000,0.000000,13.000000,0.000000,0.515380,0.579999,,,,8.529967,8.529967,,16.800279,,,,,,903.822387,0.066145,0.000000,0.000000,0.000000,,-459.670013,1000.000000,,0.000000,0.000000,,,,0.047195,"SETFLOW",0.000000,0.997559,0.000000,,,,,"","",,,,8.529967,,0.000000,,0.000000,,,0.000000,0.000000,"",,,0.000000,,-1.000000,,0.000000,0.000000,-1.000000,-1.000000,,,,,,,,,,,"",,,,,,,,,,"Volumetric",,,,,,,,,,-0.005849,,,,,,,,,,-0.005849,-0.000140,,,,,,,,,,,,
"0BEC5F2F","Nodes",1120427.120000,1674905.250000,1313.064347,"Default Known Flow Node",69.999969,0.579999,1000.000000,0.000000,"Known Flow",0.000000,0.000000,2.16999993085665e-07,40.000000,0.579999,1000.000000,0.000000,0.000000,13.000000,0.000000,0.515380,0.579999,,,,8.528184,8.528184,,16.800279,,,,,,903.822387,0.066145,0.000000,0.000000,0.000000,,-459.670013,1000.000000,,0.000000,0.000000,,,,0.047194,"SETFLOW",0.000000,0.997559,0.000000,,,,,"","",,,,8.528184,,0.000000,,0.000000,,,0.000000,0.000000,"",,,0.000000,,-1.000000,,0.000000,0.000000,-1.000000,-1.000000,,,,,,,,,,,"",,,,,,,,,,"Volumetric",,,,,,,,,,-0.005849,,,,,,,,,,-0.005849,-0.000140,,,,,,,,,,,,
"2FB282F9","Nodes",1120691.250000,1674974.250000,1313.064347,"Default Known Flow Node",69.999969,0.579999,1000.000000,0.000000,"Known Flow",0.000000,0.000000,2.16999993085665e-07,40.000000,0.579999,1000.000000,0.000000,0.000000,13.000000,0.000000,0.515379,0.579999,,,,8.517855,8.517855,,16.800279,,,,,,903.822387,0.066146,0.000000,0.000000,0.000000,,-459.670013,1000.000000,,0.000000,0.000000,,,,0.047193,"SETFLOW",0.000000,0.997559,0.000000,,,,,"","",,,,8.517855,,0.000000,,0.000000,,,0.000000,0.000000,"",,,0.000000,,-1.000000,,0.000000,0.000000,-1.000000,-1.000000,,,,,,,,,,,"",,,,,,,,,,"Volumetric",,,,,,,,,,-0.005849,,,,,,,,,,-0.005849,-0.000140,,,,,,,,,,,,
"2FB282FA","Nodes",1120432.620000,1674908.120000,1313.064347,"Default Known Flow Node",69.999969,0.579999,1000.000000,0.000000,"Known Flow",0.000000,0.000000,2.16999993085665e-07,40.000000,0.579999,1000.000000,0.000000,0.000000,13.000000,0.000000,0.515380,0.579999,,,,8.527954,8.527954,,16.800279,,,,,,903.822387,0.066145,0.000000,0.000000,0.000000,,-459.670013,1000.000000,,0.000000,0.000000,,,,0.047194,"SETFLOW",0.000000,0.997559,0.000000,,,,,"","",,,,8.527954,,0.000000,,0.000000,,,0.000000,0.000000,"",,,0.000000,,-1.000000,,0.000000,0.000000,-1.000000,-1.000000,,,,,,,,,,,"",,,,,,,,,,"Volumetric",,,,,,,,,,-0.005849,,,,,,,,,,-0.005849,-0.000140,,,,,,,,,,,,
"0BEC5F30","Nodes",1120422.000000,1674918.120000,1313.064347,"Default Known Flow Node",69.999969,0.579999,1000.000000,0.000000,"Known Flow",0.000000,0.000000,2.16999993085665e-07,40.000000,0.579999,1000.000000,0.000000,0.000000,13.000000,0.000000,0.515380,0.579999,,,,8.521812,8.521812,,16.800279,,,,,,903.822387,0.066146,0.000000,0.000000,0.000000,,-459.670013,1000.000000,,0.000000,0.000000,,,,0.047194,"SETFLOW",0.000000,0.997559,0.000000,,,,,"","",,,,8.521812,,0.000000,,0.000000,,,0.000000,0.000000,"",,,0.000000,,-1.000000,,0.000000,0.000000,-1.000000,-1.000000,,,,,,,,,,,"",,,,,,,,,,"Volumetric",,,,,,,,,,-0.005849,,,,,,,,,,-0.005849,-0.000140,,,,,,,,,,,,
"2FB282F8","Nodes",1120694.500000,1674975.120000,1313.064347,"Default Known Flow Node",69.999969,0.579999,1000.000000,0.000000,"Known Flow",0.000000,0.000000,2.16999993085665e-07,40.000000,0.579999,1000.000000,0.000000,0.000000,13.000000,0.000000,0.515379,0.579999,,,,8.517743,8.517743,,16.800279,,,,,,903.822387,0.066146,0.000000,0.000000,0.000000,,-459.670013,1000.000000,,0.000000,0.000000,,,,0.047193,"UNDEFINED",0.000000,0.997559,0.000000,,,,,"","",,,,8.517743,,0.000000,,0.000000,,,0.000000,0.000000,"",,,0.000000,,-1.000000,,0.000000,0.000000,-1.000000,-1.000000,,,,,,,,,,,"",,,,,,,,,,"Volumetric",,,,,,,,,,0.000000,,,,,,,,,,0.000000,0.000000,,,,,,,,,,,,
"0BEC5F31","Nodes",1120760.370000,1674991.870000,1313.064347,"Default Known Flow Node",69.999969,0.579999,1000.000000,0.000000,"Known Flow",0.000000,0.000000,2.16999993085665e-07,40.000000,0.579999,1000.000000,0.000000,0.000000,13.000000,0.000000,0.515379,0.579999,,,,8.505976,8.505976,,16.800279,,,,,,903.822387,0.066146,0.000000,0.000000,0.000000,,-459.670013,1000.000000,,0.000000,0.000000,,,,0.047192,"UNDEFINED",0.000000,0.997560,0.000000,,,,,"","",,,,8.505976,,0.000000,,0.000000,,,0.000000,0.000000,"",,,0.000000,,-1.000000,,0.000000,0.000000,-1.000000,-1.000000,,,,,,,,,,,"",,,,,,,,,,"Volumetric",,,,,,,,,,0.000000,,,,,,,,,,0.000000,0.000000,,,,,,,,,,,,
"0BEC5F26","Nodes",1120909.894891,1675033.792951,1313.064347,"Default Known Flow Node",69.999969,0.579999,1000.000000,0.000000,"Known Flow",0.000000,0.000000,2.16999993085665e-07,40.000000,0.579999,1000.000000,0.000000,0.000000,13.000000,0.000000,0.515379,0.579999,,,,8.482237,8.482237,,16.800279,,,,,,903.822387,0.066146,0.000000,0.000000,0.000000,,-459.670013,1000.000000,,0.000000,0.000000,,,,0.047189,"SETFLOW",0.000000,0.997560,0.000000,,,,,"","",,,,8.482237,,0.000000,,0.000000,,,0.000000,0.000000,"",,,0.000000,,-1.000000,,0.000000,0.000000,-1.000000,-1.000000,,,,,,,,,,,"",,,,,,,,,,"Volumetric",,,,,,,,,,-0.005849,,,,,,,,,,-0.005849,-0.000140,,,,,,,,,,,,
"Q3No965","Nodes",1120908.892015,1675033.588260,1313.064347,"Default Known Flow Node",69.999969,0.579999,1000.000000,0.000000,"Known Flow",0.000000,0.000000,2.16999993085665e-07,40.000000,0.579999,1000.000000,0.000000,0.000000,13.000000,0.000000,0.515379,0.579999,,,,8.482248,8.482248,,16.800279,,,,,,903.822387,0.066146,0.000000,0.000000,0.000000,,-459.670013,1000.000000,,0.000000,0.000000,,,,0.047189,"UNDEFINED",0.000000,0.997560,0.000000,,,,,"","",,,,8.482248,,0.000000,,0.000000,,,0.000000,0.000000,"",,,0.000000,,-1.000000,,0.000000,0.000000,0.000000,-1.000000,,,,,,,,,,,"",,,,,,,,,,"Volumetric",,,,,,,,,,0.000000,,,,,,,,,,0.000000,0.000000,,,,,,,,,,,,
"2FB1F425","Nodes",1120909.754520,1675034.577485,1313.064347,"Default Known Flow Node",69.999969,0.579999,1000.000000,0.000000,"Known Flow",0.000000,0.000000,2.16999993085665e-07,40.000000,0.579999,1000.000000,0.000000,0.000000,13.000000,0.000000,0.515379,0.579999,,,,8.481930,8.481930,,16.800279,,,,,,903.822387,0.066146,0.000000,0.000000,0.000000,,-459.670013,1000.000000,,0.000000,0.000000,,,,0.047189,"SETFLOW",0.000000,0.997560,0.000000,,,,,"","",,,,8.481930,,0.000000,,0.000000,,,0.000000,0.000000,"",,,0.000000,,-1.000000,,0.000000,0.000000,-1.000000,-1.000000,,,,,,,,,,,"",,,,,,,,,,"Volumetric",,,,,,,,,,-0.005849,,,,,,,,,,-0.005849,-0.000140,,,,,,,,,,,,
"2FB826B2","Nodes",1120286.250000,1675144.120000,1313.064347,"Default Known Flow Node",69.999969,0.579999,1000.000000,0.000000,"Known Flow",0.000000,0.000000,2.16999993085665e-07,40.000000,0.579999,1000.000000,0.000000,0.000000,13.000000,0.000000,0.515379,0.579999,,,,8.431249,8.431249,,16.800279,,,,,,903.822387,0.066146,0.000000,0.000000,0.000000,,-459.670013,1000.000000,,0.000000,0.000000,,,,0.047183,"UNDEFINED",0.000000,0.997560,0.000000,,,,,"","",,,,8.431249,,0.000000,,0.000000,,,0.000000,0.000000,"",,,0.000000,,-1.000000,,0.000000,0.000000,-1.000000,-1.000000,,,,,,,,,,,"",,,,,,,,,,"Volumetric",,,,,,,,,,0.000000,,,,,,,,,,0.000000,0.000000,,,,,,,,,,,,
"2FB826B4","Nodes",1120352.000000,1675171.620000,1313.064347,"Default Known Flow Node",69.999969,0.579999,1000.000000,0.000000,"Known Flow",0.000000,0.000000,2.16999993085665e-07,40.000000,0.579999,1000.000000,0.000000,0.000000,13.000000,0.000000,0.515379,0.579999,,,,8.423723,8.423723,,16.800279,,,,,,903.822387,0.066146,0.000000,0.000000,0.000000,,-459.670013,1000.000000,,0.000000,0.000000,,,,0.047183,"UNDEFINED",0.000000,0.997560,0.000000,,,,,"","",,,,8.423723,,0.000000,,0.000000,,,0.000000,0.000000,"",,,0.000000,,-1.000000,,0.000000,0.000000,-1.000000,-1.000000,,,,,,,,,,,"",,,,,,,,,,"Volumetric",,,,,,,,,,0.000000,,,,,,,,,,0.000000,0.000000,,,,,,,,,,,,
"2FB826B5","Nodes",1120365.120000,1675164.250000,1313.064347,"Default Known Flow Node",69.999969,0.579999,1000.000000,0.000000,"Known Flow",0.000000,0.000000,2.16999993085665e-07,40.000000,0.579999,1000.000000,0.000000,0.000000,13.000000,0.000000,0.515379,0.579999,,,,8.428355,8.428355,,16.800279,,,,,,903.822387,0.066146,0.000000,0.000000,0.000000,,-459.670013,1000.000000,,0.000000,0.000000,,,,0.047183,"SETFLOW",0.000000,0.997560,0.000000,,,,,"","",,,,8.428355,,0.000000,,0.000000,,,0.000000,0.000000,"",,,0.000000,,-1.000000,,0.000000,0.000000,-1.000000,-1.000000,,,,,,,,,,,"",,,,,,,,,,"Volumetric",,,,,,,,,,-0.004679,,,,,,,,,,-0.004679,-0.000112,,,,,,,,,,,,
"2FB82F30","Nodes",1120371.000000,1675165.870000,1313.064347,"Default Known Flow Node",69.999969,0.579999,1000.000000,0.000000,"Known Flow",0.000000,0.000000,2.16999993085665e-07,40.000000,0.579999,1000.000000,0.000000,0.000000,13.000000,0.000000,0.515379,0.579999,,,,8.428227,8.428227,,16.800279,,,,,,903.822387,0.066146,0.000000,0.000000,0.000000,,-459.670013,1000.000000,,0.000000,0.000000,,,,0.047183,"UNDEFINED",0.000000,0.997560,0.000000,,,,,"","",,,,8.428227,,0.000000,,0.000000,,,0.000000,0.000000,"",,,0.000000,,-1.000000,,0.000000,0.000000,-1.000000,-1.000000,,,,,,,,,,,"",,,,,,,,,,"Volumetric",,,,,,,,,,0.000000,,,,,,,,,,0.000000,0.000000,,,,,,,,,,,,
"2FB826B3","Nodes",1120351.620000,1675222.750000,1313.064347,"Default Known Flow Node",69.999969,0.579999,1000.000000,0.000000,"Known Flow",0.000000,0.000000,2.16999993085665e-07,40.000000,0.579999,1000.000000,0.000000,0.000000,13.000000,0.000000,0.515379,0.579999,,,,8.392224,8.392224,,16.800279,,,,,,903.822387,0.066146,0.000000,0.000000,0.000000,,-459.670013,1000.000000,,0.000000,0.000000,,,,0.047179,"UNDEFINED",0.000000,0.997560,0.000000,,,,,"","",,,,8.392224,,0.000000,,0.000000,,,0.000000,0.000000,"",,,0.000000,,-1.000000,,0.000000,0.000000,-1.000000,-1.000000,,,,,,,,,,,"",,,,,,,,,,"Volumetric",,,,,,,,,,0.000000,,,,,,,,,,0.000000,0.000000,,,,,,,,,,,,
"2FB82F33","Nodes",1120410.000000,1675175.870000,1313.064347,"Default Known Flow Node",69.999969,0.579999,1000.000000,0.000000,"Known Flow",0.000000,0.000000,2.16999993085665e-07,40.000000,0.579999,1000.000000,0.000000,0.000000,13.000000,0.000000,0.515379,0.579999,,,,8.427373,8.427373,,16.800279,,,,,,903.822387,0.066146,0.000000,0.000000,0.000000,,-459.670013,1000.000000,,0.000000,0.000000,,,,0.047183,"UNDEFINED",0.000000,0.997560,0.000000,,,,,"","",,,,8.427373,,0.000000,,0.000000,,,0.000000,0.000000,"",,,0.000000,,-1.000000,,0.000000,0.000000,-1.000000,-1.000000,,,,,,,,,,,"",,,,,,,,,,"Volumetric",,,,,,,,,,0.000000,,,,,,,,,,0.000000,0.000000,,,,,,,,,,,,
"0BEC5F36","Nodes",1120349.120000,1675233.620000,1313.064347,"Default Known Flow Node",69.999969,0.579999,1000.000000,0.000000,"Known Flow",0.000000,0.000000,2.16999993085665e-07,40.000000,0.579999,1000.000000,0.000000,0.000000,13.000000,0.000000,0.515379,0.579999,,,,8.387446,8.387446,,16.800279,,,,,,903.822387,0.066146,0.000000,0.000000,0.000000,,-459.670013,1000.000000,,0.000000,0.000000,,,,0.047178,"UNDEFINED",0.000000,0.997560,0.000000,,,,,"","",,,,8.387446,,0.000000,,0.000000,,,0.000000,0.000000,"",,,0.000000,,-1.000000,,0.000000,0.000000,-1.000000,-1.000000,,,,,,,,,,,"",,,,,,,,,,"Volumetric",,,,,,,,,,0.000000,,,,,,,,,,0.000000,0.000000,,,,,,,,,,,,
"2FB82F34","Nodes",1120410.000000,1675176.870000,1313.064347,"Default Known Flow Node",69.999969,0.579999,1000.000000,0.000000,"Known Flow",0.000000,0.000000,2.16999993085665e-07,40.000000,0.579999,1000.000000,0.000000,0.000000,13.000000,0.000000,0.515379,0.579999,,,,8.427373,8.427373,,16.800279,,,,,,903.822387,0.066146,0.000000,0.000000,0.000000,,-459.670013,1000.000000,,0.000000,0.000000,,,,0.047183,"SETFLOW",0.000000,0.997560,0.000000,,,,,"","",,,,8.427373,,0.000000,,0.000000,,,0.000000,0.000000,"",,,0.000000,,-1.000000,,0.000000,0.000000,-1.000000,-1.000000,,,,,,,,,,,"",,,,,,,,,,"Volumetric",,,,,,,,,,-0.009359,,,,,,,,,,-0.009359,-0.000224,,,,,,,,,,,,
"2FB82F31","Nodes",1120842.727270,1675287.230149,1313.064347,"Default Known Flow Node",69.999969,0.579999,1000.000000,0.000000,"Known Flow",0.000000,0.000000,2.16999993085665e-07,40.000000,0.579999,1000.000000,0.000000,0.000000,13.000000,0.000000,0.515379,0.579999,,,,8.418061,8.418061,,16.800279,,,,,,903.822387,0.066146,0.000000,0.000000,0.000000,,-459.670013,1000.000000,,0.000000,0.000000,,,,0.047182,"SETFLOW",0.000000,0.997560,0.000000,,,,,"","",,,,8.418061,,0.000000,,0.000000,,,0.000000,0.000000,"",,,0.000000,,-1.000000,,0.000000,0.000000,-1.000000,-1.000000,,,,,,,,,,,"",,,,,,,,,,"Volumetric",,,,,,,,,,-0.005849,,,,,,,,,,-0.005849,-0.000140,,,,,,,,,,,,
"2FC07AB8","Nodes",1120853.891297,1675290.190377,1313.064347,"Default Known Flow Node",69.999969,0.579999,1000.000000,0.000000,"Known Flow",0.000000,0.000000,2.16999993085665e-07,40.000000,0.579999,1000.000000,0.000000,0.000000,13.000000,0.000000,0.515379,0.579999,,,,8.418012,8.418012,,16.800279,,,,,,903.822387,0.066146,0.000000,0.000000,0.000000,,-459.670013,1000.000000,,0.000000,0.000000,,,,0.047182,"UNDEFINED",0.000000,0.997560,0.000000,,,,,"","",,,,8.418012,,0.000000,,0.000000,,,0.000000,0.000000,"",,,0.000000,"V64784",-1.000000,,0.000000,0.000000,0.000000,-1.000000,,,,,,,,,,,"",,,,,,,,,,"Volumetric",,,,,,,,,,0.000000,,,,,,,,,,0.000000,0.000000,,,,,,,,,,,,
"2FC07AB1","Nodes",1120866.071199,1675250.703658,1313.064347,"Default Known Flow Node",69.999969,0.579999,1000.000000,0.000000,"Known Flow",0.000000,0.000000,2.16999993085665e-07,40.000000,0.579999,1000.000000,0.000000,0.000000,13.000000,0.000000,0.515379,0.579999,,,,8.427776,8.427776,,16.800279,,,,,,903.822387,0.066146,0.000000,0.000000,0.000000,,-459.670013,1000.000000,,0.000000,0.000000,,,,0.047183,"UNDEFINED",0.000000,0.997560,0.000000,,,,,"","",,,,8.427776,,0.000000,,0.000000,,,0.000000,0.000000,"",,,0.000000,"V64782",-1.000000,,0.000000,0.000000,-1.000000,-1.000000,,,,,,,,,,,"",,,,,,,,,,"Volumetric",,,,,,,,,,0.000000,,,,,,,,,,0.000000,0.000000,,,,,,,,,,,,
"0BEC5F39","Nodes",1120857.270880,1675289.154164,1313.064347,"Default Known Flow Node",69.999969,0.579999,1000.000000,0.000000,"Known Flow",0.000000,0.000000,2.16999993085665e-07,40.000000,0.579999,1000.000000,0.000000,0.000000,13.000000,0.000000,0.515379,0.579999,,,,8.418219,8.418219,,16.800279,,,,,,903.822387,0.066146,0.000000,0.000000,0.000000,,-459.670013,1000.000000,,0.000000,0.000000,,,,0.047182,"UNDEFINED",0.000000,0.997560,0.000000,,,,,"","",,,,8.418219,,0.000000,,0.000000,,,0.000000,0.000000,"",,,0.000000,,-1.000000,,0.000000,0.000000,-1.000000,-1.000000,,,,,,,,,,,"",,,,,,,,,,"Volumetric",,,,,,,,,,0.000000,,,,,,,,,,0.000000,0.000000,,,,,,,,,,,,
"0BEC5F3A","Nodes",1120912.131991,1675303.390275,1313.064347,"Default Known Flow Node",69.999969,0.579999,1000.000000,0.000000,"Known Flow",0.000000,0.000000,2.16999993085665e-07,40.000000,0.579999,1000.000000,0.000000,0.000000,13.000000,0.000000,0.515379,0.579999,,,,8.415793,8.415793,,16.800279,,,,,,903.822387,0.066146,0.000000,0.000000,0.000000,,-459.670013,1000.000000,,0.000000,0.000000,,,,0.047182,"UNDEFINED",0.000000,0.997560,0.000000,,,,,"","",,,,8.415793,,0.000000,,0.000000,,,0.000000,0.000000,"",,,0.000000,"V64785",-1.000000,,0.000000,0.000000,-1.000000,-1.000000,,,,,,,,,,,"",,,,,,,,,,"Volumetric",,,,,,,,,,0.000000,,,,,,,,,,0.000000,0.000000,,,,,,,,,,,,
"2FC07AAE","Nodes",1120915.998835,1675304.413627,1313.064347,"Default Known Flow Node",69.999969,0.579999,1000.000000,0.000000,"Known Flow",0.000000,0.000000,2.16999993085665e-07,40.000000,0.579999,1000.000000,0.000000,0.000000,13.000000,0.000000,0.515379,0.579999,,,,8.415623,8.415623,,16.800279,,,,,,903.822387,0.066146,0.000000,0.000000,0.000000,,-459.670013,1000.000000,,0.000000,0.000000,,,,0.047182,"UNDEFINED",0.000000,0.997560,0.000000,,,,,"","",,,,8.415623,,0.000000,,0.000000,,,0.000000,0.000000,"",,,0.000000,,-1.000000,,0.000000,0.000000,0.000000,-1.000000,,,,,,,,,,,"",,,,,,,,,,"Volumetric",,,,,,,,,,0.000000,,,,,,,,,,0.000000,0.000000,,,,,,,,,,,,
"2FB85E0D","Nodes",1121079.750000,1675347.750000,1313.064347,"Default Known Flow Node",69.999969,0.579999,1000.000000,0.000000,"Known Flow",0.000000,0.000000,2.16999993085665e-07,40.000000,0.579999,1000.000000,0.000000,0.000000,13.000000,0.000000,0.515379,0.579999,,,,8.397499,8.397499,,16.800279,,,,,,903.822387,0.066146,0.000000,0.000000,0.000000,,-459.670013,1000.000000,,0.000000,0.000000,,,,0.047180,"UNDEFINED",0.000000,0.997560,0.000000,,,,,"","",,,,8.397499,,0.000000,,0.000000,,,0.000000,0.000000,"",,,0.000000,,-1.000000,,0.000000,0.000000,-1.000000,-1.000000,,,,,,,,,,,"",,,,,,,,,,"Volumetric",,,,,,,,,,0.000000,,,,,,,,,,0.000000,0.000000,,,,,,,,,,,,
"2FB85E0E","Nodes",1121097.120000,1675352.250000,1313.064347,"Default Known Flow Node",69.999969,0.579999,1000.000000,0.000000,"Known Flow",0.000000,0.000000,2.16999993085665e-07,40.000000,0.579999,1000.000000,0.000000,0.000000,13.000000,0.000000,0.515379,0.579999,,,,8.394828,8.394828,,16.800279,,,,,,903.822387,0.066146,0.000000,0.000000,0.000000,,-459.670013,1000.000000,,0.000000,0.000000,,,,0.047179,"UNDEFINED",0.000000,0.997560,0.000000,,,,,"","",,,,8.394828,,0.000000,,0.000000,,,0.000000,0.000000,"",,,0.000000,,-1.000000,,0.000000,0.000000,-1.000000,-1.000000,,,,,,,,,,,"",,,,,,,,,,"Volumetric",,,,,,,,,,0.000000,,,,,,,,,,0.000000,0.000000,,,,,,,,,,,,
"0BEC5F55","Nodes",1121300.000000,1675405.620000,1313.064347,"Default Known Flow Node",69.999969,0.579999,1000.000000,0.000000,"Known Flow",0.000000,0.000000,2.16999993085665e-07,40.000000,0.579999,1000.000000,0.000000,0.000000,13.000000,0.000000,0.515379,0.579999,,,,8.372307,8.372307,,16.800279,,,,,,903.822387,0.066146,0.000000,0.000000,0.000000,,-459.670013,1000.000000,,0.000000,0.000000,,,,0.047177,"SETFLOW",0.000000,0.997560,0.000000,,,,,"","",,,,8.372307,,0.000000,,0.000000,,,0.000000,0.000000,"",,,0.000000,,-1.000000,,0.000000,0.000000,-1.000000,-1.000000,,,,,,,,,,,"",,,,,,,,,,"Volumetric",,,,,,,,,,-0.007541,,,,,,,,,,-0.007541,-0.000180,,,,,,,,,,,,
"2FB1F427","Nodes",1120306.120000,1675418.000000,1313.064347,"Default Known Flow Node",69.999969,0.579999,1000.000000,0.000000,"Known Flow",0.000000,0.000000,2.16999993085665e-07,40.000000,0.579999,1000.000000,0.000000,0.000000,13.000000,0.000000,0.515378,0.579999,,,,8.305344,8.305344,,16.800279,,,,,,903.822387,0.066146,0.000000,0.000000,0.000000,,-459.670013,1000.000000,,0.000000,0.000000,,,,0.047169,"UNDEFINED",0.000000,0.997561,0.000000,,,,,"","",,,,8.305344,,0.000000,,0.000000,,,0.000000,0.000000,"",,,0.000000,,-1.000000,,0.000000,0.000000,-1.000000,-1.000000,,,,,,,,,,,"",,,,,,,,,,"Volumetric",,,,,,,,,,0.000000,,,,,,,,,,0.000000,0.000000,,,,,,,,,,,,
"0BEC5F37","Nodes",1120304.620000,1675424.750000,1313.064347,"Default Known Flow Node",69.999969,0.579999,1000.000000,0.000000,"Known Flow",0.000000,0.000000,2.16999993085665e-07,40.000000,0.579999,1000.000000,0.000000,0.000000,13.000000,0.000000,0.515378,0.579999,,,,8.301334,8.301334,,16.800279,,,,,,903.822387,0.066146,0.000000,0.000000,0.000000,,-459.670013,1000.000000,,0.000000,0.000000,,,,0.047169,"UNDEFINED",0.000000,0.997561,0.000000,,,,,"","",,,,8.301334,,0.000000,,0.000000,,,0.000000,0.000000,"",,,0.000000,,-1.000000,,0.000000,0.000000,-1.000000,-1.000000,,,,,,,,,,,"",,,,,,,,,,"Volumetric",,,,,,,,,,0.000000,,,,,,,,,,0.000000,0.000000,,,,,,,,,,,,
"0BEC5F3C","Nodes",1120308.500000,1675425.750000,1313.064347,"Default Known Flow Node",69.999969,0.579999,1000.000000,0.000000,"Known Flow",0.000000,0.000000,2.16999993085665e-07,40.000000,0.579999,1000.000000,0.000000,0.000000,13.000000,0.000000,0.515378,0.579999,,,,8.301837,8.301837,,16.800279,,,,,,903.822387,0.066146,0.000000,0.000000,0.000000,,-459.670013,1000.000000,,0.000000,0.000000,,,,0.047169,"SETFLOW",0.000000,0.997561,0.000000,,,,,"","",,,,8.301837,,0.000000,,0.000000,,,0.000000,0.000000,"",,,0.000000,,-1.000000,,0.000000,0.000000,-1.000000,-1.000000,,,,,,,,,,,"",,,,,,,,,,"Volumetric",,,,,,,,,,-0.004679,,,,,,,,,,-0.004679,-0.000112,,,,,,,,,,,,
"2FB1F428","Nodes",1120303.370000,1675430.250000,1313.064347,"Default Known Flow Node",69.999969,0.579999,1000.000000,0.000000,"Known Flow",0.000000,0.000000,2.16999993085665e-07,40.000000,0.579999,1000.000000,0.000000,0.000000,13.000000,0.000000,0.515378,0.579999,,,,8.294902,8.294902,,16.800279,,,,,,903.822387,0.066146,0.000000,0.000000,0.000000,,-459.670013,1000.000000,,0.000000,0.000000,,,,0.047168,"UNDEFINED",0.000000,0.997561,0.000000,,,,,"","",,,,8.294902,,0.000000,,0.000000,,,0.000000,0.000000,"",,,0.000000,,-1.000000,,0.000000,0.000000,-1.000000,-1.000000,,,,,,,,,,,"",,,,,,,,,,"Volumetric",,,,,,,,,,0.000000,,,,,,,,,,0.000000,0.000000,,,,,,,,,,,,
"0BEC1304","Nodes",1120281.500000,1675520.000000,1313.064347,"Default Known Flow Node",69.999969,0.579999,1000.000000,0.000000,"Known Flow",0.000000,0.000000,2.16999993085665e-07,40.000000,0.579999,1000.000000,0.000000,0.000000,13.000000,0.000000,0.515378,0.579999,,,,8.212568,8.212568,,16.800279,,,,,,903.822387,0.066146,0.000000,0.000000,0.000000,,-459.670013,1000.000000,,0.000000,0.000000,,,,0.047159,"UNDEFINED",0.000000,0.997561,0.000000,,,,,"","",,,,8.212568,,0.000000,,0.000000,,,0.000000,0.000000,"",,,0.000000,,-1.000000,,0.000000,0.000000,-1.000000,-1.000000,,,,,,,,,,,"",,,,,,,,,,"Volumetric",,,,,,,,,,0.000000,,,,,,,,,,0.000000,0.000000,,,,,,,,,,,,
"0BEC5F5F","Nodes",1120796.108110,1675545.869116,1313.064347,"Default Known Flow Node",69.999969,0.579999,1000.000000,0.000000,"Known Flow",0.000000,0.000000,2.16999993085665e-07,40.000000,0.579999,1000.000000,0.000000,0.000000,13.000000,0.000000,0.515379,0.579999,,,,8.377293,8.377293,,16.800279,,,,,,903.822387,0.066146,0.000000,0.000000,0.000000,,-459.670013,1000.000000,,0.000000,0.000000,,,,0.047177,"UNDEFINED",0.000000,0.997560,0.000000,,,,,"","",,,,8.377293,,0.000000,,0.000000,,,0.000000,0.000000,"",,,0.000000,,-1.000000,,0.000000,0.000000,-1.000000,-1.000000,,,,,,,,,,,"",,,,,,,,,,"Volumetric",,,,,,,,,,0.000000,,,,,,,,,,0.000000,0.000000,,,,,,,,,,,,
"2FB1BDD2","Nodes",1120790.356117,1675544.435816,1313.064347,"Default Known Flow Node",69.999969,0.579999,1000.000000,0.000000,"Known Flow",0.000000,0.000000,2.16999993085665e-07,40.000000,0.579999,1000.000000,0.000000,0.000000,13.000000,0.000000,0.515379,0.579999,,,,8.376536,8.376536,,16.800279,,,,,,903.822387,0.066146,0.000000,0.000000,0.000000,,-459.670013,1000.000000,,0.000000,0.000000,,,,0.047177,"UNDEFINED",0.000000,0.997560,0.000000,,,,,"","",,,,8.376536,,0.000000,,0.000000,,,0.000000,0.000000,"",,,0.000000,"V51359",-1.000000,,0.000000,0.000000,-1.000000,-1.000000,,,,,,,,,,,"",,,,,,,,,,"Volumetric",,,,,,,,,,0.000000,,,,,,,,,,0.000000,0.000000,,,,,,,,,,,,
"0BEC5F54","Nodes",1120806.358910,1675509.686223,1313.064347,"Default Known Flow Node",69.999969,0.579999,1000.000000,0.000000,"Known Flow",0.000000,0.000000,2.16999993085665e-07,40.000000,0.579999,1000.000000,0.000000,0.000000,13.000000,0.000000,0.515379,0.579999,,,,8.384759,8.384759,,16.800279,,,,,,903.822387,0.066146,0.000000,0.000000,0.000000,,-459.670013,1000.000000,,0.000000,0.000000,,,,0.047178,"UNDEFINED",0.000000,0.997560,0.000000,,,,,"","",,,,8.384759,,0.000000,,0.000000,,,0.000000,0.000000,"",,,0.000000,"V64786",-1.000000,,0.000000,0.000000,-1.000000,-1.000000,,,,,,,,,,,"",,,,,,,,,,"Volumetric",,,,,,,,,,0.000000,,,,,,,,,,0.000000,0.000000,,,,,,,,,,,,
"2FC07AAB","Nodes",1120798.051059,1675536.720998,1313.064347,"Default Known Flow Node",69.999969,0.579999,1000.000000,0.000000,"Known Flow",0.000000,0.000000,2.16999993085665e-07,40.000000,0.579999,1000.000000,0.000000,0.000000,13.000000,0.000000,0.515379,0.579999,,,,8.380474,8.380474,,16.800279,,,,,,903.822387,0.066146,0.000000,0.000000,0.000000,,-459.670013,1000.000000,,0.000000,0.000000,,,,0.047178,"UNDEFINED",0.000000,0.997560,0.000000,,,,,"","",,,,8.380474,,0.000000,,0.000000,,,0.000000,0.000000,"",,,0.000000,,-1.000000,,0.000000,0.000000,0.000000,-1.000000,,,,,,,,,,,"",,,,,,,,,,"Volumetric",,,,,,,,,,0.000000,,,,,,,,,,0.000000,0.000000,,,,,,,,,,,,
"2FB213B9","Nodes",1120809.485100,1675550.340542,1313.064347,"Default Known Flow Node",69.999969,0.579999,1000.000000,0.000000,"Known Flow",0.000000,0.000000,2.16999993085665e-07,40.000000,0.579999,1000.000000,0.000000,0.000000,13.000000,0.000000,0.515379,0.579999,,,,8.374345,8.374345,,16.800279,,,,,,903.822387,0.066146,0.000000,0.000000,0.000000,,-459.670013,1000.000000,,0.000000,0.000000,,,,0.047177,"UNDEFINED",0.000000,0.997560,0.000000,,,,,"","",,,,8.374345,,0.000000,,0.000000,,,0.000000,0.000000,"",,,0.000000,,-1.000000,,0.000000,0.000000,-1.000000,-1.000000,,,,,,,,,,,"",,,,,,,,,,"Volumetric",,,,,,,,,,0.000000,,,,,,,,,,0.000000,0.000000,,,,,,,,,,,,
"2FB826BC","Nodes",1120817.418598,1675552.246662,1313.064347,"Default Known Flow Node",69.999969,0.579999,1000.000000,0.000000,"Known Flow",0.000000,0.000000,2.16999993085665e-07,40.000000,0.579999,1000.000000,0.000000,0.000000,13.000000,0.000000,0.515379,0.579999,,,,8.372870,8.372870,,16.800279,,,,,,903.822387,0.066146,0.000000,0.000000,0.000000,,-459.670013,1000.000000,,0.000000,0.000000,,,,0.047177,"UNDEFINED",0.000000,0.997560,0.000000,,,,,"","",,,,8.372870,,0.000000,,0.000000,,,0.000000,0.000000,"",,,0.000000,,-1.000000,,0.000000,0.000000,-1.000000,-1.000000,,,,,,,,,,,"",,,,,,,,,,"Volumetric",,,,,,,,,,0.000000,,,,,,,,,,0.000000,0.000000,,,,,,,,,,,,
"2FB826BD","Nodes",1120867.120000,1675564.250000,1313.064347,"Default Known Flow Node",69.999969,0.579999,1000.000000,0.000000,"Known Flow",0.000000,0.000000,2.16999993085665e-07,40.000000,0.579999,1000.000000,0.000000,0.000000,13.000000,0.000000,0.515379,0.579999,,,,8.359969,8.359969,,16.800279,,,,,,903.822387,0.066146,0.000000,0.000000,0.000000,,-459.670013,1000.000000,,0.000000,0.000000,,,,0.047175,"SETFLOW",0.000000,0.997560,0.000000,,,,,"","",,,,8.359969,,0.000000,,0.000000,,,0.000000,0.000000,"",,,0.000000,,-1.000000,,0.000000,0.000000,-1.000000,-1.000000,,,,,,,,,,,"",,,,,,,,,,"Volumetric",,,,,,,,,,-0.005849,,,,,,,,,,-0.005849,-0.000140,,,,,,,,,,,,
"0BEC5F70","Nodes",1121299.500000,1675674.500000,1313.064347,"Default Known Flow Node",69.999969,0.579999,1000.000000,0.000000,"Known Flow",0.000000,0.000000,2.16999993085665e-07,40.000000,0.579999,1000.000000,0.000000,0.000000,13.000000,0.000000,0.515378,0.579999,,,,8.278273,8.278273,,16.800279,,,,,,903.822387,0.066146,0.000000,0.000000,0.000000,,-459.670013,1000.000000,,0.000000,0.000000,,,,0.047166,"SETFLOW",0.000000,0.997561,0.000000,,,,,"","",,,,8.278273,,0.000000,,0.000000,,,0.000000,0.000000,"",,,0.000000,,-1.000000,,0.000000,0.000000,-1.000000,-1.000000,,,,,,,,,,,"",,,,,,,,,,"Volumetric",,,,,,,,,,-0.007541,,,,,,,,,,-0.007541,-0.000180,,,,,,,,,,,,
"0BEC5F5E","Nodes",1120735.000000,1675810.250000,1313.064347,"Default Known Flow Node",69.999969,0.579999,1000.000000,0.000000,"Known Flow",0.000000,0.000000,2.16999993085665e-07,40.000000,0.579999,1000.000000,0.000000,0.000000,13.000000,0.000000,0.515376,0.579999,,,,7.877541,7.877541,,16.800279,,,,,,903.822387,0.066146,0.000000,0.000000,0.000000,,-459.670013,1000.000000,,0.000000,0.000000,,,,0.047121,"SETFLOW",0.000000,0.997563,0.000000,,,,,"","",,,,7.877541,,0.000000,,0.000000,,,0.000000,0.000000,"",,,0.000000,,-1.000000,,0.000000,0.000000,-1.000000,-1.000000,,,,,,,,,,,"",,,,,,,,,,"Volumetric",,,,,,,,,,-0.003509,,,,,,,,,,-0.003509,-0.000084,,,,,,,,,,,,
"2FB1BDD5","Nodes",1120731.120000,1675809.250000,1313.064347,"Default Known Flow Node",69.999969,0.579999,1000.000000,0.000000,"Known Flow",0.000000,0.000000,2.16999993085665e-07,40.000000,0.579999,1000.000000,0.000000,0.000000,13.000000,0.000000,0.515376,0.579999,,,,7.879646,7.879646,,16.800279,,,,,,903.822387,0.066146,0.000000,0.000000,0.000000,,-459.670013,1000.000000,,0.000000,0.000000,,,,0.047121,"UNDEFINED",0.000000,0.997563,0.000000,,,,,"","",,,,7.879646,,0.000000,,0.000000,,,0.000000,0.000000,"",,,0.000000,,-1.000000,,0.000000,0.000000,-1.000000,-1.000000,,,,,,,,,,,"",,,,,,,,,,"Volumetric",,,,,,,,,,0.000000,,,,,,,,,,0.000000,0.000000,,,,,,,,,,,,
"0BEC5F6F","Nodes",1121300.000000,1675954.120000,1313.064347,"Default Known Flow Node",69.999969,0.579999,1000.000000,0.000000,"Known Flow",0.000000,0.000000,2.16999993085665e-07,40.000000,0.579999,1000.000000,0.000000,0.000000,13.000000,0.000000,0.515377,0.579999,,,,8.033594,8.033594,,16.800279,,,,,,903.822387,0.066146,0.000000,0.000000,0.000000,,-459.670013,1000.000000,,0.000000,0.000000,,,,0.047138,"SETFLOW",0.000000,0.997562,0.000000,,,,,"","",,,,8.033594,,0.000000,,0.000000,,,0.000000,0.000000,"",,,0.000000,,-1.000000,,0.000000,0.000000,-1.000000,-1.000000,,,,,,,,,,,"",,,,,,,,,,"Volumetric",,,,,,,,,,-0.005484,,,,,,,,,,-0.005484,-0.000131,,,,,,,,,,,,
"2FB1BDD4","Nodes",1120733.870000,1675815.000000,1313.064347,"Default Known Flow Node",69.999969,0.579999,1000.000000,0.000000,"Known Flow",0.000000,0.000000,2.16999993085665e-07,40.000000,0.579999,1000.000000,0.000000,0.000000,13.000000,0.000000,0.515376,0.579999,,,,7.876693,7.876693,,16.800279,,,,,,903.822387,0.066146,0.000000,0.000000,0.000000,,-459.670013,1000.000000,,0.000000,0.000000,,,,0.047120,"UNDEFINED",0.000000,0.997563,0.000000,,,,,"","",,,,7.876693,,0.000000,,0.000000,,,0.000000,0.000000,"",,,0.000000,,-1.000000,,0.000000,0.000000,-1.000000,-1.000000,,,,,,,,,,,"",,,,,,,,,,"Volumetric",,,,,,,,,,0.000000,,,,,,,,,,0.000000,0.000000,,,,,,,,,,,,
"2FB1BDCF","Nodes",1120671.250000,1676066.370000,1313.064347,"Default Known Flow Node",69.999969,0.579999,1000.000000,0.000000,"Known Flow",0.000000,0.000000,2.16999993085665e-07,40.000000,0.579999,1000.000000,0.000000,0.000000,13.000000,0.000000,0.515376,0.579999,,,,7.828250,7.828250,,16.800279,,,,,,903.822387,0.066146,0.000000,0.000000,0.000000,,-459.670013,1000.000000,,0.000000,0.000000,,,,0.047115,"UNDEFINED",0.000000,0.997564,0.000000,,,,,"","",,,,7.828250,,0.000000,,0.000000,,,0.000000,0.000000,"",,,0.000000,,-1.000000,,0.000000,0.000000,-1.000000,-1.000000,,,,,,,,,,,"",,,,,,,,,,"Volumetric",,,,,,,,,,0.000000,,,,,,,,,,0.000000,0.000000,,,,,,,,,,,,
"2FB1BDD6","Nodes",1120677.750000,1676062.000000,1313.064347,"Default Known Flow Node",69.999969,0.579999,1000.000000,0.000000,"Known Flow",0.000000,0.000000,2.16999993085665e-07,40.000000,0.579999,1000.000000,0.000000,0.000000,13.000000,0.000000,0.515376,0.579999,,,,7.833777,7.833777,,16.800279,,,,,,903.822387,0.066146,0.000000,0.000000,0.000000,,-459.670013,1000.000000,,0.000000,0.000000,,,,0.047116,"UNDEFINED",0.000000,0.997564,0.000000,,,,,"","",,,,7.833777,,0.000000,,0.000000,,,0.000000,0.000000,"",,,0.000000,,-1.000000,,0.000000,0.000000,-1.000000,-1.000000,,,,,,,,,,,"",,,,,,,,,,"Volumetric",,,,,,,,,,0.000000,,,,,,,,,,0.000000,0.000000,,,,,,,,,,,,
"0BEC5F5D","Nodes",1120676.500000,1676067.750000,1313.064347,"Default Known Flow Node",69.999969,0.579999,1000.000000,0.000000,"Known Flow",0.000000,0.000000,2.16999993085665e-07,40.000000,0.579999,1000.000000,0.000000,0.000000,13.000000,0.000000,0.515376,0.579999,,,,7.828013,7.828013,,16.800279,,,,,,903.822387,0.066146,0.000000,0.000000,0.000000,,-459.670013,1000.000000,,0.000000,0.000000,,,,0.047115,"SETFLOW",0.000000,0.997564,0.000000,,,,,"","",,,,7.828013,,0.000000,,0.000000,,,0.000000,0.000000,"",,,0.000000,,-1.000000,,0.000000,0.000000,-1.000000,-1.000000,,,,,,,,,,,"",,,,,,,,,,"Volumetric",,,,,,,,,,-0.002632,,,,,,,,,,-0.002632,-0.000063,,,,,,,,,,,,
"0BEC5F6E","Nodes",1121300.000000,1676228.120000,1313.064347,"Default Known Flow Node",69.999969,0.579999,1000.000000,0.000000,"Known Flow",0.000000,0.000000,2.16999993085665e-07,40.000000,0.579999,1000.000000,0.000000,0.000000,13.000000,0.000000,0.515376,0.579999,,,,7.827039,7.827039,,16.800279,,,,,,903.822387,0.066146,0.000000,0.000000,0.000000,,-459.670013,1000.000000,,0.000000,0.000000,,,,0.047115,"SETFLOW",0.000000,0.997564,0.000000,,,,,"","",,,,7.827039,,0.000000,,0.000000,,,0.000000,0.000000,"",,,0.000000,,-1.000000,,0.000000,0.000000,-1.000000,-1.000000,,,,,,,,,,,"",,,,,,,,,,"Volumetric",,,,,,,,,,-3.842713,,,,,,,,,,-3.842713,-0.092225,,,,,,,,,,,,
"0BEC5F61","Nodes",1120674.870000,1676076.870000,1313.064347,"Default Known Flow Node",69.999969,0.579999,1000.000000,0.000000,"Known Flow",0.000000,0.000000,2.16999993085665e-07,40.000000,0.579999,1000.000000,0.000000,0.000000,13.000000,0.000000,0.515376,0.579999,,,,7.815537,7.815537,,16.800279,,,,,,903.822387,0.066146,0.000000,0.000000,0.000000,,-459.670013,1000.000000,,0.000000,0.000000,,,,0.047113,"UNDEFINED",0.000000,0.997564,0.000000,,,,,"","",,,,7.815537,,0.000000,,0.000000,,,0.000000,0.000000,"",,,0.000000,,-1.000000,,0.000000,0.000000,-1.000000,-1.000000,,,,,,,,,,,"",,,,,,,,,,"Volumetric",,,,,,,,,,0.000000,,,,,,,,,,0.000000,0.000000,,,,,,,,,,,,
"0BEC5F62","Nodes",1120674.500000,1676079.870000,1313.064347,"Default Known Flow Node",69.999969,0.579999,1000.000000,0.000000,"Known Flow",0.000000,0.000000,2.16999993085665e-07,40.000000,0.579999,1000.000000,0.000000,0.000000,13.000000,0.000000,0.515376,0.579999,,,,7.814861,7.814861,,16.800279,,,,,,903.822387,0.066146,0.000000,0.000000,0.000000,,-459.670013,1000.000000,,0.000000,0.000000,,,,0.047113,"UNDEFINED",0.000000,0.997564,0.000000,,,,,"","",,,,7.814861,,0.000000,,0.000000,,,0.000000,0.000000,"",,,0.000000,,-1.000000,,0.000000,0.000000,-1.000000,-1.000000,,,,,,,,,,,"",,,,,,,,,,"Volumetric",,,,,,,,,,0.000000,,,,,,,,,,0.000000,0.000000,,,,,,,,,,,,
"0BEC5F64","Nodes",1120620.870000,1676321.250000,1313.064347,"Default Known Flow Node",69.999969,0.579999,1000.000000,0.000000,"Known Flow",0.000000,0.000000,2.16999993085665e-07,40.000000,0.579999,1000.000000,0.000000,0.000000,13.000000,0.000000,0.515375,0.579999,,,,7.746646,7.746646,,16.800279,,,,,,903.822387,0.066146,0.000000,0.000000,0.000000,,-459.670013,1000.000000,,0.000000,0.000000,,,,0.047106,"UNDEFINED",0.000000,0.997564,0.000000,,,,,"","",,,,7.746646,,0.000000,,0.000000,,,0.000000,0.000000,"",,,0.000000,,-1.000000,,0.000000,0.000000,-1.000000,-1.000000,,,,,,,,,,,"",,,,,,,,,,"Volumetric",,,,,,,,,,0.000000,,,,,,,,,,0.000000,0.000000,,,,,,,,,,,,
"0BEC5F63","Nodes",1120624.250000,1676322.000000,1313.064347,"Default Known Flow Node",69.999969,0.579999,1000.000000,0.000000,"Known Flow",0.000000,0.000000,2.16999993085665e-07,40.000000,0.579999,1000.000000,0.000000,0.000000,13.000000,0.000000,0.515375,0.579999,,,,7.759228,7.759228,,16.800279,,,,,,903.822387,0.066146,0.000000,0.000000,0.000000,,-459.670013,1000.000000,,0.000000,0.000000,,,,0.047107,"UNDEFINED",0.000000,0.997564,0.000000,,,,,"","",,,,7.759228,,0.000000,,0.000000,,,0.000000,0.000000,"",,,0.000000,,-1.000000,,0.000000,0.000000,-1.000000,-1.000000,,,,,,,,,,,"",,,,,,,,,,"Volumetric",,,,,,,,,,0.000000,,,,,,,,,,0.000000,0.000000,,,,,,,,,,,,
"2FB82EB3","Nodes",1120619.620000,1676326.620000,1313.064347,"Default Known Flow Node",69.999969,0.579999,1000.000000,0.000000,"Known Flow",0.000000,0.000000,2.16999993085665e-07,40.000000,0.579999,1000.000000,0.000000,0.000000,13.000000,0.000000,0.515375,0.579999,,,,7.746031,7.746031,,16.800279,,,,,,903.822387,0.066146,0.000000,0.000000,0.000000,,-459.670013,1000.000000,,0.000000,0.000000,,,,0.047106,"UNDEFINED",0.000000,0.997564,0.000000,,,,,"","",,,,7.746031,,0.000000,,0.000000,,,0.000000,0.000000,"",,,0.000000,,-1.000000,,0.000000,0.000000,-1.000000,-1.000000,,,,,,,,,,,"",,,,,,,,,,"Volumetric",,,,,,,,,,0.000000,,,,,,,,,,0.000000,0.000000,,,,,,,,,,,,
"0BEC5F65","Nodes",1121063.000000,1676434.120000,1313.064347,"Default Known Flow Node",69.999969,0.579999,1000.000000,0.000000,"Known Flow",0.000000,0.000000,2.16999993085665e-07,40.000000,0.579999,1000.000000,0.000000,0.000000,13.000000,0.000000,0.515374,0.579999,,,,7.612955,7.612955,,16.800279,,,,,,903.822387,0.066146,0.000000,0.000000,0.000000,,-459.670013,1000.000000,,0.000000,0.000000,,,,0.047090,"SETFLOW",0.000000,0.997565,0.000000,,,,,"","",,,,7.612955,,0.000000,,0.000000,,,0.000000,0.000000,"",,,0.000000,,-1.000000,,0.000000,0.000000,-1.000000,-1.000000,,,,,,,,,,,"",,,,,,,,,,"Volumetric",,,,,,,,,,-1.473495,,,,,,,,,,-1.473495,-0.035363,,,,,,,,,,,,
"0BEC5F6A","Nodes",1121300.000000,1676422.250000,1313.064347,"Default Known Flow Node",69.999969,0.579999,1000.000000,0.000000,"Known Flow",0.000000,0.000000,2.16999993085665e-07,40.000000,0.579999,1000.000000,0.000000,0.000000,13.000000,0.000000,0.515375,0.579999,,,,7.641795,7.641795,,16.800279,,,,,,903.822387,0.066146,0.000000,0.000000,0.000000,,-459.670013,1000.000000,,0.000000,0.000000,,,,0.047094,"UNDEFINED",0.000000,0.997565,0.000000,,,,,"","",,,,7.641795,,0.000000,,0.000000,,,0.000000,0.000000,"",,,0.000000,"26-20 FL Blvd (POE 29 Ave) Q = -6.958 mcfh, Firm (S13-12074-Q)",-1.000000,,0.000000,0.000000,-1.000000,-1.000000,,,,,,,,,,,"",,,,,,,,,,"Volumetric",,,,,,,,,,0.000000,,,,,,,,,,0.000000,0.000000,,,,,,,,,,,,
"0BEC5F57","Nodes",1121286.620000,1676486.250000,1313.064347,"Default Known Flow Node",69.999969,0.579999,1000.000000,0.000000,"Known Flow",0.000000,0.000000,2.16999993085665e-07,40.000000,0.579999,1000.000000,0.000000,0.000000,13.000000,0.000000,0.515374,0.579999,,,,7.616234,7.616234,,16.800279,,,,,,903.822387,0.066146,0.000000,0.000000,0.000000,,-459.670013,1000.000000,,0.000000,0.000000,,,,0.047091,"UNDEFINED",0.000000,0.997565,0.000000,,,,,"","",,,,7.616234,,0.000000,,0.000000,,,0.000000,0.000000,"",,,0.000000,,-1.000000,,0.000000,0.000000,-1.000000,-1.000000,,,,,,,,,,,"",,,,,,,,,,"Volumetric",,,,,,,,,,0.000000,,,,,,,,,,0.000000,0.000000,,,,,,,,,,,,
"0BEC5F58","Nodes",1121285.250000,1676491.250000,1313.064347,"Default Known Flow Node",69.999969,0.579999,1000.000000,0.000000,"Known Flow",0.000000,0.000000,2.16999993085665e-07,40.000000,0.579999,1000.000000,0.000000,0.000000,13.000000,0.000000,0.515374,0.579999,,,,7.613006,7.613006,,16.800279,,,,,,903.822387,0.066146,0.000000,0.000000,0.000000,,-459.670013,1000.000000,,0.000000,0.000000,,,,0.047090,"UNDEFINED",0.000000,0.997565,0.000000,,,,,"","",,,,7.613006,,0.000000,,0.000000,,,0.000000,0.000000,"",,,0.000000,,-1.000000,,0.000000,0.000000,-1.000000,-1.000000,,,,,,,,,,,"",,,,,,,,,,"Volumetric",,,,,,,,,,0.000000,,,,,,,,,,0.000000,0.000000,,,,,,,,,,,,
"0BEC5F6B","Nodes",1121300.000000,1676495.000000,1313.064347,"Default Known Flow Node",69.999969,0.579999,1000.000000,0.000000,"Known Flow",0.000000,0.000000,2.16999993085665e-07,40.000000,0.579999,1000.000000,0.000000,0.000000,13.000000,0.000000,0.515374,0.579999,,,,7.583032,7.583032,,16.800279,,,,,,903.822387,0.066146,0.000000,0.000000,0.000000,,-459.670013,1000.000000,,0.000000,0.000000,,,,0.047087,"UNDEFINED",0.000000,0.997565,0.000000,,,,,"","",,,,7.583032,,0.000000,,0.000000,,,0.000000,0.000000,"",,,0.000000,,-1.000000,,0.000000,0.000000,-1.000000,-1.000000,,,,,,,,,,,"",,,,,,,,,,"Volumetric",,,,,,,,,,0.000000,,,,,,,,,,0.000000,0.000000,,,,,,,,,,,,
"0BEC5F59","Nodes",1121278.250000,1676522.370000,1313.064347,"Default Known Flow Node",69.999969,0.579999,1000.000000,0.000000,"Known Flow",0.000000,0.000000,2.16999993085665e-07,40.000000,0.579999,1000.000000,0.000000,0.000000,13.000000,0.000000,0.515374,0.579999,,,,7.602785,7.602785,,16.800279,,,,,,903.822387,0.066146,0.000000,0.000000,0.000000,,-459.670013,1000.000000,,0.000000,0.000000,,,,0.047089,"UNDEFINED",0.000000,0.997565,0.000000,,,,,"","",,,,7.602785,,0.000000,,0.000000,,,0.000000,0.000000,"",,,0.000000,,-1.000000,,0.000000,0.000000,-1.000000,-1.000000,,,,,,,,,,,"",,,,,,,,,,"Volumetric",,,,,,,,,,0.000000,,,,,,,,,,0.000000,0.000000,,,,,,,,,,,,
"2FB2831C","Nodes",1120452.043718,1676546.137541,1313.064347,"Default Known Flow Node",69.999969,0.579999,1000.000000,0.000000,"Known Flow",0.000000,0.000000,2.16999993085665e-07,40.000000,0.579999,1000.000000,0.000000,0.000000,13.000000,0.000000,0.515374,0.579999,,,,7.555436,7.555436,,16.800279,,,,,,903.822387,0.066146,0.000000,0.000000,0.000000,,-459.670013,1000.000000,,0.000000,0.000000,,,,0.047084,"SETFLOW",0.000000,0.997565,0.000000,,,,,"","",,,,7.555436,,0.000000,,0.000000,,,0.000000,0.000000,"",,,0.000000,,-1.000000,,0.000000,0.000000,-1.000000,-1.000000,,,,,,,,,,,"",,,,,,,,,,"Volumetric",,,,,,,,,,-1.473495,,,,,,,,,,-1.473495,-0.035363,,,,,,,,,,,,
"2FB2831B","Nodes",1120432.547233,1676534.639862,1313.064347,"Default Known Flow Node",69.999969,0.579999,1000.000000,0.000000,"Known Flow",0.000000,0.000000,2.16999993085665e-07,40.000000,0.579999,1000.000000,0.000000,0.000000,13.000000,0.000000,0.515374,0.579999,,,,7.552196,7.552196,,16.800279,,,,,,903.822387,0.066146,0.000000,0.000000,0.000000,,-459.670013,1000.000000,,0.000000,0.000000,,,,0.047084,"UNDEFINED",0.000000,0.997565,0.000000,,,,,"","",,,,7.552196,,0.000000,,0.000000,,,0.000000,0.000000,"",,,0.000000,,-1.000000,,0.000000,0.000000,-1.000000,-1.000000,,,,,,,,,,,"",,,,,,,,,,"Volumetric",,,,,,,,,,0.000000,,,,,,,,,,0.000000,0.000000,,,,,,,,,,,,
"2FB1BDD7","Nodes",1120560.250000,1676573.000000,1313.064347,"Default Known Flow Node",69.999969,0.579999,1000.000000,0.000000,"Known Flow",0.000000,0.000000,2.16999993085665e-07,40.000000,0.579999,1000.000000,0.000000,0.000000,13.000000,0.000000,0.515374,0.579999,,,,7.596072,7.596072,,16.800279,,,,,,903.822387,0.066146,0.000000,0.000000,0.000000,,-459.670013,1000.000000,,0.000000,0.000000,,,,0.047089,"UNDEFINED",0.000000,0.997565,0.000000,,,,,"","",,,,7.596072,,0.000000,,0.000000,,,0.000000,0.000000,"",,,0.000000,,-1.000000,,0.000000,0.000000,-1.000000,-1.000000,,,,,,,,,,,"",,,,,,,,,,"Volumetric",,,,,,,,,,0.000000,,,,,,,,,,0.000000,0.000000,,,,,,,,,,,,
"Q3No151","Nodes",1120557.345076,1676572.278846,1313.064347,"Default Known Flow Node",69.999969,0.579999,1000.000000,0.000000,"Known Flow",0.000000,0.000000,2.16999993085665e-07,40.000000,0.579999,1000.000000,0.000000,0.000000,13.000000,0.000000,0.515374,0.579999,,,,7.595039,7.595039,,16.800279,,,,,,903.822387,0.066146,0.000000,0.000000,0.000000,,-459.670013,1000.000000,,0.000000,0.000000,,,,0.047088,"UNDEFINED",0.000000,0.997565,0.000000,,,,,"","",,,,7.595039,,0.000000,,0.000000,,,0.000000,0.000000,"",,,0.000000,,-1.000000,,0.000000,0.000000,0.000000,-1.000000,,,,,,,,,,,"",,,,,,,,,,"Volumetric",,,,,,,,,,0.000000,,,,,,,,,,0.000000,0.000000,,,,,,,,,,,,
"2FB1BDD8","Nodes",1120564.250000,1676571.000000,1313.064347,"Default Known Flow Node",69.999969,0.579999,1000.000000,0.000000,"Known Flow",0.000000,0.000000,2.16999993085665e-07,40.000000,0.579999,1000.000000,0.000000,0.000000,13.000000,0.000000,0.515374,0.579999,,,,7.598872,7.598872,,16.800279,,,,,,903.822387,0.066146,0.000000,0.000000,0.000000,,-459.670013,1000.000000,,0.000000,0.000000,,,,0.047089,"UNDEFINED",0.000000,0.997565,0.000000,,,,,"","",,,,7.598872,,0.000000,,0.000000,,,0.000000,0.000000,"",,,0.000000,,-1.000000,,0.000000,0.000000,-1.000000,-1.000000,,,,,,,,,,,"",,,,,,,,,,"Volumetric",,,,,,,,,,0.000000,,,,,,,,,,0.000000,0.000000,,,,,,,,,,,,
"0BEC5F5C","Nodes",1120563.620000,1676573.750000,1313.064347,"Default Known Flow Node",69.999969,0.579999,1000.000000,0.000000,"Known Flow",0.000000,0.000000,2.16999993085665e-07,40.000000,0.579999,1000.000000,0.000000,0.000000,13.000000,0.000000,0.515374,0.579999,,,,7.597106,7.597106,,16.800279,,,,,,903.822387,0.066146,0.000000,0.000000,0.000000,,-459.670013,1000.000000,,0.000000,0.000000,,,,0.047089,"UNDEFINED",0.000000,0.997565,0.000000,,,,,"","",,,,7.597106,,0.000000,,0.000000,,,0.000000,0.000000,"",,,0.000000,,-1.000000,,0.000000,0.000000,-1.000000,-1.000000,,,,,,,,,,,"",,,,,,,,,,"Volumetric",,,,,,,,,,0.000000,,,,,,,,,,0.000000,0.000000,,,,,,,,,,,,
"0BEC5F5B","Nodes",1121223.870000,1676737.870000,1313.064347,"Default Known Flow Node",69.999969,0.579999,1000.000000,0.000000,"Known Flow",0.000000,0.000000,2.16999993085665e-07,40.000000,0.579999,1000.000000,0.000000,0.000000,13.000000,0.000000,0.515374,0.579999,,,,7.558019,7.558019,,16.800279,,,,,,903.822387,0.066146,0.000000,0.000000,0.000000,,-459.670013,1000.000000,,0.000000,0.000000,,,,0.047084,"UNDEFINED",0.000000,0.997565,0.000000,,,,,"","",,,,7.558019,,0.000000,,0.000000,,,0.000000,0.000000,"",,,0.000000,,-1.000000,,0.000000,0.000000,-1.000000,-1.000000,,,,,,,,,,,"",,,,,,,,,,"Volumetric",,,,,,,,,,0.000000,,,,,,,,,,0.000000,0.000000,,,,,,,,,,,,
"2FB1BDD3","Nodes",1120505.651602,1676820.134070,1313.064347,"Default Known Flow Node",69.999969,0.579999,1000.000000,0.000000,"Known Flow",0.000000,0.000000,2.16999993085665e-07,40.000000,0.579999,1000.000000,0.000000,0.000000,13.000000,0.000000,0.515374,0.579999,,,,7.462432,7.462432,,16.800279,,,,,,903.822387,0.066146,0.000000,0.000000,0.000000,,-459.670013,1000.000000,,0.000000,0.000000,,,,0.047073,"UNDEFINED",0.000000,0.997566,0.000000,,,,,"","",,,,7.462432,,0.000000,,0.000000,,,0.000000,0.000000,"",,,0.000000,,-1.000000,,0.000000,0.000000,-1.000000,-1.000000,,,,,,,,,,,"",,,,,,,,,,"Volumetric",,,,,,,,,,0.000000,,,,,,,,,,0.000000,0.000000,,,,,,,,,,,,
"Q3No263","Nodes",1120506.503060,1676816.595085,1313.064347,"Default Known Flow Node",69.999969,0.579999,1000.000000,0.000000,"Known Flow",0.000000,0.000000,2.16999993085665e-07,40.000000,0.579999,1000.000000,0.000000,0.000000,13.000000,0.000000,0.515374,0.579999,,,,7.462432,7.462432,,16.800279,,,,,,903.822387,0.066146,0.000000,0.000000,0.000000,,-459.670013,1000.000000,,0.000000,0.000000,,,,0.047073,"UNDEFINED",0.000000,0.997566,0.000000,,,,,"","",,,,7.462432,,0.000000,,0.000000,,,0.000000,0.000000,"",,,0.000000,,-1.000000,,0.000000,0.000000,0.000000,-1.000000,,,,,,,,,,,"",,,,,,,,,,"Volumetric",,,,,,,,,,0.000000,,,,,,,,,,0.000000,0.000000,,,,,,,,,,,,
"0BEC5F5A","Nodes",1121227.500000,1676738.500000,1313.064347,"Default Known Flow Node",69.999969,0.579999,1000.000000,0.000000,"Known Flow",0.000000,0.000000,2.16999993085665e-07,40.000000,0.579999,1000.000000,0.000000,0.000000,13.000000,0.000000,0.515374,0.579999,,,,7.557788,7.557788,,16.800279,,,,,,903.822387,0.066146,0.000000,0.000000,0.000000,,-459.670013,1000.000000,,0.000000,0.000000,,,,0.047084,"SETFLOW",0.000000,0.997565,0.000000,,,,,"","",,,,7.557788,,0.000000,,0.000000,,,0.000000,0.000000,"",,,0.000000,,-1.000000,,0.000000,0.000000,-1.000000,-1.000000,,,,,,,,,,,"",,,,,,,,,,"Volumetric",,,,,,,,,,-2.104994,,,,,,,,,,-2.104994,-0.050519,,,,,,,,,,,,
"0BEC5F6D","Nodes",1121300.000000,1676757.750000,1313.064347,"Default Known Flow Node",69.999969,0.579999,1000.000000,0.000000,"Known Flow",0.000000,0.000000,2.16999993085665e-07,40.000000,0.579999,1000.000000,0.000000,0.000000,13.000000,0.000000,0.515374,0.579999,,,,7.557788,7.557788,,16.800279,,,,,,903.822387,0.066146,0.000000,0.000000,0.000000,,-459.670013,1000.000000,,0.000000,0.000000,,,,0.047084,"UNDEFINED",0.000000,0.997565,0.000000,,,,,"","",,,,7.557788,,0.000000,,0.000000,,,0.000000,0.000000,"",,,0.000000,,-1.000000,,0.000000,0.000000,-1.000000,-1.000000,,,,,,,,,,,"",,,,,,,,,,"Volumetric",,,,,,,,,,0.000000,,,,,,,,,,0.000000,0.000000,,,,,,,,,,,,
"0BEC5F67","Nodes",1120503.620000,1676828.620000,1313.064347,"Default Known Flow Node",69.999969,0.579999,1000.000000,0.000000,"Known Flow",0.000000,0.000000,2.16999993085665e-07,40.000000,0.579999,1000.000000,0.000000,0.000000,13.000000,0.000000,0.515374,0.579999,,,,7.462331,7.462331,,16.800279,,,,,,903.822387,0.066146,0.000000,0.000000,0.000000,,-459.670013,1000.000000,,0.000000,0.000000,,,,0.047073,"UNDEFINED",0.000000,0.997566,0.000000,,,,,"","",,,,7.462331,,0.000000,,0.000000,,,0.000000,0.000000,"",,,0.000000,,-1.000000,,0.000000,0.000000,-1.000000,-1.000000,,,,,,,,,,,"",,,,,,,,,,"Volumetric",,,,,,,,,,0.000000,,,,,,,,,,0.000000,0.000000,,,,,,,,,,,,
"0BEC5F71","Nodes",1120486.620000,1676900.000000,1313.064347,"Default Known Flow Node",69.999969,0.579999,1000.000000,0.000000,"Known Flow",0.000000,0.000000,2.16999993085665e-07,40.000000,0.579999,1000.000000,0.000000,0.000000,13.000000,0.000000,0.515374,0.579999,,,,7.461105,7.461105,,16.800279,,,,,,903.822387,0.066146,0.000000,0.000000,0.000000,,-459.670013,1000.000000,,0.000000,0.000000,,,,0.047073,"UNDEFINED",0.000000,0.997566,0.000000,,,,,"","",,,,7.461105,,0.000000,,0.000000,,,0.000000,0.000000,"",,,0.000000,,-1.000000,,0.000000,0.000000,-1.000000,-1.000000,,,,,,,,,,,"",,,,,,,,,,"Volumetric",,,,,,,,,,0.000000,,,,,,,,,,0.000000,0.000000,,,,,,,,,,,,
"Q3No265","Nodes",1120502.222739,1676834.486849,1313.064347,"Default Known Flow Node",69.999969,0.579999,1000.000000,0.000000,"Known Flow",0.000000,0.000000,2.16999993085665e-07,40.000000,0.579999,1000.000000,0.000000,0.000000,13.000000,0.000000,0.515374,0.579999,,,,7.462161,7.462161,,16.800279,,,,,,903.822387,0.066146,0.000000,0.000000,0.000000,,-459.670013,1000.000000,,0.000000,0.000000,,,,0.047073,"UNDEFINED",0.000000,0.997566,0.000000,,,,,"","",,,,7.462161,,0.000000,,0.000000,,,0.000000,0.000000,"",,,0.000000,,-1.000000,,0.000000,0.000000,0.000000,-1.000000,,,,,,,,,,,"",,,,,,,,,,"Volumetric",,,,,,,,,,0.000000,,,,,,,,,,0.000000,0.000000,,,,,,,,,,,,
"Q3No266","Nodes",1120504.590538,1676828.860336,1313.064347,"Default Known Flow Node",69.999969,0.579999,1000.000000,0.000000,"Known Flow",0.000000,0.000000,2.16999993085665e-07,40.000000,0.579999,1000.000000,0.000000,0.000000,13.000000,0.000000,0.515374,0.579999,,,,7.462335,7.462335,,16.800279,,,,,,903.822387,0.066146,0.000000,0.000000,0.000000,,-459.670013,1000.000000,,0.000000,0.000000,,,,0.047073,"UNDEFINED",0.000000,0.997566,0.000000,,,,,"","",,,,7.462335,,0.000000,,0.000000,,,0.000000,0.000000,"",,,0.000000,,-1.000000,,0.000000,0.000000,0.000000,-1.000000,,,,,,,,,,,"",,,,,,,,,,"Volumetric",,,,,,,,,,0.000000,,,,,,,,,,0.000000,0.000000,,,,,,,,,,,,
"0BEC5F6C","Nodes",1121189.620000,1676900.000000,1313.064347,"Default Known Flow Node",69.999969,0.579999,1000.000000,0.000000,"Known Flow",0.000000,0.000000,2.16999993085665e-07,40.000000,0.579999,1000.000000,0.000000,0.000000,13.000000,0.000000,0.515374,0.579999,,,,7.530432,7.530432,,16.800279,,,,,,903.822387,0.066146,0.000000,0.000000,0.000000,,-459.670013,1000.000000,,0.000000,0.000000,,,,0.047081,"UNDEFINED",0.000000,0.997565,0.000000,,,,,"","",,,,7.530432,,0.000000,,0.000000,,,0.000000,0.000000,"",,,0.000000,,-1.000000,,0.000000,0.000000,-1.000000,-1.000000,,,,,,,,,,,"",,,,,,,,,,"Volumetric",,,,,,,,,,0.000000,,,,,,,,,,0.000000,0.000000,,,,,,,,,,,,
"0BEC5F7D","Nodes",1120496.250000,1676930.370000,1313.064347,"Default Known Flow Node",69.999969,0.579999,1000.000000,0.000000,"Known Flow",0.000000,0.000000,2.16999993085665e-07,40.000000,0.579999,1000.000000,0.000000,0.000000,13.000000,0.000000,0.515374,0.579999,,,,7.460625,7.460625,,16.800279,,,,,,903.822387,0.066146,0.000000,0.000000,0.000000,,-459.670013,1000.000000,,0.000000,0.000000,,,,0.047073,"UNDEFINED",0.000000,0.997566,0.000000,,,,,"","",,,,7.460625,,0.000000,,0.000000,,,0.000000,0.000000,"",,,0.000000,,-1.000000,,0.000000,0.000000,-1.000000,-1.000000,,,,,,,,,,,"",,,,,,,,,,"Volumetric",,,,,,,,,,0.000000,,,,,,,,,,0.000000,0.000000,,,,,,,,,,,,
"2FB24E0A","Nodes",1121179.000000,1676947.500000,1313.064347,"Default Known Flow Node",69.999969,0.579999,1000.000000,0.000000,"Known Flow",0.000000,0.000000,2.16999993085665e-07,40.000000,0.579999,1000.000000,0.000000,0.000000,13.000000,0.000000,0.515374,0.579999,,,,7.522522,7.522522,,16.800279,,,,,,903.822387,0.066146,0.000000,0.000000,0.000000,,-459.670013,1000.000000,,0.000000,0.000000,,,,0.047080,"UNDEFINED",0.000000,0.997565,0.000000,,,,,"","",,,,7.522522,,0.000000,,0.000000,,,0.000000,0.000000,"",,,0.000000,,-1.000000,,0.000000,0.000000,-1.000000,-1.000000,,,,,,,,,,,"",,,,,,,,,,"Volumetric",,,,,,,,,,0.000000,,,,,,,,,,0.000000,0.000000,,,,,,,,,,,,
"0BEC5F77","Nodes",1121182.370000,1676959.250000,1313.064347,"Default Known Flow Node",69.999969,0.579999,1000.000000,0.000000,"Known Flow",0.000000,0.000000,2.16999993085665e-07,40.000000,0.579999,1000.000000,0.000000,0.000000,13.000000,0.000000,0.515374,0.579999,,,,7.517907,7.517907,,16.800279,,,,,,903.822387,0.066146,0.000000,0.000000,0.000000,,-459.670013,1000.000000,,0.000000,0.000000,,,,0.047080,"UNDEFINED",0.000000,0.997565,0.000000,,,,,"","",,,,7.517907,,0.000000,,0.000000,,,0.000000,0.000000,"",,,0.000000,,-1.000000,,0.000000,0.000000,-1.000000,-1.000000,,,,,,,,,,,"",,,,,,,,,,"Volumetric",,,,,,,,,,0.000000,,,,,,,,,,0.000000,0.000000,,,,,,,,,,,,
"0BEC5F78","Nodes",1121184.870000,1676956.750000,1313.064347,"Default Known Flow Node",69.999969,0.579999,1000.000000,0.000000,"Known Flow",0.000000,0.000000,2.16999993085665e-07,40.000000,0.579999,1000.000000,0.000000,0.000000,13.000000,0.000000,0.515374,0.579999,,,,7.517907,7.517907,,16.800279,,,,,,903.822387,0.066146,0.000000,0.000000,0.000000,,-459.670013,1000.000000,,0.000000,0.000000,,,,0.047080,"UNDEFINED",0.000000,0.997565,0.000000,,,,,"","",,,,7.517907,,0.000000,,0.000000,,,0.000000,0.000000,"",,,0.000000,,-1.000000,,0.000000,0.000000,-1.000000,-1.000000,,,,,,,,,,,"",,,,,,,,,,"Volumetric",,,,,,,,,,0.000000,,,,,,,,,,0.000000,0.000000,,,,,,,,,,,,
"0BEC5F72","Nodes",1120791.870000,1676900.000000,1313.064347,"Default Known Flow Node",69.999969,0.579999,1000.000000,0.000000,"Known Flow",0.000000,0.000000,2.16999993085665e-07,40.000000,0.579999,1000.000000,0.000000,0.000000,13.000000,0.000000,0.515374,0.579999,,,,7.485360,7.485360,,16.800279,,,,,,903.822387,0.066146,0.000000,0.000000,0.000000,,-459.670013,1000.000000,,0.000000,0.000000,,,,0.047076,"UNDEFINED",0.000000,0.997566,0.000000,,,,,"","",,,,7.485360,,0.000000,,0.000000,,,0.000000,0.000000,"",,,0.000000,,-1.000000,,0.000000,0.000000,-1.000000,-1.000000,,,,,,,,,,,"",,,,,,,,,,"Volumetric",,,,,,,,,,0.000000,,,,,,,,,,0.000000,0.000000,,,,,,,,,,,,
"0BEC5F73","Nodes",1121031.000000,1676957.250000,1313.064347,"Default Known Flow Node",69.999969,0.579999,1000.000000,0.000000,"Known Flow",0.000000,0.000000,2.16999993085665e-07,40.000000,0.579999,1000.000000,0.000000,0.000000,13.000000,0.000000,0.515374,0.579999,,,,7.503777,7.503777,,16.800279,,,,,,903.822387,0.066146,0.000000,0.000000,0.000000,,-459.670013,1000.000000,,0.000000,0.000000,,,,0.047078,"UNDEFINED",0.000000,0.997565,0.000000,,,,,"","",,,,7.503777,,0.000000,,0.000000,,,0.000000,0.000000,"",,,0.000000,,-1.000000,,0.000000,0.000000,-1.000000,-1.000000,,,,,,,,,,,"",,,,,,,,,,"Volumetric",,,,,,,,,,0.000000,,,,,,,,,,0.000000,0.000000,,,,,,,,,,,,
"2FB24E07","Nodes",1121179.000000,1676960.250000,1313.064347,"Default Known Flow Node",69.999969,0.579999,1000.000000,0.000000,"Known Flow",0.000000,0.000000,2.16999993085665e-07,40.000000,0.579999,1000.000000,0.000000,0.000000,13.000000,0.000000,0.515374,0.579999,,,,7.517907,7.517907,,16.800279,,,,,,903.822387,0.066146,0.000000,0.000000,0.000000,,-459.670013,1000.000000,,0.000000,0.000000,,,,0.047080,"UNDEFINED",0.000000,0.997565,0.000000,,,,,"","",,,,7.517907,,0.000000,,0.000000,,,0.000000,0.000000,"",,,0.000000,,-1.000000,,0.000000,0.000000,-1.000000,-1.000000,,,,,,,,,,,"",,,,,,,,,,"Volumetric",,,,,,,,,,0.000000,,,,,,,,,,0.000000,0.000000,,,,,,,,,,,,
"0BEC5F76","Nodes",1121182.370000,1676958.250000,1313.064347,"Default Known Flow Node",69.999969,0.579999,1000.000000,0.000000,"Known Flow",0.000000,0.000000,2.16999993085665e-07,40.000000,0.579999,1000.000000,0.000000,0.000000,13.000000,0.000000,0.515374,0.579999,,,,7.517907,7.517907,,16.800279,,,,,,903.822387,0.066146,0.000000,0.000000,0.000000,,-459.670013,1000.000000,,0.000000,0.000000,,,,0.047080,"UNDEFINED",0.000000,0.997565,0.000000,,,,,"","",,,,7.517907,,0.000000,,0.000000,,,0.000000,0.000000,"",,,0.000000,,-1.000000,,0.000000,0.000000,-1.000000,-1.000000,,,,,,,,,,,"",,,,,,,,,,"Volumetric",,,,,,,,,,0.000000,,,,,,,,,,0.000000,0.000000,,,,,,,,,,,,
"2FB24E08","Nodes",1121176.250000,1676960.250000,1313.064347,"Default Known Flow Node",69.999969,0.579999,1000.000000,0.000000,"Known Flow",0.000000,0.000000,2.16999993085665e-07,40.000000,0.579999,1000.000000,0.000000,0.000000,13.000000,0.000000,0.515374,0.579999,,,,7.519720,7.519720,,16.800279,,,,,,903.822387,0.066146,0.000000,0.000000,0.000000,,-459.670013,1000.000000,,0.000000,0.000000,,,,0.047080,"UNDEFINED",0.000000,0.997565,0.000000,,,,,"","",,,,7.519720,,0.000000,,0.000000,,,0.000000,0.000000,"",,,0.000000,,-1.000000,,0.000000,0.000000,-1.000000,-1.000000,,,,,,,,,,,"",,,,,,,,,,"Volumetric",,,,,,,,,,0.000000,,,,,,,,,,0.000000,0.000000,,,,,,,,,,,,
"0BEC5F74","Nodes",1121175.750000,1676962.250000,1313.064347,"Default Known Flow Node",69.999969,0.579999,1000.000000,0.000000,"Known Flow",0.000000,0.000000,2.16999993085665e-07,40.000000,0.579999,1000.000000,0.000000,0.000000,13.000000,0.000000,0.515374,0.579999,,,,7.517907,7.517907,,16.800279,,,,,,903.822387,0.066146,0.000000,0.000000,0.000000,,-459.670013,1000.000000,,0.000000,0.000000,,,,0.047080,"UNDEFINED",0.000000,0.997565,0.000000,,,,,"","",,,,7.517907,,0.000000,,0.000000,,,0.000000,0.000000,"",,,0.000000,,-1.000000,,0.000000,0.000000,-1.000000,-1.000000,,,,,,,,,,,"",,,,,,,,,,"Volumetric",,,,,,,,,,0.000000,,,,,,,,,,0.000000,0.000000,,,,,,,,,,,,
"0BEC5F75","Nodes",1121135.750000,1676982.870000,1313.064347,"Default Known Flow Node",69.999969,0.579999,1000.000000,0.000000,"Known Flow",0.000000,0.000000,2.16999993085665e-07,40.000000,0.579999,1000.000000,0.000000,0.000000,13.000000,0.000000,0.515374,0.579999,,,,7.514949,7.514949,,16.800279,,,,,,903.822387,0.066146,0.000000,0.000000,0.000000,,-459.670013,1000.000000,,0.000000,0.000000,,,,0.047079,"UNDEFINED",0.000000,0.997565,0.000000,,,,,"","",,,,7.514949,,0.000000,,0.000000,,,0.000000,0.000000,"",,,0.000000,,-1.000000,,0.000000,0.000000,-1.000000,-1.000000,,,,,,,,,,,"",,,,,,,,,,"Volumetric",,,,,,,,,,0.000000,,,,,,,,,,0.000000,0.000000,,,,,,,,,,,,
"2FB24E09","Nodes",1121175.120000,1676964.620000,1313.064347,"Default Known Flow Node",69.999969,0.579999,1000.000000,0.000000,"Known Flow",0.000000,0.000000,2.16999993085665e-07,40.000000,0.579999,1000.000000,0.000000,0.000000,13.000000,0.000000,0.515374,0.579999,,,,7.517538,7.517538,,16.800279,,,,,,903.822387,0.066146,0.000000,0.000000,0.000000,,-459.670013,1000.000000,,0.000000,0.000000,,,,0.047080,"UNDEFINED",0.000000,0.997565,0.000000,,,,,"","",,,,7.517538,,0.000000,,0.000000,,,0.000000,0.000000,"",,,0.000000,,-1.000000,,0.000000,0.000000,-1.000000,-1.000000,,,,,,,,,,,"",,,,,,,,,,"Volumetric",,,,,,,,,,0.000000,,,,,,,,,,0.000000,0.000000,,,,,,,,,,,,
"0BEC5F7E","Nodes",1120508.370000,1676977.750000,1313.064347,"Default Known Flow Node",69.999969,0.579999,1000.000000,0.000000,"Known Flow",0.000000,0.000000,2.16999993085665e-07,40.000000,0.579999,1000.000000,0.000000,0.000000,13.000000,0.000000,0.515374,0.579999,,,,7.459826,7.459826,,16.800279,,,,,,903.822387,0.066146,0.000000,0.000000,0.000000,,-459.670013,1000.000000,,0.000000,0.000000,,,,0.047073,"UNDEFINED",0.000000,0.997566,0.000000,,,,,"","",,,,7.459826,,0.000000,,0.000000,,,0.000000,0.000000,"",,,0.000000,,-1.000000,,0.000000,0.000000,-1.000000,-1.000000,,,,,,,,,,,"",,,,,,,,,,"Volumetric",,,,,,,,,,0.000000,,,,,,,,,,0.000000,0.000000,,,,,,,,,,,,
"2FB85E5E","Nodes",1121129.750000,1676986.000000,1313.064347,"Default Known Flow Node",69.999969,0.579999,1000.000000,0.000000,"Known Flow",0.000000,0.000000,2.16999993085665e-07,40.000000,0.579999,1000.000000,0.000000,0.000000,13.000000,0.000000,0.515374,0.579999,,,,7.514764,7.514764,,16.800279,,,,,,903.822387,0.066146,0.000000,0.000000,0.000000,,-459.670013,1000.000000,,0.000000,0.000000,,,,0.047079,"UNDEFINED",0.000000,0.997565,0.000000,,,,,"","",,,,7.514764,,0.000000,,0.000000,,,0.000000,0.000000,"",,,0.000000,,-1.000000,,0.000000,0.000000,-1.000000,-1.000000,,,,,,,,,,,"",,,,,,,,,,"Volumetric",,,,,,,,,,0.000000,,,,,,,,,,0.000000,0.000000,,,,,,,,,,,,
"2FB85E5D","Nodes",1120780.620000,1677155.000000,1313.064347,"Default Known Flow Node",69.999969,0.579999,1000.000000,0.000000,"Known Flow",0.000000,0.000000,2.16999993085665e-07,40.000000,0.579999,1000.000000,0.000000,0.000000,13.000000,0.000000,0.515373,0.579999,,,,7.403554,7.403554,,16.800279,,,,,,903.822387,0.066146,0.000000,0.000000,0.000000,,-459.670013,1000.000000,,0.000000,0.000000,,,,0.047067,"UNDEFINED",0.000000,0.997566,0.000000,,,,,"","",,,,7.403554,,0.000000,,0.000000,,,0.000000,0.000000,"",,,0.000000,,-1.000000,,0.000000,0.000000,-1.000000,-1.000000,,,,,,,,,,,"",,,,,,,,,,"Volumetric",,,,,,,,,,0.000000,,,,,,,,,,0.000000,0.000000,,,,,,,,,,,,
"2FB85E5C","Nodes",1121127.370000,1676987.250000,1313.064347,"Default Known Flow Node",69.999969,0.579999,1000.000000,0.000000,"Known Flow",0.000000,0.000000,2.16999993085665e-07,40.000000,0.579999,1000.000000,0.000000,0.000000,13.000000,0.000000,0.515374,0.579999,,,,7.514671,7.514671,,16.800279,,,,,,903.822387,0.066146,0.000000,0.000000,0.000000,,-459.670013,1000.000000,,0.000000,0.000000,,,,0.047079,"UNDEFINED",0.000000,0.997565,0.000000,,,,,"","",,,,7.514671,,0.000000,,0.000000,,,0.000000,0.000000,"",,,0.000000,,-1.000000,,0.000000,0.000000,-1.000000,-1.000000,,,,,,,,,,,"",,,,,,,,,,"Volumetric",,,,,,,,,,0.000000,,,,,,,,,,0.000000,0.000000,,,,,,,,,,,,
"0BEC5FA0","Nodes",1121169.250000,1676991.250000,1313.064347,"Default Known Flow Node",69.999969,0.579999,1000.000000,0.000000,"Known Flow",0.000000,0.000000,2.16999993085665e-07,40.000000,0.579999,1000.000000,0.000000,0.000000,13.000000,0.000000,0.515374,0.579999,,,,7.515051,7.515051,,16.800279,,,,,,903.822387,0.066146,0.000000,0.000000,0.000000,,-459.670013,1000.000000,,0.000000,0.000000,,,,0.047079,"UNDEFINED",0.000000,0.997565,0.000000,,,,,"","",,,,7.515051,,0.000000,,0.000000,,,0.000000,0.000000,"",,,0.000000,,-1.000000,,0.000000,0.000000,-1.000000,-1.000000,,,,,,,,,,,"",,,,,,,,,,"Volumetric",,,,,,,,,,0.000000,,,,,,,,,,0.000000,0.000000,,,,,,,,,,,,
"0BEC5FA4","Nodes",1121166.870000,1676990.750000,1313.064347,"Default Known Flow Node",69.999969,0.579999,1000.000000,0.000000,"Known Flow",0.000000,0.000000,2.16999993085665e-07,40.000000,0.579999,1000.000000,0.000000,0.000000,13.000000,0.000000,0.515374,0.579999,,,,7.515051,7.515051,,16.800279,,,,,,903.822387,0.066146,0.000000,0.000000,0.000000,,-459.670013,1000.000000,,0.000000,0.000000,,,,0.047079,"UNDEFINED",0.000000,0.997565,0.000000,,,,,"","",,,,7.515051,,0.000000,,0.000000,,,0.000000,0.000000,"",,,0.000000,,-1.000000,,0.000000,0.000000,-1.000000,-1.000000,,,,,,,,,,,"",,,,,,,,,,"Volumetric",,,,,,,,,,0.000000,,,,,,,,,,0.000000,0.000000,,,,,,,,,,,,
"0BEC5FA1","Nodes",1121165.620000,1677007.750000,1313.064347,"Default Known Flow Node",69.999969,0.579999,1000.000000,0.000000,"Known Flow",0.000000,0.000000,2.16999993085665e-07,40.000000,0.579999,1000.000000,0.000000,0.000000,13.000000,0.000000,0.515374,0.579999,,,,7.513922,7.513922,,16.800279,,,,,,903.822387,0.066146,0.000000,0.000000,0.000000,,-459.670013,1000.000000,,0.000000,0.000000,,,,0.047079,"UNDEFINED",0.000000,0.997565,0.000000,,,,,"","",,,,7.513922,,0.000000,,0.000000,,,0.000000,0.000000,"",,,0.000000,,-1.000000,,0.000000,0.000000,-1.000000,-1.000000,,,,,,,,,,,"",,,,,,,,,,"Volumetric",,,,,,,,,,0.000000,,,,,,,,,,0.000000,0.000000,,,,,,,,,,,,
"0BEC5FA3","Nodes",1121169.250000,1677006.000000,1313.064347,"Default Known Flow Node",69.999969,0.579999,1000.000000,0.000000,"Known Flow",0.000000,0.000000,2.16999993085665e-07,40.000000,0.579999,1000.000000,0.000000,0.000000,13.000000,0.000000,0.515374,0.579999,,,,7.513922,7.513922,,16.800279,,,,,,903.822387,0.066146,0.000000,0.000000,0.000000,,-459.670013,1000.000000,,0.000000,0.000000,,,,0.047079,"UNDEFINED",0.000000,0.997565,0.000000,,,,,"","",,,,7.513922,,0.000000,,0.000000,,,0.000000,0.000000,"",,,0.000000,,-1.000000,,0.000000,0.000000,-1.000000,-1.000000,,,,,,,,,,,"",,,,,,,,,,"Volumetric",,,,,,,,,,0.000000,,,,,,,,,,0.000000,0.000000,,,,,,,,,,,,
"0BEC5F7F","Nodes",1120515.620000,1677008.370000,1313.064347,"Default Known Flow Node",69.999969,0.579999,1000.000000,0.000000,"Known Flow",0.000000,0.000000,2.16999993085665e-07,40.000000,0.579999,1000.000000,0.000000,0.000000,13.000000,0.000000,0.515374,0.579999,,,,7.459329,7.459329,,16.800279,,,,,,903.822387,0.066146,0.000000,0.000000,0.000000,,-459.670013,1000.000000,,0.000000,0.000000,,,,0.047073,"SETFLOW",0.000000,0.997566,0.000000,,,,,"","",,,,7.459329,,0.000000,,0.000000,,,0.000000,0.000000,"",,,0.000000,,-1.000000,,0.000000,0.000000,-1.000000,-1.000000,,,,,,,,,,,"",,,,,,,,,,"Volumetric",,,,,,,,,,-1.683995,,,,,,,,,,-1.683995,-0.040415,,,,,,,,,,,,
"0BEC5FA2","Nodes",1121163.250000,1677009.120000,1313.064347,"Default Known Flow Node",69.999969,0.579999,1000.000000,0.000000,"Known Flow",0.000000,0.000000,2.16999993085665e-07,40.000000,0.579999,1000.000000,0.000000,0.000000,13.000000,0.000000,0.515374,0.579999,,,,7.513922,7.513922,,16.800279,,,,,,903.822387,0.066146,0.000000,0.000000,0.000000,,-459.670013,1000.000000,,0.000000,0.000000,,,,0.047079,"UNDEFINED",0.000000,0.997565,0.000000,,,,,"","",,,,7.513922,,0.000000,,0.000000,,,0.000000,0.000000,"",,,0.000000,,-1.000000,,0.000000,0.000000,-1.000000,-1.000000,,,,,,,,,,,"",,,,,,,,,,"Volumetric",,,,,,,,,,0.000000,,,,,,,,,,0.000000,0.000000,,,,,,,,,,,,
"0BEC5FDF","Nodes",1121299.870000,1677012.620000,1313.064347,"Default Known Flow Node",69.999969,0.579999,1000.000000,0.000000,"Known Flow",0.000000,0.000000,2.16999993085665e-07,40.000000,0.579999,1000.000000,0.000000,0.000000,13.000000,0.000000,0.515374,0.579999,,,,7.504693,7.504693,,16.800279,,,,,,903.822387,0.066146,0.000000,0.000000,0.000000,,-459.670013,1000.000000,,0.000000,0.000000,,,,0.047078,"UNDEFINED",0.000000,0.997565,0.000000,,,,,"","",,,,7.504693,,0.000000,,0.000000,,,0.000000,0.000000,"",,,0.000000,,-1.000000,,0.000000,0.000000,-1.000000,-1.000000,,,,,,,,,,,"",,,,,,,,,,"Volumetric",,,,,,,,,,0.000000,,,,,,,,,,0.000000,0.000000,,,,,,,,,,,,
"0BEC5F85","Nodes",1120775.000000,1677157.620000,1313.064347,"Default Known Flow Node",69.999969,0.579999,1000.000000,0.000000,"Known Flow",0.000000,0.000000,2.16999993085665e-07,40.000000,0.579999,1000.000000,0.000000,0.000000,13.000000,0.000000,0.515373,0.579999,,,,7.403275,7.403275,,16.800279,,,,,,903.822387,0.066146,0.000000,0.000000,0.000000,,-459.670013,1000.000000,,0.000000,0.000000,,,,0.047067,"UNDEFINED",0.000000,0.997566,0.000000,,,,,"","",,,,7.403275,,0.000000,,0.000000,,,0.000000,0.000000,"",,,0.000000,,-1.000000,,0.000000,0.000000,-1.000000,-1.000000,,,,,,,,,,,"",,,,,,,,,,"Volumetric",,,,,,,,,,0.000000,,,,,,,,,,0.000000,0.000000,,,,,,,,,,,,
"0BEC5F84","Nodes",1120771.120000,1677156.750000,1313.064347,"Default Known Flow Node",69.999969,0.579999,1000.000000,0.000000,"Known Flow",0.000000,0.000000,2.16999993085665e-07,40.000000,0.579999,1000.000000,0.000000,0.000000,13.000000,0.000000,0.515373,0.579999,,,,7.403254,7.403254,,16.800279,,,,,,903.822387,0.066146,0.000000,0.000000,0.000000,,-459.670013,1000.000000,,0.000000,0.000000,,,,0.047067,"UNDEFINED",0.000000,0.997566,0.000000,,,,,"","",,,,7.403254,,0.000000,,0.000000,,,0.000000,0.000000,"",,,0.000000,,-1.000000,,0.000000,0.000000,-1.000000,-1.000000,,,,,,,,,,,"",,,,,,,,,,"Volumetric",,,,,,,,,,0.000000,,,,,,,,,,0.000000,0.000000,,,,,,,,,,,,
"0BEC5F89","Nodes",1120815.000000,1677168.620000,1313.064347,"Default Known Flow Node",69.999969,0.579999,1000.000000,0.000000,"Known Flow",0.000000,0.000000,2.16999993085665e-07,40.000000,0.579999,1000.000000,0.000000,0.000000,13.000000,0.000000,0.515373,0.579999,,,,7.402336,7.402336,,16.800279,,,,,,903.822387,0.066146,0.000000,0.000000,0.000000,,-459.670013,1000.000000,,0.000000,0.000000,,,,0.047067,"UNDEFINED",0.000000,0.997566,0.000000,,,,,"","",,,,7.402336,,0.000000,,0.000000,,,0.000000,0.000000,"",,,0.000000,,-1.000000,,0.000000,0.000000,-1.000000,-1.000000,,,,,,,,,,,"",,,,,,,,,,"Volumetric",,,,,,,,,,0.000000,,,,,,,,,,0.000000,0.000000,,,,,,,,,,,,
"0BEC5F8A","Nodes",1120821.750000,1677190.870000,1313.064347,"Default Known Flow Node",69.999969,0.579999,1000.000000,0.000000,"Known Flow",0.000000,0.000000,2.16999993085665e-07,40.000000,0.579999,1000.000000,0.000000,0.000000,13.000000,0.000000,0.515373,0.579999,,,,7.401942,7.401942,,16.800279,,,,,,903.822387,0.066146,0.000000,0.000000,0.000000,,-459.670013,1000.000000,,0.000000,0.000000,,,,0.047067,"UNDEFINED",0.000000,0.997566,0.000000,,,,,"","",,,,7.401942,,0.000000,,0.000000,,,0.000000,0.000000,"",,,0.000000,,-1.000000,,0.000000,0.000000,-1.000000,-1.000000,,,,,,,,,,,"",,,,,,,,,,"Volumetric",,,,,,,,,,0.000000,,,,,,,,,,0.000000,0.000000,,,,,,,,,,,,
"29C9365C","Nodes",1120822.120000,1677192.000000,1313.064347,"Default Known Flow Node",69.999969,0.579999,1000.000000,0.000000,"Known Flow",0.000000,0.000000,2.16999993085665e-07,40.000000,0.579999,1000.000000,0.000000,0.000000,13.000000,0.000000,0.515373,0.579999,,,,7.401925,7.401925,,16.800279,,,,,,903.822387,0.066146,0.000000,0.000000,0.000000,,-459.670013,1000.000000,,0.000000,0.000000,,,,0.047067,"UNDEFINED",0.000000,0.997566,0.000000,,,,,"","",,,,7.401925,,0.000000,,0.000000,,,0.000000,0.000000,"",,,0.000000,,-1.000000,,0.000000,0.000000,-1.000000,-1.000000,,,,,,,,,,,"",,,,,,,,,,"Volumetric",,,,,,,,,,0.000000,,,,,,,,,,0.000000,0.000000,,,,,,,,,,,,
"0BEC5FA5","Nodes",1121087.750000,1677245.750000,1313.064347,"Default Known Flow Node",69.999969,0.579999,1000.000000,0.000000,"Known Flow",0.000000,0.000000,2.16999993085665e-07,40.000000,0.579999,1000.000000,0.000000,0.000000,13.000000,0.000000,0.515374,0.579999,,,,7.494312,7.494312,,16.800279,,,,,,903.822387,0.066146,0.000000,0.000000,0.000000,,-459.670013,1000.000000,,0.000000,0.000000,,,,0.047077,"UNDEFINED",0.000000,0.997565,0.000000,,,,,"","",,,,7.494312,,0.000000,,0.000000,,,0.000000,0.000000,"",,,0.000000,,-1.000000,,0.000000,0.000000,-1.000000,-1.000000,,,,,,,,,,,"",,,,,,,,,,"Volumetric",,,,,,,,,,0.000000,,,,,,,,,,0.000000,0.000000,,,,,,,,,,,,
"0BEC5F8B","Nodes",1121081.500000,1677244.120000,1313.064347,"Default Known Flow Node",69.999969,0.579999,1000.000000,0.000000,"Known Flow",0.000000,0.000000,2.16999993085665e-07,40.000000,0.579999,1000.000000,0.000000,0.000000,13.000000,0.000000,0.515374,0.579999,,,,7.493017,7.493017,,16.800279,,,,,,903.822387,0.066146,0.000000,0.000000,0.000000,,-459.670013,1000.000000,,0.000000,0.000000,,,,0.047077,"UNDEFINED",0.000000,0.997565,0.000000,,,,,"","",,,,7.493017,,0.000000,,0.000000,,,0.000000,0.000000,"",,,0.000000,,-1.000000,,0.000000,0.000000,-1.000000,-1.000000,,,,,,,,,,,"",,,,,,,,,,"Volumetric",,,,,,,,,,0.000000,,,,,,,,,,0.000000,0.000000,,,,,,,,,,,,
"0BEC5F95","Nodes",1121116.870000,1677205.620000,1313.064347,"Default Known Flow Node",69.999969,0.579999,1000.000000,0.000000,"Known Flow",0.000000,0.000000,2.16999993085665e-07,40.000000,0.579999,1000.000000,0.000000,0.000000,13.000000,0.000000,0.515374,0.579999,,,,7.499485,7.499485,,16.800279,,,,,,903.822387,0.066146,0.000000,0.000000,0.000000,,-459.670013,1000.000000,,0.000000,0.000000,,,,0.047078,"UNDEFINED",0.000000,0.997565,0.000000,,,,,"","",,,,7.499485,,0.000000,,0.000000,,,0.000000,0.000000,"",,,0.000000,,-1.000000,,0.000000,0.000000,-1.000000,-1.000000,,,,,,,,,,,"",,,,,,,,,,"Volumetric",,,,,,,,,,0.000000,,,,,,,,,,0.000000,0.000000,,,,,,,,,,,,
"0BEC5F97","Nodes",1120581.120000,1677276.250000,1313.064347,"Default Known Flow Node",69.999969,0.579999,1000.000000,0.000000,"Known Flow",0.000000,0.000000,2.16999993085665e-07,40.000000,0.579999,1000.000000,0.000000,0.000000,13.000000,0.000000,0.515373,0.579999,,,,7.345332,7.345332,,16.800279,,,,,,903.822387,0.066146,0.000000,0.000000,0.000000,,-459.670013,1000.000000,,0.000000,0.000000,,,,0.047060,"UNDEFINED",0.000000,0.997566,0.000000,,,,,"","",,,,7.345332,,0.000000,,0.000000,,,0.000000,0.000000,"",,,0.000000,,-1.000000,,0.000000,0.000000,-1.000000,-1.000000,,,,,,,,,,,"",,,,,,,,,,"Volumetric",,,,,,,,,,0.000000,,,,,,,,,,0.000000,0.000000,,,,,,,,,,,,
"0BEC5FBD","Nodes",1120580.120000,1677271.750000,1313.064347,"Default Known Flow Node",69.999969,0.579999,1000.000000,0.000000,"Known Flow",0.000000,0.000000,2.16999993085665e-07,40.000000,0.579999,1000.000000,0.000000,0.000000,13.000000,0.000000,0.515373,0.579999,,,,7.345332,7.345332,,16.800279,,,,,,903.822387,0.066146,0.000000,0.000000,0.000000,,-459.670013,1000.000000,,0.000000,0.000000,,,,0.047060,"UNDEFINED",0.000000,0.997566,0.000000,,,,,"","",,,,7.345332,,0.000000,,0.000000,,,0.000000,0.000000,"",,,0.000000,,-1.000000,,0.000000,0.000000,-1.000000,-1.000000,,,,,,,,,,,"",,,,,,,,,,"Volumetric",,,,,,,,,,0.000000,,,,,,,,,,0.000000,0.000000,,,,,,,,,,,,
"0BEC5F90","Nodes",1120621.750000,1677257.750000,1313.064347,"Default Known Flow Node",69.999969,0.579999,1000.000000,0.000000,"Known Flow",0.000000,0.000000,2.16999993085665e-07,40.000000,0.579999,1000.000000,0.000000,0.000000,13.000000,0.000000,0.515373,0.579999,,,,7.354412,7.354412,,16.800279,,,,,,903.822387,0.066146,0.000000,0.000000,0.000000,,-459.670013,1000.000000,,0.000000,0.000000,,,,0.047061,"SETFLOW",0.000000,0.997566,0.000000,,,,,"","",,,,7.354412,,0.000000,,0.000000,,,0.000000,0.000000,"",,,0.000000,,-1.000000,,0.000000,0.000000,-1.000000,-1.000000,,,,,,,,,,,"",,,,,,,,,,"Volumetric",,,,,,,,,,-0.002406,,,,,,,,,,-0.002406,-0.000057,,,,,,,,,,,,
"0BEC5FBC","Nodes",1120583.000000,1677284.370000,1313.064347,"Default Known Flow Node",69.999969,0.579999,1000.000000,0.000000,"Known Flow",0.000000,0.000000,2.16999993085665e-07,40.000000,0.579999,1000.000000,0.000000,0.000000,13.000000,0.000000,0.515373,0.579999,,,,7.343547,7.343547,,16.800279,,,,,,903.822387,0.066146,0.000000,0.000000,0.000000,,-459.670013,1000.000000,,0.000000,0.000000,,,,0.047060,"UNDEFINED",0.000000,0.997566,0.000000,,,,,"","",,,,7.343547,,0.000000,,0.000000,,,0.000000,0.000000,"",,,0.000000,,-1.000000,,0.000000,0.000000,-1.000000,-1.000000,,,,,,,,,,,"",,,,,,,,,,"Volumetric",,,,,,,,,,0.000000,,,,,,,,,,0.000000,0.000000,,,,,,,,,,,,
"0BEC5FBB","Nodes",1120587.000000,1677300.750000,1313.064347,"Default Known Flow Node",69.999969,0.579999,1000.000000,0.000000,"Known Flow",0.000000,0.000000,2.16999993085665e-07,40.000000,0.579999,1000.000000,0.000000,0.000000,13.000000,0.000000,0.515373,0.579999,,,,7.339256,7.339256,,16.800279,,,,,,903.822387,0.066146,0.000000,0.000000,0.000000,,-459.670013,1000.000000,,0.000000,0.000000,,,,0.047059,"UNDEFINED",0.000000,0.997566,0.000000,,,,,"","",,,,7.339256,,0.000000,,0.000000,,,0.000000,0.000000,"",,,0.000000,,-1.000000,,0.000000,0.000000,-1.000000,-1.000000,,,,,,,,,,,"",,,,,,,,,,"Volumetric",,,,,,,,,,0.000000,,,,,,,,,,0.000000,0.000000,,,,,,,,,,,,
"0BEC5F98","Nodes",1120558.000000,1677286.620000,1313.064347,"Default Known Flow Node",69.999969,0.579999,1000.000000,0.000000,"Known Flow",0.000000,0.000000,2.16999993085665e-07,40.000000,0.579999,1000.000000,0.000000,0.000000,13.000000,0.000000,0.515373,0.579999,,,,7.345419,7.345419,,16.800279,,,,,,903.822387,0.066146,0.000000,0.000000,0.000000,,-459.670013,1000.000000,,0.000000,0.000000,,,,0.047060,"UNDEFINED",0.000000,0.997566,0.000000,,,,,"","",,,,7.345419,,0.000000,,0.000000,,,0.000000,0.000000,"",,,0.000000,,-1.000000,,0.000000,0.000000,-1.000000,-1.000000,,,,,,,,,,,"",,,,,,,,,,"Volumetric",,,,,,,,,,0.000000,,,,,,,,,,0.000000,0.000000,,,,,,,,,,,,
"0BEC5FBA","Nodes",1120592.000000,1677322.250000,1313.064347,"Default Known Flow Node",69.999969,0.579999,1000.000000,0.000000,"Known Flow",0.000000,0.000000,2.16999993085665e-07,40.000000,0.579999,1000.000000,0.000000,0.000000,13.000000,0.000000,0.515373,0.579999,,,,7.330435,7.330435,,16.800279,,,,,,903.822387,0.066146,0.000000,0.000000,0.000000,,-459.670013,1000.000000,,0.000000,0.000000,,,,0.047058,"SETFLOW",0.000000,0.997566,0.000000,,,,,"","",,,,7.330435,,0.000000,,0.000000,,,0.000000,0.000000,"",,,0.000000,,-1.000000,,0.000000,0.000000,-1.000000,-1.000000,,,,,,,,,,,"",,,,,,,,,,"Volumetric",,,,,,,,,,-0.004011,,,,,,,,,,-0.004011,-0.000096,,,,,,,,,,,,
"2FB1F9E4","Nodes",1121111.000000,1677311.620000,1313.064347,"Default Known Flow Node",69.999969,0.579999,1000.000000,0.000000,"Known Flow",0.000000,0.000000,2.16999993085665e-07,40.000000,0.579999,1000.000000,0.000000,0.000000,13.000000,0.000000,0.515374,0.579999,,,,7.501019,7.501019,,16.800279,,,,,,903.822387,0.066146,0.000000,0.000000,0.000000,,-459.670013,1000.000000,,0.000000,0.000000,,,,0.047078,"UNDEFINED",0.000000,0.997565,0.000000,,,,,"","",,,,7.501019,,0.000000,,0.000000,,,0.000000,0.000000,"",,,0.000000,,-1.000000,,0.000000,0.000000,-1.000000,-1.000000,,,,,,,,,,,"",,,,,,,,,,"Volumetric",,,,,,,,,,0.000000,,,,,,,,,,0.000000,0.000000,,,,,,,,,,,,
"0BEC5FE0","Nodes",1121299.870000,1677309.250000,1313.064347,"Default Known Flow Node",69.999969,0.579999,1000.000000,0.000000,"Known Flow",0.000000,0.000000,2.16999993085665e-07,40.000000,0.579999,1000.000000,0.000000,0.000000,13.000000,0.000000,0.515374,0.579999,,,,7.559124,7.559124,,16.800279,,,,,,903.822387,0.066146,0.000000,0.000000,0.000000,,-459.670013,1000.000000,,0.000000,0.000000,,,,0.047084,"UNDEFINED",0.000000,0.997565,0.000000,,,,,"","",,,,7.559124,,0.000000,,0.000000,,,0.000000,0.000000,"",,,0.000000,,-1.000000,,0.000000,0.000000,-1.000000,-1.000000,,,,,,,,,,,"",,,,,,,,,,"Volumetric",,,,,,,,,,0.000000,,,,,,,,,,0.000000,0.000000,,,,,,,,,,,,
"0BEC5FA6","Nodes",1121103.870000,1677311.750000,1313.064347,"Default Known Flow Node",69.999969,0.579999,1000.000000,0.000000,"Known Flow",0.000000,0.000000,2.16999993085665e-07,40.000000,0.579999,1000.000000,0.000000,0.000000,13.000000,0.000000,0.515374,0.579999,,,,7.498854,7.498854,,16.800279,,,,,,903.822387,0.066146,0.000000,0.000000,0.000000,,-459.670013,1000.000000,,0.000000,0.000000,,,,0.047078,"UNDEFINED",0.000000,0.997565,0.000000,,,,,"","",,,,7.498854,,0.000000,,0.000000,,,0.000000,0.000000,"",,,0.000000,,-1.000000,,0.000000,0.000000,-1.000000,-1.000000,,,,,,,,,,,"",,,,,,,,,,"Volumetric",,,,,,,,,,0.000000,,,,,,,,,,0.000000,0.000000,,,,,,,,,,,,
"2FB81028","Nodes",1120661.750000,1677603.750000,1313.064347,"Default Known Flow Node",69.999969,0.579999,1000.000000,0.000000,"Known Flow",0.000000,0.000000,2.16999993085665e-07,40.000000,0.579999,1000.000000,0.000000,0.000000,13.000000,0.000000,0.515372,0.579999,,,,7.257293,7.257293,,16.800279,,,,,,903.822387,0.066146,0.000000,0.000000,0.000000,,-459.670013,1000.000000,,0.000000,0.000000,,,,0.047050,"SETFLOW",0.000000,0.997567,0.000000,,,,,"","",,,,7.257293,,0.000000,,0.000000,,,0.000000,0.000000,"",,,0.000000,,-1.000000,,0.000000,0.000000,-1.000000,-1.000000,,,,,,,,,,,"",,,,,,,,,,"Volumetric",,,,,,,,,,-0.002750,,,,,,,,,,-0.002750,-0.000066,,,,,,,,,,,,
"0BEC5FC7","Nodes",1120361.870000,1677334.370000,1313.064347,"Default Known Flow Node",69.999969,0.579999,1000.000000,0.000000,"Known Flow",0.000000,0.000000,2.16999993085665e-07,40.000000,0.579999,1000.000000,0.000000,0.000000,13.000000,0.000000,0.515373,0.579999,,,,7.400700,7.400700,,16.800279,,,,,,903.822387,0.066146,0.000000,0.000000,0.000000,,-459.670013,1000.000000,,0.000000,0.000000,,,,0.047066,"SETFLOW",0.000000,0.997566,0.000000,,,,,"","",,,,7.400700,,0.000000,,0.000000,,,0.000000,0.000000,"",,,0.000000,,-1.000000,,0.000000,0.000000,-1.000000,-1.000000,,,,,,,,,,,"",,,,,,,,,,"Volumetric",,,,,,,,,,-0.003209,,,,,,,,,,-0.003209,-0.000077,,,,,,,,,,,,
"0BEC5FA7","Nodes",1121112.120000,1677345.120000,1313.064347,"Default Known Flow Node",69.999969,0.579999,1000.000000,0.000000,"Known Flow",0.000000,0.000000,2.16999993085665e-07,40.000000,0.579999,1000.000000,0.000000,0.000000,13.000000,0.000000,0.515374,0.579999,,,,7.494297,7.494297,,16.800279,,,,,,903.822387,0.066146,0.000000,0.000000,0.000000,,-459.670013,1000.000000,,0.000000,0.000000,,,,0.047077,"UNDEFINED",0.000000,0.997565,0.000000,,,,,"","",,,,7.494297,,0.000000,,0.000000,,,0.000000,0.000000,"",,,0.000000,,-1.000000,,0.000000,0.000000,-1.000000,-1.000000,,,,,,,,,,,"",,,,,,,,,,"Volumetric",,,,,,,,,,0.000000,,,,,,,,,,0.000000,0.000000,,,,,,,,,,,,
"0BEC5F99","Nodes",1120420.620000,1677353.750000,1313.064347,"Default Known Flow Node",69.999969,0.579999,1000.000000,0.000000,"Known Flow",0.000000,0.000000,2.16999993085665e-07,40.000000,0.579999,1000.000000,0.000000,0.000000,13.000000,0.000000,0.515373,0.579999,,,,7.346042,7.346042,,16.800279,,,,,,903.822387,0.066146,0.000000,0.000000,0.000000,,-459.670013,1000.000000,,0.000000,0.000000,,,,0.047060,"UNDEFINED",0.000000,0.997566,0.000000,,,,,"","",,,,7.346042,,0.000000,,0.000000,,,0.000000,0.000000,"",,,0.000000,,-1.000000,,0.000000,0.000000,-1.000000,-1.000000,,,,,,,,,,,"",,,,,,,,,,"Volumetric",,,,,,,,,,0.000000,,,,,,,,,,0.000000,0.000000,,,,,,,,,,,,
"0BEC5F9A","Nodes",1120420.620000,1677354.750000,1313.064347,"Default Known Flow Node",69.999969,0.579999,1000.000000,0.000000,"Known Flow",0.000000,0.000000,2.16999993085665e-07,40.000000,0.579999,1000.000000,0.000000,0.000000,13.000000,0.000000,0.515373,0.579999,,,,7.346042,7.346042,,16.800279,,,,,,903.822387,0.066146,0.000000,0.000000,0.000000,,-459.670013,1000.000000,,0.000000,0.000000,,,,0.047060,"UNDEFINED",0.000000,0.997566,0.000000,,,,,"","",,,,7.346042,,0.000000,,0.000000,,,0.000000,0.000000,"",,,0.000000,,-1.000000,,0.000000,0.000000,-1.000000,-1.000000,,,,,,,,,,,"",,,,,,,,,,"Volumetric",,,,,,,,,,0.000000,,,,,,,,,,0.000000,0.000000,,,,,,,,,,,,
"0BEC5F9B","Nodes",1120387.000000,1677369.870000,1313.064347,"Default Known Flow Node",69.999969,0.579999,1000.000000,0.000000,"Known Flow",0.000000,0.000000,2.16999993085665e-07,40.000000,0.579999,1000.000000,0.000000,0.000000,13.000000,0.000000,0.515373,0.579999,,,,7.346192,7.346192,,16.800279,,,,,,903.822387,0.066146,0.000000,0.000000,0.000000,,-459.670013,1000.000000,,0.000000,0.000000,,,,0.047060,"UNDEFINED",0.000000,0.997566,0.000000,,,,,"","",,,,7.346192,,0.000000,,0.000000,,,0.000000,0.000000,"",,,0.000000,,-1.000000,,0.000000,0.000000,-1.000000,-1.000000,,,,,,,,,,,"",,,,,,,,,,"Volumetric",,,,,,,,,,0.000000,,,,,,,,,,0.000000,0.000000,,,,,,,,,,,,
"0BEC5F9C","Nodes",1120343.370000,1677390.120000,1313.064347,"Default Known Flow Node",69.999969,0.579999,1000.000000,0.000000,"Known Flow",0.000000,0.000000,2.16999993085665e-07,40.000000,0.579999,1000.000000,0.000000,0.000000,13.000000,0.000000,0.515373,0.579999,,,,7.346349,7.346349,,16.800279,,,,,,903.822387,0.066146,0.000000,0.000000,0.000000,,-459.670013,1000.000000,,0.000000,0.000000,,,,0.047060,"UNDEFINED",0.000000,0.997566,0.000000,,,,,"","",,,,7.346349,,0.000000,,0.000000,,,0.000000,0.000000,"",,,0.000000,,-1.000000,,0.000000,0.000000,-1.000000,-1.000000,,,,,,,,,,,"",,,,,,,,,,"Volumetric",,,,,,,,,,0.000000,,,,,,,,,,0.000000,0.000000,,,,,,,,,,,,
"0BEC5F9F","Nodes",1120340.870000,1677385.250000,1313.064347,"Default Known Flow Node",69.999969,0.579999,1000.000000,0.000000,"Known Flow",0.000000,0.000000,2.16999993085665e-07,40.000000,0.579999,1000.000000,0.000000,0.000000,13.000000,0.000000,0.515373,0.579999,,,,7.346349,7.346349,,16.800279,,,,,,903.822387,0.066146,0.000000,0.000000,0.000000,,-459.670013,1000.000000,,0.000000,0.000000,,,,0.047060,"UNDEFINED",0.000000,0.997566,0.000000,,,,,"","",,,,7.346349,,0.000000,,0.000000,,,0.000000,0.000000,"",,,0.000000,,-1.000000,,0.000000,0.000000,-1.000000,-1.000000,,,,,,,,,,,"",,,,,,,,,,"Volumetric",,,,,,,,,,0.000000,,,,,,,,,,0.000000,0.000000,,,,,,,,,,,,
"0BEC5F9E","Nodes",1120345.370000,1677393.370000,1313.064347,"Default Known Flow Node",69.999969,0.579999,1000.000000,0.000000,"Known Flow",0.000000,0.000000,2.16999993085665e-07,40.000000,0.579999,1000.000000,0.000000,0.000000,13.000000,0.000000,0.515373,0.579999,,,,7.346349,7.346349,,16.800279,,,,,,903.822387,0.066146,0.000000,0.000000,0.000000,,-459.670013,1000.000000,,0.000000,0.000000,,,,0.047060,"UNDEFINED",0.000000,0.997566,0.000000,,,,,"","",,,,7.346349,,0.000000,,0.000000,,,0.000000,0.000000,"",,,0.000000,,-1.000000,,0.000000,0.000000,-1.000000,-1.000000,,,,,,,,,,,"",,,,,,,,,,"Volumetric",,,,,,,,,,0.000000,,,,,,,,,,0.000000,0.000000,,,,,,,,,,,,
"2FB1F873","Nodes",1120320.370000,1677401.750000,1313.064347,"Default Known Flow Node",69.999969,0.579999,1000.000000,0.000000,"Known Flow",0.000000,0.000000,2.16999993085665e-07,40.000000,0.579999,1000.000000,0.000000,0.000000,13.000000,0.000000,0.515373,0.579999,,,,7.346432,7.346432,,16.800279,,,,,,903.822387,0.066146,0.000000,0.000000,0.000000,,-459.670013,1000.000000,,0.000000,0.000000,,,,0.047060,"UNDEFINED",0.000000,0.997566,0.000000,,,,,"","",,,,7.346432,,0.000000,,0.000000,,,0.000000,0.000000,"",,,0.000000,,-1.000000,,0.000000,0.000000,-1.000000,-1.000000,,,,,,,,,,,"",,,,,,,,,,"Volumetric",,,,,,,,,,0.000000,,,,,,,,,,0.000000,0.000000,,,,,,,,,,,,
"29C9365D","Nodes",1120822.120000,1677193.000000,1313.064347,"Default Known Flow Node",69.999969,0.579999,1000.000000,0.000000,"Known Flow",0.000000,0.000000,2.16999993085665e-07,40.000000,0.579999,1000.000000,0.000000,0.000000,13.000000,0.000000,0.515373,0.579999,,,,7.401925,7.401925,,16.800279,,,,,,903.822387,0.066146,0.000000,0.000000,0.000000,,-459.670013,1000.000000,,0.000000,0.000000,,,,0.047067,"UNDEFINED",0.000000,0.997566,0.000000,,,,,"","",,,,7.401925,,0.000000,,0.000000,,,0.000000,0.000000,"",,,0.000000,,-1.000000,,0.000000,0.000000,-1.000000,-1.000000,,,,,,,,,,,"",,,,,,,,,,"Volumetric",,,,,,,,,,0.000000,,,,,,,,,,0.000000,0.000000,,,,,,,,,,,,
"0BEC5F8C","Nodes",1120873.120000,1677406.500000,1313.064347,"Default Known Flow Node",69.999969,0.579999,1000.000000,0.000000,"Known Flow",0.000000,0.000000,2.16999993085665e-07,40.000000,0.579999,1000.000000,0.000000,0.000000,13.000000,0.000000,0.515373,0.579999,,,,7.397967,7.397967,,16.800279,,,,,,903.822387,0.066146,0.000000,0.000000,0.000000,,-459.670013,1000.000000,,0.000000,0.000000,,,,0.047066,"UNDEFINED",0.000000,0.997566,0.000000,,,,,"","",,,,7.397967,,0.000000,,0.000000,,,0.000000,0.000000,"",,,0.000000,,-1.000000,,0.000000,0.000000,-1.000000,-1.000000,,,,,,,,,,,"",,,,,,,,,,"Volumetric",,,,,,,,,,0.000000,,,,,,,,,,0.000000,0.000000,,,,,,,,,,,,
"0BEC5F8D","Nodes",1120890.870000,1677481.250000,1313.064347,"Default Known Flow Node",69.999969,0.579999,1000.000000,0.000000,"Known Flow",0.000000,0.000000,2.16999993085665e-07,40.000000,0.579999,1000.000000,0.000000,0.000000,13.000000,0.000000,0.515373,0.579999,,,,7.397770,7.397770,,16.800279,,,,,,903.822387,0.066146,0.000000,0.000000,0.000000,,-459.670013,1000.000000,,0.000000,0.000000,,,,0.047066,"UNDEFINED",0.000000,0.997566,0.000000,,,,,"","",,,,7.397770,,0.000000,,0.000000,,,0.000000,0.000000,"",,,0.000000,,-1.000000,,0.000000,0.000000,-1.000000,-1.000000,,,,,,,,,,,"",,,,,,,,,,"Volumetric",,,,,,,,,,0.000000,,,,,,,,,,0.000000,0.000000,,,,,,,,,,,,
"0BEC5FC2","Nodes",1120440.500000,1677792.120000,1313.064347,"Default Known Flow Node",69.999969,0.579999,1000.000000,0.000000,"Known Flow",0.000000,0.000000,2.16999993085665e-07,40.000000,0.579999,1000.000000,0.000000,0.000000,13.000000,0.000000,0.515372,0.579999,,,,7.200387,7.200387,,16.800279,,,,,,903.822387,0.066146,0.000000,0.000000,0.000000,,-459.670013,1000.000000,,0.000000,0.000000,,,,0.047044,"SETFLOW",0.000000,0.997567,0.000000,,,,,"","",,,,7.200387,,0.000000,,0.000000,,,0.000000,0.000000,"",,,0.000000,,-1.000000,,0.000000,0.000000,-1.000000,-1.000000,,,,,,,,,,,"",,,,,,,,,,"Volumetric",,,,,,,,,,-0.007939,,,,,,,,,,-0.007939,-0.000190,,,,,,,,,,,,
"0BEC5FC3","Nodes",1120369.620000,1677491.120000,1313.064347,"Default Known Flow Node",69.999969,0.579999,1000.000000,0.000000,"Known Flow",0.000000,0.000000,2.16999993085665e-07,40.000000,0.579999,1000.000000,0.000000,0.000000,13.000000,0.000000,0.515372,0.579999,,,,7.200372,7.200372,,16.800279,,,,,,903.822387,0.066146,0.000000,0.000000,0.000000,,-459.670013,1000.000000,,0.000000,0.000000,,,,0.047044,"SETFLOW",0.000000,0.997567,0.000000,,,,,"","",,,,7.200372,,0.000000,,0.000000,,,0.000000,0.000000,"",,,0.000000,,-1.000000,,0.000000,0.000000,-1.000000,-1.000000,,,,,,,,,,,"",,,,,,,,,,"Volumetric",,,,,,,,,,-0.003209,,,,,,,,,,-0.003209,-0.000077,,,,,,,,,,,,
"2FB81027","Nodes",1120665.000000,1677617.000000,1313.064347,"Default Known Flow Node",69.999969,0.579999,1000.000000,0.000000,"Known Flow",0.000000,0.000000,2.16999993085665e-07,40.000000,0.579999,1000.000000,0.000000,0.000000,13.000000,0.000000,0.515372,0.579999,,,,7.252087,7.252087,,16.800279,,,,,,903.822387,0.066146,0.000000,0.000000,0.000000,,-459.670013,1000.000000,,0.000000,0.000000,,,,0.047049,"UNDEFINED",0.000000,0.997567,0.000000,,,,,"","",,,,7.252087,,0.000000,,0.000000,,,0.000000,0.000000,"",,,0.000000,,-1.000000,,0.000000,0.000000,-1.000000,-1.000000,,,,,,,,,,,"",,,,,,,,,,"Volumetric",,,,,,,,,,0.000000,,,,,,,,,,0.000000,0.000000,,,,,,,,,,,,
"0BEC5FB9","Nodes",1120671.620000,1677644.750000,1313.064347,"Default Known Flow Node",69.999969,0.579999,1000.000000,0.000000,"Known Flow",0.000000,0.000000,2.16999993085665e-07,40.000000,0.579999,1000.000000,0.000000,0.000000,13.000000,0.000000,0.515372,0.579999,,,,7.245280,7.245280,,16.800279,,,,,,903.822387,0.066146,0.000000,0.000000,0.000000,,-459.670013,1000.000000,,0.000000,0.000000,,,,0.047049,"UNDEFINED",0.000000,0.997567,0.000000,,,,,"","",,,,7.245280,,0.000000,,0.000000,,,0.000000,0.000000,"",,,0.000000,,-1.000000,,0.000000,0.000000,-1.000000,-1.000000,,,,,,,,,,,"",,,,,,,,,,"Volumetric",,,,,,,,,,0.000000,,,,,,,,,,0.000000,0.000000,,,,,,,,,,,,
"0BEC5FAC","Nodes",1121191.620000,1677648.250000,1313.064347,"Default Known Flow Node",69.999969,0.579999,1000.000000,0.000000,"Known Flow",0.000000,0.000000,2.16999993085665e-07,40.000000,0.579999,1000.000000,0.000000,0.000000,13.000000,0.000000,0.515374,0.579999,,,,7.451083,7.451083,,16.800279,,,,,,903.822387,0.066146,0.000000,0.000000,0.000000,,-459.670013,1000.000000,,0.000000,0.000000,,,,0.047072,"UNDEFINED",0.000000,0.997566,0.000000,,,,,"","",,,,7.451083,,0.000000,,0.000000,,,0.000000,0.000000,"",,,0.000000,,-1.000000,,0.000000,0.000000,-1.000000,-1.000000,,,,,,,,,,,"",,,,,,,,,,"Volumetric",,,,,,,,,,0.000000,,,,,,,,,,0.000000,0.000000,,,,,,,,,,,,
"2FB1F86E","Nodes",1121299.870000,1677617.870000,1313.064347,"Default Known Flow Node",69.999969,0.579999,1000.000000,0.000000,"Known Flow",0.000000,0.000000,2.16999993085665e-07,40.000000,0.579999,1000.000000,0.000000,0.000000,13.000000,0.000000,0.515373,0.579999,,,,7.406032,7.406032,,16.800279,,,,,,903.822387,0.066146,0.000000,0.000000,0.000000,,-459.670013,1000.000000,,0.000000,0.000000,,,,0.047067,"SETFLOW",0.000000,0.997566,0.000000,,,,,"","",,,,7.406032,,0.000000,,0.000000,,,0.000000,0.000000,"",,,0.000000,,-1.000000,,0.000000,0.000000,-1.000000,-1.000000,,,,,,,,,,,"",,,,,,,,,,"Volumetric",,,,,,,,,,-3.301952,,,,,,,,,,-3.301952,-0.079246,,,,,,,,,,,,
"2FB1FA02","Nodes",1120702.000000,1677766.870000,1313.064347,"Default Known Flow Node",69.999969,0.579999,1000.000000,0.000000,"Known Flow",0.000000,0.000000,2.16999993085665e-07,40.000000,0.579999,1000.000000,0.000000,0.000000,13.000000,0.000000,0.515372,0.579999,,,,7.225832,7.225832,,16.800279,,,,,,903.822387,0.066146,0.000000,0.000000,0.000000,,-459.670013,1000.000000,,0.000000,0.000000,,,,0.047046,"UNDEFINED",0.000000,0.997567,0.000000,,,,,"","",,,,7.225832,,0.000000,,0.000000,,,0.000000,0.000000,"",,,0.000000,,-1.000000,,0.000000,0.000000,-1.000000,-1.000000,,,,,,,,,,,"",,,,,,,,,,"Volumetric",,,,,,,,,,0.000000,,,,,,,,,,0.000000,0.000000,,,,,,,,,,,,
"0BEC5FB8","Nodes",1120671.620000,1677643.750000,1313.064347,"Default Known Flow Node",69.999969,0.579999,1000.000000,0.000000,"Known Flow",0.000000,0.000000,2.16999993085665e-07,40.000000,0.579999,1000.000000,0.000000,0.000000,13.000000,0.000000,0.515372,0.579999,,,,7.245280,7.245280,,16.800279,,,,,,903.822387,0.066146,0.000000,0.000000,0.000000,,-459.670013,1000.000000,,0.000000,0.000000,,,,0.047049,"SETFLOW",0.000000,0.997567,0.000000,,,,,"","",,,,7.245280,,0.000000,,0.000000,,,0.000000,0.000000,"",,,0.000000,,-1.000000,,0.000000,0.000000,-1.000000,-1.000000,,,,,,,,,,,"",,,,,,,,,,"Volumetric",,,,,,,,,,-1.924565,,,,,,,,,,-1.924565,-0.046189,,,,,,,,,,,,
"0BEC5FA8","Nodes",1121188.000000,1677646.620000,1313.064347,"Default Known Flow Node",69.999969,0.579999,1000.000000,0.000000,"Known Flow",0.000000,0.000000,2.16999993085665e-07,40.000000,0.579999,1000.000000,0.000000,0.000000,13.000000,0.000000,0.515374,0.579999,,,,7.452604,7.452604,,16.800279,,,,,,903.822387,0.066146,0.000000,0.000000,0.000000,,-459.670013,1000.000000,,0.000000,0.000000,,,,0.047072,"UNDEFINED",0.000000,0.997566,0.000000,,,,,"","",,,,7.452604,,0.000000,,0.000000,,,0.000000,0.000000,"",,,0.000000,,-1.000000,,0.000000,0.000000,-1.000000,-1.000000,,,,,,,,,,,"",,,,,,,,,,"Volumetric",,,,,,,,,,0.000000,,,,,,,,,,0.000000,0.000000,,,,,,,,,,,,
"0BEC5FAB","Nodes",1121182.250000,1677648.000000,1313.064347,"Default Known Flow Node",69.999969,0.579999,1000.000000,0.000000,"Known Flow",0.000000,0.000000,2.16999993085665e-07,40.000000,0.579999,1000.000000,0.000000,0.000000,13.000000,0.000000,0.515374,0.579999,,,,7.450801,7.450801,,16.800279,,,,,,903.822387,0.066146,0.000000,0.000000,0.000000,,-459.670013,1000.000000,,0.000000,0.000000,,,,0.047072,"UNDEFINED",0.000000,0.997566,0.000000,,,,,"","",,,,7.450801,,0.000000,,0.000000,,,0.000000,0.000000,"",,,0.000000,,-1.000000,,0.000000,0.000000,-1.000000,-1.000000,,,,,,,,,,,"",,,,,,,,,,"Volumetric",,,,,,,,,,0.000000,,,,,,,,,,0.000000,0.000000,,,,,,,,,,,,
"0BEC5FA9","Nodes",1121188.620000,1677649.000000,1313.064347,"Default Known Flow Node",69.999969,0.579999,1000.000000,0.000000,"Known Flow",0.000000,0.000000,2.16999993085665e-07,40.000000,0.579999,1000.000000,0.000000,0.000000,13.000000,0.000000,0.515374,0.579999,,,,7.452278,7.452278,,16.800279,,,,,,903.822387,0.066146,0.000000,0.000000,0.000000,,-459.670013,1000.000000,,0.000000,0.000000,,,,0.047072,"UNDEFINED",0.000000,0.997566,0.000000,,,,,"","",,,,7.452278,,0.000000,,0.000000,,,0.000000,0.000000,"",,,0.000000,,-1.000000,,0.000000,0.000000,-1.000000,-1.000000,,,,,,,,,,,"",,,,,,,,,,"Volumetric",,,,,,,,,,0.000000,,,,,,,,,,0.000000,0.000000,,,,,,,,,,,,
"0BEC5FAA","Nodes",1121189.120000,1677651.250000,1313.064347,"Default Known Flow Node",69.999969,0.579999,1000.000000,0.000000,"Known Flow",0.000000,0.000000,2.16999993085665e-07,40.000000,0.579999,1000.000000,0.000000,0.000000,13.000000,0.000000,0.515374,0.579999,,,,7.452209,7.452209,,16.800279,,,,,,903.822387,0.066146,0.000000,0.000000,0.000000,,-459.670013,1000.000000,,0.000000,0.000000,,,,0.047072,"SETFLOW",0.000000,0.997566,0.000000,,,,,"","",,,,7.452209,,0.000000,,0.000000,,,0.000000,0.000000,"",,,0.000000,,-1.000000,,0.000000,0.000000,-1.000000,-1.000000,,,,,,,,,,,"",,,,,,,,,,"Volumetric",,,,,,,,,,-2.641561,,,,,,,,,,-2.641561,-0.063397,,,,,,,,,,,,
"0BEC5F8E","Nodes",1120941.370000,1677690.870000,1313.064347,"Default Known Flow Node",69.999969,0.579999,1000.000000,0.000000,"Known Flow",0.000000,0.000000,2.16999993085665e-07,40.000000,0.579999,1000.000000,0.000000,0.000000,13.000000,0.000000,0.515373,0.579999,,,,7.378665,7.378665,,16.800279,,,,,,903.822387,0.066146,0.000000,0.000000,0.000000,,-459.670013,1000.000000,,0.000000,0.000000,,,,0.047064,"UNDEFINED",0.000000,0.997566,0.000000,,,,,"","",,,,7.378665,,0.000000,,0.000000,,,0.000000,0.000000,"",,,0.000000,,-1.000000,,0.000000,0.000000,-1.000000,-1.000000,,,,,,,,,,,"",,,,,,,,,,"Volumetric",,,,,,,,,,0.000000,,,,,,,,,,0.000000,0.000000,,,,,,,,,,,,
"0BEC5FAD","Nodes",1120945.500000,1677708.250000,1313.064347,"Default Known Flow Node",69.999969,0.579999,1000.000000,0.000000,"Known Flow",0.000000,0.000000,2.16999993085665e-07,40.000000,0.579999,1000.000000,0.000000,0.000000,13.000000,0.000000,0.515373,0.579999,,,,7.377190,7.377190,,16.800279,,,,,,903.822387,0.066146,0.000000,0.000000,0.000000,,-459.670013,1000.000000,,0.000000,0.000000,,,,0.047064,"UNDEFINED",0.000000,0.997566,0.000000,,,,,"","",,,,7.377190,,0.000000,,0.000000,,,0.000000,0.000000,"",,,0.000000,,-1.000000,,0.000000,0.000000,-1.000000,-1.000000,,,,,,,,,,,"",,,,,,,,,,"Volumetric",,,,,,,,,,0.000000,,,,,,,,,,0.000000,0.000000,,,,,,,,,,,,
"0BEC5FC6","Nodes",1120799.620000,1677745.870000,1313.064347,"Default Known Flow Node",69.999969,0.579999,1000.000000,0.000000,"Known Flow",0.000000,0.000000,2.16999993085665e-07,40.000000,0.579999,1000.000000,0.000000,0.000000,13.000000,0.000000,0.515373,0.579999,,,,7.286460,7.286460,,16.800279,,,,,,903.822387,0.066146,0.000000,0.000000,0.000000,,-459.670013,1000.000000,,0.000000,0.000000,,,,0.047053,"UNDEFINED",0.000000,0.997567,0.000000,,,,,"","",,,,7.286460,,0.000000,,0.000000,,,0.000000,0.000000,"",,,0.000000,,-1.000000,,0.000000,0.000000,-1.000000,-1.000000,,,,,,,,,,,"",,,,,,,,,,"Volumetric",,,,,,,,,,0.000000,,,,,,,,,,0.000000,0.000000,,,,,,,,,,,,
"0BEC5FC4","Nodes",1120714.500000,1677766.870000,1313.064347,"Default Known Flow Node",69.999969,0.579999,1000.000000,0.000000,"Known Flow",0.000000,0.000000,2.16999993085665e-07,40.000000,0.579999,1000.000000,0.000000,0.000000,13.000000,0.000000,0.515372,0.579999,,,,7.234266,7.234266,,16.800279,,,,,,903.822387,0.066146,0.000000,0.000000,0.000000,,-459.670013,1000.000000,,0.000000,0.000000,,,,0.047047,"UNDEFINED",0.000000,0.997567,0.000000,,,,,"","",,,,7.234266,,0.000000,,0.000000,,,0.000000,0.000000,"",,,0.000000,,-1.000000,,0.000000,0.000000,-1.000000,-1.000000,,,,,,,,,,,"",,,,,,,,,,"Volumetric",,,,,,,,,,0.000000,,,,,,,,,,0.000000,0.000000,,,,,,,,,,,,
"0BEC5FC5","Nodes",1120799.620000,1677744.870000,1313.064347,"Default Known Flow Node",69.999969,0.579999,1000.000000,0.000000,"Known Flow",0.000000,0.000000,2.16999993085665e-07,40.000000,0.579999,1000.000000,0.000000,0.000000,13.000000,0.000000,0.515373,0.579999,,,,7.286460,7.286460,,16.800279,,,,,,903.822387,0.066146,0.000000,0.000000,0.000000,,-459.670013,1000.000000,,0.000000,0.000000,,,,0.047053,"UNDEFINED",0.000000,0.997567,0.000000,,,,,"","",,,,7.286460,,0.000000,,0.000000,,,0.000000,0.000000,"",,,0.000000,,-1.000000,,0.000000,0.000000,-1.000000,-1.000000,,,,,,,,,,,"",,,,,,,,,,"Volumetric",,,,,,,,,,0.000000,,,,,,,,,,0.000000,0.000000,,,,,,,,,,,,
"0BEC5FB7","Nodes",1120702.620000,1677769.250000,1313.064347,"Default Known Flow Node",69.999969,0.579999,1000.000000,0.000000,"Known Flow",0.000000,0.000000,2.16999993085665e-07,40.000000,0.579999,1000.000000,0.000000,0.000000,13.000000,0.000000,0.515372,0.579999,,,,7.225370,7.225370,,16.800279,,,,,,903.822387,0.066146,0.000000,0.000000,0.000000,,-459.670013,1000.000000,,0.000000,0.000000,,,,0.047046,"UNDEFINED",0.000000,0.997567,0.000000,,,,,"","",,,,7.225370,,0.000000,,0.000000,,,0.000000,0.000000,"",,,0.000000,,-1.000000,,0.000000,0.000000,-1.000000,-1.000000,,,,,,,,,,,"",,,,,,,,,,"Volumetric",,,,,,,,,,0.000000,,,,,,,,,,0.000000,0.000000,,,,,,,,,,,,
"2FB1FA01","Nodes",1120703.120000,1677771.620000,1313.064347,"Default Known Flow Node",69.999969,0.579999,1000.000000,0.000000,"Known Flow",0.000000,0.000000,2.16999993085665e-07,40.000000,0.579999,1000.000000,0.000000,0.000000,13.000000,0.000000,0.515372,0.579999,,,,7.225027,7.225027,,16.800279,,,,,,903.822387,0.066146,0.000000,0.000000,0.000000,,-459.670013,1000.000000,,0.000000,0.000000,,,,0.047046,"SETFLOW",0.000000,0.997567,0.000000,,,,,"","",,,,7.225027,,0.000000,,0.000000,,,0.000000,0.000000,"",,,0.000000,,-1.000000,,0.000000,0.000000,-1.000000,-1.000000,,,,,,,,,,,"",,,,,,,,,,"Volumetric",,,,,,,,,,-0.008360,,,,,,,,,,-0.008360,-0.000200,,,,,,,,,,,,
"0BEC5FC0","Nodes",1120456.750000,1677832.500000,1313.064347,"Default Known Flow Node",69.999969,0.579999,1000.000000,0.000000,"Known Flow",0.000000,0.000000,2.16999993085665e-07,40.000000,0.579999,1000.000000,0.000000,0.000000,13.000000,0.000000,0.515372,0.579999,,,,7.202478,7.202478,,16.800279,,,,,,903.822387,0.066146,0.000000,0.000000,0.000000,,-459.670013,1000.000000,,0.000000,0.000000,,,,0.047044,"SETFLOW",0.000000,0.997567,0.000000,,,,,"","",,,,7.202478,,0.000000,,0.000000,,,0.000000,0.000000,"",,,0.000000,,-1.000000,,0.000000,0.000000,-1.000000,-1.000000,,,,,,,,,,,"",,,,,,,,,,"Volumetric",,,,,,,,,,-0.009924,,,,,,,,,,-0.009924,-0.000238,,,,,,,,,,,,
"2FB87335","Nodes",1120754.250000,1677984.620000,1313.064347,"Default Known Flow Node",69.999969,0.579999,1000.000000,0.000000,"Known Flow",0.000000,0.000000,2.16999993085665e-07,40.000000,0.579999,1000.000000,0.000000,0.000000,13.000000,0.000000,0.515372,0.579999,,,,7.187459,7.187459,,16.800279,,,,,,903.822387,0.066146,0.000000,0.000000,0.000000,,-459.670013,1000.000000,,0.000000,0.000000,,,,0.047042,"UNDEFINED",0.000000,0.997567,0.000000,,,,,"","",,,,7.187459,,0.000000,,0.000000,,,0.000000,0.000000,"",,,0.000000,,-1.000000,,0.000000,0.000000,-1.000000,-1.000000,,,,,,,,,,,"",,,,,,,,,,"Volumetric",,,,,,,,,,0.000000,,,,,,,,,,0.000000,0.000000,,,,,,,,,,,,
"2FB1B668","Nodes",1120441.120000,1677795.000000,1313.064347,"Default Known Flow Node",69.999969,0.579999,1000.000000,0.000000,"Known Flow",0.000000,0.000000,2.16999993085665e-07,40.000000,0.579999,1000.000000,0.000000,0.000000,13.000000,0.000000,0.515372,0.579999,,,,7.200387,7.200387,,16.800279,,,,,,903.822387,0.066146,0.000000,0.000000,0.000000,,-459.670013,1000.000000,,0.000000,0.000000,,,,0.047044,"UNDEFINED",0.000000,0.997567,0.000000,,,,,"","",,,,7.200387,,0.000000,,0.000000,,,0.000000,0.000000,"",,,0.000000,,-1.000000,,0.000000,0.000000,-1.000000,-1.000000,,,,,,,,,,,"",,,,,,,,,,"Volumetric",,,,,,,,,,0.000000,,,,,,,,,,0.000000,0.000000,,,,,,,,,,,,
"0BEC5FBF","Nodes",1120450.500000,1677834.370000,1313.064347,"Default Known Flow Node",69.999969,0.579999,1000.000000,0.000000,"Known Flow",0.000000,0.000000,2.16999993085665e-07,40.000000,0.579999,1000.000000,0.000000,0.000000,13.000000,0.000000,0.515372,0.579999,,,,7.200392,7.200392,,16.800279,,,,,,903.822387,0.066146,0.000000,0.000000,0.000000,,-459.670013,1000.000000,,0.000000,0.000000,,,,0.047044,"UNDEFINED",0.000000,0.997567,0.000000,,,,,"","",,,,7.200392,,0.000000,,0.000000,,,0.000000,0.000000,"",,,0.000000,,-1.000000,,0.000000,0.000000,-1.000000,-1.000000,,,,,,,,,,,"",,,,,,,,,,"Volumetric",,,,,,,,,,0.000000,,,,,,,,,,0.000000,0.000000,,,,,,,,,,,,
"0BEC5FBE","Nodes",1120446.370000,1677835.500000,1313.064347,"Default Known Flow Node",69.999969,0.579999,1000.000000,0.000000,"Known Flow",0.000000,0.000000,2.16999993085665e-07,40.000000,0.579999,1000.000000,0.000000,0.000000,13.000000,0.000000,0.515372,0.579999,,,,7.197918,7.197918,,16.800279,,,,,,903.822387,0.066146,0.000000,0.000000,0.000000,,-459.670013,1000.000000,,0.000000,0.000000,,,,0.047043,"SETFLOW",0.000000,0.997567,0.000000,,,,,"","",,,,7.197918,,0.000000,,0.000000,,,0.000000,0.000000,"",,,0.000000,,-1.000000,,0.000000,0.000000,-1.000000,-1.000000,,,,,,,,,,,"",,,,,,,,,,"Volumetric",,,,,,,,,,-0.009924,,,,,,,,,,-0.009924,-0.000238,,,,,,,,,,,,
"2FB1F86D","Nodes",1121300.000000,1677890.620000,1313.064347,"Default Known Flow Node",69.999969,0.579999,1000.000000,0.000000,"Known Flow",0.000000,0.000000,2.16999993085665e-07,40.000000,0.579999,1000.000000,0.000000,0.000000,13.000000,0.000000,0.515372,0.579999,,,,7.192601,7.192601,,16.800279,,,,,,903.822387,0.066146,0.000000,0.000000,0.000000,,-459.670013,1000.000000,,0.000000,0.000000,,,,0.047043,"UNDEFINED",0.000000,0.997567,0.000000,,,,,"","",,,,7.192601,,0.000000,,0.000000,,,0.000000,0.000000,"",,,0.000000,,-1.000000,,0.000000,0.000000,-1.000000,-1.000000,,,,,,,,,,,"",,,,,,,,,,"Volumetric",,,,,,,,,,0.000000,,,,,,,,,,0.000000,0.000000,,,,,,,,,,,,
"0BEC5FAE","Nodes",1121297.370000,1677891.250000,1313.064347,"Default Known Flow Node",69.999969,0.579999,1000.000000,0.000000,"Known Flow",0.000000,0.000000,2.16999993085665e-07,40.000000,0.579999,1000.000000,0.000000,0.000000,13.000000,0.000000,0.515372,0.579999,,,,7.190524,7.190524,,16.800279,,,,,,903.822387,0.066146,0.000000,0.000000,0.000000,,-459.670013,1000.000000,,0.000000,0.000000,,,,0.047042,"UNDEFINED",0.000000,0.997567,0.000000,,,,,"","",,,,7.190524,,0.000000,,0.000000,,,0.000000,0.000000,"",,,0.000000,,-1.000000,,0.000000,0.000000,-1.000000,-1.000000,,,,,,,,,,,"",,,,,,,,,,"Volumetric",,,,,,,,,,0.000000,,,,,,,,,,0.000000,0.000000,,,,,,,,,,,,
"0BEC5FAF","Nodes",1121253.870000,1677903.000000,1313.064347,"Default Known Flow Node",69.999969,0.579999,1000.000000,0.000000,"Known Flow",0.000000,0.000000,2.16999993085665e-07,40.000000,0.579999,1000.000000,0.000000,0.000000,13.000000,0.000000,0.515372,0.579999,,,,7.159361,7.159361,,16.800279,,,,,,903.822387,0.066146,0.000000,0.000000,0.000000,,-459.670013,1000.000000,,0.000000,0.000000,,,,0.047039,"UNDEFINED",0.000000,0.997567,0.000000,,,,,"","",,,,7.159361,,0.000000,,0.000000,,,0.000000,0.000000,"",,,0.000000,,-1.000000,,0.000000,0.000000,-1.000000,-1.000000,,,,,,,,,,,"",,,,,,,,,,"Volumetric",,,,,,,,,,0.000000,,,,,,,,,,0.000000,0.000000,,,,,,,,,,,,
"0BEC5FB2","Nodes",1121253.120000,1677900.120000,1313.064347,"Default Known Flow Node",69.999969,0.579999,1000.000000,0.000000,"Known Flow",0.000000,0.000000,2.16999993085665e-07,40.000000,0.579999,1000.000000,0.000000,0.000000,13.000000,0.000000,0.515372,0.579999,,,,7.159361,7.159361,,16.800279,,,,,,903.822387,0.066146,0.000000,0.000000,0.000000,,-459.670013,1000.000000,,0.000000,0.000000,,,,0.047039,"UNDEFINED",0.000000,0.997567,0.000000,,,,,"","",,,,7.159361,,0.000000,,0.000000,,,0.000000,0.000000,"",,,0.000000,,-1.000000,,0.000000,0.000000,-1.000000,-1.000000,,,,,,,,,,,"",,,,,,,,,,"Volumetric",,,,,,,,,,0.000000,,,,,,,,,,0.000000,0.000000,,,,,,,,,,,,
"0BEC5FE3","Nodes",1121300.000000,1678087.750000,1313.064347,"Default Known Flow Node",69.999969,0.579999,1000.000000,0.000000,"Known Flow",0.000000,0.000000,2.16999993085665e-07,40.000000,0.579999,1000.000000,0.000000,0.000000,13.000000,0.000000,0.515372,0.579999,,,,7.152433,7.152433,,16.800279,,,,,,903.822387,0.066146,0.000000,0.000000,0.000000,,-459.670013,1000.000000,,0.000000,0.000000,,,,0.047038,"UNDEFINED",0.000000,0.997568,0.000000,,,,,"","",,,,7.152433,,0.000000,,0.000000,,,0.000000,0.000000,"",,,0.000000,,-1.000000,,0.000000,0.000000,-1.000000,-1.000000,,,,,,,,,,,"",,,,,,,,,,"Volumetric",,,,,,,,,,0.000000,,,,,,,,,,0.000000,0.000000,,,,,,,,,,,,
"2FB9C4CF","Nodes",1121244.897923,1677905.507973,1313.064347,"Default Known Flow Node",69.999969,0.579999,1000.000000,0.000000,"Known Flow",0.000000,0.000000,2.16999993085665e-07,40.000000,0.579999,1000.000000,0.000000,0.000000,13.000000,0.000000,0.515372,0.579999,,,,7.155579,7.155579,,16.800279,,,,,,903.822387,0.066146,0.000000,0.000000,0.000000,,-459.670013,1000.000000,,0.000000,0.000000,,,,0.047039,"UNDEFINED",0.000000,0.997567,0.000000,,,,,"","",,,,7.155579,,0.000000,,0.000000,,,0.000000,0.000000,"",,,0.000000,,-1.000000,,0.000000,0.000000,0.000000,-1.000000,,,,,,,,,,,"",,,,,,,,,,"Volumetric",,,,,,,,,,0.000000,,,,,,,,,,0.000000,0.000000,,,,,,,,,,,,
"2FB9C4D1","Nodes",1121238.858602,1677905.297859,1313.064347,"Default Known Flow Node",69.999969,0.579999,1000.000000,0.000000,"Known Flow",0.000000,0.000000,2.16999993085665e-07,40.000000,0.579999,1000.000000,0.000000,0.000000,13.000000,0.000000,0.515372,0.579999,,,,7.154790,7.154790,,16.800279,,,,,,903.822387,0.066146,0.000000,0.000000,0.000000,,-459.670013,1000.000000,,0.000000,0.000000,,,,0.047038,"SETFLOW",0.000000,0.997567,0.000000,,,,,"","",,,,7.154790,,0.000000,,0.000000,,,0.000000,0.000000,"",,,0.000000,"V20863",-1.000000,,0.000000,0.000000,-1.000000,-1.000000,,,,,,,,,,,"",,,,,,,,,,"Volumetric",,,,,,,,,,-2.876639,,,,,,,,,,-2.876639,-0.069039,,,,,,,,,,,,
"2FB87339","Nodes",1120755.000000,1677988.370000,1313.064347,"Default Known Flow Node",69.999969,0.579999,1000.000000,0.000000,"Known Flow",0.000000,0.000000,2.16999993085665e-07,40.000000,0.579999,1000.000000,0.000000,0.000000,13.000000,0.000000,0.515372,0.579999,,,,7.186634,7.186634,,16.800279,,,,,,903.822387,0.066146,0.000000,0.000000,0.000000,,-459.670013,1000.000000,,0.000000,0.000000,,,,0.047042,"UNDEFINED",0.000000,0.997567,0.000000,,,,,"","",,,,7.186634,,0.000000,,0.000000,,,0.000000,0.000000,"",,,0.000000,,-1.000000,,0.000000,0.000000,-1.000000,-1.000000,,,,,,,,,,,"",,,,,,,,,,"Volumetric",,,,,,,,,,0.000000,,,,,,,,,,0.000000,0.000000,,,,,,,,,,,,
"0BEC5FB4","Nodes",1120764.500000,1678026.750000,1313.064347,"Default Known Flow Node",69.999969,0.579999,1000.000000,0.000000,"Known Flow",0.000000,0.000000,2.16999993085665e-07,40.000000,0.579999,1000.000000,0.000000,0.000000,13.000000,0.000000,0.515372,0.579999,,,,7.175631,7.175631,,16.800279,,,,,,903.822387,0.066146,0.000000,0.000000,0.000000,,-459.670013,1000.000000,,0.000000,0.000000,,,,0.047041,"UNDEFINED",0.000000,0.997567,0.000000,,,,,"","",,,,7.175631,,0.000000,,0.000000,,,0.000000,0.000000,"",,,0.000000,,-1.000000,,0.000000,0.000000,-1.000000,-1.000000,,,,,,,,,,,"",,,,,,,,,,"Volumetric",,,,,,,,,,0.000000,,,,,,,,,,0.000000,0.000000,,,,,,,,,,,,
"2FB87338","Nodes",1120755.000000,1677987.370000,1313.064347,"Default Known Flow Node",69.999969,0.579999,1000.000000,0.000000,"Known Flow",0.000000,0.000000,2.16999993085665e-07,40.000000,0.579999,1000.000000,0.000000,0.000000,13.000000,0.000000,0.515372,0.579999,,,,7.186634,7.186634,,16.800279,,,,,,903.822387,0.066146,0.000000,0.000000,0.000000,,-459.670013,1000.000000,,0.000000,0.000000,,,,0.047042,"UNDEFINED",0.000000,0.997567,0.000000,,,,,"","",,,,7.186634,,0.000000,,0.000000,,,0.000000,0.000000,"",,,0.000000,,-1.000000,,0.000000,0.000000,-1.000000,-1.000000,,,,,,,,,,,"",,,,,,,,,,"Volumetric",,,,,,,,,,0.000000,,,,,,,,,,0.000000,0.000000,,,,,,,,,,,,
"2FB8733D","Nodes",1120949.181797,1677981.004091,1313.064347,"Default Known Flow Node",69.999969,0.579999,1000.000000,0.000000,"Known Flow",0.000000,0.000000,2.16999993085665e-07,40.000000,0.579999,1000.000000,0.000000,0.000000,13.000000,0.000000,0.515372,0.579999,,,,7.168129,7.168129,,16.800279,,,,,,903.822387,0.066146,0.000000,0.000000,0.000000,,-459.670013,1000.000000,,0.000000,0.000000,,,,0.047040,"UNDEFINED",0.000000,0.997567,0.000000,,,,,"","",,,,7.168129,,0.000000,,0.000000,,,0.000000,0.000000,"",,,0.000000,,-1.000000,,0.000000,0.000000,-1.000000,-1.000000,,,,,,,,,,,"",,,,,,,,,,"Volumetric",,,,,,,,,,0.000000,,,,,,,,,,0.000000,0.000000,,,,,,,,,,,,
"2FB8733E","Nodes",1120772.250000,1678025.370000,1313.064347,"Default Known Flow Node",69.999969,0.579999,1000.000000,0.000000,"Known Flow",0.000000,0.000000,2.16999993085665e-07,40.000000,0.579999,1000.000000,0.000000,0.000000,13.000000,0.000000,0.515372,0.579999,,,,7.175334,7.175334,,16.800279,,,,,,903.822387,0.066146,0.000000,0.000000,0.000000,,-459.670013,1000.000000,,0.000000,0.000000,,,,0.047041,"UNDEFINED",0.000000,0.997567,0.000000,,,,,"","",,,,7.175334,,0.000000,,0.000000,,,0.000000,0.000000,"",,,0.000000,"V19152",-1.000000,,0.000000,0.000000,-1.000000,-1.000000,,,,,,,,,,,"",,,,,,,,,,"Volumetric",,,,,,,,,,0.000000,,,,,,,,,,0.000000,0.000000,,,,,,,,,,,,
"0BEC5FB3","Nodes",1120768.370000,1678026.370000,1313.064347,"Default Known Flow Node",69.999969,0.579999,1000.000000,0.000000,"Known Flow",0.000000,0.000000,2.16999993085665e-07,40.000000,0.579999,1000.000000,0.000000,0.000000,13.000000,0.000000,0.515372,0.579999,,,,7.175512,7.175512,,16.800279,,,,,,903.822387,0.066146,0.000000,0.000000,0.000000,,-459.670013,1000.000000,,0.000000,0.000000,,,,0.047041,"UNDEFINED",0.000000,0.997567,0.000000,,,,,"","",,,,7.175512,,0.000000,,0.000000,,,0.000000,0.000000,"",,,0.000000,,-1.000000,,0.000000,0.000000,-1.000000,-1.000000,,,,,,,,,,,"",,,,,,,,,,"Volumetric",,,,,,,,,,0.000000,,,,,,,,,,0.000000,0.000000,,,,,,,,,,,,
"0BEC5FB5","Nodes",1120759.870000,1678027.870000,1313.064347,"Default Known Flow Node",69.999969,0.579999,1000.000000,0.000000,"Known Flow",0.000000,0.000000,2.16999993085665e-07,40.000000,0.579999,1000.000000,0.000000,0.000000,13.000000,0.000000,0.515372,0.579999,,,,7.175392,7.175392,,16.800279,,,,,,903.822387,0.066146,0.000000,0.000000,0.000000,,-459.670013,1000.000000,,0.000000,0.000000,,,,0.047041,"UNDEFINED",0.000000,0.997567,0.000000,,,,,"","",,,,7.175392,,0.000000,,0.000000,,,0.000000,0.000000,"",,,0.000000,,-1.000000,,0.000000,0.000000,-1.000000,-1.000000,,,,,,,,,,,"",,,,,,,,,,"Volumetric",,,,,,,,,,0.000000,,,,,,,,,,0.000000,0.000000,,,,,,,,,,,,
"2FB87336","Nodes",1120749.620000,1678030.370000,1313.064347,"Default Known Flow Node",69.999969,0.579999,1000.000000,0.000000,"Known Flow",0.000000,0.000000,2.16999993085665e-07,40.000000,0.579999,1000.000000,0.000000,0.000000,13.000000,0.000000,0.515372,0.579999,,,,7.174867,7.174867,,16.800279,,,,,,903.822387,0.066146,0.000000,0.000000,0.000000,,-459.670013,1000.000000,,0.000000,0.000000,,,,0.047041,"UNDEFINED",0.000000,0.997567,0.000000,,,,,"","",,,,7.174867,,0.000000,,0.000000,,,0.000000,0.000000,"",,,0.000000,,-1.000000,,0.000000,0.000000,-1.000000,-1.000000,,,,,,,,,,,"",,,,,,,,,,"Volumetric",,,,,,,,,,0.000000,,,,,,,,,,0.000000,0.000000,,,,,,,,,,,,
"2FB8733B","Nodes",1120767.000000,1678037.250000,1313.064347,"Default Known Flow Node",69.999969,0.579999,1000.000000,0.000000,"Known Flow",0.000000,0.000000,2.16999993085665e-07,40.000000,0.579999,1000.000000,0.000000,0.000000,13.000000,0.000000,0.515372,0.579999,,,,7.174167,7.174167,,16.800279,,,,,,903.822387,0.066146,0.000000,0.000000,0.000000,,-459.670013,1000.000000,,0.000000,0.000000,,,,0.047041,"UNDEFINED",0.000000,0.997567,0.000000,,,,,"","",,,,7.174167,,0.000000,,0.000000,,,0.000000,0.000000,"",,,0.000000,,-1.000000,,0.000000,0.000000,-1.000000,-1.000000,,,,,,,,,,,"",,,,,,,,,,"Volumetric",,,,,,,,,,0.000000,,,,,,,,,,0.000000,0.000000,,,,,,,,,,,,
"2FB8733C","Nodes",1120767.000000,1678038.250000,1313.064347,"Default Known Flow Node",69.999969,0.579999,1000.000000,0.000000,"Known Flow",0.000000,0.000000,2.16999993085665e-07,40.000000,0.579999,1000.000000,0.000000,0.000000,13.000000,0.000000,0.515372,0.579999,,,,7.174167,7.174167,,16.800279,,,,,,903.822387,0.066146,0.000000,0.000000,0.000000,,-459.670013,1000.000000,,0.000000,0.000000,,,,0.047041,"UNDEFINED",0.000000,0.997567,0.000000,,,,,"","",,,,7.174167,,0.000000,,0.000000,,,0.000000,0.000000,"",,,0.000000,,-1.000000,,0.000000,0.000000,-1.000000,-1.000000,,,,,,,,,,,"",,,,,,,,,,"Volumetric",,,,,,,,,,0.000000,,,,,,,,,,0.000000,0.000000,,,,,,,,,,,,
"2FB8733A","Nodes",1120767.870000,1678041.750000,1313.064347,"Default Known Flow Node",69.999969,0.579999,1000.000000,0.000000,"Known Flow",0.000000,0.000000,2.16999993085665e-07,40.000000,0.579999,1000.000000,0.000000,0.000000,13.000000,0.000000,0.515372,0.579999,,,,7.173844,7.173844,,16.800279,,,,,,903.822387,0.066146,0.000000,0.000000,0.000000,,-459.670013,1000.000000,,0.000000,0.000000,,,,0.047041,"UNDEFINED",0.000000,0.997567,0.000000,,,,,"","",,,,7.173844,,0.000000,,0.000000,,,0.000000,0.000000,"",,,0.000000,,-1.000000,,0.000000,0.000000,-1.000000,-1.000000,,,,,,,,,,,"",,,,,,,,,,"Volumetric",,,,,,,,,,0.000000,,,,,,,,,,0.000000,0.000000,,,,,,,,,,,,
"2FB87337","Nodes",1120749.620000,1678031.370000,1313.064347,"Default Known Flow Node",69.999969,0.579999,1000.000000,0.000000,"Known Flow",0.000000,0.000000,2.16999993085665e-07,40.000000,0.579999,1000.000000,0.000000,0.000000,13.000000,0.000000,0.515372,0.579999,,,,7.174867,7.174867,,16.800279,,,,,,903.822387,0.066146,0.000000,0.000000,0.000000,,-459.670013,1000.000000,,0.000000,0.000000,,,,0.047041,"UNDEFINED",0.000000,0.997567,0.000000,,,,,"","",,,,7.174867,,0.000000,,0.000000,,,0.000000,0.000000,"",,,0.000000,,-1.000000,,0.000000,0.000000,-1.000000,-1.000000,,,,,,,,,,,"",,,,,,,,,,"Volumetric",,,,,,,,,,0.000000,,,,,,,,,,0.000000,0.000000,,,,,,,,,,,,
"2FB87334","Nodes",1120596.750000,1678068.750000,1313.064347,"Default Known Flow Node",69.999969,0.579999,1000.000000,0.000000,"Known Flow",0.000000,0.000000,2.16999993085665e-07,40.000000,0.579999,1000.000000,0.000000,0.000000,13.000000,0.000000,0.515372,0.579999,,,,7.167366,7.167366,,16.800279,,,,,,903.822387,0.066146,0.000000,0.000000,0.000000,,-459.670013,1000.000000,,0.000000,0.000000,,,,0.047040,"SETFLOW",0.000000,0.997567,0.000000,,,,,"","",,,,7.167366,,0.000000,,0.000000,,,0.000000,0.000000,"",,,0.000000,,-1.000000,,0.000000,0.000000,-1.000000,-1.000000,,,,,,,,,,,"",,,,,,,,,,"Volumetric",,,,,,,,,,-0.999328,,,,,,,,,,-0.999328,-0.023983,,,,,,,,,,,,
"2FB8A287","Nodes",1120775.000000,1678071.250000,1313.064347,"Default Known Flow Node",69.999969,0.579999,1000.000000,0.000000,"Known Flow",0.000000,0.000000,2.16999993085665e-07,40.000000,0.579999,1000.000000,0.000000,0.000000,13.000000,0.000000,0.515372,0.579999,,,,7.169852,7.169852,,16.800279,,,,,,903.822387,0.066146,0.000000,0.000000,0.000000,,-459.670013,1000.000000,,0.000000,0.000000,,,,0.047040,"SETFLOW",0.000000,0.997567,0.000000,,,,,"","",,,,7.169852,,0.000000,,0.000000,,,0.000000,0.000000,"",,,0.000000,,-1.000000,,0.000000,0.000000,-1.000000,-1.000000,,,,,,,,,,,"",,,,,,,,,,"Volumetric",,,,,,,,,,-0.009554,,,,,,,,,,-0.009554,-0.000229,,,,,,,,,,,,
"2FB8DCF8","Nodes",1120163.120000,1678178.250000,1313.064347,"Default Known Flow Node",69.999969,0.579999,1000.000000,0.000000,"Known Flow",0.000000,0.000000,2.16999993085665e-07,40.000000,0.579999,1000.000000,0.000000,0.000000,13.000000,0.000000,0.515372,0.579999,,,,7.166373,7.166373,,16.800279,,,,,,903.822387,0.066146,0.000000,0.000000,0.000000,,-459.670013,1000.000000,,0.000000,0.000000,,,,0.047040,"SETFLOW",0.000000,0.997567,0.000000,,,,,"","",,,,7.166373,,0.000000,,0.000000,,,0.000000,0.000000,"",,,0.000000,,-1.000000,,0.000000,0.000000,-1.000000,-1.000000,,,,,,,,,,,"",,,,,,,,,,"Volumetric",,,,,,,,,,-0.118096,,,,,,,,,,-0.118096,-0.002834,,,,,,,,,,,,
"0BEC5FE6","Nodes",1120829.120000,1678280.000000,1313.064347,"Default Known Flow Node",69.999969,0.579999,1000.000000,0.000000,"Known Flow",0.000000,0.000000,2.16999993085665e-07,40.000000,0.579999,1000.000000,0.000000,0.000000,13.000000,0.000000,0.515372,0.579999,,,,7.152627,7.152627,,16.800279,,,,,,903.822387,0.066146,0.000000,0.000000,0.000000,,-459.670013,1000.000000,,0.000000,0.000000,,,,0.047038,"SETFLOW",0.000000,0.997568,0.000000,,,,,"","",,,,7.152627,,0.000000,,0.000000,,,0.000000,0.000000,"",,,0.000000,,-1.000000,,0.000000,0.000000,-1.000000,-1.000000,,,,,,,,,,,"",,,,,,,,,,"Volumetric",,,,,,,,,,-0.010032,,,,,,,,,,-0.010032,-0.000240,,,,,,,,,,,,
"0BEC5FB6","Nodes",1120866.059450,1678271.355585,1313.064347,"Default Known Flow Node",69.999969,0.579999,1000.000000,0.000000,"Known Flow",0.000000,0.000000,2.16999993085665e-07,40.000000,0.579999,1000.000000,0.000000,0.000000,13.000000,0.000000,0.515372,0.579999,,,,7.152204,7.152204,,16.800279,,,,,,903.822387,0.066146,0.000000,0.000000,0.000000,,-459.670013,1000.000000,,0.000000,0.000000,,,,0.047038,"UNDEFINED",0.000000,0.997568,0.000000,,,,,"","",,,,7.152204,,0.000000,,0.000000,,,0.000000,0.000000,"",,,0.000000,,-1.000000,,0.000000,0.000000,0.000000,-1.000000,,,,,,,,,,,"",,,,,,,,,,"Volumetric",,,,,,,,,,0.000000,,,,,,,,,,0.000000,0.000000,,,,,,,,,,,,
"2FB1F86C","Nodes",1121306.661988,1678166.843430,1313.064347,"Default Known Flow Node",69.999969,0.579999,1000.000000,0.000000,"Known Flow",0.000000,0.000000,2.16999993085665e-07,40.000000,0.579999,1000.000000,0.000000,0.000000,13.000000,0.000000,0.515372,0.579999,,,,7.150557,7.150557,,16.800279,,,,,,903.822387,0.066146,0.000000,0.000000,0.000000,,-459.670013,1000.000000,,0.000000,0.000000,,,,0.047038,"UNDEFINED",0.000000,0.997568,0.000000,,,,,"","",,,,7.150557,,0.000000,,0.000000,,,0.000000,0.000000,"",,,0.000000,,-1.000000,,0.000000,0.000000,0.000000,-1.000000,,,,,,,,,,,"",,,,,,,,,,"Volumetric",,,,,,,,,,0.000000,,,,,,,,,,0.000000,0.000000,,,,,,,,,,,,
"2FBC2384","Nodes",1121298.431129,1678165.652605,1313.064347,"Default Known Flow Node",69.999969,0.579999,1000.000000,0.000000,"Known Flow",0.000000,0.000000,2.16999993085665e-07,40.000000,0.579999,1000.000000,0.000000,0.000000,13.000000,0.000000,0.515372,0.579999,,,,7.150588,7.150588,,16.800279,,,,,,903.822387,0.066146,0.000000,0.000000,0.000000,,-459.670013,1000.000000,,0.000000,0.000000,,,,0.047038,"SETFLOW",0.000000,0.997568,0.000000,,,,,"","",,,,7.150588,,0.000000,,0.000000,,,0.000000,0.000000,"",,,0.000000,"V55508",-1.000000,,0.000000,0.000000,-1.000000,-1.000000,,,,,,,,,,,"",,,,,,,,,,"Volumetric",,,,,,,,,,-0.009753,,,,,,,,,,-0.009753,-0.000234,,,,,,,,,,,,
"2FB1C510","Nodes",1120828.620000,1678286.000000,1313.064347,"Default Known Flow Node",69.999969,0.579999,1000.000000,0.000000,"Known Flow",0.000000,0.000000,2.16999993085665e-07,40.000000,0.579999,1000.000000,0.000000,0.000000,13.000000,0.000000,0.515372,0.579999,,,,7.151060,7.151060,,16.800279,,,,,,903.822387,0.066146,0.000000,0.000000,0.000000,,-459.670013,1000.000000,,0.000000,0.000000,,,,0.047038,"UNDEFINED",0.000000,0.997568,0.000000,,,,,"","",,,,7.151060,,0.000000,,0.000000,,,0.000000,0.000000,"",,,0.000000,,-1.000000,,0.000000,0.000000,-1.000000,-1.000000,,,,,,,,,,,"",,,,,,,,,,"Volumetric",,,,,,,,,,0.000000,,,,,,,,,,0.000000,0.000000,,,,,,,,,,,,
"2FB1C511","Nodes",1120830.000000,1678291.620000,1313.064347,"Default Known Flow Node",69.999969,0.579999,1000.000000,0.000000,"Known Flow",0.000000,0.000000,2.16999993085665e-07,40.000000,0.579999,1000.000000,0.000000,0.000000,13.000000,0.000000,0.515372,0.579999,,,,7.149378,7.149378,,16.800279,,,,,,903.822387,0.066146,0.000000,0.000000,0.000000,,-459.670013,1000.000000,,0.000000,0.000000,,,,0.047038,"UNDEFINED",0.000000,0.997568,0.000000,,,,,"","",,,,7.149378,,0.000000,,0.000000,,,0.000000,0.000000,"",,,0.000000,,-1.000000,,0.000000,0.000000,-1.000000,-1.000000,,,,,,,,,,,"",,,,,,,,,,"Volumetric",,,,,,,,,,0.000000,,,,,,,,,,0.000000,0.000000,,,,,,,,,,,,
"2FB90942","Nodes",1120843.620000,1678348.250000,1313.064347,"Default Known Flow Node",69.999969,0.579999,1000.000000,0.000000,"Known Flow",0.000000,0.000000,2.16999993085665e-07,40.000000,0.579999,1000.000000,0.000000,0.000000,13.000000,0.000000,0.515372,0.579999,,,,7.145178,7.145178,,16.800279,,,,,,903.822387,0.066146,0.000000,0.000000,0.000000,,-459.670013,1000.000000,,0.000000,0.000000,,,,0.047037,"SETFLOW",0.000000,0.997568,0.000000,,,,,"","",,,,7.145178,,0.000000,,0.000000,,,0.000000,0.000000,"",,,0.000000,,-1.000000,,0.000000,0.000000,-1.000000,-1.000000,,,,,,,,,,,"",,,,,,,,,,"Volumetric",,,,,,,,,,-0.012540,,,,,,,,,,-0.012540,-0.000300,,,,,,,,,,,,
"2FB90943","Nodes",1120852.370000,1678387.250000,1313.064347,"Default Known Flow Node",69.999969,0.579999,1000.000000,0.000000,"Known Flow",0.000000,0.000000,2.16999993085665e-07,40.000000,0.579999,1000.000000,0.000000,0.000000,13.000000,0.000000,0.515372,0.579999,,,,7.140540,7.140540,,16.800279,,,,,,903.822387,0.066146,0.000000,0.000000,0.000000,,-459.670013,1000.000000,,0.000000,0.000000,,,,0.047037,"UNDEFINED",0.000000,0.997568,0.000000,,,,,"","",,,,7.140540,,0.000000,,0.000000,,,0.000000,0.000000,"",,,0.000000,,-1.000000,,0.000000,0.000000,-1.000000,-1.000000,,,,,,,,,,,"",,,,,,,,,,"Volumetric",,,,,,,,,,0.000000,,,,,,,,,,0.000000,0.000000,,,,,,,,,,,,
"2FB1C50E","Nodes",1120879.370000,1678496.870000,1313.064347,"Default Known Flow Node",69.999969,0.579999,1000.000000,0.000000,"Known Flow",0.000000,0.000000,2.16999993085665e-07,40.000000,0.579999,1000.000000,0.000000,0.000000,13.000000,0.000000,0.515372,0.579999,,,,7.132474,7.132474,,16.800279,,,,,,903.822387,0.066146,0.000000,0.000000,0.000000,,-459.670013,1000.000000,,0.000000,0.000000,,,,0.047036,"UNDEFINED",0.000000,0.997568,0.000000,,,,,"","",,,,7.132474,,0.000000,,0.000000,,,0.000000,0.000000,"",,,0.000000,,-1.000000,,0.000000,0.000000,-1.000000,-1.000000,,,,,,,,,,,"",,,,,,,,,,"Volumetric",,,,,,,,,,0.000000,,,,,,,,,,0.000000,0.000000,,,,,,,,,,,,
"2FB1C50C","Nodes",1120888.750000,1678537.250000,1313.064347,"Default Known Flow Node",69.999969,0.579999,1000.000000,0.000000,"Known Flow",0.000000,0.000000,2.16999993085665e-07,40.000000,0.579999,1000.000000,0.000000,0.000000,13.000000,0.000000,0.515372,0.579999,,,,7.113388,7.113388,,16.800279,,,,,,903.822387,0.066146,0.000000,0.000000,0.000000,,-459.670013,1000.000000,,0.000000,0.000000,,,,0.047034,"UNDEFINED",0.000000,0.997568,0.000000,,,,,"","",,,,7.113388,,0.000000,,0.000000,,,0.000000,0.000000,"",,,0.000000,,-1.000000,,0.000000,0.000000,-1.000000,-1.000000,,,,,,,,,,,"",,,,,,,,,,"Volumetric",,,,,,,,,,0.000000,,,,,,,,,,0.000000,0.000000,,,,,,,,,,,,
"2FB25E07","Nodes",1120944.870000,1678520.250000,1313.064347,"Default Known Flow Node",69.999969,0.579999,1000.000000,0.000000,"Known Flow",0.000000,0.000000,2.16999993085665e-07,40.000000,0.579999,1000.000000,0.000000,0.000000,13.000000,0.000000,0.515372,0.579999,,,,7.114252,7.114252,,16.800279,,,,,,903.822387,0.066146,0.000000,0.000000,0.000000,,-459.670013,1000.000000,,0.000000,0.000000,,,,0.047034,"SETFLOW",0.000000,0.997568,0.000000,,,,,"","",,,,7.114252,,0.000000,,0.000000,,,0.000000,0.000000,"",,,0.000000,,-1.000000,,0.000000,0.000000,-1.000000,-1.000000,,,,,,,,,,,"",,,,,,,,,,"Volumetric",,,,,,,,,,-0.015850,,,,,,,,,,-0.015850,-0.000380,,,,,,,,,,,,
"2FB1C50D","Nodes",1120883.620000,1678532.620000,1313.064347,"Default Known Flow Node",69.999969,0.579999,1000.000000,0.000000,"Known Flow",0.000000,0.000000,2.16999993085665e-07,40.000000,0.579999,1000.000000,0.000000,0.000000,13.000000,0.000000,0.515372,0.579999,,,,7.115810,7.115810,,16.800279,,,,,,903.822387,0.066146,0.000000,0.000000,0.000000,,-459.670013,1000.000000,,0.000000,0.000000,,,,0.047034,"UNDEFINED",0.000000,0.997568,0.000000,,,,,"","",,,,7.115810,,0.000000,,0.000000,,,0.000000,0.000000,"",,,0.000000,,-1.000000,,0.000000,0.000000,-1.000000,-1.000000,,,,,,,,,,,"",,,,,,,,,,"Volumetric",,,,,,,,,,0.000000,,,,,,,,,,0.000000,0.000000,,,,,,,,,,,,
"2FB1C50F","Nodes",1120847.620000,1678541.120000,1313.064347,"Default Known Flow Node",69.999969,0.579999,1000.000000,0.000000,"Known Flow",0.000000,0.000000,2.16999993085665e-07,40.000000,0.579999,1000.000000,0.000000,0.000000,13.000000,0.000000,0.515372,0.579999,,,,7.114687,7.114687,,16.800279,,,,,,903.822387,0.066146,0.000000,0.000000,0.000000,,-459.670013,1000.000000,,0.000000,0.000000,,,,0.047034,"SETFLOW",0.000000,0.997568,0.000000,,,,,"","",,,,7.114687,,0.000000,,0.000000,,,0.000000,0.000000,"",,,0.000000,,-1.000000,,0.000000,0.000000,-1.000000,-1.000000,,,,,,,,,,,"",,,,,,,,,,"Volumetric",,,,,,,,,,-0.015850,,,,,,,,,,-0.015850,-0.000380,,,,,,,,,,,,
"2FB1C512","Nodes",1120614.870000,1678596.620000,1313.064347,"Default Known Flow Node",69.999969,0.579999,1000.000000,0.000000,"Known Flow",0.000000,0.000000,2.16999993085665e-07,40.000000,0.579999,1000.000000,0.000000,0.000000,13.000000,0.000000,0.515372,0.579999,,,,7.082266,7.082266,,16.800279,,,,,,903.822387,0.066147,0.000000,0.000000,0.000000,,-459.670013,1000.000000,,0.000000,0.000000,,,,0.047030,"UNDEFINED",0.000000,0.997568,0.000000,,,,,"","",,,,7.082266,,0.000000,,0.000000,,,0.000000,0.000000,"",,,0.000000,,-1.000000,,0.000000,0.000000,-1.000000,-1.000000,,,,,,,,,,,"",,,,,,,,,,"Volumetric",,,,,,,,,,0.000000,,,,,,,,,,0.000000,0.000000,,,,,,,,,,,,
"2FB1C516","Nodes",1120893.750000,1678557.370000,1313.064347,"Default Known Flow Node",69.999969,0.579999,1000.000000,0.000000,"Known Flow",0.000000,0.000000,2.16999993085665e-07,40.000000,0.579999,1000.000000,0.000000,0.000000,13.000000,0.000000,0.515372,0.579999,,,,7.105614,7.105614,,16.800279,,,,,,903.822387,0.066147,0.000000,0.000000,0.000000,,-459.670013,1000.000000,,0.000000,0.000000,,,,0.047033,"SETFLOW",0.000000,0.997568,0.000000,,,,,"","",,,,7.105614,,0.000000,,0.000000,,,0.000000,0.000000,"",,,0.000000,,-1.000000,,0.000000,0.000000,-1.000000,-1.000000,,,,,,,,,,,"",,,,,,,,,,"Volumetric",,,,,,,,,,-1.956062,,,,,,,,,,-1.956062,-0.046945,,,,,,,,,,,,
"0BEC49AF","Nodes",1121493.000000,1667794.620000,1313.064347,"Default Known Flow Node",69.999969,0.579999,1000.000000,0.000000,"Known Flow",0.000000,0.000000,2.16999993085665e-07,40.000000,0.579999,1000.000000,0.000000,0.000000,13.000000,0.000000,0.515381,0.579999,,,,8.748552,8.748552,,16.800279,,,,,,903.822387,0.066145,0.000000,0.000000,0.000000,,-459.670013,1000.000000,,0.000000,0.000000,,,,0.047219,"SETFLOW",0.000000,0.997558,0.000000,,,,,"","",,,,8.748552,,0.000000,,0.000000,,,0.000000,0.000000,"",,,0.000000,,-1.000000,,0.000000,0.000000,-1.000000,-1.000000,,,,,,,,,,,"",,,,,,,,,,"Volumetric",,,,,,,,,,-0.019000,,,,,,,,,,-0.019000,-0.000456,,,,,,,,,,,,
"0BEC49BC","Nodes",1121848.870000,1667815.000000,1313.064347,"Default Known Flow Node",69.999969,0.579999,1000.000000,0.000000,"Known Flow",0.000000,0.000000,2.16999993085665e-07,40.000000,0.579999,1000.000000,0.000000,0.000000,13.000000,0.000000,0.515380,0.579999,,,,8.691684,8.691684,,16.800279,,,,,,903.822387,0.066145,0.000000,0.000000,0.000000,,-459.670013,1000.000000,,0.000000,0.000000,,,,0.047213,"SETFLOW",0.000000,0.997558,0.000000,,,,,"","",,,,8.691684,,0.000000,,0.000000,,,0.000000,0.000000,"",,,0.000000,,-1.000000,,0.000000,0.000000,-1.000000,-1.000000,,,,,,,,,,,"",,,,,,,,,,"Volumetric",,,,,,,,,,-0.055691,,,,,,,,,,-0.055691,-0.001336,,,,,,,,,,,,
"0BEC49BD","Nodes",1121841.500000,1667638.870000,1313.064347,"Default Known Flow Node",69.999969,0.579999,1000.000000,0.000000,"Known Flow",0.000000,0.000000,2.16999993085665e-07,40.000000,0.579999,1000.000000,0.000000,0.000000,13.000000,0.000000,0.515380,0.579999,,,,8.691674,8.691674,,16.800279,,,,,,903.822387,0.066145,0.000000,0.000000,0.000000,,-459.670013,1000.000000,,0.000000,0.000000,,,,0.047213,"SETFLOW",0.000000,0.997558,0.000000,,,,,"","",,,,8.691674,,0.000000,,0.000000,,,0.000000,0.000000,"",,,0.000000,,-1.000000,,0.000000,0.000000,-1.000000,-1.000000,,,,,,,,,,,"",,,,,,,,,,"Volumetric",,,,,,,,,,-0.019000,,,,,,,,,,-0.019000,-0.000456,,,,,,,,,,,,
"0BEC49A9","Nodes",1121505.750000,1667653.000000,1313.064347,"Default Known Flow Node",69.999969,0.579999,1000.000000,0.000000,"Known Flow",0.000000,0.000000,2.16999993085665e-07,40.000000,0.579999,1000.000000,0.000000,0.000000,13.000000,0.000000,0.515380,0.579999,,,,8.676866,8.676866,,16.800279,,,,,,903.822387,0.066145,0.000000,0.000000,0.000000,,-459.670013,1000.000000,,0.000000,0.000000,,,,0.047211,"SETFLOW",0.000000,0.997559,0.000000,,,,,"","",,,,8.676866,,0.000000,,0.000000,,,0.000000,0.000000,"",,,0.000000,,-1.000000,,0.000000,0.000000,-1.000000,-1.000000,,,,,,,,,,,"",,,,,,,,,,"Volumetric",,,,,,,,,,-0.226043,,,,,,,,,,-0.226043,-0.005425,,,,,,,,,,,,
"0BEC49AA","Nodes",1121505.500000,1667657.250000,1313.064347,"Default Known Flow Node",69.999969,0.579999,1000.000000,0.000000,"Known Flow",0.000000,0.000000,2.16999993085665e-07,40.000000,0.579999,1000.000000,0.000000,0.000000,13.000000,0.000000,0.515380,0.579999,,,,8.676866,8.676866,,16.800279,,,,,,903.822387,0.066145,0.000000,0.000000,0.000000,,-459.670013,1000.000000,,0.000000,0.000000,,,,0.047211,"UNDEFINED",0.000000,0.997559,0.000000,,,,,"","",,,,8.676866,,0.000000,,0.000000,,,0.000000,0.000000,"",,,0.000000,,-1.000000,,0.000000,0.000000,-1.000000,-1.000000,,,,,,,,,,,"",,,,,,,,,,"Volumetric",,,,,,,,,,0.000000,,,,,,,,,,0.000000,0.000000,,,,,,,,,,,,
"0BEC49DF","Nodes",1122243.250000,1667789.250000,1313.064347,"Default Known Flow Node",69.999969,0.579999,1000.000000,0.000000,"Known Flow",0.000000,0.000000,2.16999993085665e-07,40.000000,0.579999,1000.000000,0.000000,0.000000,13.000000,0.000000,0.515380,0.579999,,,,8.690426,8.690426,,16.800279,,,,,,903.822387,0.066145,0.000000,0.000000,0.000000,,-459.670013,1000.000000,,0.000000,0.000000,,,,0.047213,"SETFLOW",0.000000,0.997558,0.000000,,,,,"","",,,,8.690426,,0.000000,,0.000000,,,0.000000,0.000000,"",,,0.000000,,-1.000000,,0.000000,0.000000,-1.000000,-1.000000,,,,,,,,,,,"",,,,,,,,,,"Volumetric",,,,,,,,,,-0.019655,,,,,,,,,,-0.019655,-0.000471,,,,,,,,,,,,
"0BEC49E1","Nodes",1122243.000000,1667784.750000,1313.064347,"Default Known Flow Node",69.999969,0.579999,1000.000000,0.000000,"Known Flow",0.000000,0.000000,2.16999993085665e-07,40.000000,0.579999,1000.000000,0.000000,0.000000,13.000000,0.000000,0.515380,0.579999,,,,8.690426,8.690426,,16.800279,,,,,,903.822387,0.066145,0.000000,0.000000,0.000000,,-459.670013,1000.000000,,0.000000,0.000000,,,,0.047213,"UNDEFINED",0.000000,0.997558,0.000000,,,,,"","",,,,8.690426,,0.000000,,0.000000,,,0.000000,0.000000,"",,,0.000000,,-1.000000,,0.000000,0.000000,-1.000000,-1.000000,,,,,,,,,,,"",,,,,,,,,,"Volumetric",,,,,,,,,,0.000000,,,,,,,,,,0.000000,0.000000,,,,,,,,,,,,
"2FB2083E","Nodes",1122159.120000,1667795.120000,1313.064347,"Default Known Flow Node",69.999969,0.579999,1000.000000,0.000000,"Known Flow",0.000000,0.000000,2.16999993085665e-07,40.000000,0.579999,1000.000000,0.000000,0.000000,13.000000,0.000000,0.515380,0.579999,,,,8.690558,8.690558,,16.800279,,,,,,903.822387,0.066145,0.000000,0.000000,0.000000,,-459.670013,1000.000000,,0.000000,0.000000,,,,0.047213,"UNDEFINED",0.000000,0.997558,0.000000,,,,,"","",,,,8.690558,,0.000000,,0.000000,,,0.000000,0.000000,"",,,0.000000,,-1.000000,,0.000000,0.000000,-1.000000,-1.000000,,,,,,,,,,,"",,,,,,,,,,"Volumetric",,,,,,,,,,0.000000,,,,,,,,,,0.000000,0.000000,,,,,,,,,,,,
"0BEC49AD","Nodes",1121493.000000,1667801.870000,1313.064347,"Default Known Flow Node",69.999969,0.579999,1000.000000,0.000000,"Known Flow",0.000000,0.000000,2.16999993085665e-07,40.000000,0.579999,1000.000000,0.000000,0.000000,13.000000,0.000000,0.515381,0.579999,,,,8.748027,8.748027,,16.800279,,,,,,903.822387,0.066145,0.000000,0.000000,0.000000,,-459.670013,1000.000000,,0.000000,0.000000,,,,0.047219,"SETFLOW",0.000000,0.997558,0.000000,,,,,"","",,,,8.748027,,0.000000,,0.000000,,,0.000000,0.000000,"",,,0.000000,,-1.000000,,0.000000,0.000000,-1.000000,-1.000000,,,,,,,,,,,"",,,,,,,,,,"Volumetric",,,,,,,,,,-0.144143,,,,,,,,,,-0.144143,-0.003459,,,,,,,,,,,,
"2FB2083F","Nodes",1122151.120000,1667795.620000,1313.064347,"Default Known Flow Node",69.999969,0.579999,1000.000000,0.000000,"Known Flow",0.000000,0.000000,2.16999993085665e-07,40.000000,0.579999,1000.000000,0.000000,0.000000,13.000000,0.000000,0.515380,0.579999,,,,8.690575,8.690575,,16.800279,,,,,,903.822387,0.066145,0.000000,0.000000,0.000000,,-459.670013,1000.000000,,0.000000,0.000000,,,,0.047213,"SETFLOW",0.000000,0.997558,0.000000,,,,,"","",,,,8.690575,,0.000000,,0.000000,,,0.000000,0.000000,"",,,0.000000,,-1.000000,,0.000000,0.000000,-1.000000,-1.000000,,,,,,,,,,,"",,,,,,,,,,"Volumetric",,,,,,,,,,-0.019655,,,,,,,,,,-0.019655,-0.000471,,,,,,,,,,,,
"0BEC49DE","Nodes",1122072.120000,1667797.000000,1313.064347,"Default Known Flow Node",69.999969,0.579999,1000.000000,0.000000,"Known Flow",0.000000,0.000000,2.16999993085665e-07,40.000000,0.579999,1000.000000,0.000000,0.000000,13.000000,0.000000,0.515380,0.579999,,,,8.690769,8.690769,,16.800279,,,,,,903.822387,0.066145,0.000000,0.000000,0.000000,,-459.670013,1000.000000,,0.000000,0.000000,,,,0.047213,"SETFLOW",0.000000,0.997558,0.000000,,,,,"","",,,,8.690769,,0.000000,,0.000000,,,0.000000,0.000000,"",,,0.000000,,-1.000000,,0.000000,0.000000,-1.000000,-1.000000,,,,,,,,,,,"",,,,,,,,,,"Volumetric",,,,,,,,,,-0.032759,,,,,,,,,,-0.032759,-0.000786,,,,,,,,,,,,
"0BEC49DD","Nodes",1121899.750000,1667808.870000,1313.064347,"Default Known Flow Node",69.999969,0.579999,1000.000000,0.000000,"Known Flow",0.000000,0.000000,2.16999993085665e-07,40.000000,0.579999,1000.000000,0.000000,0.000000,13.000000,0.000000,0.515380,0.579999,,,,8.691452,8.691452,,16.800279,,,,,,903.822387,0.066145,0.000000,0.000000,0.000000,,-459.670013,1000.000000,,0.000000,0.000000,,,,0.047213,"SETFLOW",0.000000,0.997558,0.000000,,,,,"","",,,,8.691452,,0.000000,,0.000000,,,0.000000,0.000000,"",,,0.000000,,-1.000000,,0.000000,0.000000,-1.000000,-1.000000,,,,,,,,,,,"",,,,,,,,,,"Volumetric",,,,,,,,,,-0.009827,,,,,,,,,,-0.009827,-0.000235,,,,,,,,,,,,
"0BEC49DC","Nodes",1121896.120000,1667809.120000,1313.064347,"Default Known Flow Node",69.999969,0.579999,1000.000000,0.000000,"Known Flow",0.000000,0.000000,2.16999993085665e-07,40.000000,0.579999,1000.000000,0.000000,0.000000,13.000000,0.000000,0.515380,0.579999,,,,8.691469,8.691469,,16.800279,,,,,,903.822387,0.066145,0.000000,0.000000,0.000000,,-459.670013,1000.000000,,0.000000,0.000000,,,,0.047213,"UNDEFINED",0.000000,0.997558,0.000000,,,,,"","",,,,8.691469,,0.000000,,0.000000,,,0.000000,0.000000,"",,,0.000000,,-1.000000,,0.000000,0.000000,-1.000000,-1.000000,,,,,,,,,,,"",,,,,,,,,,"Volumetric",,,,,,,,,,0.000000,,,,,,,,,,0.000000,0.000000,,,,,,,,,,,,
"0BEC49EF","Nodes",1121899.620000,1667805.000000,1313.064347,"Default Known Flow Node",69.999969,0.579999,1000.000000,0.000000,"Known Flow",0.000000,0.000000,2.16999993085665e-07,40.000000,0.579999,1000.000000,0.000000,0.000000,13.000000,0.000000,0.515380,0.579999,,,,8.691456,8.691456,,16.800279,,,,,,903.822387,0.066145,0.000000,0.000000,0.000000,,-459.670013,1000.000000,,0.000000,0.000000,,,,0.047213,"UNDEFINED",0.000000,0.997558,0.000000,,,,,"","",,,,8.691456,,0.000000,,0.000000,,,0.000000,0.000000,"",,,0.000000,,-1.000000,,0.000000,0.000000,-1.000000,-1.000000,,,,,,,,,,,"",,,,,,,,,,"Volumetric",,,,,,,,,,0.000000,,,,,,,,,,0.000000,0.000000,,,,,,,,,,,,
"0BEC49E0","Nodes",1122250.750000,1667922.120000,1313.064347,"Default Known Flow Node",69.999969,0.579999,1000.000000,0.000000,"Known Flow",0.000000,0.000000,2.16999993085665e-07,40.000000,0.579999,1000.000000,0.000000,0.000000,13.000000,0.000000,0.515380,0.579999,,,,8.690335,8.690335,,16.800279,,,,,,903.822387,0.066145,0.000000,0.000000,0.000000,,-459.670013,1000.000000,,0.000000,0.000000,,,,0.047213,"SETFLOW",0.000000,0.997558,0.000000,,,,,"","",,,,8.690335,,0.000000,,0.000000,,,0.000000,0.000000,"",,,0.000000,,-1.000000,,0.000000,0.000000,-1.000000,-1.000000,,,,,,,,,,,"",,,,,,,,,,"Volumetric",,,,,,,,,,-0.015069,,,,,,,,,,-0.015069,-0.000361,,,,,,,,,,,,
"0BEC49E4","Nodes",1122250.870000,1667924.620000,1313.064347,"Default Known Flow Node",69.999969,0.579999,1000.000000,0.000000,"Known Flow",0.000000,0.000000,2.16999993085665e-07,40.000000,0.579999,1000.000000,0.000000,0.000000,13.000000,0.000000,0.515380,0.579999,,,,8.690335,8.690335,,16.800279,,,,,,903.822387,0.066145,0.000000,0.000000,0.000000,,-459.670013,1000.000000,,0.000000,0.000000,,,,0.047213,"UNDEFINED",0.000000,0.997558,0.000000,,,,,"","",,,,8.690335,,0.000000,,0.000000,,,0.000000,0.000000,"",,,0.000000,,-1.000000,,0.000000,0.000000,-1.000000,-1.000000,,,,,,,,,,,"",,,,,,,,,,"Volumetric",,,,,,,,,,0.000000,,,,,,,,,,0.000000,0.000000,,,,,,,,,,,,
"0BEC49AE","Nodes",1121483.120000,1668008.250000,1313.064347,"Default Known Flow Node",69.999969,0.579999,1000.000000,0.000000,"Known Flow",0.000000,0.000000,2.16999993085665e-07,40.000000,0.579999,1000.000000,0.000000,0.000000,13.000000,0.000000,0.515381,0.579999,,,,8.734508,8.734508,,16.800279,,,,,,903.822387,0.066145,0.000000,0.000000,0.000000,,-459.670013,1000.000000,,0.000000,0.000000,,,,0.047218,"SETFLOW",0.000000,0.997558,0.000000,,,,,"","",,,,8.734508,,0.000000,,0.000000,,,0.000000,0.000000,"",,,0.000000,,-1.000000,,0.000000,0.000000,-1.000000,-1.000000,,,,,,,,,,,"",,,,,,,,,,"Volumetric",,,,,,,,,,-0.100245,,,,,,,,,,-0.100245,-0.002405,,,,,,,,,,,,
"0BEC49AC","Nodes",1121476.620000,1668161.620000,1313.064347,"Default Known Flow Node",69.999969,0.579999,1000.000000,0.000000,"Known Flow",0.000000,0.000000,2.16999993085665e-07,40.000000,0.579999,1000.000000,0.000000,0.000000,13.000000,0.000000,0.515381,0.579999,,,,8.724477,8.724477,,16.800279,,,,,,903.822387,0.066145,0.000000,0.000000,0.000000,,-459.670013,1000.000000,,0.000000,0.000000,,,,0.047217,"SETFLOW",0.000000,0.997558,0.000000,,,,,"","",,,,8.724477,,0.000000,,0.000000,,,0.000000,0.000000,"",,,0.000000,,-1.000000,,0.000000,0.000000,-1.000000,-1.000000,,,,,,,,,,,"",,,,,,,,,,"Volumetric",,,,,,,,,,-0.005241,,,,,,,,,,-0.005241,-0.000125,,,,,,,,,,,,
"0BEC49FF","Nodes",1121885.370000,1668199.120000,1313.064347,"Default Known Flow Node",69.999969,0.579999,1000.000000,0.000000,"Known Flow",0.000000,0.000000,2.16999993085665e-07,40.000000,0.579999,1000.000000,0.000000,0.000000,13.000000,0.000000,0.515380,0.579999,,,,8.691058,8.691058,,16.800279,,,,,,903.822387,0.066145,0.000000,0.000000,0.000000,,-459.670013,1000.000000,,0.000000,0.000000,,,,0.047213,"SETFLOW",0.000000,0.997558,0.000000,,,,,"","",,,,8.691058,,0.000000,,0.000000,,,0.000000,0.000000,"",,,0.000000,,-1.000000,,0.000000,0.000000,-1.000000,-1.000000,,,,,,,,,,,"",,,,,,,,,,"Volumetric",,,,,,,,,,-0.017035,,,,,,,,,,-0.017035,-0.000408,,,,,,,,,,,,
"0BEC4A00","Nodes",1121885.250000,1668194.250000,1313.064347,"Default Known Flow Node",69.999969,0.579999,1000.000000,0.000000,"Known Flow",0.000000,0.000000,2.16999993085665e-07,40.000000,0.579999,1000.000000,0.000000,0.000000,13.000000,0.000000,0.515380,0.579999,,,,8.691058,8.691058,,16.800279,,,,,,903.822387,0.066145,0.000000,0.000000,0.000000,,-459.670013,1000.000000,,0.000000,0.000000,,,,0.047213,"UNDEFINED",0.000000,0.997558,0.000000,,,,,"","",,,,8.691058,,0.000000,,0.000000,,,0.000000,0.000000,"",,,0.000000,,-1.000000,,0.000000,0.000000,-1.000000,-1.000000,,,,,,,,,,,"",,,,,,,,,,"Volumetric",,,,,,,,,,0.000000,,,,,,,,,,0.000000,0.000000,,,,,,,,,,,,
"0BEC49B8","Nodes",1121673.750000,1668204.750000,1313.064347,"Default Known Flow Node",69.999969,0.579999,1000.000000,0.000000,"Known Flow",0.000000,0.000000,2.16999993085665e-07,40.000000,0.579999,1000.000000,0.000000,0.000000,13.000000,0.000000,0.515380,0.579999,,,,8.697188,8.697188,,16.800279,,,,,,903.822387,0.066145,0.000000,0.000000,0.000000,,-459.670013,1000.000000,,0.000000,0.000000,,,,0.047214,"SETFLOW",0.000000,0.997558,0.000000,,,,,"","",,,,8.697188,,0.000000,,0.000000,,,0.000000,0.000000,"",,,0.000000,,-1.000000,,0.000000,0.000000,-1.000000,-1.000000,,,,,,,,,,,"",,,,,,,,,,"Volumetric",,,,,,,,,,-0.072071,,,,,,,,,,-0.072071,-0.001729,,,,,,,,,,,,
"0BEC49B9","Nodes",1121855.870000,1668198.500000,1313.064347,"Default Known Flow Node",69.999969,0.579999,1000.000000,0.000000,"Known Flow",0.000000,0.000000,2.16999993085665e-07,40.000000,0.579999,1000.000000,0.000000,0.000000,13.000000,0.000000,0.515380,0.579999,,,,8.692007,8.692007,,16.800279,,,,,,903.822387,0.066145,0.000000,0.000000,0.000000,,-459.670013,1000.000000,,0.000000,0.000000,,,,0.047213,"SETFLOW",0.000000,0.997558,0.000000,,,,,"","",,,,8.692007,,0.000000,,0.000000,,,0.000000,0.000000,"",,,0.000000,,-1.000000,,0.000000,0.000000,-1.000000,-1.000000,,,,,,,,,,,"",,,,,,,,,,"Volumetric",,,,,,,,,,-0.009827,,,,,,,,,,-0.009827,-0.000235,,,,,,,,,,,,
"0BEC49BA","Nodes",1121858.120000,1668198.620000,1313.064347,"Default Known Flow Node",69.999969,0.579999,1000.000000,0.000000,"Known Flow",0.000000,0.000000,2.16999993085665e-07,40.000000,0.579999,1000.000000,0.000000,0.000000,13.000000,0.000000,0.515380,0.579999,,,,8.691950,8.691950,,16.800279,,,,,,903.822387,0.066145,0.000000,0.000000,0.000000,,-459.670013,1000.000000,,0.000000,0.000000,,,,0.047213,"SETFLOW",0.000000,0.997558,0.000000,,,,,"","",,,,8.691950,,0.000000,,0.000000,,,0.000000,0.000000,"",,,0.000000,,-1.000000,,0.000000,0.000000,-1.000000,-1.000000,,,,,,,,,,,"",,,,,,,,,,"Volumetric",,,,,,,,,,-0.024897,,,,,,,,,,-0.024897,-0.000597,,,,,,,,,,,,
"0BEC49BB","Nodes",1121861.120000,1668198.620000,1313.064347,"Default Known Flow Node",69.999969,0.579999,1000.000000,0.000000,"Known Flow",0.000000,0.000000,2.16999993085665e-07,40.000000,0.579999,1000.000000,0.000000,0.000000,13.000000,0.000000,0.515380,0.579999,,,,8.691869,8.691869,,16.800279,,,,,,903.822387,0.066145,0.000000,0.000000,0.000000,,-459.670013,1000.000000,,0.000000,0.000000,,,,0.047213,"UNDEFINED",0.000000,0.997558,0.000000,,,,,"","",,,,8.691869,,0.000000,,0.000000,,,0.000000,0.000000,"",,,0.000000,,-1.000000,,0.000000,0.000000,-1.000000,-1.000000,,,,,,,,,,,"",,,,,,,,,,"Volumetric",,,,,,,,,,0.000000,,,,,,,,,,0.000000,0.000000,,,,,,,,,,,,
"0BEC49FE","Nodes",1122047.500000,1668195.500000,1313.064347,"Default Known Flow Node",69.999969,0.579999,1000.000000,0.000000,"Known Flow",0.000000,0.000000,2.16999993085665e-07,40.000000,0.579999,1000.000000,0.000000,0.000000,13.000000,0.000000,0.515380,0.579999,,,,8.690935,8.690935,,16.800279,,,,,,903.822387,0.066145,0.000000,0.000000,0.000000,,-459.670013,1000.000000,,0.000000,0.000000,,,,0.047213,"SETFLOW",0.000000,0.997558,0.000000,,,,,"","",,,,8.690935,,0.000000,,0.000000,,,0.000000,0.000000,"",,,0.000000,"QL08-002641 4ST to 8PE",-1.000000,,0.000000,0.000000,-1.000000,-1.000000,,,,,,,,,,,"",,,,,,,,,,"Volumetric",,,,,,,,,,-0.017035,,,,,,,,,,-0.017035,-0.000408,,,,,,,,,,,,
"2FB28409","Nodes",1122264.620000,1668210.870000,1313.064347,"Default Known Flow Node",69.999969,0.579999,1000.000000,0.000000,"Known Flow",0.000000,0.000000,2.16999993085665e-07,40.000000,0.579999,1000.000000,0.000000,0.000000,13.000000,0.000000,0.515380,0.579999,,,,8.608620,8.608620,,16.800279,,,,,,903.822387,0.066145,0.000000,0.000000,0.000000,,-459.670013,1000.000000,,0.000000,0.000000,,,,0.047204,"SETFLOW",0.000000,0.997559,0.000000,,,,,"","",,,,8.608620,,0.000000,,0.000000,,,0.000000,0.000000,"",,,0.000000,,-1.000000,,0.000000,0.000000,-1.000000,-1.000000,,,,,,,,,,,"",,,,,,,,,,"Volumetric",,,,,,,,,,-0.149385,,,,,,,,,,-0.149385,-0.003585,,,,,,,,,,,,
"0BEC49D6","Nodes",1122267.120000,1668203.620000,1313.064347,"Default Known Flow Node",69.999969,0.579999,1000.000000,0.000000,"Known Flow",0.000000,0.000000,2.16999993085665e-07,40.000000,0.579999,1000.000000,0.000000,0.000000,13.000000,0.000000,0.515380,0.579999,,,,8.608612,8.608612,,16.800279,,,,,,903.822387,0.066145,0.000000,0.000000,0.000000,,-459.670013,1000.000000,,0.000000,0.000000,,,,0.047204,"UNDEFINED",0.000000,0.997559,0.000000,,,,,"","",,,,8.608612,,0.000000,,0.000000,,,0.000000,0.000000,"",,,0.000000,,-1.000000,,0.000000,0.000000,-1.000000,-1.000000,,,,,,,,,,,"",,,,,,,,,,"Volumetric",,,,,,,,,,0.000000,,,,,,,,,,0.000000,0.000000,,,,,,,,,,,,
"0BEC49B2","Nodes",1121482.192733,1668210.683805,1313.064347,"Default Known Flow Node",69.999969,0.579999,1000.000000,0.000000,"Known Flow",0.000000,0.000000,2.16999993085665e-07,40.000000,0.579999,1000.000000,0.000000,0.000000,13.000000,0.000000,0.515381,0.579999,,,,8.702720,8.702720,,16.800279,,,,,,903.822387,0.066145,0.000000,0.000000,0.000000,,-459.670013,1000.000000,,0.000000,0.000000,,,,0.047214,"UNDEFINED",0.000000,0.997558,0.000000,,,,,"","",,,,8.702720,,0.000000,,0.000000,,,0.000000,0.000000,"",,,0.000000,,-1.000000,,0.000000,0.000000,0.000000,-1.000000,,,,,,,,,,,"",,,,,,,,,,"Volumetric",,,,,,,,,,0.000000,,,,,,,,,,0.000000,0.000000,,,,,,,,,,,,
"2FB8726F","Nodes",1122308.250000,1668201.750000,1313.064347,"Default Known Flow Node",69.999969,0.579999,1000.000000,0.000000,"Known Flow",0.000000,0.000000,2.16999993085665e-07,40.000000,0.579999,1000.000000,0.000000,0.000000,13.000000,0.000000,0.515380,0.579999,,,,8.608570,8.608570,,16.800279,,,,,,903.822387,0.066145,0.000000,0.000000,0.000000,,-459.670013,1000.000000,,0.000000,0.000000,,,,0.047204,"UNDEFINED",0.000000,0.997559,0.000000,,,,,"","",,,,8.608570,,0.000000,,0.000000,,,0.000000,0.000000,"",,,0.000000,,-1.000000,,0.000000,0.000000,-1.000000,-1.000000,,,,,,,,,,,"",,,,,,,,,,"Volumetric",,,,,,,,,,0.000000,,,,,,,,,,0.000000,0.000000,,,,,,,,,,,,
"0BEC49C0","Nodes",1121885.370000,1668209.120000,1313.064347,"Default Known Flow Node",69.999969,0.579999,1000.000000,0.000000,"Known Flow",0.000000,0.000000,2.16999993085665e-07,40.000000,0.579999,1000.000000,0.000000,0.000000,13.000000,0.000000,0.515380,0.579999,,,,8.691058,8.691058,,16.800279,,,,,,903.822387,0.066145,0.000000,0.000000,0.000000,,-459.670013,1000.000000,,0.000000,0.000000,,,,0.047213,"UNDEFINED",0.000000,0.997558,0.000000,,,,,"","",,,,8.691058,,0.000000,,0.000000,,,0.000000,0.000000,"",,,0.000000,,-1.000000,,0.000000,0.000000,-1.000000,-1.000000,,,,,,,,,,,"",,,,,,,,,,"Volumetric",,,,,,,,,,0.000000,,,,,,,,,,0.000000,0.000000,,,,,,,,,,,,
"0BEC49C3","Nodes",1121885.250000,1668206.500000,1313.064347,"Default Known Flow Node",69.999969,0.579999,1000.000000,0.000000,"Known Flow",0.000000,0.000000,2.16999993085665e-07,40.000000,0.579999,1000.000000,0.000000,0.000000,13.000000,0.000000,0.515380,0.579999,,,,8.691058,8.691058,,16.800279,,,,,,903.822387,0.066145,0.000000,0.000000,0.000000,,-459.670013,1000.000000,,0.000000,0.000000,,,,0.047213,"UNDEFINED",0.000000,0.997558,0.000000,,,,,"","",,,,8.691058,,0.000000,,0.000000,,,0.000000,0.000000,"",,,0.000000,,-1.000000,,0.000000,0.000000,-1.000000,-1.000000,,,,,,,,,,,"",,,,,,,,,,"Volumetric",,,,,,,,,,0.000000,,,,,,,,,,0.000000,0.000000,,,,,,,,,,,,
"0BEC49C2","Nodes",1121885.500000,1668211.620000,1313.064347,"Default Known Flow Node",69.999969,0.579999,1000.000000,0.000000,"Known Flow",0.000000,0.000000,2.16999993085665e-07,40.000000,0.579999,1000.000000,0.000000,0.000000,13.000000,0.000000,0.515380,0.579999,,,,8.690866,8.690866,,16.800279,,,,,,903.822387,0.066145,0.000000,0.000000,0.000000,,-459.670013,1000.000000,,0.000000,0.000000,,,,0.047213,"UNDEFINED",0.000000,0.997558,0.000000,,,,,"","",,,,8.690866,,0.000000,,0.000000,,,0.000000,0.000000,"",,,0.000000,,-1.000000,,0.000000,0.000000,-1.000000,-1.000000,,,,,,,,,,,"",,,,,,,,,,"Volumetric",,,,,,,,,,0.000000,,,,,,,,,,0.000000,0.000000,,,,,,,,,,,,
"0BEC49D5","Nodes",1122275.500000,1668411.250000,1313.064347,"Default Known Flow Node",69.999969,0.579999,1000.000000,0.000000,"Known Flow",0.000000,0.000000,2.16999993085665e-07,40.000000,0.579999,1000.000000,0.000000,0.000000,13.000000,0.000000,0.515380,0.579999,,,,8.619131,8.619131,,16.800279,,,,,,903.822387,0.066145,0.000000,0.000000,0.000000,,-459.670013,1000.000000,,0.000000,0.000000,,,,0.047205,"SETFLOW",0.000000,0.997559,0.000000,,,,,"","",,,,8.619131,,0.000000,,0.000000,,,0.000000,0.000000,"",,,0.000000,,-1.000000,,0.000000,0.000000,-1.000000,-1.000000,,,,,,,,,,,"",,,,,,,,,,"Volumetric",,,,,,,,,,-0.003275,,,,,,,,,,-0.003276,-0.000078,,,,,,,,,,,,
"0BEC49C1","Nodes",1121885.870000,1668233.870000,1313.064347,"Default Known Flow Node",69.999969,0.579999,1000.000000,0.000000,"Known Flow",0.000000,0.000000,2.16999993085665e-07,40.000000,0.579999,1000.000000,0.000000,0.000000,13.000000,0.000000,0.515380,0.579999,,,,8.689520,8.689520,,16.800279,,,,,,903.822387,0.066145,0.000000,0.000000,0.000000,,-459.670013,1000.000000,,0.000000,0.000000,,,,0.047213,"UNDEFINED",0.000000,0.997558,0.000000,,,,,"","",,,,8.689520,,0.000000,,0.000000,,,0.000000,0.000000,"",,,0.000000,,-1.000000,,0.000000,0.000000,-1.000000,-1.000000,,,,,,,,,,,"",,,,,,,,,,"Volumetric",,,,,,,,,,0.000000,,,,,,,,,,0.000000,0.000000,,,,,,,,,,,,
"0BF48693","Nodes",1121434.754197,1668213.906074,1313.064347,"Default Known Flow Node",69.999969,0.579999,1000.000000,0.000000,"Known Flow",0.000000,0.000000,2.16999993085665e-07,40.000000,0.579999,1000.000000,0.000000,0.000000,13.000000,0.000000,0.515380,0.579999,,,,8.676180,8.676180,,16.800279,,,,,,903.822387,0.066145,0.000000,0.000000,0.000000,,-459.670013,1000.000000,,0.000000,0.000000,,,,0.047211,"UNDEFINED",0.000000,0.997559,0.000000,,,,,"","",,,,8.676180,,0.000000,,0.000000,,,0.000000,0.000000,"",,,0.000000,,-1.000000,,0.000000,0.000000,0.000000,-1.000000,,,,,,,,,,,"",,,,,,,,,,"Volumetric",,,,,,,,,,0.000000,,,,,,,,,,0.000000,0.000000,,,,,,,,,,,,
"0BEC499A","Nodes",1121475.750000,1668215.500000,1313.064347,"Default Known Flow Node",69.999969,0.579999,1000.000000,0.000000,"Known Flow",0.000000,0.000000,2.16999993085665e-07,40.000000,0.579999,1000.000000,0.000000,0.000000,13.000000,0.000000,0.515381,0.579999,,,,8.718614,8.718614,,16.800279,,,,,,903.822387,0.066145,0.000000,0.000000,0.000000,,-459.670013,1000.000000,,0.000000,0.000000,,,,0.047216,"UNDEFINED",0.000000,0.997558,0.000000,,,,,"","",,,,8.718614,,0.000000,,0.000000,,,0.000000,0.000000,"",,,0.000000,,-1.000000,,0.000000,0.000000,-1.000000,-1.000000,,,,,,,,,,,"",,,,,,,,,,"Volumetric",,,,,,,,,,0.000000,,,,,,,,,,0.000000,0.000000,,,,,,,,,,,,
"2FB1BED8","Nodes",1121476.000000,1668223.500000,1313.064347,"Default Known Flow Node",69.999969,0.579999,1000.000000,0.000000,"Known Flow",0.000000,0.000000,2.16999993085665e-07,40.000000,0.579999,1000.000000,0.000000,0.000000,13.000000,0.000000,0.515381,0.579999,,,,8.714990,8.714990,,16.800279,,,,,,903.822387,0.066145,0.000000,0.000000,0.000000,,-459.670013,1000.000000,,0.000000,0.000000,,,,0.047216,"SETFLOW",0.000000,0.997558,0.000000,,,,,"","",,,,8.714990,,0.000000,,0.000000,,,0.000000,0.000000,"",,,0.000000,,-1.000000,,0.000000,0.000000,-1.000000,-1.000000,,,,,,,,,,,"",,,,,,,,,,"Volumetric",,,,,,,,,,-0.079279,,,,,,,,,,-0.079279,-0.001902,,,,,,,,,,,,
"0BEC49B1","Nodes",1121479.429610,1668229.854858,1313.064347,"Default Known Flow Node",69.999969,0.579999,1000.000000,0.000000,"Known Flow",0.000000,0.000000,2.16999993085665e-07,40.000000,0.579999,1000.000000,0.000000,0.000000,13.000000,0.000000,0.515381,0.579999,,,,8.712285,8.712285,,16.800279,,,,,,903.822387,0.066145,0.000000,0.000000,0.000000,,-459.670013,1000.000000,,0.000000,0.000000,,,,0.047215,"SETFLOW",0.000000,0.997558,0.000000,,,,,"","",,,,8.712285,,0.000000,,0.000000,,,0.000000,0.000000,"",,,0.000000,,-1.000000,,0.000000,0.000000,-1.000000,-1.000000,,,,,,,,,,,"",,,,,,,,,,"Volumetric",,,,,,,,,,-0.019655,,,,,,,,,,-0.019655,-0.000471,,,,,,,,,,,,
"0BEC49BE","Nodes",1121892.620000,1668396.870000,1313.064347,"Default Known Flow Node",69.999969,0.579999,1000.000000,0.000000,"Known Flow",0.000000,0.000000,2.16999993085665e-07,40.000000,0.579999,1000.000000,0.000000,0.000000,13.000000,0.000000,0.515380,0.579999,,,,8.679078,8.679078,,16.800279,,,,,,903.822387,0.066145,0.000000,0.000000,0.000000,,-459.670013,1000.000000,,0.000000,0.000000,,,,0.047212,"SETFLOW",0.000000,0.997559,0.000000,,,,,"","",,,,8.679078,,0.000000,,0.000000,,,0.000000,0.000000,"",,,0.000000,,-1.000000,,0.000000,0.000000,-1.000000,-1.000000,,,,,,,,,,,"",,,,,,,,,,"Volumetric",,,,,,,,,,-0.155282,,,,,,,,,,-0.155282,-0.003726,,,,,,,,,,,,
"0BEC49BF","Nodes",1121885.870000,1668232.870000,1313.064347,"Default Known Flow Node",69.999969,0.579999,1000.000000,0.000000,"Known Flow",0.000000,0.000000,2.16999993085665e-07,40.000000,0.579999,1000.000000,0.000000,0.000000,13.000000,0.000000,0.515380,0.579999,,,,8.689520,8.689520,,16.800279,,,,,,903.822387,0.066145,0.000000,0.000000,0.000000,,-459.670013,1000.000000,,0.000000,0.000000,,,,0.047213,"SETFLOW",0.000000,0.997558,0.000000,,,,,"","",,,,8.689520,,0.000000,,0.000000,,,0.000000,0.000000,"",,,0.000000,,-1.000000,,0.000000,0.000000,-1.000000,-1.000000,,,,,,,,,,,"",,,,,,,,,,"Volumetric",,,,,,,,,,-0.024897,,,,,,,,,,-0.024897,-0.000597,,,,,,,,,,,,
"0BEC30EF","Nodes",1121903.750000,1668620.000000,1313.064347,"Default Known Flow Node",69.999969,0.579999,1000.000000,0.000000,"Known Flow",0.000000,0.000000,2.16999993085665e-07,40.000000,0.579999,1000.000000,0.000000,0.000000,13.000000,0.000000,0.515380,0.579999,,,,8.665451,8.665451,,16.800279,,,,,,903.822387,0.066145,0.000000,0.000000,0.000000,,-459.670013,1000.000000,,0.000000,0.000000,,,,0.047210,"SETFLOW",0.000000,0.997559,0.000000,,,,,"","",,,,8.665451,,0.000000,,0.000000,,,0.000000,0.000000,"",,,0.000000,,-1.000000,,0.000000,0.000000,-1.000000,-1.000000,,,,,,,,,,,"",,,,,,,,,,"Volumetric",,,,,,,,,,-0.038001,,,,,,,,,,-0.038001,-0.000912,,,,,,,,,,,,
"3W27","Nodes",1121484.250000,1668403.370000,1313.064347,"Default Known Flow Node",69.999969,0.579999,1000.000000,0.000000,"Known Flow",0.000000,0.000000,2.16999993085665e-07,40.000000,0.579999,1000.000000,0.000000,0.000000,13.000000,0.000000,0.515381,0.579999,,,,8.709529,8.709529,,16.800279,,,,,,903.822387,0.066145,0.000000,0.000000,0.000000,,-459.670013,1000.000000,,0.000000,0.000000,,,,0.047215,"SETFLOW",0.000000,0.997558,0.000000,,,,,"","",,,,8.709529,,0.000000,,0.000000,,,0.000000,0.000000,"",,,0.000000,"RIDGE DEVELOPMENT INC",-1.000000,,0.000000,0.000000,-1.000000,-1.000000,,,,,,,,,,,"",,,,"",,,,,,"Volumetric",,,,"Volumetric",,,,,,0.000000,,,,-1.254999,,,,,,0.000000,0.000000,,,,,,,,,,,,
"0BEC49AB","Nodes",1121330.750000,1668534.250000,1313.064347,"Default Known Flow Node",69.999969,0.579999,1000.000000,0.000000,"Known Flow",0.000000,0.000000,2.16999993085665e-07,40.000000,0.579999,1000.000000,0.000000,0.000000,13.000000,0.000000,0.515381,0.579999,,,,8.704425,8.704425,,16.800279,,,,,,903.822387,0.066145,0.000000,0.000000,0.000000,,-459.670013,1000.000000,,0.000000,0.000000,,,,0.047214,"SETFLOW",0.000000,0.997558,0.000000,,,,,"","",,,,8.704425,,0.000000,,0.000000,,,0.000000,0.000000,"",,,0.000000,,-1.000000,,0.000000,0.000000,-1.000000,-1.000000,,,,,,,,,,,"",,,,,,,,,,"Volumetric",,,,,,,,,,-0.013103,,,,,,,,,,-0.013103,-0.000314,,,,,,,,,,,,
"0BEC49B3","Nodes",1121487.620000,1668529.620000,1313.064347,"Default Known Flow Node",69.999969,0.579999,1000.000000,0.000000,"Known Flow",0.000000,0.000000,2.16999993085665e-07,40.000000,0.579999,1000.000000,0.000000,0.000000,13.000000,0.000000,0.515381,0.579999,,,,8.707534,8.707534,,16.800279,,,,,,903.822387,0.066145,0.000000,0.000000,0.000000,,-459.670013,1000.000000,,0.000000,0.000000,,,,0.047215,"SETFLOW",0.000000,0.997558,0.000000,,,,,"","",,,,8.707534,,0.000000,,0.000000,,,0.000000,0.000000,"",,,0.000000,,-1.000000,,0.000000,0.000000,-1.000000,-1.000000,,,,,,,,,,,"",,,,,,,,,,"Volumetric",,,,,,,,,,-0.122522,,,,,,,,,,-0.122522,-0.002940,,,,,,,,,,,,
"2FB24F31","Nodes",1122288.870000,1668620.000000,1313.064347,"Default Known Flow Node",69.999969,0.579999,1000.000000,0.000000,"Known Flow",0.000000,0.000000,2.16999993085665e-07,40.000000,0.579999,1000.000000,0.000000,0.000000,13.000000,0.000000,0.515380,0.579999,,,,8.630182,8.630182,,16.800279,,,,,,903.822387,0.066145,0.000000,0.000000,0.000000,,-459.670013,1000.000000,,0.000000,0.000000,,,,0.047206,"SETFLOW",0.000000,0.997559,0.000000,,,,,"","",,,,8.630182,,0.000000,,0.000000,,,0.000000,0.000000,"",,,0.000000,,-1.000000,,0.000000,0.000000,-1.000000,-1.000000,,,,,,,,,,,"",,,,,,,,,,"Volumetric",,,,,,,,,,-0.003275,,,,,,,,,,-0.003276,-0.000078,,,,,,,,,,,,
"0BEC30EC","Nodes",1121489.370000,1668620.000000,1313.064347,"Default Known Flow Node",69.999969,0.579999,1000.000000,0.000000,"Known Flow",0.000000,0.000000,2.16999993085665e-07,40.000000,0.579999,1000.000000,0.000000,0.000000,13.000000,0.000000,0.515381,0.579999,,,,8.706262,8.706262,,16.800279,,,,,,903.822387,0.066145,0.000000,0.000000,0.000000,,-459.670013,1000.000000,,0.000000,0.000000,,,,0.047215,"SETFLOW",0.000000,0.997558,0.000000,,,,,"","",,,,8.706262,,0.000000,,0.000000,,,0.000000,0.000000,"",,,0.000000,,-1.000000,,0.000000,0.000000,-1.000000,-1.000000,,,,,,,,,,,"",,,,,,,,,,"Volumetric",,,,,,,,,,-0.032759,,,,,,,,,,-0.032759,-0.000786,,,,,,,,,,,,
"0BEC4A11","Nodes",1122307.370000,1668825.500000,1313.064347,"Default Known Flow Node",69.999969,0.579999,1000.000000,0.000000,"Known Flow",0.000000,0.000000,2.16999993085665e-07,40.000000,0.579999,1000.000000,0.000000,0.000000,13.000000,0.000000,0.515380,0.579999,,,,8.631632,8.631632,,16.800279,,,,,,903.822387,0.066145,0.000000,0.000000,0.000000,,-459.670013,1000.000000,,0.000000,0.000000,,,,0.047206,"UNDEFINED",0.000000,0.997559,0.000000,,,,,"","",,,,8.631632,,0.000000,,0.000000,,,0.000000,0.000000,"",,,0.000000,,-1.000000,,0.000000,0.000000,-1.000000,-1.000000,,,,,,,,,,,"",,,,,,,,,,"Volumetric",,,,,,,,,,0.000000,,,,,,,,,,0.000000,0.000000,,,,,,,,,,,,
"0BEC4A30","Nodes",1121491.620000,1668760.500000,1313.064347,"Default Known Flow Node",69.999969,0.579999,1000.000000,0.000000,"Known Flow",0.000000,0.000000,2.16999993085665e-07,40.000000,0.579999,1000.000000,0.000000,0.000000,13.000000,0.000000,0.515381,0.579999,,,,8.704285,8.704285,,16.800279,,,,,,903.822387,0.066145,0.000000,0.000000,0.000000,,-459.670013,1000.000000,,0.000000,0.000000,,,,0.047214,"SETFLOW",0.000000,0.997558,0.000000,,,,,"","",,,,8.704285,,0.000000,,0.000000,,,0.000000,0.000000,"",,,0.000000,,-1.000000,,0.000000,0.000000,-1.000000,-1.000000,,,,,,,,,,,"",,,,,,,,,,"Volumetric",,,,,,,,,,-0.039967,,,,,,,,,,-0.039967,-0.000959,,,,,,,,,,,,
"0BEC4A14","Nodes",1121926.500000,1668978.500000,1313.064347,"Default Known Flow Node",69.999969,0.579999,1000.000000,0.000000,"Known Flow",0.000000,0.000000,2.16999993085665e-07,40.000000,0.579999,1000.000000,0.000000,0.000000,13.000000,0.000000,0.515380,0.579999,,,,8.643855,8.643855,,16.800279,,,,,,903.822387,0.066145,0.000000,0.000000,0.000000,,-459.670013,1000.000000,,0.000000,0.000000,,,,0.047208,"SETFLOW",0.000000,0.997559,0.000000,,,,,"","",,,,8.643855,,0.000000,,0.000000,,,0.000000,0.000000,"",,,0.000000,,-1.000000,,0.000000,0.000000,-1.000000,-1.000000,,,,,,,,,,,"",,,,,,,,,,"Volumetric",,,,,,,,,,-0.085650,,,,,,,,,,-0.085650,-0.002055,,,,,,,,,,,,
"0BEC4A28","Nodes",1121499.620000,1668986.120000,1313.064347,"Default Known Flow Node",69.999969,0.579999,1000.000000,0.000000,"Known Flow",0.000000,0.000000,2.16999993085665e-07,40.000000,0.579999,1000.000000,0.000000,0.000000,13.000000,0.000000,0.515380,0.579999,,,,8.701103,8.701103,,16.800279,,,,,,903.822387,0.066145,0.000000,0.000000,0.000000,,-459.670013,1000.000000,,0.000000,0.000000,,,,0.047214,"SETFLOW",0.000000,0.997558,0.000000,,,,,"","",,,,8.701103,,0.000000,,0.000000,,,0.000000,0.000000,"",,,0.000000,,-1.000000,,0.000000,0.000000,-1.000000,-1.000000,,,,,,,,,,,"",,,,,,,,,,"Volumetric",,,,,,,,,,-0.118672,,,,,,,,,,-0.118672,-0.002848,,,,,,,,,,,,
"0BEC4A2F","Nodes",1121358.000000,1668770.870000,1313.064347,"Default Known Flow Node",69.999969,0.579999,1000.000000,0.000000,"Known Flow",0.000000,0.000000,2.16999993085665e-07,40.000000,0.579999,1000.000000,0.000000,0.000000,13.000000,0.000000,0.515380,0.579999,,,,8.565556,8.565556,,16.800279,,,,,,903.822387,0.066145,0.000000,0.000000,0.000000,,-459.670013,1000.000000,,0.000000,0.000000,,,,0.047199,"SETFLOW",0.000000,0.997559,0.000000,,,,,"","",,,,8.565556,,0.000000,,0.000000,,,0.000000,0.000000,"",,,0.000000,,-1.000000,,0.000000,0.000000,-1.000000,-1.000000,,,,,,,,,,,"",,,,,,,,,,"Volumetric",,,,,,,,,,-0.003275,,,,,,,,,,-0.003276,-0.000078,,,,,,,,,,,,
"0BEC4A12","Nodes",1122315.000000,1668957.120000,1313.064347,"Default Known Flow Node",69.999969,0.579999,1000.000000,0.000000,"Known Flow",0.000000,0.000000,2.16999993085665e-07,40.000000,0.579999,1000.000000,0.000000,0.000000,13.000000,0.000000,0.515380,0.579999,,,,8.639221,8.639221,,16.800279,,,,,,903.822387,0.066145,0.000000,0.000000,0.000000,,-459.670013,1000.000000,,0.000000,0.000000,,,,0.047207,"UNDEFINED",0.000000,0.997559,0.000000,,,,,"","",,,,8.639221,,0.000000,,0.000000,,,0.000000,0.000000,"",,,0.000000,,-1.000000,,0.000000,0.000000,-1.000000,-1.000000,,,,,,,,,,,"",,,,,,,,,,"Volumetric",,,,,,,,,,0.000000,,,,,,,,,,0.000000,0.000000,,,,,,,,,,,,
"0BEC30D4","Nodes",1122320.000000,1668956.870000,1313.064347,"Default Known Flow Node",69.999969,0.579999,1000.000000,0.000000,"Known Flow",0.000000,0.000000,2.16999993085665e-07,40.000000,0.579999,1000.000000,0.000000,0.000000,13.000000,0.000000,0.515380,0.579999,,,,8.639220,8.639220,,16.800279,,,,,,903.822387,0.066145,0.000000,0.000000,0.000000,,-459.670013,1000.000000,,0.000000,0.000000,,,,0.047207,"SETFLOW",0.000000,0.997559,0.000000,,,,,"","",,,,8.639220,,0.000000,,0.000000,,,0.000000,0.000000,"",,,0.000000,,-1.000000,,0.000000,0.000000,-1.000000,-1.000000,,,,,,,,,,,"",,,,,,,,,,"Volumetric",,,,,,,,,,-0.013103,,,,,,,,,,-0.013103,-0.000314,,,,,,,,,,,,
"2FB1C63E","Nodes",1122315.120000,1668961.750000,1313.064347,"Default Known Flow Node",69.999969,0.579999,1000.000000,0.000000,"Known Flow",0.000000,0.000000,2.16999993085665e-07,40.000000,0.579999,1000.000000,0.000000,0.000000,13.000000,0.000000,0.515380,0.579999,,,,8.639523,8.639523,,16.800279,,,,,,903.822387,0.066145,0.000000,0.000000,0.000000,,-459.670013,1000.000000,,0.000000,0.000000,,,,0.047207,"SETFLOW",0.000000,0.997559,0.000000,,,,,"","",,,,8.639523,,0.000000,,0.000000,,,0.000000,0.000000,"",,,0.000000,,-1.000000,,0.000000,0.000000,-1.000000,-1.000000,,,,,,,,,,,"",,,,,,,,,,"Volumetric",,,,,,,,,,-0.028828,,,,,,,,,,-0.028828,-0.000691,,,,,,,,,,,,
"0BEC4A15","Nodes",1121896.620000,1668980.000000,1313.064347,"Default Known Flow Node",69.999969,0.579999,1000.000000,0.000000,"Known Flow",0.000000,0.000000,2.16999993085665e-07,40.000000,0.579999,1000.000000,0.000000,0.000000,13.000000,0.000000,0.515380,0.579999,,,,8.642196,8.642196,,16.800279,,,,,,903.822387,0.066145,0.000000,0.000000,0.000000,,-459.670013,1000.000000,,0.000000,0.000000,,,,0.047207,"SETFLOW",0.000000,0.997559,0.000000,,,,,"","",,,,8.642196,,0.000000,,0.000000,,,0.000000,0.000000,"",,,0.000000,,-1.000000,,0.000000,0.000000,-1.000000,-1.000000,,,,,,,,,,,"",,,,,,,,,,"Volumetric",,,,,,,,,,-0.045405,,,,,,,,,,-0.045405,-0.001089,,,,,,,,,,,,
"0BEC4A33","Nodes",1121926.750000,1668980.500000,1313.064347,"Default Known Flow Node",69.999969,0.579999,1000.000000,0.000000,"Known Flow",0.000000,0.000000,2.16999993085665e-07,40.000000,0.579999,1000.000000,0.000000,0.000000,13.000000,0.000000,0.515380,0.579999,,,,8.643855,8.643855,,16.800279,,,,,,903.822387,0.066145,0.000000,0.000000,0.000000,,-459.670013,1000.000000,,0.000000,0.000000,,,,0.047208,"UNDEFINED",0.000000,0.997559,0.000000,,,,,"","",,,,8.643855,,0.000000,,0.000000,,,0.000000,0.000000,"",,,0.000000,,-1.000000,,0.000000,0.000000,-1.000000,-1.000000,,,,,,,,,,,"",,,,,,,,,,"Volumetric",,,,,,,,,,0.000000,,,,,,,,,,0.000000,0.000000,,,,,,,,,,,,
"0BEC4A25","Nodes",1121512.250000,1669339.000000,1313.064347,"Default Known Flow Node",69.999969,0.579999,1000.000000,0.000000,"Known Flow",0.000000,0.000000,2.16999993085665e-07,40.000000,0.579999,1000.000000,0.000000,0.000000,13.000000,0.000000,0.515380,0.579999,,,,8.696025,8.696025,,16.800279,,,,,,903.822387,0.066145,0.000000,0.000000,0.000000,,-459.670013,1000.000000,,0.000000,0.000000,,,,0.047214,"SETFLOW",0.000000,0.997558,0.000000,,,,,"","",,,,8.696025,,0.000000,,0.000000,,,0.000000,0.000000,"",,,0.000000,,-1.000000,,0.000000,0.000000,-1.000000,-1.000000,,,,,,,,,,,"",,,,,,,,,,"Volumetric",,,,,,,,,,-1.078377,,,,,,,,,,-1.078377,-0.025881,,,,,,,,,,,,
"2FB1C63F","Nodes",1121502.694329,1668997.242050,1313.064347,"Default Known Flow Node",69.999969,0.579999,1000.000000,0.000000,"Known Flow",0.000000,0.000000,2.16999993085665e-07,40.000000,0.579999,1000.000000,0.000000,0.000000,13.000000,0.000000,0.515380,0.579999,,,,8.611464,8.611464,,16.800279,,,,,,903.822387,0.066145,0.000000,0.000000,0.000000,,-459.670013,1000.000000,,0.000000,0.000000,,,,0.047204,"SETFLOW",0.000000,0.997559,0.000000,,,,,"","",,,,8.611464,,0.000000,,0.000000,,,0.000000,0.000000,"",,,0.000000,,-1.000000,,0.000000,0.000000,-1.000000,-1.000000,,,,,,,,,,,"",,,,,,,,,,"Volumetric",,,,,,,,,,-0.045405,,,,,,,,,,-0.045405,-0.001089,,,,,,,,,,,,
"0BEC4A16","Nodes",1121497.327098,1668997.376913,1313.064347,"Default Known Flow Node",69.999969,0.579999,1000.000000,0.000000,"Known Flow",0.000000,0.000000,2.16999993085665e-07,40.000000,0.579999,1000.000000,0.000000,0.000000,13.000000,0.000000,0.515380,0.579999,,,,8.611080,8.611080,,16.800279,,,,,,903.822387,0.066145,0.000000,0.000000,0.000000,,-459.670013,1000.000000,,0.000000,0.000000,,,,0.047204,"UNDEFINED",0.000000,0.997559,0.000000,,,,,"","",,,,8.611080,,0.000000,,0.000000,,,0.000000,0.000000,"",,,0.000000,,-1.000000,,0.000000,0.000000,-1.000000,-1.000000,,,,,,,,,,,"",,,,,,,,,,"Volumetric",,,,,,,,,,0.000000,,,,,,,,,,0.000000,0.000000,,,,,,,,,,,,
"0BEC4A2A","Nodes",1121497.000000,1668993.750000,1313.064347,"Default Known Flow Node",69.999969,0.579999,1000.000000,0.000000,"Known Flow",0.000000,0.000000,2.16999993085665e-07,40.000000,0.579999,1000.000000,0.000000,0.000000,13.000000,0.000000,0.515380,0.579999,,,,8.611080,8.611080,,16.800279,,,,,,903.822387,0.066145,0.000000,0.000000,0.000000,,-459.670013,1000.000000,,0.000000,0.000000,,,,0.047204,"UNDEFINED",0.000000,0.997559,0.000000,,,,,"","",,,,8.611080,,0.000000,,0.000000,,,0.000000,0.000000,"",,,0.000000,,-1.000000,,0.000000,0.000000,-1.000000,-1.000000,,,,,,,,,,,"",,,,,,,,,,"Volumetric",,,,,,,,,,0.000000,,,,,,,,,,0.000000,0.000000,,,,,,,,,,,,
"0BEC4A29","Nodes",1121488.750000,1668997.750000,1313.064347,"Default Known Flow Node",69.999969,0.579999,1000.000000,0.000000,"Known Flow",0.000000,0.000000,2.16999993085665e-07,40.000000,0.579999,1000.000000,0.000000,0.000000,13.000000,0.000000,0.515380,0.579999,,,,8.610429,8.610429,,16.800279,,,,,,903.822387,0.066145,0.000000,0.000000,0.000000,,-459.670013,1000.000000,,0.000000,0.000000,,,,0.047204,"UNDEFINED",0.000000,0.997559,0.000000,,,,,"","",,,,8.610429,,0.000000,,0.000000,,,0.000000,0.000000,"",,,0.000000,,-1.000000,,0.000000,0.000000,-1.000000,-1.000000,,,,,,,,,,,"",,,,,,,,,,"Volumetric",,,,,,,,,,0.000000,,,,,,,,,,0.000000,0.000000,,,,,,,,,,,,
"0BEC4A2C","Nodes",1121475.750000,1668997.870000,1313.064347,"Default Known Flow Node",69.999969,0.579999,1000.000000,0.000000,"Known Flow",0.000000,0.000000,2.16999993085665e-07,40.000000,0.579999,1000.000000,0.000000,0.000000,13.000000,0.000000,0.515380,0.579999,,,,8.609505,8.609505,,16.800279,,,,,,903.822387,0.066145,0.000000,0.000000,0.000000,,-459.670013,1000.000000,,0.000000,0.000000,,,,0.047204,"SETFLOW",0.000000,0.997559,0.000000,,,,,"","",,,,8.609505,,0.000000,,0.000000,,,0.000000,0.000000,"",,,0.000000,,-1.000000,,0.000000,0.000000,-1.000000,-1.000000,,,,,,,,,,,"",,,,,,,,,,"Volumetric",,,,,,,,,,-0.013415,,,,,,,,,,-0.013415,-0.000321,,,,,,,,,,,,
"0BEC4A2D","Nodes",1121457.370000,1668998.120000,1313.064347,"Default Known Flow Node",69.999969,0.579999,1000.000000,0.000000,"Known Flow",0.000000,0.000000,2.16999993085665e-07,40.000000,0.579999,1000.000000,0.000000,0.000000,13.000000,0.000000,0.515380,0.579999,,,,8.608047,8.608047,,16.800279,,,,,,903.822387,0.066145,0.000000,0.000000,0.000000,,-459.670013,1000.000000,,0.000000,0.000000,,,,0.047204,"SETFLOW",0.000000,0.997559,0.000000,,,,,"","",,,,8.608047,,0.000000,,0.000000,,,0.000000,0.000000,"",,,0.000000,,-1.000000,,0.000000,0.000000,-1.000000,-1.000000,,,,,,,,,,,"",,,,,,,,,,"Volumetric",,,,,,,,,,-0.045405,,,,,,,,,,-0.045405,-0.001089,,,,,,,,,,,,
"0BEC4A2B","Nodes",1121498.370000,1669006.870000,1313.064347,"Default Known Flow Node",69.999969,0.579999,1000.000000,0.000000,"Known Flow",0.000000,0.000000,2.16999993085665e-07,40.000000,0.579999,1000.000000,0.000000,0.000000,13.000000,0.000000,0.515380,0.579999,,,,8.611080,8.611080,,16.800279,,,,,,903.822387,0.066145,0.000000,0.000000,0.000000,,-459.670013,1000.000000,,0.000000,0.000000,,,,0.047204,"UNDEFINED",0.000000,0.997559,0.000000,,,,,"","",,,,8.611080,,0.000000,,0.000000,,,0.000000,0.000000,"",,,0.000000,,-1.000000,,0.000000,0.000000,-1.000000,-1.000000,,,,,,,,,,,"",,,,,,,,,,"Volumetric",,,,,,,,,,0.000000,,,,,,,,,,0.000000,0.000000,,,,,,,,,,,,
"2FB2480D","Nodes",1122318.870000,1669040.000000,1313.064347,"Default Known Flow Node",69.999969,0.579999,1000.000000,0.000000,"Known Flow",0.000000,0.000000,2.16999993085665e-07,40.000000,0.579999,1000.000000,0.000000,0.000000,13.000000,0.000000,0.515380,0.579999,,,,8.640716,8.640716,,16.800279,,,,,,903.822387,0.066145,0.000000,0.000000,0.000000,,-459.670013,1000.000000,,0.000000,0.000000,,,,0.047207,"SETFLOW",0.000000,0.997559,0.000000,,,,,"","",,,,8.640716,,0.000000,,0.000000,,,0.000000,0.000000,"",,,0.000000,,-1.000000,,0.000000,0.000000,-1.000000,-1.000000,,,,,,,,,,,"",,,,,,,,,,"Volumetric",,,,,,,,,,-0.022931,,,,,,,,,,-0.022931,-0.000550,,,,,,,,,,,,
"0BEC4A17","Nodes",1121904.750000,1669183.000000,1313.064347,"Default Known Flow Node",69.999969,0.579999,1000.000000,0.000000,"Known Flow",0.000000,0.000000,2.16999993085665e-07,40.000000,0.579999,1000.000000,0.000000,0.000000,13.000000,0.000000,0.515380,0.579999,,,,8.644308,8.644308,,16.800279,,,,,,903.822387,0.066145,0.000000,0.000000,0.000000,,-459.670013,1000.000000,,0.000000,0.000000,,,,0.047208,"SETFLOW",0.000000,0.997559,0.000000,,,,,"","",,,,8.644308,,0.000000,,0.000000,,,0.000000,0.000000,"",,,0.000000,,-1.000000,,0.000000,0.000000,-1.000000,-1.000000,,,,,,,,,,,"",,,,,,,,,,"Volumetric",,,,,,,,,,-0.045405,,,,,,,,,,-0.045405,-0.001089,,,,,,,,,,,,
"0BEC4A37","Nodes",1122320.000000,1669303.870000,1313.064347,"Default Known Flow Node",69.999969,0.579999,1000.000000,0.000000,"Known Flow",0.000000,0.000000,2.16999993085665e-07,40.000000,0.579999,1000.000000,0.000000,0.000000,13.000000,0.000000,0.515380,0.579999,,,,8.644445,8.644445,,16.800279,,,,,,903.822387,0.066145,0.000000,0.000000,0.000000,,-459.670013,1000.000000,,0.000000,0.000000,,,,0.047208,"SETFLOW",0.000000,0.997559,0.000000,,,,,"","",,,,8.644445,,0.000000,,0.000000,,,0.000000,0.000000,"",,,0.000000,,-1.000000,,0.000000,0.000000,-1.000000,-1.000000,,,,,,,,,,,"",,,,,,,,,,"Volumetric",,,,,,,,,,-0.003275,,,,,,,,,,-0.003276,-0.000078,,,,,,,,,,,,
"2FB2160D","Nodes",1122197.750000,1669310.250000,1313.064347,"Default Known Flow Node",69.999969,0.579999,1000.000000,0.000000,"Known Flow",0.000000,0.000000,2.16999993085665e-07,40.000000,0.579999,1000.000000,0.000000,0.000000,13.000000,0.000000,0.515380,0.579999,,,,8.644430,8.644430,,16.800279,,,,,,903.822387,0.066145,0.000000,0.000000,0.000000,,-459.670013,1000.000000,,0.000000,0.000000,,,,0.047208,"SETFLOW",0.000000,0.997559,0.000000,,,,,"","",,,,8.644430,,0.000000,,0.000000,,,0.000000,0.000000,"",,,0.000000,,-1.000000,,0.000000,0.000000,-1.000000,-1.000000,,,,,,,,,,,"",,,,,,,,,,"Volumetric",,,,,,,,,,-0.005159,,,,,,,,,,-0.005159,-0.000123,,,,,,,,,,,,
"0BEC4A26","Nodes",1121495.500000,1669339.620000,1313.064347,"Default Known Flow Node",69.999969,0.579999,1000.000000,0.000000,"Known Flow",0.000000,0.000000,2.16999993085665e-07,40.000000,0.579999,1000.000000,0.000000,0.000000,13.000000,0.000000,0.515380,0.579999,,,,8.691598,8.691598,,16.800279,,,,,,903.822387,0.066145,0.000000,0.000000,0.000000,,-459.670013,1000.000000,,0.000000,0.000000,,,,0.047213,"UNDEFINED",0.000000,0.997558,0.000000,,,,,"","",,,,8.691598,,0.000000,,0.000000,,,0.000000,0.000000,"",,,0.000000,,-1.000000,,0.000000,0.000000,-1.000000,-1.000000,,,,,,,,,,,"",,,,,,,,,,"Volumetric",,,,,,,,,,0.000000,,,,,,,,,,0.000000,0.000000,,,,,,,,,,,,
"0BEC4A27","Nodes",1121364.870000,1669342.000000,1313.064347,"Default Known Flow Node",69.999969,0.579999,1000.000000,0.000000,"Known Flow",0.000000,0.000000,2.16999993085665e-07,40.000000,0.579999,1000.000000,0.000000,0.000000,13.000000,0.000000,0.515380,0.579999,,,,8.667613,8.667613,,16.800279,,,,,,903.822387,0.066145,0.000000,0.000000,0.000000,,-459.670013,1000.000000,,0.000000,0.000000,,,,0.047210,"SETFLOW",0.000000,0.997559,0.000000,,,,,"","",,,,8.667613,,0.000000,,0.000000,,,0.000000,0.000000,"",,,0.000000,,-1.000000,,0.000000,0.000000,-1.000000,-1.000000,,,,,,,,,,,"",,,,,,,,,,"Volumetric",,,,,,,,,,-0.001031,,,,,,,,,,-0.001031,-0.000024,,,,,,,,,,,,
"0BEC4A18","Nodes",1121914.370000,1669415.750000,1313.064347,"Default Known Flow Node",69.999969,0.579999,1000.000000,0.000000,"Known Flow",0.000000,0.000000,2.16999993085665e-07,40.000000,0.579999,1000.000000,0.000000,0.000000,13.000000,0.000000,0.515380,0.579999,,,,8.646919,8.646919,,16.800279,,,,,,903.822387,0.066145,0.000000,0.000000,0.000000,,-459.670013,1000.000000,,0.000000,0.000000,,,,0.047208,"SETFLOW",0.000000,0.997559,0.000000,,,,,"","",,,,8.646919,,0.000000,,0.000000,,,0.000000,0.000000,"",,,0.000000,,-1.000000,,0.000000,0.000000,-1.000000,-1.000000,,,,,,,,,,,"",,,,,,,,,,"Volumetric",,,,,,,,,,-0.013415,,,,,,,,,,-0.013415,-0.000321,,,,,,,,,,,,
"0BEC4A19","Nodes",1121918.250000,1669518.370000,1313.064347,"Default Known Flow Node",69.999969,0.579999,1000.000000,0.000000,"Known Flow",0.000000,0.000000,2.16999993085665e-07,40.000000,0.579999,1000.000000,0.000000,0.000000,13.000000,0.000000,0.515380,0.579999,,,,8.648056,8.648056,,16.800279,,,,,,903.822387,0.066145,0.000000,0.000000,0.000000,,-459.670013,1000.000000,,0.000000,0.000000,,,,0.047208,"SETFLOW",0.000000,0.997559,0.000000,,,,,"","",,,,8.648056,,0.000000,,0.000000,,,0.000000,0.000000,"",,,0.000000,,-1.000000,,0.000000,0.000000,-1.000000,-1.000000,,,,,,,,,,,"",,,,,,,,,,"Volumetric",,,,,,,,,,-0.015479,,,,,,,,,,-0.015479,-0.000371,,,,,,,,,,,,
"0BEC4A2E","Nodes",1121501.500000,1669642.750000,1313.064347,"Default Known Flow Node",69.999969,0.579999,1000.000000,0.000000,"Known Flow",0.000000,0.000000,2.16999993085665e-07,40.000000,0.579999,1000.000000,0.000000,0.000000,13.000000,0.000000,0.515380,0.579999,,,,8.689234,8.689234,,16.800279,,,,,,903.822387,0.066145,0.000000,0.000000,0.000000,,-459.670013,1000.000000,,0.000000,0.000000,,,,0.047213,"SETFLOW",0.000000,0.997559,0.000000,,,,,"","",,,,8.689234,,0.000000,,0.000000,,,0.000000,0.000000,"",,,0.000000,,-1.000000,,0.000000,0.000000,-1.000000,-1.000000,,,,,,,,,,,"",,,,,,,,,,"Volumetric",,,,,,,,,,-0.005159,,,,,,,,,,-0.005159,-0.000123,,,,,,,,,,,,
"0BEC4A1A","Nodes",1121926.370000,1669703.000000,1313.064347,"Default Known Flow Node",69.999969,0.579999,1000.000000,0.000000,"Known Flow",0.000000,0.000000,2.16999993085665e-07,40.000000,0.579999,1000.000000,0.000000,0.000000,13.000000,0.000000,0.515380,0.579999,,,,8.650175,8.650175,,16.800279,,,,,,903.822387,0.066145,0.000000,0.000000,0.000000,,-459.670013,1000.000000,,0.000000,0.000000,,,,0.047208,"SETFLOW",0.000000,0.997559,0.000000,,,,,"","",,,,8.650175,,0.000000,,0.000000,,,0.000000,0.000000,"",,,0.000000,,-1.000000,,0.000000,0.000000,-1.000000,-1.000000,,,,,,,,,,,"",,,,,,,,,,"Volumetric",,,,,,,,,,-0.033022,,,,,,,,,,-0.033022,-0.000792,,,,,,,,,,,,
"0BEC4A1B","Nodes",1121929.370000,1669782.250000,1313.064347,"Default Known Flow Node",69.999969,0.579999,1000.000000,0.000000,"Known Flow",0.000000,0.000000,2.16999993085665e-07,40.000000,0.579999,1000.000000,0.000000,0.000000,13.000000,0.000000,0.515380,0.579999,,,,8.650098,8.650098,,16.800279,,,,,,903.822387,0.066145,0.000000,0.000000,0.000000,,-459.670013,1000.000000,,0.000000,0.000000,,,,0.047208,"SETFLOW",0.000000,0.997559,0.000000,,,,,"","",,,,8.650098,,0.000000,,0.000000,,,0.000000,0.000000,"",,,0.000000,,-1.000000,,0.000000,0.000000,-1.000000,-1.000000,,,,,,,,,,,"",,,,,,,,,,"Volumetric",,,,,,,,,,-0.008255,,,,,,,,,,-0.008255,-0.000198,,,,,,,,,,,,
"0BEC4A22","Nodes",1121451.750000,1669923.120000,1313.064347,"Default Known Flow Node",69.999969,0.579999,1000.000000,0.000000,"Known Flow",0.000000,0.000000,2.16999993085665e-07,40.000000,0.579999,1000.000000,0.000000,0.000000,13.000000,0.000000,0.515380,0.579999,,,,8.640535,8.640535,,16.800279,,,,,,903.822387,0.066145,0.000000,0.000000,0.000000,,-459.670013,1000.000000,,0.000000,0.000000,,,,0.047207,"SETFLOW",0.000000,0.997559,0.000000,,,,,"","",,,,8.640535,,0.000000,,0.000000,,,0.000000,0.000000,"",,,0.000000,,-1.000000,,0.000000,0.000000,-1.000000,-1.000000,,,,,,,,,,,"",,,,,,,,,,"Volumetric",,,,,,,,,,-0.001031,,,,,,,,,,-0.001031,-0.000024,,,,,,,,,,,,
"0BEC4A21","Nodes",1121519.870000,1669930.000000,1313.064347,"Default Known Flow Node",69.999969,0.579999,1000.000000,0.000000,"Known Flow",0.000000,0.000000,2.16999993085665e-07,40.000000,0.579999,1000.000000,0.000000,0.000000,13.000000,0.000000,0.515380,0.579999,,,,8.644164,8.644164,,16.800279,,,,,,903.822387,0.066145,0.000000,0.000000,0.000000,,-459.670013,1000.000000,,0.000000,0.000000,,,,0.047208,"UNDEFINED",0.000000,0.997559,0.000000,,,,,"","",,,,8.644164,,0.000000,,0.000000,,,0.000000,0.000000,"",,,0.000000,,-1.000000,,0.000000,0.000000,-1.000000,-1.000000,,,,,,,,,,,"",,,,,,,,,,"Volumetric",,,,,,,,,,0.000000,,,,,,,,,,0.000000,0.000000,,,,,,,,,,,,
"0BEC4A20","Nodes",1121530.620000,1669930.500000,1313.064347,"Default Known Flow Node",69.999969,0.579999,1000.000000,0.000000,"Known Flow",0.000000,0.000000,2.16999993085665e-07,40.000000,0.579999,1000.000000,0.000000,0.000000,13.000000,0.000000,0.515380,0.579999,,,,8.645752,8.645752,,16.800279,,,,,,903.822387,0.066145,0.000000,0.000000,0.000000,,-459.670013,1000.000000,,0.000000,0.000000,,,,0.047208,"UNDEFINED",0.000000,0.997559,0.000000,,,,,"","",,,,8.645752,,0.000000,,0.000000,,,0.000000,0.000000,"",,,0.000000,,-1.000000,,0.000000,0.000000,-1.000000,-1.000000,,,,,,,,,,,"",,,,,,,,,,"Volumetric",,,,,,,,,,0.000000,,,,,,,,,,0.000000,0.000000,,,,,,,,,,,,
"0BEC4A24","Nodes",1121530.750000,1669924.120000,1313.064347,"Default Known Flow Node",69.999969,0.579999,1000.000000,0.000000,"Known Flow",0.000000,0.000000,2.16999993085665e-07,40.000000,0.579999,1000.000000,0.000000,0.000000,13.000000,0.000000,0.515380,0.579999,,,,8.645752,8.645752,,16.800279,,,,,,903.822387,0.066145,0.000000,0.000000,0.000000,,-459.670013,1000.000000,,0.000000,0.000000,,,,0.047208,"UNDEFINED",0.000000,0.997559,0.000000,,,,,"","",,,,8.645752,,0.000000,,0.000000,,,0.000000,0.000000,"",,,0.000000,,-1.000000,,0.000000,0.000000,-1.000000,-1.000000,,,,,,,,,,,"",,,,,,,,,,"Volumetric",,,,,,,,,,0.000000,,,,,,,,,,0.000000,0.000000,,,,,,,,,,,,
"0BEC4A1F","Nodes",1121551.913243,1669929.586352,1313.064347,"Default Known Flow Node",69.999969,0.579999,1000.000000,0.000000,"Known Flow",0.000000,0.000000,2.16999993085665e-07,40.000000,0.579999,1000.000000,0.000000,0.000000,13.000000,0.000000,0.515380,0.579999,,,,8.647113,8.647113,,16.800279,,,,,,903.822387,0.066145,0.000000,0.000000,0.000000,,-459.670013,1000.000000,,0.000000,0.000000,,,,0.047208,"SETFLOW",0.000000,0.997559,0.000000,,,,,"","",,,,8.647113,,0.000000,,0.000000,,,0.000000,0.000000,"",,,0.000000,,-1.000000,,0.000000,0.000000,-1.000000,-1.000000,,,,,,,,,,,"",,,,,,,,,,"Volumetric",,,,,,,,,,-0.003095,,,,,,,,,,-0.003095,-0.000074,,,,,,,,,,,,
"0BEC4A23","Nodes",1121530.620000,1669933.870000,1313.064347,"Default Known Flow Node",69.999969,0.579999,1000.000000,0.000000,"Known Flow",0.000000,0.000000,2.16999993085665e-07,40.000000,0.579999,1000.000000,0.000000,0.000000,13.000000,0.000000,0.515380,0.579999,,,,8.645752,8.645752,,16.800279,,,,,,903.822387,0.066145,0.000000,0.000000,0.000000,,-459.670013,1000.000000,,0.000000,0.000000,,,,0.047208,"UNDEFINED",0.000000,0.997559,0.000000,,,,,"","",,,,8.645752,,0.000000,,0.000000,,,0.000000,0.000000,"",,,0.000000,,-1.000000,,0.000000,0.000000,-1.000000,-1.000000,,,,,,,,,,,"",,,,,,,,,,"Volumetric",,,,,,,,,,0.000000,,,,,,,,,,0.000000,0.000000,,,,,,,,,,,,
"0BEC4A1E","Nodes",1121576.170849,1669933.945475,1313.064347,"Default Known Flow Node",69.999969,0.579999,1000.000000,0.000000,"Known Flow",0.000000,0.000000,2.16999993085665e-07,40.000000,0.579999,1000.000000,0.000000,0.000000,13.000000,0.000000,0.515380,0.579999,,,,8.649045,8.649045,,16.800279,,,,,,903.822387,0.066145,0.000000,0.000000,0.000000,,-459.670013,1000.000000,,0.000000,0.000000,,,,0.047208,"SETFLOW",0.000000,0.997559,0.000000,,,,,"","",,,,8.649045,,0.000000,,0.000000,,,0.000000,0.000000,"",,,0.000000,,-1.000000,,0.000000,0.000000,-1.000000,-1.000000,,,,,,,,,,,"",,,,,,,,,,"Volumetric",,,,,,,,,,-0.003095,,,,,,,,,,-0.003095,-0.000074,,,,,,,,,,,,
"0BEC4A1C","Nodes",1121934.911612,1669964.978193,1313.064347,"Default Known Flow Node",69.999969,0.579999,1000.000000,0.000000,"Known Flow",0.000000,0.000000,2.16999993085665e-07,40.000000,0.579999,1000.000000,0.000000,0.000000,13.000000,0.000000,0.515380,0.579999,,,,8.649890,8.649890,,16.800279,,,,,,903.822387,0.066145,0.000000,0.000000,0.000000,,-459.670013,1000.000000,,0.000000,0.000000,,,,0.047208,"UNDEFINED",0.000000,0.997559,0.000000,,,,,"","",,,,8.649890,,0.000000,,0.000000,,,0.000000,0.000000,"",,,0.000000,,-1.000000,,0.000000,0.000000,-1.000000,-1.000000,,,,,,,,,,,"",,,,,,,,,,"Volumetric",,,,,,,,,,0.000000,,,,,,,,,,0.000000,0.000000,,,,,,,,,,,,
"2FB1C642","Nodes",1121911.004688,1669962.547746,1313.064347,"Default Known Flow Node",69.999969,0.579999,1000.000000,0.000000,"Known Flow",0.000000,0.000000,2.16999993085665e-07,40.000000,0.579999,1000.000000,0.000000,0.000000,13.000000,0.000000,0.515380,0.579999,,,,8.649834,8.649834,,16.800279,,,,,,903.822387,0.066145,0.000000,0.000000,0.000000,,-459.670013,1000.000000,,0.000000,0.000000,,,,0.047208,"SETFLOW",0.000000,0.997559,0.000000,,,,,"","",,,,8.649834,,0.000000,,0.000000,,,0.000000,0.000000,"",,,0.000000,,-1.000000,,0.000000,0.000000,-1.000000,-1.000000,,,,,,,,,,,"",,,,,,,,,,"Volumetric",,,,,,,,,,-0.001031,,,,,,,,,,-0.001031,-0.000024,,,,,,,,,,,,
"2FB1C641","Nodes",1121974.799235,1669968.636596,1313.064347,"Default Known Flow Node",69.999969,0.579999,1000.000000,0.000000,"Known Flow",0.000000,0.000000,2.16999993085665e-07,40.000000,0.579999,1000.000000,0.000000,0.000000,13.000000,0.000000,0.515380,0.579999,,,,8.649823,8.649823,,16.800279,,,,,,903.822387,0.066145,0.000000,0.000000,0.000000,,-459.670013,1000.000000,,0.000000,0.000000,,,,0.047208,"SETFLOW",0.000000,0.997559,0.000000,,,,,"","",,,,8.649823,,0.000000,,0.000000,,,0.000000,0.000000,"",,,0.000000,,-1.000000,,0.000000,0.000000,-1.000000,-1.000000,,,,,,,,,,,"",,,,,,,,,,"Volumetric",,,,,,,,,,-0.005159,,,,,,,,,,-0.005159,-0.000123,,,,,,,,,,,,
"0BEC4A1D","Nodes",1122304.250000,1669998.250000,1313.064347,"Default Known Flow Node",69.999969,0.579999,1000.000000,0.000000,"Known Flow",0.000000,0.000000,2.16999993085665e-07,40.000000,0.579999,1000.000000,0.000000,0.000000,13.000000,0.000000,0.515380,0.579999,,,,8.649276,8.649276,,16.800279,,,,,,903.822387,0.066145,0.000000,0.000000,0.000000,,-459.670013,1000.000000,,0.000000,0.000000,,,,0.047208,"SETFLOW",0.000000,0.997559,0.000000,,,,,"","",,,,8.649276,,0.000000,,0.000000,,,0.000000,0.000000,"",,,0.000000,,-1.000000,,0.000000,0.000000,-1.000000,-1.000000,,,,,,,,,,,"",,,,,,,,,,"Volumetric",,,,,,,,,,-0.005159,,,,,,,,,,-0.005159,-0.000123,,,,,,,,,,,,
"0BEC30CE","Nodes",1122347.000000,1670003.620000,1313.064347,"Default Known Flow Node",69.999969,0.579999,1000.000000,0.000000,"Known Flow",0.000000,0.000000,2.16999993085665e-07,40.000000,0.579999,1000.000000,0.000000,0.000000,13.000000,0.000000,0.515380,0.579999,,,,8.649206,8.649206,,16.800279,,,,,,903.822387,0.066145,0.000000,0.000000,0.000000,,-459.670013,1000.000000,,0.000000,0.000000,,,,0.047208,"UNDEFINED",0.000000,0.997559,0.000000,,,,,"","",,,,8.649206,,0.000000,,0.000000,,,0.000000,0.000000,"",,,0.000000,,-1.000000,,0.000000,0.000000,-1.000000,-1.000000,,,,,,,,,,,"",,,,,,,,,,"Volumetric",,,,,,,,,,0.000000,,,,,,,,,,0.000000,0.000000,,,,,,,,,,,,
"Q3No191","Nodes",1121935.621182,1669987.033993,1313.064347,"Default Known Flow Node",69.999969,0.579999,1000.000000,0.000000,"Known Flow",0.000000,0.000000,2.16999993085665e-07,40.000000,0.579999,1000.000000,0.000000,0.000000,13.000000,0.000000,0.515380,0.579999,,,,8.649947,8.649947,,16.800279,,,,,,903.822387,0.066145,0.000000,0.000000,0.000000,,-459.670013,1000.000000,,0.000000,0.000000,,,,0.047208,"UNDEFINED",0.000000,0.997559,0.000000,,,,,"","",,,,8.649947,,0.000000,,0.000000,,,0.000000,0.000000,"",,,0.000000,,-1.000000,,0.000000,0.000000,0.000000,-1.000000,,,,,,,,,,,"",,,,,,,,,,"Volumetric",,,,,,,,,,0.000000,,,,,,,,,,0.000000,0.000000,,,,,,,,,,,,
"0BEC534A","Nodes",1121491.429959,1670169.902108,1313.064347,"Default Known Flow Node",69.999969,0.579999,1000.000000,0.000000,"Known Flow",0.000000,0.000000,2.16999993085665e-07,40.000000,0.579999,1000.000000,0.000000,0.000000,13.000000,0.000000,0.515380,0.579999,,,,8.634987,8.634987,,16.800279,,,,,,903.822387,0.066145,0.000000,0.000000,0.000000,,-459.670013,1000.000000,,0.000000,0.000000,,,,0.047207,"SETFLOW",0.000000,0.997559,0.000000,,,,,"","",,,,8.634987,,0.000000,,0.000000,,,0.000000,0.000000,"",,,0.000000,,-1.000000,,0.000000,0.000000,-1.000000,-1.000000,,,,,,,,,,,"",,,,,,,,,,"Volumetric",,,,,,,,,,-0.008255,,,,,,,,,,-0.008255,-0.000198,,,,,,,,,,,,
"2FB14AB6","Nodes",1121582.716792,1670177.448251,1313.064347,"Default Known Flow Node",69.999969,0.579999,1000.000000,0.000000,"Known Flow",0.000000,0.000000,2.16999993085665e-07,40.000000,0.579999,1000.000000,0.000000,0.000000,13.000000,0.000000,0.515380,0.579999,,,,8.638140,8.638140,,16.800279,,,,,,903.822387,0.066145,0.000000,0.000000,0.000000,,-459.670013,1000.000000,,0.000000,0.000000,,,,0.047207,"SETFLOW",0.000000,0.997559,0.000000,,,,,"","",,,,8.638140,,0.000000,,0.000000,,,0.000000,0.000000,"",,,0.000000,,-1.000000,,0.000000,0.000000,-1.000000,-1.000000,,,,,,,,,,,"",,,,,,,,,,"Volumetric",,,,,,,,,,-0.003095,,,,,,,,,,-0.003095,-0.000074,,,,,,,,,,,,
"0BEC534B","Nodes",1121777.269603,1670215.664529,1313.064347,"Default Known Flow Node",69.999969,0.579999,1000.000000,0.000000,"Known Flow",0.000000,0.000000,2.16999993085665e-07,40.000000,0.579999,1000.000000,0.000000,0.000000,13.000000,0.000000,0.515380,0.579999,,,,8.644823,8.644823,,16.800279,,,,,,903.822387,0.066145,0.000000,0.000000,0.000000,,-459.670013,1000.000000,,0.000000,0.000000,,,,0.047208,"SETFLOW",0.000000,0.997559,0.000000,,,,,"","",,,,8.644823,,0.000000,,0.000000,,,0.000000,0.000000,"",,,0.000000,,-1.000000,,0.000000,0.000000,-1.000000,-1.000000,,,,,,,,,,,"",,,,,,,,,,"Volumetric",,,,,,,,,,-0.003095,,,,,,,,,,-0.003095,-0.000074,,,,,,,,,,,,
"Q3No192","Nodes",1121925.228298,1670238.319502,1313.064347,"Default Known Flow Node",69.999969,0.579999,1000.000000,0.000000,"Known Flow",0.000000,0.000000,2.16999993085665e-07,40.000000,0.579999,1000.000000,0.000000,0.000000,13.000000,0.000000,0.515380,0.579999,,,,8.649965,8.649965,,16.800279,,,,,,903.822387,0.066145,0.000000,0.000000,0.000000,,-459.670013,1000.000000,,0.000000,0.000000,,,,0.047208,"UNDEFINED",0.000000,0.997559,0.000000,,,,,"","",,,,8.649965,,0.000000,,0.000000,,,0.000000,0.000000,"",,,0.000000,,-1.000000,,0.000000,0.000000,0.000000,-1.000000,,,,,,,,,,,"",,,,,,,,,,"Volumetric",,,,,,,,,,0.000000,,,,,,,,,,0.000000,0.000000,,,,,,,,,,,,
"0BEC4A35","Nodes",1121937.464442,1669992.654147,1313.064347,"Default Known Flow Node",69.999969,0.579999,1000.000000,0.000000,"Known Flow",0.000000,0.000000,2.16999993085665e-07,40.000000,0.579999,1000.000000,0.000000,0.000000,13.000000,0.000000,0.515380,0.579999,,,,8.649965,8.649965,,16.800279,,,,,,903.822387,0.066145,0.000000,0.000000,0.000000,,-459.670013,1000.000000,,0.000000,0.000000,,,,0.047208,"SETFLOW",0.000000,0.997559,0.000000,,,,,"","",,,,8.649965,,0.000000,,0.000000,,,0.000000,0.000000,"",,,0.000000,,-1.000000,,0.000000,0.000000,-1.000000,-1.000000,,,,,,,,,,,"",,,,,,,,,,"Volumetric",,,,,,,,,,-0.003095,,,,,,,,,,-0.003095,-0.000074,,,,,,,,,,,,
"Q3No190","Nodes",1121950.655829,1670184.405719,1313.064347,"Default Known Flow Node",69.999969,0.579999,1000.000000,0.000000,"Known Flow",0.000000,0.000000,2.16999993085665e-07,40.000000,0.579999,1000.000000,0.000000,0.000000,13.000000,0.000000,0.515380,0.579999,,,,8.650520,8.650520,,16.800279,,,,,,903.822387,0.066145,0.000000,0.000000,0.000000,,-459.670013,1000.000000,,0.000000,0.000000,,,,0.047208,"UNDEFINED",0.000000,0.997559,0.000000,,,,,"","",,,,8.650520,,0.000000,,0.000000,,,0.000000,0.000000,"",,,0.000000,,-1.000000,,0.000000,0.000000,0.000000,-1.000000,,,,,,,,,,,"",,,,,,,,,,"Volumetric",,,,,,,,,,0.000000,,,,,,,,,,0.000000,0.000000,,,,,,,,,,,,
"0BEC534D","Nodes",1121946.000000,1670241.500000,1313.064347,"Default Known Flow Node",69.999969,0.579999,1000.000000,0.000000,"Known Flow",0.000000,0.000000,2.16999993085665e-07,40.000000,0.579999,1000.000000,0.000000,0.000000,13.000000,0.000000,0.515380,0.579999,,,,8.650685,8.650685,,16.800279,,,,,,903.822387,0.066145,0.000000,0.000000,0.000000,,-459.670013,1000.000000,,0.000000,0.000000,,,,0.047208,"SETFLOW",0.000000,0.997559,0.000000,,,,,"","",,,,8.650685,,0.000000,,0.000000,,,0.000000,0.000000,"",,,0.000000,,-1.000000,,0.000000,0.000000,-1.000000,-1.000000,,,,,,,,,,,"",,,,,,,,,,"Volumetric",,,,,,,,,,-0.005159,,,,,,,,,,-0.005159,-0.000123,,,,,,,,,,,,
"0BEC534E","Nodes",1121994.813942,1670248.804545,1313.064347,"Default Known Flow Node",69.999969,0.579999,1000.000000,0.000000,"Known Flow",0.000000,0.000000,2.16999993085665e-07,40.000000,0.579999,1000.000000,0.000000,0.000000,13.000000,0.000000,0.515380,0.579999,,,,8.650683,8.650683,,16.800279,,,,,,903.822387,0.066145,0.000000,0.000000,0.000000,,-459.670013,1000.000000,,0.000000,0.000000,,,,0.047208,"SETFLOW",0.000000,0.997559,0.000000,,,,,"","",,,,8.650683,,0.000000,,0.000000,,,0.000000,0.000000,"",,,0.000000,,-1.000000,,0.000000,0.000000,-1.000000,-1.000000,,,,,,,,,,,"",,,,,,,,,,"Volumetric",,,,,,,,,,-0.003095,,,,,,,,,,-0.003095,-0.000074,,,,,,,,,,,,
"0BEC5376","Nodes",1122164.446102,1670274.366742,1313.064347,"Default Known Flow Node",69.999969,0.579999,1000.000000,0.000000,"Known Flow",0.000000,0.000000,2.16999993085665e-07,40.000000,0.579999,1000.000000,0.000000,0.000000,13.000000,0.000000,0.515380,0.579999,,,,8.650681,8.650681,,16.800279,,,,,,903.822387,0.066145,0.000000,0.000000,0.000000,,-459.670013,1000.000000,,0.000000,0.000000,,,,0.047208,"SETFLOW",0.000000,0.997559,0.000000,,,,,"","",,,,8.650681,,0.000000,,0.000000,,,0.000000,0.000000,"",,,0.000000,,-1.000000,,0.000000,0.000000,-1.000000,-1.000000,,,,,,,,,,,"",,,,,,,,,,"Volumetric",,,,,,,,,,-0.003095,,,,,,,,,,-0.003095,-0.000074,,,,,,,,,,,,
"2FB99756","Nodes",1121438.870000,1670441.500000,1313.064347,"Default Known Flow Node",69.999969,0.579999,1000.000000,0.000000,"Known Flow",0.000000,0.000000,2.16999993085665e-07,40.000000,0.579999,1000.000000,0.000000,0.000000,13.000000,0.000000,0.515380,0.579999,,,,8.681686,8.681686,,16.800279,,,,,,903.822387,0.066145,0.000000,0.000000,0.000000,,-459.670013,1000.000000,,0.000000,0.000000,,,,0.047212,"SETFLOW",0.000000,0.997559,0.000000,,,,,"","",,,,8.681686,,0.000000,,0.000000,,,0.000000,0.000000,"",,,0.000000,,-1.000000,,0.000000,0.000000,-1.000000,-1.000000,,,,,,,,,,,"",,,,,,,,,,"Volumetric",,,,,,,,,,-0.005159,,,,,,,,,,-0.005159,-0.000123,,,,,,,,,,,,
"2FB99757","Nodes",1121456.620000,1670441.120000,1313.064347,"Default Known Flow Node",69.999969,0.579999,1000.000000,0.000000,"Known Flow",0.000000,0.000000,2.16999993085665e-07,40.000000,0.579999,1000.000000,0.000000,0.000000,13.000000,0.000000,0.515380,0.579999,,,,8.683117,8.683117,,16.800279,,,,,,903.822387,0.066145,0.000000,0.000000,0.000000,,-459.670013,1000.000000,,0.000000,0.000000,,,,0.047212,"UNDEFINED",0.000000,0.997559,0.000000,,,,,"","",,,,8.683117,,0.000000,,0.000000,,,0.000000,0.000000,"",,,0.000000,,-1.000000,,0.000000,0.000000,-1.000000,-1.000000,,,,,,,,,,,"",,,,,,,,,,"Volumetric",,,,,,,,,,0.000000,,,,,,,,,,0.000000,0.000000,,,,,,,,,,,,
"0BEC4A36","Nodes",1121535.750000,1669999.750000,1313.064347,"Default Known Flow Node",69.999969,0.579999,1000.000000,0.000000,"Known Flow",0.000000,0.000000,2.16999993085665e-07,40.000000,0.579999,1000.000000,0.000000,0.000000,13.000000,0.000000,0.515380,0.579999,,,,8.688523,8.688523,,16.800279,,,,,,903.822387,0.066145,0.000000,0.000000,0.000000,,-459.670013,1000.000000,,0.000000,0.000000,,,,0.047213,"SETFLOW",0.000000,0.997559,0.000000,,,,,"","",,,,8.688523,,0.000000,,0.000000,,,0.000000,0.000000,"",,,0.000000,,-1.000000,,0.000000,0.000000,-1.000000,-1.000000,,,,,,,,,,,"",,,,,,,,,,"Volumetric",,,,,,,,,,-0.028894,,,,,,,,,,-0.028894,-0.000693,,,,,,,,,,,,
"2FB99755","Nodes",1121459.620000,1670441.500000,1313.064347,"Default Known Flow Node",69.999969,0.579999,1000.000000,0.000000,"Known Flow",0.000000,0.000000,2.16999993085665e-07,40.000000,0.579999,1000.000000,0.000000,0.000000,13.000000,0.000000,0.515380,0.579999,,,,8.683853,8.683853,,16.800279,,,,,,903.822387,0.066145,0.000000,0.000000,0.000000,,-459.670013,1000.000000,,0.000000,0.000000,,,,0.047212,"SETFLOW",0.000000,0.997559,0.000000,,,,,"","",,,,8.683853,,0.000000,,0.000000,,,0.000000,0.000000,"",,,0.000000,,-1.000000,,0.000000,0.000000,-1.000000,-1.000000,,,,,,,,,,,"",,,,,,,,,,"Volumetric",,,,,,,,,,-0.005159,,,,,,,,,,-0.005159,-0.000123,,,,,,,,,,,,
"0BEC534C","Nodes",1121456.750000,1670456.120000,1313.064347,"Default Known Flow Node",69.999969,0.579999,1000.000000,0.000000,"Known Flow",0.000000,0.000000,2.16999993085665e-07,40.000000,0.579999,1000.000000,0.000000,0.000000,13.000000,0.000000,0.515380,0.579999,,,,8.683715,8.683715,,16.800279,,,,,,903.822387,0.066145,0.000000,0.000000,0.000000,,-459.670013,1000.000000,,0.000000,0.000000,,,,0.047212,"SETFLOW",0.000000,0.997559,0.000000,,,,,"","",,,,8.683715,,0.000000,,0.000000,,,0.000000,0.000000,"",,,0.000000,,-1.000000,,0.000000,0.000000,-1.000000,-1.000000,,,,,,,,,,,"",,,,,,,,,,"Volumetric",,,,,,,,,,-0.005159,,,,,,,,,,-0.005159,-0.000123,,,,,,,,,,,,
"Q3No188","Nodes",1121940.172413,1670276.982758,1313.064347,"Default Known Flow Node",69.999969,0.579999,1000.000000,0.000000,"Known Flow",0.000000,0.000000,2.16999993085665e-07,40.000000,0.579999,1000.000000,0.000000,0.000000,13.000000,0.000000,0.515380,0.579999,,,,8.651582,8.651582,,16.800279,,,,,,903.822387,0.066145,0.000000,0.000000,0.000000,,-459.670013,1000.000000,,0.000000,0.000000,,,,0.047208,"UNDEFINED",0.000000,0.997559,0.000000,,,,,"","",,,,8.651582,,0.000000,,0.000000,,,0.000000,0.000000,"",,,0.000000,,-1.000000,,0.000000,0.000000,0.000000,-1.000000,,,,,,,,,,,"",,,,,,,,,,"Volumetric",,,,,,,,,,0.000000,,,,,,,,,,0.000000,0.000000,,,,,,,,,,,,
"0BEC534F","Nodes",1121903.750000,1670498.750000,1313.064347,"Default Known Flow Node",69.999969,0.579999,1000.000000,0.000000,"Known Flow",0.000000,0.000000,2.16999993085665e-07,40.000000,0.579999,1000.000000,0.000000,0.000000,13.000000,0.000000,0.515380,0.579999,,,,8.654578,8.654578,,16.800279,,,,,,903.822387,0.066145,0.000000,0.000000,0.000000,,-459.670013,1000.000000,,0.000000,0.000000,,,,0.047209,"SETFLOW",0.000000,0.997559,0.000000,,,,,"","",,,,8.654578,,0.000000,,0.000000,,,0.000000,0.000000,"",,,0.000000,,-1.000000,,0.000000,0.000000,-1.000000,-1.000000,,,,,,,,,,,"",,,,,,,,,,"Volumetric",,,,,,,,,,-0.003095,,,,,,,,,,-0.003095,-0.000074,,,,,,,,,,,,
"0BEC5350","Nodes",1121884.870000,1670610.500000,1313.064347,"Default Known Flow Node",69.999969,0.579999,1000.000000,0.000000,"Known Flow",0.000000,0.000000,2.16999993085665e-07,40.000000,0.579999,1000.000000,0.000000,0.000000,13.000000,0.000000,0.515380,0.579999,,,,8.656064,8.656064,,16.800279,,,,,,903.822387,0.066145,0.000000,0.000000,0.000000,,-459.670013,1000.000000,,0.000000,0.000000,,,,0.047209,"SETFLOW",0.000000,0.997559,0.000000,,,,,"","",,,,8.656064,,0.000000,,0.000000,,,0.000000,0.000000,"",,,0.000000,,-1.000000,,0.000000,0.000000,-1.000000,-1.000000,,,,,,,,,,,"",,,,,,,,,,"Volumetric",,,,,,,,,,-0.003095,,,,,,,,,,-0.003095,-0.000074,,,,,,,,,,,,
"2FB99758","Nodes",1121412.870000,1670661.370000,1313.064347,"Default Known Flow Node",69.999969,0.579999,1000.000000,0.000000,"Known Flow",0.000000,0.000000,2.16999993085665e-07,40.000000,0.579999,1000.000000,0.000000,0.000000,13.000000,0.000000,0.515380,0.579999,,,,8.662614,8.662614,,16.800279,,,,,,903.822387,0.066145,0.000000,0.000000,0.000000,,-459.670013,1000.000000,,0.000000,0.000000,,,,0.047210,"UNDEFINED",0.000000,0.997559,0.000000,,,,,"","",,,,8.662614,,0.000000,,0.000000,,,0.000000,0.000000,"",,,0.000000,,-1.000000,,0.000000,0.000000,-1.000000,-1.000000,,,,,,,,,,,"",,,,,,,,,,"Volumetric",,,,,,,,,,0.000000,,,,,,,,,,0.000000,0.000000,,,,,,,,,,,,
"0BEC5356","Nodes",1121407.870000,1670682.870000,1313.064347,"Default Known Flow Node",69.999969,0.579999,1000.000000,0.000000,"Known Flow",0.000000,0.000000,2.16999993085665e-07,40.000000,0.579999,1000.000000,0.000000,0.000000,13.000000,0.000000,0.515380,0.579999,,,,8.662614,8.662614,,16.800279,,,,,,903.822387,0.066145,0.000000,0.000000,0.000000,,-459.670013,1000.000000,,0.000000,0.000000,,,,0.047210,"SETFLOW",0.000000,0.997559,0.000000,,,,,"","",,,,8.662614,,0.000000,,0.000000,,,0.000000,0.000000,"",,,0.000000,,-1.000000,,0.000000,0.000000,-1.000000,-1.000000,,,,,,,,,,,"",,,,,,,,,,"Volumetric",,,,,,,,,,-0.001031,,,,,,,,,,-0.001031,-0.000024,,,,,,,,,,,,
"2FB21334","Nodes",1121406.870000,1670687.120000,1313.064347,"Default Known Flow Node",69.999969,0.579999,1000.000000,0.000000,"Known Flow",0.000000,0.000000,2.16999993085665e-07,40.000000,0.579999,1000.000000,0.000000,0.000000,13.000000,0.000000,0.515380,0.579999,,,,8.667201,8.667201,,16.800279,,,,,,903.822387,0.066145,0.000000,0.000000,0.000000,,-459.670013,1000.000000,,0.000000,0.000000,,,,0.047210,"UNDEFINED",0.000000,0.997559,0.000000,,,,,"","",,,,8.667201,,0.000000,,0.000000,,,0.000000,0.000000,"",,,0.000000,,-1.000000,,0.000000,0.000000,-1.000000,-1.000000,,,,,,,,,,,"",,,,,,,,,,"Volumetric",,,,,,,,,,0.000000,,,,,,,,,,0.000000,0.000000,,,,,,,,,,,,
"0BEC535B","Nodes",1121604.750000,1670690.250000,1313.064347,"Default Known Flow Node",69.999969,0.579999,1000.000000,0.000000,"Known Flow",0.000000,0.000000,2.16999993085665e-07,40.000000,0.579999,1000.000000,0.000000,0.000000,13.000000,0.000000,0.515380,0.579999,,,,8.660330,8.660330,,16.800279,,,,,,903.822387,0.066145,0.000000,0.000000,0.000000,,-459.670013,1000.000000,,0.000000,0.000000,,,,0.047209,"SETFLOW",0.000000,0.997559,0.000000,,,,,"","",,,,8.660330,,0.000000,,0.000000,,,0.000000,0.000000,"",,,0.000000,,-1.000000,,0.000000,0.000000,-1.000000,-1.000000,,,,,,,,,,,"",,,,,,,,,,"Volumetric",,,,,,,,,,-0.005159,,,,,,,,,,-0.005159,-0.000123,,,,,,,,,,,,
"2FB21333","Nodes",1121402.750000,1670691.370000,1313.064347,"Default Known Flow Node",69.999969,0.579999,1000.000000,0.000000,"Known Flow",0.000000,0.000000,2.16999993085665e-07,40.000000,0.579999,1000.000000,0.000000,0.000000,13.000000,0.000000,0.515380,0.579999,,,,8.681302,8.681302,,16.800279,,,,,,903.822387,0.066145,0.000000,0.000000,0.000000,,-459.670013,1000.000000,,0.000000,0.000000,,,,0.047212,"SETFLOW",0.000000,0.997559,0.000000,,,,,"","",,,,8.681302,,0.000000,,0.000000,,,0.000000,0.000000,"",,,0.000000,,-1.000000,,0.000000,0.000000,-1.000000,-1.000000,,,,,,,,,,,"",,,,,,,,,,"Volumetric",,,,,,,,,,-0.013415,,,,,,,,,,-0.013415,-0.000321,,,,,,,,,,,,
"0BEC5351","Nodes",1121870.620000,1670700.120000,1313.064347,"Default Known Flow Node",69.999969,0.579999,1000.000000,0.000000,"Known Flow",0.000000,0.000000,2.16999993085665e-07,40.000000,0.579999,1000.000000,0.000000,0.000000,13.000000,0.000000,0.515380,0.579999,,,,8.657265,8.657265,,16.800279,,,,,,903.822387,0.066145,0.000000,0.000000,0.000000,,-459.670013,1000.000000,,0.000000,0.000000,,,,0.047209,"SETFLOW",0.000000,0.997559,0.000000,,,,,"","",,,,8.657265,,0.000000,,0.000000,,,0.000000,0.000000,"",,,0.000000,,-1.000000,,0.000000,0.000000,-1.000000,-1.000000,,,,,,,,,,,"",,,,,,,,,,"Volumetric",,,,,,,,,,-0.016511,,,,,,,,,,-0.016511,-0.000396,,,,,,,,,,,,
"2FB9BB42","Nodes",1121905.584222,1670701.732612,1313.064347,"Default Known Flow Node",69.999969,0.579999,1000.000000,0.000000,"Known Flow",0.000000,0.000000,2.16999993085665e-07,40.000000,0.579999,1000.000000,0.000000,0.000000,13.000000,0.000000,0.515380,0.579999,,,,8.657264,8.657264,,16.800279,,,,,,903.822387,0.066145,0.000000,0.000000,0.000000,,-459.670013,1000.000000,,0.000000,0.000000,,,,0.047209,"UNDEFINED",0.000000,0.997559,0.000000,,,,,"","",,,,8.657264,,0.000000,,0.000000,,,0.000000,0.000000,"",,,0.000000,,-1.000000,,0.000000,0.000000,0.000000,-1.000000,,,,,,,,,,,"",,,,,,,,,,"Volumetric",,,,,,,,,,0.000000,,,,,,,,,,0.000000,0.000000,,,,,,,,,,,,
"0BEC535C","Nodes",1122127.651344,1670710.971868,1313.064347,"Default Known Flow Node",69.999969,0.579999,1000.000000,0.000000,"Known Flow",0.000000,0.000000,2.16999993085665e-07,40.000000,0.579999,1000.000000,0.000000,0.000000,13.000000,0.000000,0.515380,0.579999,,,,8.657258,8.657258,,16.800279,,,,,,903.822387,0.066145,0.000000,0.000000,0.000000,,-459.670013,1000.000000,,0.000000,0.000000,,,,0.047209,"SETFLOW",0.000000,0.997559,0.000000,,,,,"","",,,,8.657258,,0.000000,,0.000000,,,0.000000,0.000000,"",,,0.000000,,-1.000000,,0.000000,0.000000,-1.000000,-1.000000,,,,,,,,,,,"",,,,,,,,,,"Volumetric",,,,,,,,,,-0.010319,,,,,,,,,,-0.010319,-0.000247,,,,,,,,,,,,
"2FB9C4EC","Nodes",1122292.563637,1670715.936070,1313.064347,"Default Known Flow Node",69.999969,0.579999,1000.000000,0.000000,"Known Flow",0.000000,0.000000,2.16999993085665e-07,40.000000,0.579999,1000.000000,0.000000,0.000000,13.000000,0.000000,0.515380,0.579999,,,,8.657257,8.657257,,16.800279,,,,,,903.822387,0.066145,0.000000,0.000000,0.000000,,-459.670013,1000.000000,,0.000000,0.000000,,,,0.047209,"SETFLOW",0.000000,0.997559,0.000000,,,,,"","",,,,8.657257,,0.000000,,0.000000,,,0.000000,0.000000,"",,,0.000000,,-1.000000,,0.000000,0.000000,-1.000000,-1.000000,,,,,,,,,,,"",,,,,,,,,,"Volumetric",,,,,,,,,,-0.003095,,,,,,,,,,-0.003095,-0.000074,,,,,,,,,,,,
"2FB21335","Nodes",1121341.250000,1670954.750000,1313.064347,"Default Known Flow Node",69.999969,0.579999,1000.000000,0.000000,"Known Flow",0.000000,0.000000,2.16999993085665e-07,40.000000,0.579999,1000.000000,0.000000,0.000000,13.000000,0.000000,0.515380,0.579999,,,,8.679274,8.679274,,16.800279,,,,,,903.822387,0.066145,0.000000,0.000000,0.000000,,-459.670013,1000.000000,,0.000000,0.000000,,,,0.047212,"SETFLOW",0.000000,0.997559,0.000000,,,,,"","",,,,8.679274,,0.000000,,0.000000,,,0.000000,0.000000,"",,,0.000000,,-1.000000,,0.000000,0.000000,-1.000000,-1.000000,,,,,,,,,,,"",,,,,,,,,,"Volumetric",,,,,,,,,,-0.008255,,,,,,,,,,-0.008255,-0.000198,,,,,,,,,,,,
"2FB85600","Nodes",1121343.750000,1670955.250000,1313.064347,"Default Known Flow Node",69.999969,0.579999,1000.000000,0.000000,"Known Flow",0.000000,0.000000,2.16999993085665e-07,40.000000,0.579999,1000.000000,0.000000,0.000000,13.000000,0.000000,0.515380,0.579999,,,,8.678960,8.678960,,16.800279,,,,,,903.822387,0.066145,0.000000,0.000000,0.000000,,-459.670013,1000.000000,,0.000000,0.000000,,,,0.047212,"UNDEFINED",0.000000,0.997559,0.000000,,,,,"","",,,,8.678960,,0.000000,,0.000000,,,0.000000,0.000000,"",,,0.000000,,-1.000000,,0.000000,0.000000,-1.000000,-1.000000,,,,,,,,,,,"",,,,,,,,,,"Volumetric",,,,,,,,,,0.000000,,,,,,,,,,0.000000,0.000000,,,,,,,,,,,,
"2FB21336","Nodes",1121343.120000,1670960.870000,1313.064347,"Default Known Flow Node",69.999969,0.579999,1000.000000,0.000000,"Known Flow",0.000000,0.000000,2.16999993085665e-07,40.000000,0.579999,1000.000000,0.000000,0.000000,13.000000,0.000000,0.515380,0.579999,,,,8.678174,8.678174,,16.800279,,,,,,903.822387,0.066145,0.000000,0.000000,0.000000,,-459.670013,1000.000000,,0.000000,0.000000,,,,0.047212,"UNDEFINED",0.000000,0.997559,0.000000,,,,,"","",,,,8.678174,,0.000000,,0.000000,,,0.000000,0.000000,"",,,0.000000,,-1.000000,,0.000000,0.000000,-1.000000,-1.000000,,,,,,,,,,,"",,,,,,,,,,"Volumetric",,,,,,,,,,0.000000,,,,,,,,,,0.000000,0.000000,,,,,,,,,,,,
"0BEC5359","Nodes",1121342.370000,1670964.000000,1313.064347,"Default Known Flow Node",69.999969,0.579999,1000.000000,0.000000,"Known Flow",0.000000,0.000000,2.16999993085665e-07,40.000000,0.579999,1000.000000,0.000000,0.000000,13.000000,0.000000,0.515380,0.579999,,,,8.677860,8.677860,,16.800279,,,,,,903.822387,0.066145,0.000000,0.000000,0.000000,,-459.670013,1000.000000,,0.000000,0.000000,,,,0.047211,"SETFLOW",0.000000,0.997559,0.000000,,,,,"","",,,,8.677860,,0.000000,,0.000000,,,0.000000,0.000000,"",,,0.000000,,-1.000000,,0.000000,0.000000,-1.000000,-1.000000,,,,,,,,,,,"",,,,,,,,,,"Volumetric",,,,,,,,,,-0.001031,,,,,,,,,,-0.001031,-0.000024,,,,,,,,,,,,
"0BEC535A","Nodes",1121341.500000,1670967.750000,1313.064347,"Default Known Flow Node",69.999969,0.579999,1000.000000,0.000000,"Known Flow",0.000000,0.000000,2.16999993085665e-07,40.000000,0.579999,1000.000000,0.000000,0.000000,13.000000,0.000000,0.515380,0.579999,,,,8.677667,8.677667,,16.800279,,,,,,903.822387,0.066145,0.000000,0.000000,0.000000,,-459.670013,1000.000000,,0.000000,0.000000,,,,0.047211,"SETFLOW",0.000000,0.997559,0.000000,,,,,"","",,,,8.677667,,0.000000,,0.000000,,,0.000000,0.000000,"",,,0.000000,,-1.000000,,0.000000,0.000000,-1.000000,-1.000000,,,,,,,,,,,"",,,,,,,,,,"Volumetric",,,,,,,,,,-0.001031,,,,,,,,,,-0.001031,-0.000024,,,,,,,,,,,,
"0BEC535F","Nodes",1121663.870000,1670976.250000,1313.064347,"Default Known Flow Node",69.999969,0.579999,1000.000000,0.000000,"Known Flow",0.000000,0.000000,2.16999993085665e-07,40.000000,0.579999,1000.000000,0.000000,0.000000,13.000000,0.000000,0.515380,0.579999,,,,8.663371,8.663371,,16.800279,,,,,,903.822387,0.066145,0.000000,0.000000,0.000000,,-459.670013,1000.000000,,0.000000,0.000000,,,,0.047210,"SETFLOW",0.000000,0.997559,0.000000,,,,,"","",,,,8.663371,,0.000000,,0.000000,,,0.000000,0.000000,"",,,0.000000,,-1.000000,,0.000000,0.000000,-1.000000,-1.000000,,,,,,,,,,,"",,,,,,,,,,"Volumetric",,,,,,,,,,-0.003095,,,,,,,,,,-0.003095,-0.000074,,,,,,,,,,,,
"0BEC5352","Nodes",1121826.620000,1670981.750000,1313.064347,"Default Known Flow Node",69.999969,0.579999,1000.000000,0.000000,"Known Flow",0.000000,0.000000,2.16999993085665e-07,40.000000,0.579999,1000.000000,0.000000,0.000000,13.000000,0.000000,0.515380,0.579999,,,,8.657380,8.657380,,16.800279,,,,,,903.822387,0.066145,0.000000,0.000000,0.000000,,-459.670013,1000.000000,,0.000000,0.000000,,,,0.047209,"SETFLOW",0.000000,0.997559,0.000000,,,,,"","",,,,8.657380,,0.000000,,0.000000,,,0.000000,0.000000,"",,,0.000000,,-1.000000,,0.000000,0.000000,-1.000000,-1.000000,,,,,,,,,,,"",,,,,,,,,,"Volumetric",,,,,,,,,,-0.013415,,,,,,,,,,-0.013415,-0.000321,,,,,,,,,,,,
"0BEC5360","Nodes",1122071.500000,1670991.500000,1313.064347,"Default Known Flow Node",69.999969,0.579999,1000.000000,0.000000,"Known Flow",0.000000,0.000000,2.16999993085665e-07,40.000000,0.579999,1000.000000,0.000000,0.000000,13.000000,0.000000,0.515380,0.579999,,,,8.657253,8.657253,,16.800279,,,,,,903.822387,0.066145,0.000000,0.000000,0.000000,,-459.670013,1000.000000,,0.000000,0.000000,,,,0.047209,"SETFLOW",0.000000,0.997559,0.000000,,,,,"","",,,,8.657253,,0.000000,,0.000000,,,0.000000,0.000000,"",,,0.000000,,-1.000000,,0.000000,0.000000,-1.000000,-1.000000,,,,,,,,,,,"",,,,,,,,,,"Volumetric",,,,,,,,,,-0.003095,,,,,,,,,,-0.003095,-0.000074,,,,,,,,,,,,
"0BEC5361","Nodes",1122175.370000,1670995.120000,1313.064347,"Default Known Flow Node",69.999969,0.579999,1000.000000,0.000000,"Known Flow",0.000000,0.000000,2.16999993085665e-07,40.000000,0.579999,1000.000000,0.000000,0.000000,13.000000,0.000000,0.515380,0.579999,,,,8.657220,8.657220,,16.800279,,,,,,903.822387,0.066145,0.000000,0.000000,0.000000,,-459.670013,1000.000000,,0.000000,0.000000,,,,0.047209,"SETFLOW",0.000000,0.997559,0.000000,,,,,"","",,,,8.657220,,0.000000,,0.000000,,,0.000000,0.000000,"",,,0.000000,,-1.000000,,0.000000,0.000000,-1.000000,-1.000000,,,,,,,,,,,"",,,,,,,,,,"Volumetric",,,,,,,,,,-0.005159,,,,,,,,,,-0.005159,-0.000123,,,,,,,,,,,,
"0BEC5362","Nodes",1122272.750000,1670998.370000,1313.064347,"Default Known Flow Node",69.999969,0.579999,1000.000000,0.000000,"Known Flow",0.000000,0.000000,2.16999993085665e-07,40.000000,0.579999,1000.000000,0.000000,0.000000,13.000000,0.000000,0.515380,0.579999,,,,8.657215,8.657215,,16.800279,,,,,,903.822387,0.066145,0.000000,0.000000,0.000000,,-459.670013,1000.000000,,0.000000,0.000000,,,,0.047209,"SETFLOW",0.000000,0.997559,0.000000,,,,,"","",,,,8.657215,,0.000000,,0.000000,,,0.000000,0.000000,"",,,0.000000,,-1.000000,,0.000000,0.000000,-1.000000,-1.000000,,,,,,,,,,,"",,,,,,,,,,"Volumetric",,,,,,,,,,-0.003095,,,,,,,,,,-0.003095,-0.000074,,,,,,,,,,,,
"Q3No695","Nodes",1121340.756607,1670971.151785,1313.064347,"Default Known Flow Node",69.999969,0.579999,1000.000000,0.000000,"Known Flow",0.000000,0.000000,2.16999993085665e-07,40.000000,0.579999,1000.000000,0.000000,0.000000,13.000000,0.000000,0.515380,0.579999,,,,8.677667,8.677667,,16.800279,,,,,,903.822387,0.066145,0.000000,0.000000,0.000000,,-459.670013,1000.000000,,0.000000,0.000000,,,,0.047211,"UNDEFINED",0.000000,0.997559,0.000000,,,,,"","",,,,8.677667,,0.000000,,0.000000,,,0.000000,0.000000,"",,,0.000000,,-1.000000,,0.000000,0.000000,0.000000,-1.000000,,,,,,,,,,,"",,,,,,,,,,"Volumetric",,,,,,,,,,0.000000,,,,,,,,,,0.000000,0.000000,,,,,,,,,,,,
"2FB82EB8","Nodes",1121837.000000,1671213.620000,1313.064347,"Default Known Flow Node",69.999969,0.579999,1000.000000,0.000000,"Known Flow",0.000000,0.000000,2.16999993085665e-07,40.000000,0.579999,1000.000000,0.000000,0.000000,13.000000,0.000000,0.515380,0.579999,,,,8.657161,8.657161,,16.800279,,,,,,903.822387,0.066145,0.000000,0.000000,0.000000,,-459.670013,1000.000000,,0.000000,0.000000,,,,0.047209,"SETFLOW",0.000000,0.997559,0.000000,,,,,"","",,,,8.657161,,0.000000,,0.000000,,,0.000000,0.000000,"",,,0.000000,,-1.000000,,0.000000,0.000000,-1.000000,-1.000000,,,,,,,,,,,"",,,,,,,,,,"Volumetric",,,,,,,,,,-0.033538,,,,,,,,,,-0.033538,-0.000804,,,,,,,,,,,,
"0BEC5365","Nodes",1122154.250000,1671211.370000,1313.064347,"Default Known Flow Node",69.999969,0.579999,1000.000000,0.000000,"Known Flow",0.000000,0.000000,2.16999993085665e-07,40.000000,0.579999,1000.000000,0.000000,0.000000,13.000000,0.000000,0.515380,0.579999,,,,8.657020,8.657020,,16.800279,,,,,,903.822387,0.066145,0.000000,0.000000,0.000000,,-459.670013,1000.000000,,0.000000,0.000000,,,,0.047209,"SETFLOW",0.000000,0.997559,0.000000,,,,,"","",,,,8.657020,,0.000000,,0.000000,,,0.000000,0.000000,"",,,0.000000,,-1.000000,,0.000000,0.000000,-1.000000,-1.000000,,,,,,,,,,,"",,,,,,,,,,"Volumetric",,,,,,,,,,-0.036117,,,,,,,,,,-0.036117,-0.000866,,,,,,,,,,,,
"0BEC5353","Nodes",1121789.120000,1671214.120000,1313.064347,"Default Known Flow Node",69.999969,0.579999,1000.000000,0.000000,"Known Flow",0.000000,0.000000,2.16999993085665e-07,40.000000,0.579999,1000.000000,0.000000,0.000000,13.000000,0.000000,0.515380,0.579999,,,,8.657191,8.657191,,16.800279,,,,,,903.822387,0.066145,0.000000,0.000000,0.000000,,-459.670013,1000.000000,,0.000000,0.000000,,,,0.047209,"SETFLOW",0.000000,0.997559,0.000000,,,,,"","",,,,8.657191,,0.000000,,0.000000,,,0.000000,0.000000,"",,,0.000000,,-1.000000,,0.000000,0.000000,-1.000000,-1.000000,,,,,,,,,,,"",,,,,,,,,,"Volumetric",,,,,,,,,,-0.036117,,,,,,,,,,-0.036117,-0.000866,,,,,,,,,,,,
"0BEC5366","Nodes",1121318.870000,1671359.620000,1313.064347,"Default Known Flow Node",69.999969,0.579999,1000.000000,0.000000,"Known Flow",0.000000,0.000000,2.16999993085665e-07,40.000000,0.579999,1000.000000,0.000000,0.000000,13.000000,0.000000,0.515380,0.579999,,,,8.643985,8.643985,,16.800279,,,,,,903.822387,0.066145,0.000000,0.000000,0.000000,,-459.670013,1000.000000,,0.000000,0.000000,,,,0.047208,"UNDEFINED",0.000000,0.997559,0.000000,,,,,"","",,,,8.643985,,0.000000,,0.000000,,,0.000000,0.000000,"",,,0.000000,,-1.000000,,0.000000,0.000000,-1.000000,-1.000000,,,,,,,,,,,"",,,,,,,,,,"Volumetric",,,,,,,,,,0.000000,,,,,,,,,,0.000000,0.000000,,,,,,,,,,,,
"0BEC5369","Nodes",1121322.750000,1671359.500000,1313.064347,"Default Known Flow Node",69.999969,0.579999,1000.000000,0.000000,"Known Flow",0.000000,0.000000,2.16999993085665e-07,40.000000,0.579999,1000.000000,0.000000,0.000000,13.000000,0.000000,0.515380,0.579999,,,,8.637863,8.637863,,16.800279,,,,,,903.822387,0.066145,0.000000,0.000000,0.000000,,-459.670013,1000.000000,,0.000000,0.000000,,,,0.047207,"UNDEFINED",0.000000,0.997559,0.000000,,,,,"","",,,,8.637863,,0.000000,,0.000000,,,0.000000,0.000000,"",,,0.000000,,-1.000000,,0.000000,0.000000,-1.000000,-1.000000,,,,,,,,,,,"",,,,,,,,,,"Volumetric",,,,,,,,,,0.000000,,,,,,,,,,0.000000,0.000000,,,,,,,,,,,,
"0BEC5367","Nodes",1121327.620000,1671359.750000,1313.064347,"Default Known Flow Node",69.999969,0.579999,1000.000000,0.000000,"Known Flow",0.000000,0.000000,2.16999993085665e-07,40.000000,0.579999,1000.000000,0.000000,0.000000,13.000000,0.000000,0.515380,0.579999,,,,8.633485,8.633485,,16.800279,,,,,,903.822387,0.066145,0.000000,0.000000,0.000000,,-459.670013,1000.000000,,0.000000,0.000000,,,,0.047206,"UNDEFINED",0.000000,0.997559,0.000000,,,,,"","",,,,8.633485,,0.000000,,0.000000,,,0.000000,0.000000,"",,,0.000000,,-1.000000,,0.000000,0.000000,-1.000000,-1.000000,,,,,,,,,,,"",,,,,,,,,,"Volumetric",,,,,,,,,,0.000000,,,,,,,,,,0.000000,0.000000,,,,,,,,,,,,
"0BEC5368","Nodes",1121335.250000,1671360.120000,1313.064347,"Default Known Flow Node",69.999969,0.579999,1000.000000,0.000000,"Known Flow",0.000000,0.000000,2.16999993085665e-07,40.000000,0.579999,1000.000000,0.000000,0.000000,13.000000,0.000000,0.515380,0.579999,,,,8.631066,8.631066,,16.800279,,,,,,903.822387,0.066145,0.000000,0.000000,0.000000,,-459.670013,1000.000000,,0.000000,0.000000,,,,0.047206,"SETFLOW",0.000000,0.997559,0.000000,,,,,"","",,,,8.631066,,0.000000,,0.000000,,,0.000000,0.000000,"",,,0.000000,,-1.000000,,0.000000,0.000000,-1.000000,-1.000000,,,,,,,,,,,"",,,,,,,,,,"Volumetric",,,,,,,,,,-0.003869,,,,,,,,,,-0.003869,-0.000092,,,,,,,,,,,,
"0BEC5379","Nodes",1121444.750000,1671380.000000,1313.064347,"Default Known Flow Node",69.999969,0.579999,1000.000000,0.000000,"Known Flow",0.000000,0.000000,2.16999993085665e-07,40.000000,0.579999,1000.000000,0.000000,0.000000,13.000000,0.000000,0.515380,0.579999,,,,8.597816,8.597816,,16.800279,,,,,,903.822387,0.066145,0.000000,0.000000,0.000000,,-459.670013,1000.000000,,0.000000,0.000000,,,,0.047202,"SETFLOW",0.000000,0.997559,0.000000,,,,,"","",,,,8.597816,,0.000000,,0.000000,,,0.000000,0.000000,"",,,0.000000,,-1.000000,,0.000000,0.000000,-1.000000,-1.000000,,,,,,,,,,,"",,,,,,,,,,"Volumetric",,,,,,,,,,-0.006449,,,,,,,,,,-0.006449,-0.000154,,,,,,,,,,,,
"0BEC5377","Nodes",1121762.750000,1671380.000000,1313.064347,"Default Known Flow Node",69.999969,0.579999,1000.000000,0.000000,"Known Flow",0.000000,0.000000,2.16999993085665e-07,40.000000,0.579999,1000.000000,0.000000,0.000000,13.000000,0.000000,0.515380,0.579999,,,,8.656721,8.656721,,16.800279,,,,,,903.822387,0.066145,0.000000,0.000000,0.000000,,-459.670013,1000.000000,,0.000000,0.000000,,,,0.047209,"SETFLOW",0.000000,0.997559,0.000000,,,,,"","",,,,8.656721,,0.000000,,0.000000,,,0.000000,0.000000,"",,,0.000000,,-1.000000,,0.000000,0.000000,-1.000000,-1.000000,,,,,,,,,,,"",,,,,,,,,,"Volumetric",,,,,,,,,,-0.001289,,,,,,,,,,-0.001289,-0.000030,,,,,,,,,,,,
"0BEC53C7","Nodes",1121760.500000,1671405.750000,1313.064347,"Default Known Flow Node",69.999969,0.579999,1000.000000,0.000000,"Known Flow",0.000000,0.000000,2.16999993085665e-07,40.000000,0.579999,1000.000000,0.000000,0.000000,13.000000,0.000000,0.515380,0.579999,,,,8.656649,8.656649,,16.800279,,,,,,903.822387,0.066145,0.000000,0.000000,0.000000,,-459.670013,1000.000000,,0.000000,0.000000,,,,0.047209,"SETFLOW",0.000000,0.997559,0.000000,,,,,"","",,,,8.656649,,0.000000,,0.000000,,,0.000000,0.000000,"",,,0.000000,,-1.000000,,0.000000,0.000000,-1.000000,-1.000000,,,,,,,,,,,"",,,,,,,,,,"Volumetric",,,,,,,,,,-0.006449,,,,,,,,,,-0.006449,-0.000154,,,,,,,,,,,,
"0BEC53C8","Nodes",1121757.000000,1671405.500000,1313.064347,"Default Known Flow Node",69.999969,0.579999,1000.000000,0.000000,"Known Flow",0.000000,0.000000,2.16999993085665e-07,40.000000,0.579999,1000.000000,0.000000,0.000000,13.000000,0.000000,0.515380,0.579999,,,,8.656649,8.656649,,16.800279,,,,,,903.822387,0.066145,0.000000,0.000000,0.000000,,-459.670013,1000.000000,,0.000000,0.000000,,,,0.047209,"UNDEFINED",0.000000,0.997559,0.000000,,,,,"","",,,,8.656649,,0.000000,,0.000000,,,0.000000,0.000000,"",,,0.000000,,-1.000000,,0.000000,0.000000,-1.000000,-1.000000,,,,,,,,,,,"",,,,,,,,,,"Volumetric",,,,,,,,,,0.000000,,,,,,,,,,0.000000,0.000000,,,,,,,,,,,,
"0BEC53C9","Nodes",1121763.750000,1671406.250000,1313.064347,"Default Known Flow Node",69.999969,0.579999,1000.000000,0.000000,"Known Flow",0.000000,0.000000,2.16999993085665e-07,40.000000,0.579999,1000.000000,0.000000,0.000000,13.000000,0.000000,0.515380,0.579999,,,,8.656649,8.656649,,16.800279,,,,,,903.822387,0.066145,0.000000,0.000000,0.000000,,-459.670013,1000.000000,,0.000000,0.000000,,,,0.047209,"UNDEFINED",0.000000,0.997559,0.000000,,,,,"","",,,,8.656649,,0.000000,,0.000000,,,0.000000,0.000000,"",,,0.000000,,-1.000000,,0.000000,0.000000,-1.000000,-1.000000,,,,,,,,,,,"",,,,,,,,,,"Volumetric",,,,,,,,,,0.000000,,,,,,,,,,0.000000,0.000000,,,,,,,,,,,,
"0BEC53C2","Nodes",1121752.250000,1671408.000000,1313.064347,"Default Known Flow Node",69.999969,0.579999,1000.000000,0.000000,"Known Flow",0.000000,0.000000,2.16999993085665e-07,40.000000,0.579999,1000.000000,0.000000,0.000000,13.000000,0.000000,0.515379,0.579999,,,,8.506255,8.506255,,16.800279,,,,,,903.822387,0.066146,0.000000,0.000000,0.000000,,-459.670013,1000.000000,,0.000000,0.000000,,,,0.047192,"SETFLOW",0.000000,0.997560,0.000000,,,,,"","",,,,8.506255,,0.000000,,0.000000,,,0.000000,0.000000,"",,,0.000000,,-1.000000,,0.000000,0.000000,-1.000000,-1.000000,,,,,,,,,,,"",,,,,,,,,,"Volumetric",,,,,,,,,,-0.010319,,,,,,,,,,-0.010319,-0.000247,,,,,,,,,,,,
"0BEC53C4","Nodes",1122252.250000,1671451.370000,1313.064347,"Default Known Flow Node",69.999969,0.579999,1000.000000,0.000000,"Known Flow",0.000000,0.000000,2.16999993085665e-07,40.000000,0.579999,1000.000000,0.000000,0.000000,13.000000,0.000000,0.515379,0.579999,,,,8.354929,8.354929,,16.800279,,,,,,903.822387,0.066146,0.000000,0.000000,0.000000,,-459.670013,1000.000000,,0.000000,0.000000,,,,0.047175,"SETFLOW",0.000000,0.997560,0.000000,,,,,"","",,,,8.354929,,0.000000,,0.000000,,,0.000000,0.000000,"",,,0.000000,,-1.000000,,0.000000,0.000000,-1.000000,-1.000000,,,,,,,,,,,"",,,,,,,,,,"Volumetric",,,,,,,,,,-0.006449,,,,,,,,,,-0.006449,-0.000154,,,,,,,,,,,,
"0BEC53CA","Nodes",1122273.120000,1671456.870000,1313.064347,"Default Known Flow Node",69.999969,0.579999,1000.000000,0.000000,"Known Flow",0.000000,0.000000,2.16999993085665e-07,40.000000,0.579999,1000.000000,0.000000,0.000000,13.000000,0.000000,0.515379,0.579999,,,,8.348588,8.348588,,16.800279,,,,,,903.822387,0.066146,0.000000,0.000000,0.000000,,-459.670013,1000.000000,,0.000000,0.000000,,,,0.047174,"UNDEFINED",0.000000,0.997560,0.000000,,,,,"","",,,,8.348588,,0.000000,,0.000000,,,0.000000,0.000000,"",,,0.000000,,-1.000000,,0.000000,0.000000,-1.000000,-1.000000,,,,,,,,,,,"",,,,,,,,,,"Volumetric",,,,,,,,,,0.000000,,,,,,,,,,0.000000,0.000000,,,,,,,,,,,,
"0BEC53E8","Nodes",1122320.000000,1671456.750000,1313.064347,"Default Known Flow Node",69.999969,0.579999,1000.000000,0.000000,"Known Flow",0.000000,0.000000,2.16999993085665e-07,40.000000,0.579999,1000.000000,0.000000,0.000000,13.000000,0.000000,0.515378,0.579999,,,,8.332325,8.332325,,16.800279,,,,,,903.822387,0.066146,0.000000,0.000000,0.000000,,-459.670013,1000.000000,,0.000000,0.000000,,,,0.047172,"UNDEFINED",0.000000,0.997561,0.000000,,,,,"","",,,,8.332325,,0.000000,,0.000000,,,0.000000,0.000000,"",,,0.000000,,-1.000000,,0.000000,0.000000,-1.000000,-1.000000,,,,,,,,,,,"",,,,,,,,,,"Volumetric",,,,,,,,,,0.000000,,,,,,,,,,0.000000,0.000000,,,,,,,,,,,,
"2FB1BEF9","Nodes",1122263.500000,1671475.620000,1313.064347,"Default Known Flow Node",69.999969,0.579999,1000.000000,0.000000,"Known Flow",0.000000,0.000000,2.16999993085665e-07,40.000000,0.579999,1000.000000,0.000000,0.000000,13.000000,0.000000,0.515379,0.579999,,,,8.367562,8.367562,,16.800279,,,,,,903.822387,0.066146,0.000000,0.000000,0.000000,,-459.670013,1000.000000,,0.000000,0.000000,,,,0.047176,"SETFLOW",0.000000,0.997560,0.000000,,,,,"","",,,,8.367562,,0.000000,,0.000000,,,0.000000,0.000000,"",,,0.000000,,-1.000000,,0.000000,0.000000,-1.000000,-1.000000,,,,,,,,,,,"",,,,,,,,,,"Volumetric",,,,,,,,,,-0.003869,,,,,,,,,,-0.003869,-0.000092,,,,,,,,,,,,
"0BEC53B7","Nodes",1121687.750000,1671649.750000,1313.064347,"Default Known Flow Node",69.999969,0.579999,1000.000000,0.000000,"Known Flow",0.000000,0.000000,2.16999993085665e-07,40.000000,0.579999,1000.000000,0.000000,0.000000,13.000000,0.000000,0.515380,0.579999,,,,8.656727,8.656727,,16.800279,,,,,,903.822387,0.066145,0.000000,0.000000,0.000000,,-459.670013,1000.000000,,0.000000,0.000000,,,,0.047209,"UNDEFINED",0.000000,0.997559,0.000000,,,,,"","",,,,8.656727,,0.000000,,0.000000,,,0.000000,0.000000,"",,,0.000000,,-1.000000,,0.000000,0.000000,-1.000000,-1.000000,,,,,,,,,,,"",,,,,,,,,,"Volumetric",,,,,,,,,,0.000000,,,,,,,,,,0.000000,0.000000,,,,,,,,,,,,
"0BEC53B8","Nodes",1121700.500000,1671656.250000,1313.064347,"Default Known Flow Node",69.999969,0.579999,1000.000000,0.000000,"Known Flow",0.000000,0.000000,2.16999993085665e-07,40.000000,0.579999,1000.000000,0.000000,0.000000,13.000000,0.000000,0.515380,0.579999,,,,8.656053,8.656053,,16.800279,,,,,,903.822387,0.066145,0.000000,0.000000,0.000000,,-459.670013,1000.000000,,0.000000,0.000000,,,,0.047209,"SETFLOW",0.000000,0.997559,0.000000,,,,,"","",,,,8.656053,,0.000000,,0.000000,,,0.000000,0.000000,"",,,0.000000,,-1.000000,,0.000000,0.000000,-1.000000,-1.000000,,,,,,,,,,,"",,,,,,,,,,"Volumetric",,,,,,,,,,-0.006449,,,,,,,,,,-0.006449,-0.000154,,,,,,,,,,,,
"0BEC53BA","Nodes",1121727.620000,1671665.250000,1313.064347,"Default Known Flow Node",69.999969,0.579999,1000.000000,0.000000,"Known Flow",0.000000,0.000000,2.16999993085665e-07,40.000000,0.579999,1000.000000,0.000000,0.000000,13.000000,0.000000,0.515380,0.579999,,,,8.651838,8.651838,,16.800279,,,,,,903.822387,0.066145,0.000000,0.000000,0.000000,,-459.670013,1000.000000,,0.000000,0.000000,,,,0.047209,"UNDEFINED",0.000000,0.997559,0.000000,,,,,"","",,,,8.651838,,0.000000,,0.000000,,,0.000000,0.000000,"",,,0.000000,,-1.000000,,0.000000,0.000000,-1.000000,-1.000000,,,,,,,,,,,"",,,,,,,,,,"Volumetric",,,,,,,,,,0.000000,,,,,,,,,,0.000000,0.000000,,,,,,,,,,,,
"0BEC53E1","Nodes",1121728.370000,1671662.120000,1313.064347,"Default Known Flow Node",69.999969,0.579999,1000.000000,0.000000,"Known Flow",0.000000,0.000000,2.16999993085665e-07,40.000000,0.579999,1000.000000,0.000000,0.000000,13.000000,0.000000,0.515380,0.579999,,,,8.651838,8.651838,,16.800279,,,,,,903.822387,0.066145,0.000000,0.000000,0.000000,,-459.670013,1000.000000,,0.000000,0.000000,,,,0.047209,"UNDEFINED",0.000000,0.997559,0.000000,,,,,"","",,,,8.651838,,0.000000,,0.000000,,,0.000000,0.000000,"",,,0.000000,,-1.000000,,0.000000,0.000000,-1.000000,-1.000000,,,,,,,,,,,"",,,,,,,,,,"Volumetric",,,,,,,,,,0.000000,,,,,,,,,,0.000000,0.000000,,,,,,,,,,,,
"0BEC53B9","Nodes",1121706.120000,1671658.120000,1313.064347,"Default Known Flow Node",69.999969,0.579999,1000.000000,0.000000,"Known Flow",0.000000,0.000000,2.16999993085665e-07,40.000000,0.579999,1000.000000,0.000000,0.000000,13.000000,0.000000,0.515380,0.579999,,,,8.655797,8.655797,,16.800279,,,,,,903.822387,0.066145,0.000000,0.000000,0.000000,,-459.670013,1000.000000,,0.000000,0.000000,,,,0.047209,"UNDEFINED",0.000000,0.997559,0.000000,,,,,"","",,,,8.655797,,0.000000,,0.000000,,,0.000000,0.000000,"",,,0.000000,,-1.000000,,0.000000,0.000000,-1.000000,-1.000000,,,,,,,,,,,"",,,,,,,,,,"Volumetric",,,,,,,,,,0.000000,,,,,,,,,,0.000000,0.000000,,,,,,,,,,,,
"0BEC53CB","Nodes",1122239.250000,1671665.120000,1313.064347,"Default Known Flow Node",69.999969,0.579999,1000.000000,0.000000,"Known Flow",0.000000,0.000000,2.16999993085665e-07,40.000000,0.579999,1000.000000,0.000000,0.000000,13.000000,0.000000,0.515379,0.579999,,,,8.480134,8.480134,,16.800279,,,,,,903.822387,0.066146,0.000000,0.000000,0.000000,,-459.670013,1000.000000,,0.000000,0.000000,,,,0.047189,"SETFLOW",0.000000,0.997560,0.000000,,,,,"","",,,,8.480134,,0.000000,,0.000000,,,0.000000,0.000000,"",,,0.000000,,-1.000000,,0.000000,0.000000,-1.000000,-1.000000,,,,,,,,,,,"",,,,,,,,,,"Volumetric",,,,,,,,,,-0.003869,,,,,,,,,,-0.003869,-0.000092,,,,,,,,,,,,
"0BEC53C1","Nodes",1121726.750000,1671669.120000,1313.064347,"Default Known Flow Node",69.999969,0.579999,1000.000000,0.000000,"Known Flow",0.000000,0.000000,2.16999993085665e-07,40.000000,0.579999,1000.000000,0.000000,0.000000,13.000000,0.000000,0.515380,0.579999,,,,8.651838,8.651838,,16.800279,,,,,,903.822387,0.066145,0.000000,0.000000,0.000000,,-459.670013,1000.000000,,0.000000,0.000000,,,,0.047209,"UNDEFINED",0.000000,0.997559,0.000000,,,,,"","",,,,8.651838,,0.000000,,0.000000,,,0.000000,0.000000,"",,,0.000000,,-1.000000,,0.000000,0.000000,-1.000000,-1.000000,,,,,,,,,,,"",,,,,,,,,,"Volumetric",,,,,,,,,,0.000000,,,,,,,,,,0.000000,0.000000,,,,,,,,,,,,
"0BEC53BB","Nodes",1121730.500000,1671666.000000,1313.064347,"Default Known Flow Node",69.999969,0.579999,1000.000000,0.000000,"Known Flow",0.000000,0.000000,2.16999993085665e-07,40.000000,0.579999,1000.000000,0.000000,0.000000,13.000000,0.000000,0.515380,0.579999,,,,8.651245,8.651245,,16.800279,,,,,,903.822387,0.066145,0.000000,0.000000,0.000000,,-459.670013,1000.000000,,0.000000,0.000000,,,,0.047208,"SETFLOW",0.000000,0.997559,0.000000,,,,,"","",,,,8.651245,,0.000000,,0.000000,,,0.000000,0.000000,"",,,0.000000,,-1.000000,,0.000000,0.000000,-1.000000,-1.000000,,,,,,,,,,,"",,,,,,,,,,"Volumetric",,,,,,,,,,-0.003869,,,,,,,,,,-0.003869,-0.000092,,,,,,,,,,,,
"0BEC53CC","Nodes",1122237.870000,1671679.500000,1313.064347,"Default Known Flow Node",69.999969,0.579999,1000.000000,0.000000,"Known Flow",0.000000,0.000000,2.16999993085665e-07,40.000000,0.579999,1000.000000,0.000000,0.000000,13.000000,0.000000,0.515379,0.579999,,,,8.487847,8.487847,,16.800279,,,,,,903.822387,0.066146,0.000000,0.000000,0.000000,,-459.670013,1000.000000,,0.000000,0.000000,,,,0.047190,"SETFLOW",0.000000,0.997560,0.000000,,,,,"","",,,,8.487847,,0.000000,,0.000000,,,0.000000,0.000000,"",,,0.000000,,-1.000000,,0.000000,0.000000,-1.000000,-1.000000,,,,,,,,,,,"",,,,,,,,,,"Volumetric",,,,,,,,,,-0.001289,,,,,,,,,,-0.001289,-0.000030,,,,,,,,,,,,
"0BEC53BC","Nodes",1121982.750000,1671727.750000,1313.064347,"Default Known Flow Node",69.999969,0.579999,1000.000000,0.000000,"Known Flow",0.000000,0.000000,2.16999993085665e-07,40.000000,0.579999,1000.000000,0.000000,0.000000,13.000000,0.000000,0.515380,0.579999,,,,8.594432,8.594432,,16.800279,,,,,,903.822387,0.066145,0.000000,0.000000,0.000000,,-459.670013,1000.000000,,0.000000,0.000000,,,,0.047202,"SETFLOW",0.000000,0.997559,0.000000,,,,,"","",,,,8.594432,,0.000000,,0.000000,,,0.000000,0.000000,"",,,0.000000,,-1.000000,,0.000000,0.000000,-1.000000,-1.000000,,,,,,,,,,,"",,,,,,,,,,"Volumetric",,,,,,,,,,-0.016769,,,,,,,,,,-0.016768,-0.000402,,,,,,,,,,,,
"0BEC53BD","Nodes",1122187.500000,1671778.870000,1313.064347,"Default Known Flow Node",69.999969,0.579999,1000.000000,0.000000,"Known Flow",0.000000,0.000000,2.16999993085665e-07,40.000000,0.579999,1000.000000,0.000000,0.000000,13.000000,0.000000,0.515380,0.579999,,,,8.554008,8.554008,,16.800279,,,,,,903.822387,0.066145,0.000000,0.000000,0.000000,,-459.670013,1000.000000,,0.000000,0.000000,,,,0.047197,"SETFLOW",0.000000,0.997559,0.000000,,,,,"","",,,,8.554008,,0.000000,,0.000000,,,0.000000,0.000000,"",,,0.000000,,-1.000000,,0.000000,0.000000,-1.000000,-1.000000,,,,,,,,,,,"",,,,,,,,,,"Volumetric",,,,,,,,,,-0.010319,,,,,,,,,,-0.010319,-0.000247,,,,,,,,,,,,
"0BEC53BE","Nodes",1122222.120000,1671787.250000,1313.064347,"Default Known Flow Node",69.999969,0.579999,1000.000000,0.000000,"Known Flow",0.000000,0.000000,2.16999993085665e-07,40.000000,0.579999,1000.000000,0.000000,0.000000,13.000000,0.000000,0.515380,0.579999,,,,8.547413,8.547413,,16.800279,,,,,,903.822387,0.066145,0.000000,0.000000,0.000000,,-459.670013,1000.000000,,0.000000,0.000000,,,,0.047197,"SETFLOW",0.000000,0.997559,0.000000,,,,,"","",,,,8.547413,,0.000000,,0.000000,,,0.000000,0.000000,"",,,0.000000,,-1.000000,,0.000000,0.000000,-1.000000,-1.000000,,,,,,,,,,,"",,,,,,,,,,"Volumetric",,,,,,,,,,-0.003869,,,,,,,,,,-0.003869,-0.000092,,,,,,,,,,,,
"0BEC53B2","Nodes",1121459.120000,1671872.500000,1313.064347,"Default Known Flow Node",69.999969,0.579999,1000.000000,0.000000,"Known Flow",0.000000,0.000000,2.16999993085665e-07,40.000000,0.579999,1000.000000,0.000000,0.000000,13.000000,0.000000,0.515380,0.579999,,,,8.629614,8.629614,,16.800279,,,,,,903.822387,0.066145,0.000000,0.000000,0.000000,,-459.670013,1000.000000,,0.000000,0.000000,,,,0.047206,"SETFLOW",0.000000,0.997559,0.000000,,,,,"","",,,,8.629614,,0.000000,,0.000000,,,0.000000,0.000000,"",,,0.000000,,-1.000000,,0.000000,0.000000,-1.000000,-1.000000,,,,,,,,,,,"",,,,,,,,,,"Volumetric",,,,,,,,,,-0.006449,,,,,,,,,,-0.006449,-0.000154,,,,,,,,,,,,
"2FB283C6","Nodes",1121608.127281,1671908.828822,1313.064347,"Default Known Flow Node",69.999969,0.579999,1000.000000,0.000000,"Known Flow",0.000000,0.000000,2.16999993085665e-07,40.000000,0.579999,1000.000000,0.000000,0.000000,13.000000,0.000000,0.515380,0.579999,,,,8.606257,8.606257,,16.800279,,,,,,903.822387,0.066145,0.000000,0.000000,0.000000,,-459.670013,1000.000000,,0.000000,0.000000,,,,0.047203,"SETFLOW",0.000000,0.997559,0.000000,,,,,"","",,,,8.606257,,0.000000,,0.000000,,,0.000000,0.000000,"",,,0.000000,,-1.000000,,0.000000,0.000000,-1.000000,-1.000000,,,,,,,,,,,"",,,,,,,,,,"Volumetric",,,,,,,,,,-0.006449,,,,,,,,,,-0.006449,-0.000154,,,,,,,,,,,,
"0BEC53B5","Nodes",1121667.528220,1671920.704450,1313.064347,"Default Known Flow Node",69.999969,0.579999,1000.000000,0.000000,"Known Flow",0.000000,0.000000,2.16999993085665e-07,40.000000,0.579999,1000.000000,0.000000,0.000000,13.000000,0.000000,0.515380,0.579999,,,,8.593965,8.593965,,16.800279,,,,,,903.822387,0.066145,0.000000,0.000000,0.000000,,-459.670013,1000.000000,,0.000000,0.000000,,,,0.047202,"SETFLOW",0.000000,0.997559,0.000000,,,,,"","",,,,8.593965,,0.000000,,0.000000,,,0.000000,0.000000,"",,,0.000000,,-1.000000,,0.000000,0.000000,-1.000000,-1.000000,,,,,,,,,,,"",,,,,,,,,,"Volumetric",,,,,,,,,,-0.001289,,,,,,,,,,-0.001289,-0.000030,,,,,,,,,,,,
"2FB283C8","Nodes",1121668.231865,1671917.644154,1313.064347,"Default Known Flow Node",69.999969,0.579999,1000.000000,0.000000,"Known Flow",0.000000,0.000000,2.16999993085665e-07,40.000000,0.579999,1000.000000,0.000000,0.000000,13.000000,0.000000,0.515380,0.579999,,,,8.593965,8.593965,,16.800279,,,,,,903.822387,0.066145,0.000000,0.000000,0.000000,,-459.670013,1000.000000,,0.000000,0.000000,,,,0.047202,"SETFLOW",0.000000,0.997559,0.000000,,,,,"","",,,,8.593965,,0.000000,,0.000000,,,0.000000,0.000000,"",,,0.000000,,-1.000000,,0.000000,0.000000,-1.000000,-1.000000,,,,,,,,,,,"",,,,,,,,,,"Volumetric",,,,,,,,,,-0.006449,,,,,,,,,,-0.006449,-0.000154,,,,,,,,,,,,
"2FBF54B7","Nodes",1121678.321561,1671921.643297,1313.064347,"Default Known Flow Node",69.999969,0.579999,1000.000000,0.000000,"Known Flow",0.000000,0.000000,2.16999993085665e-07,40.000000,0.579999,1000.000000,0.000000,0.000000,13.000000,0.000000,0.515380,0.579999,,,,8.591965,8.591965,,16.800279,,,,,,903.822387,0.066145,0.000000,0.000000,0.000000,,-459.670013,1000.000000,,0.000000,0.000000,,,,0.047202,"SETFLOW",0.000000,0.997559,0.000000,,,,,"","",,,,8.591965,,0.000000,,0.000000,,,0.000000,0.000000,"",,,0.000000,,-1.000000,,0.000000,0.000000,0.000000,-1.000000,,,,,,,,,,,"",,,,,,,,,,"Volumetric",,,,,,,,,,-0.006879,,,,,,,,,,-0.006879,-0.000165,,,,,,,,,,,,
"0BEC53DF","Nodes",1122295.620000,1672131.250000,1313.064347,"Default Known Flow Node",69.999969,0.579999,1000.000000,0.000000,"Known Flow",0.000000,0.000000,2.16999993085665e-07,40.000000,0.579999,1000.000000,0.000000,0.000000,13.000000,0.000000,0.515378,0.579999,,,,8.286813,8.286813,,16.800279,,,,,,903.822387,0.066146,0.000000,0.000000,0.000000,,-459.670013,1000.000000,,0.000000,0.000000,,,,0.047167,"SETFLOW",0.000000,0.997561,0.000000,,,,,"","",,,,8.286813,,0.000000,,0.000000,,,0.000000,0.000000,"",,,0.000000,,-1.000000,,0.000000,0.000000,-1.000000,-1.000000,,,,,,,,,,,"",,,,,,,,,,"Volumetric",,,,,,,,,,-0.000818,,,,,,,,,,-0.000819,-0.000019,,,,,,,,,,,,
"0BEC53E9","Nodes",1122320.000000,1672024.370000,1313.064347,"Default Known Flow Node",69.999969,0.579999,1000.000000,0.000000,"Known Flow",0.000000,0.000000,2.16999993085665e-07,40.000000,0.579999,1000.000000,0.000000,0.000000,13.000000,0.000000,0.515378,0.579999,,,,8.286814,8.286814,,16.800279,,,,,,903.822387,0.066146,0.000000,0.000000,0.000000,,-459.670013,1000.000000,,0.000000,0.000000,,,,0.047167,"SETFLOW",0.000000,0.997561,0.000000,,,,,"","",,,,8.286814,,0.000000,,0.000000,,,0.000000,0.000000,"",,,0.000000,,-1.000000,,0.000000,0.000000,-1.000000,-1.000000,,,,,,,,,,,"",,,,,,,,,,"Volumetric",,,,,,,,,,-0.002456,,,,,,,,,,-0.002457,-0.000058,,,,,,,,,,,,
"0BEC53CD","Nodes",1122190.370000,1672048.250000,1313.064347,"Default Known Flow Node",69.999969,0.579999,1000.000000,0.000000,"Known Flow",0.000000,0.000000,2.16999993085665e-07,40.000000,0.579999,1000.000000,0.000000,0.000000,13.000000,0.000000,0.515380,0.579999,,,,8.585000,8.585000,,16.800279,,,,,,903.822387,0.066145,0.000000,0.000000,0.000000,,-459.670013,1000.000000,,0.000000,0.000000,,,,0.047201,"SETFLOW",0.000000,0.997559,0.000000,,,,,"","",,,,8.585000,,0.000000,,0.000000,,,0.000000,0.000000,"",,,0.000000,,-1.000000,,0.000000,0.000000,-1.000000,-1.000000,,,,,,,,,,,"",,,,,,,,,,"Volumetric",,,,,,,,,,-0.000818,,,,,,,,,,-0.000819,-0.000019,,,,,,,,,,,,
"2FBF54B6","Nodes",1122181.271450,1672043.929391,1313.064347,"Default Known Flow Node",69.999969,0.579999,1000.000000,0.000000,"Known Flow",0.000000,0.000000,2.16999993085665e-07,40.000000,0.579999,1000.000000,0.000000,0.000000,13.000000,0.000000,0.515380,0.579999,,,,8.586426,8.586426,,16.800279,,,,,,903.822387,0.066145,0.000000,0.000000,0.000000,,-459.670013,1000.000000,,0.000000,0.000000,,,,0.047201,"UNDEFINED",0.000000,0.997559,0.000000,,,,,"","",,,,8.586426,,0.000000,,0.000000,,,0.000000,0.000000,"",,,0.000000,,-1.000000,,0.000000,0.000000,0.000000,-1.000000,,,,,,,,,,,"",,,,,,,,,,"Volumetric",,,,,,,,,,0.000000,,,,,,,,,,0.000000,0.000000,,,,,,,,,,,,
"0BEC53CF","Nodes",1122194.120000,1672049.250000,1313.064347,"Default Known Flow Node",69.999969,0.579999,1000.000000,0.000000,"Known Flow",0.000000,0.000000,2.16999993085665e-07,40.000000,0.579999,1000.000000,0.000000,0.000000,13.000000,0.000000,0.515380,0.579999,,,,8.585000,8.585000,,16.800279,,,,,,903.822387,0.066145,0.000000,0.000000,0.000000,,-459.670013,1000.000000,,0.000000,0.000000,,,,0.047201,"UNDEFINED",0.000000,0.997559,0.000000,,,,,"","",,,,8.585000,,0.000000,,0.000000,,,0.000000,0.000000,"",,,0.000000,,-1.000000,,0.000000,0.000000,-1.000000,-1.000000,,,,,,,,,,,"",,,,,,,,,,"Volumetric",,,,,,,,,,0.000000,,,,,,,,,,0.000000,0.000000,,,,,,,,,,,,
"0BEC53A5","Nodes",1121570.370000,1672194.250000,1313.064347,"Default Known Flow Node",69.999969,0.579999,1000.000000,0.000000,"Known Flow",0.000000,0.000000,2.16999993085665e-07,40.000000,0.579999,1000.000000,0.000000,0.000000,13.000000,0.000000,0.515380,0.579999,,,,8.682742,8.682742,,16.800279,,,,,,903.822387,0.066145,0.000000,0.000000,0.000000,,-459.670013,1000.000000,,0.000000,0.000000,,,,0.047212,"SETFLOW",0.000000,0.997559,0.000000,,,,,"","",,,,8.682742,,0.000000,,0.000000,,,0.000000,0.000000,"",,,0.000000,,-1.000000,,0.000000,0.000000,-1.000000,-1.000000,,,,,,,,,,,"",,,,,,,,,,"Volumetric",,,,,,,,,,-0.000818,,,,,,,,,,-0.000819,-0.000019,,,,,,,,,,,,
"0BEC53DE","Nodes",1122256.370000,1672296.120000,1313.064347,"Default Known Flow Node",69.999969,0.579999,1000.000000,0.000000,"Known Flow",0.000000,0.000000,2.16999993085665e-07,40.000000,0.579999,1000.000000,0.000000,0.000000,13.000000,0.000000,0.515378,0.579999,,,,8.286812,8.286812,,16.800279,,,,,,903.822387,0.066146,0.000000,0.000000,0.000000,,-459.670013,1000.000000,,0.000000,0.000000,,,,0.047167,"SETFLOW",0.000000,0.997561,0.000000,,,,,"","",,,,8.286812,,0.000000,,0.000000,,,0.000000,0.000000,"",,,0.000000,,-1.000000,,0.000000,0.000000,-1.000000,-1.000000,,,,,,,,,,,"",,,,,,,,,,"Volumetric",,,,,,,,,,-0.000818,,,,,,,,,,-0.000819,-0.000019,,,,,,,,,,,,
"0BEC53A6","Nodes",1121570.870000,1672191.500000,1313.064347,"Default Known Flow Node",69.999969,0.579999,1000.000000,0.000000,"Known Flow",0.000000,0.000000,2.16999993085665e-07,40.000000,0.579999,1000.000000,0.000000,0.000000,13.000000,0.000000,0.515380,0.579999,,,,8.682742,8.682742,,16.800279,,,,,,903.822387,0.066145,0.000000,0.000000,0.000000,,-459.670013,1000.000000,,0.000000,0.000000,,,,0.047212,"UNDEFINED",0.000000,0.997559,0.000000,,,,,"","",,,,8.682742,,0.000000,,0.000000,,,0.000000,0.000000,"",,,0.000000,,-1.000000,,0.000000,0.000000,-1.000000,-1.000000,,,,,,,,,,,"",,,,,,,,,,"Volumetric",,,,,,,,,,0.000000,,,,,,,,,,0.000000,0.000000,,,,,,,,,,,,
"0BEC53A3","Nodes",1121597.620000,1672213.000000,1313.064347,"Default Known Flow Node",69.999969,0.579999,1000.000000,0.000000,"Known Flow",0.000000,0.000000,2.16999993085665e-07,40.000000,0.579999,1000.000000,0.000000,0.000000,13.000000,0.000000,0.515380,0.579999,,,,8.683157,8.683157,,16.800279,,,,,,903.822387,0.066145,0.000000,0.000000,0.000000,,-459.670013,1000.000000,,0.000000,0.000000,,,,0.047212,"SETFLOW",0.000000,0.997559,0.000000,,,,,"","",,,,8.683157,,0.000000,,0.000000,,,0.000000,0.000000,"",,,0.000000,,-1.000000,,0.000000,0.000000,-1.000000,-1.000000,,,,,,,,,,,"",,,,,,,,,,"Volumetric",,,,,,,,,,-0.000818,,,,,,,,,,-0.000819,-0.000019,,,,,,,,,,,,
"0BEC53A4","Nodes",1121600.000000,1672202.000000,1313.064347,"Default Known Flow Node",69.999969,0.579999,1000.000000,0.000000,"Known Flow",0.000000,0.000000,2.16999993085665e-07,40.000000,0.579999,1000.000000,0.000000,0.000000,13.000000,0.000000,0.515380,0.579999,,,,8.683046,8.683046,,16.800279,,,,,,903.822387,0.066145,0.000000,0.000000,0.000000,,-459.670013,1000.000000,,0.000000,0.000000,,,,0.047212,"SETFLOW",0.000000,0.997559,0.000000,,,,,"","",,,,8.683046,,0.000000,,0.000000,,,0.000000,0.000000,"",,,0.000000,,-1.000000,,0.000000,0.000000,-1.000000,-1.000000,,,,,,,,,,,"",,,,,,,,,,"Volumetric",,,,,,,,,,-0.000818,,,,,,,,,,-0.000819,-0.000019,,,,,,,,,,,,
"0BEC53A7","Nodes",1121758.250000,1672240.750000,1313.064347,"Default Known Flow Node",69.999969,0.579999,1000.000000,0.000000,"Known Flow",0.000000,0.000000,2.16999993085665e-07,40.000000,0.579999,1000.000000,0.000000,0.000000,13.000000,0.000000,0.515380,0.579999,,,,8.683000,8.683000,,16.800279,,,,,,903.822387,0.066145,0.000000,0.000000,0.000000,,-459.670013,1000.000000,,0.000000,0.000000,,,,0.047212,"SETFLOW",0.000000,0.997559,0.000000,,,,,"","",,,,8.683000,,0.000000,,0.000000,,,0.000000,0.000000,"",,,0.000000,,-1.000000,,0.000000,0.000000,-1.000000,-1.000000,,,,,,,,,,,"",,,,,,,,,,"Volumetric",,,,,,,,,,-0.008189,,,,,,,,,,-0.008189,-0.000196,,,,,,,,,,,,
"0BEC53DD","Nodes",1122249.120000,1672325.750000,1313.064347,"Default Known Flow Node",69.999969,0.579999,1000.000000,0.000000,"Known Flow",0.000000,0.000000,2.16999993085665e-07,40.000000,0.579999,1000.000000,0.000000,0.000000,13.000000,0.000000,0.515378,0.579999,,,,8.286812,8.286812,,16.800279,,,,,,903.822387,0.066146,0.000000,0.000000,0.000000,,-459.670013,1000.000000,,0.000000,0.000000,,,,0.047167,"UNDEFINED",0.000000,0.997561,0.000000,,,,,"","",,,,8.286812,,0.000000,,0.000000,,,0.000000,0.000000,"",,,0.000000,,-1.000000,,0.000000,0.000000,-1.000000,-1.000000,,,,,,,,,,,"",,,,,,,,,,"Volumetric",,,,,,,,,,0.000000,,,,,,,,,,0.000000,0.000000,,,,,,,,,,,,
"0BEC53A8","Nodes",1122147.870000,1672337.370000,1313.064347,"Default Known Flow Node",69.999969,0.579999,1000.000000,0.000000,"Known Flow",0.000000,0.000000,2.16999993085665e-07,40.000000,0.579999,1000.000000,0.000000,0.000000,13.000000,0.000000,0.515380,0.579999,,,,8.682927,8.682927,,16.800279,,,,,,903.822387,0.066145,0.000000,0.000000,0.000000,,-459.670013,1000.000000,,0.000000,0.000000,,,,0.047212,"SETFLOW",0.000000,0.997559,0.000000,,,,,"","",,,,8.682927,,0.000000,,0.000000,,,0.000000,0.000000,"",,,0.000000,,-1.000000,,0.000000,0.000000,-1.000000,-1.000000,,,,,,,,,,,"",,,,,,,,,,"Volumetric",,,,,,,,,,-0.010646,,,,,,,,,,-0.010646,-0.000255,,,,,,,,,,,,
"0BEC53D3","Nodes",1122153.870000,1672338.620000,1313.064347,"Default Known Flow Node",69.999969,0.579999,1000.000000,0.000000,"Known Flow",0.000000,0.000000,2.16999993085665e-07,40.000000,0.579999,1000.000000,0.000000,0.000000,13.000000,0.000000,0.515380,0.579999,,,,8.682927,8.682927,,16.800279,,,,,,903.822387,0.066145,0.000000,0.000000,0.000000,,-459.670013,1000.000000,,0.000000,0.000000,,,,0.047212,"SETFLOW",0.000000,0.997559,0.000000,,,,,"","",,,,8.682927,,0.000000,,0.000000,,,0.000000,0.000000,"",,,0.000000,,-1.000000,,0.000000,0.000000,-1.000000,-1.000000,,,,,,,,,,,"",,,,,,,,,,"Volumetric",,,,,,,,,,-0.004094,,,,,,,,,,-0.004094,-0.000098,,,,,,,,,,,,
"0BEC5399","Nodes",1121513.870000,1672445.120000,1313.064347,"Default Known Flow Node",69.999969,0.579999,1000.000000,0.000000,"Known Flow",0.000000,0.000000,2.16999993085665e-07,40.000000,0.579999,1000.000000,0.000000,0.000000,13.000000,0.000000,0.515380,0.579999,,,,8.700934,8.700934,,16.800279,,,,,,903.822387,0.066145,0.000000,0.000000,0.000000,,-459.670013,1000.000000,,0.000000,0.000000,,,,0.047214,"UNDEFINED",0.000000,0.997558,0.000000,,,,,"","",,,,8.700934,,0.000000,,0.000000,,,0.000000,0.000000,"",,,0.000000,,-1.000000,,0.000000,0.000000,-1.000000,-1.000000,,,,,,,,,,,"",,,,,,,,,,"Volumetric",,,,,,,,,,0.000000,,,,,,,,,,0.000000,0.000000,,,,,,,,,,,,
"0BEC539A","Nodes",1121509.370000,1672444.370000,1313.064347,"Default Known Flow Node",69.999969,0.579999,1000.000000,0.000000,"Known Flow",0.000000,0.000000,2.16999993085665e-07,40.000000,0.579999,1000.000000,0.000000,0.000000,13.000000,0.000000,0.515380,0.579999,,,,8.700934,8.700934,,16.800279,,,,,,903.822387,0.066145,0.000000,0.000000,0.000000,,-459.670013,1000.000000,,0.000000,0.000000,,,,0.047214,"UNDEFINED",0.000000,0.997558,0.000000,,,,,"","",,,,8.700934,,0.000000,,0.000000,,,0.000000,0.000000,"",,,0.000000,,-1.000000,,0.000000,0.000000,-1.000000,-1.000000,,,,,,,,,,,"",,,,,,,,,,"Volumetric",,,,,,,,,,0.000000,,,,,,,,,,0.000000,0.000000,,,,,,,,,,,,
"2FB2089F","Nodes",1121507.120000,1672473.370000,1313.064347,"Default Known Flow Node",69.999969,0.579999,1000.000000,0.000000,"Known Flow",0.000000,0.000000,2.16999993085665e-07,40.000000,0.579999,1000.000000,0.000000,0.000000,13.000000,0.000000,0.515380,0.579999,,,,8.700979,8.700979,,16.800279,,,,,,903.822387,0.066145,0.000000,0.000000,0.000000,,-459.670013,1000.000000,,0.000000,0.000000,,,,0.047214,"UNDEFINED",0.000000,0.997558,0.000000,,,,,"","",,,,8.700979,,0.000000,,0.000000,,,0.000000,0.000000,"",,,0.000000,,-1.000000,,0.000000,0.000000,-1.000000,-1.000000,,,,,,,,,,,"",,,,,,,,,,"Volumetric",,,,,,,,,,0.000000,,,,,,,,,,0.000000,0.000000,,,,,,,,,,,,
"2FB26E24","Nodes",1121517.000000,1672445.870000,1313.064347,"Default Known Flow Node",69.999969,0.579999,1000.000000,0.000000,"Known Flow",0.000000,0.000000,2.16999993085665e-07,40.000000,0.579999,1000.000000,0.000000,0.000000,13.000000,0.000000,0.515380,0.579999,,,,8.700725,8.700725,,16.800279,,,,,,903.822387,0.066145,0.000000,0.000000,0.000000,,-459.670013,1000.000000,,0.000000,0.000000,,,,0.047214,"UNDEFINED",0.000000,0.997558,0.000000,,,,,"","",,,,8.700725,,0.000000,,0.000000,,,0.000000,0.000000,"",,,0.000000,,-1.000000,,0.000000,0.000000,-1.000000,-1.000000,,,,,,,,,,,"",,,,,,,,,,"Volumetric",,,,,,,,,,0.000000,,,,,,,,,,0.000000,0.000000,,,,,,,,,,,,
"2FB26E25","Nodes",1121521.500000,1672447.000000,1313.064347,"Default Known Flow Node",69.999969,0.579999,1000.000000,0.000000,"Known Flow",0.000000,0.000000,2.16999993085665e-07,40.000000,0.579999,1000.000000,0.000000,0.000000,13.000000,0.000000,0.515380,0.579999,,,,8.700290,8.700290,,16.800279,,,,,,903.822387,0.066145,0.000000,0.000000,0.000000,,-459.670013,1000.000000,,0.000000,0.000000,,,,0.047214,"UNDEFINED",0.000000,0.997558,0.000000,,,,,"","",,,,8.700290,,0.000000,,0.000000,,,0.000000,0.000000,"",,,0.000000,,-1.000000,,0.000000,0.000000,-1.000000,-1.000000,,,,,,,,,,,"",,,,,,,,,,"Volumetric",,,,,,,,,,0.000000,,,,,,,,,,0.000000,0.000000,,,,,,,,,,,,
"0BEC539B","Nodes",1121539.870000,1672451.500000,1313.064347,"Default Known Flow Node",69.999969,0.579999,1000.000000,0.000000,"Known Flow",0.000000,0.000000,2.16999993085665e-07,40.000000,0.579999,1000.000000,0.000000,0.000000,13.000000,0.000000,0.515380,0.579999,,,,8.698966,8.698966,,16.800279,,,,,,903.822387,0.066145,0.000000,0.000000,0.000000,,-459.670013,1000.000000,,0.000000,0.000000,,,,0.047214,"SETFLOW",0.000000,0.997558,0.000000,,,,,"","",,,,8.698966,,0.000000,,0.000000,,,0.000000,0.000000,"",,,0.000000,,-1.000000,,0.000000,0.000000,-1.000000,-1.000000,,,,,,,,,,,"",,,,,,,,,,"Volumetric",,,,,,,,,,-0.000818,,,,,,,,,,-0.000819,-0.000019,,,,,,,,,,,,
"0BEC539E","Nodes",1121545.120000,1672452.750000,1313.064347,"Default Known Flow Node",69.999969,0.579999,1000.000000,0.000000,"Known Flow",0.000000,0.000000,2.16999993085665e-07,40.000000,0.579999,1000.000000,0.000000,0.000000,13.000000,0.000000,0.515380,0.579999,,,,8.698966,8.698966,,16.800279,,,,,,903.822387,0.066145,0.000000,0.000000,0.000000,,-459.670013,1000.000000,,0.000000,0.000000,,,,0.047214,"UNDEFINED",0.000000,0.997558,0.000000,,,,,"","",,,,8.698966,,0.000000,,0.000000,,,0.000000,0.000000,"",,,0.000000,,-1.000000,,0.000000,0.000000,-1.000000,-1.000000,,,,,,,,,,,"",,,,,,,,,,"Volumetric",,,,,,,,,,0.000000,,,,,,,,,,0.000000,0.000000,,,,,,,,,,,,
"2FB24FE0","Nodes",1121503.000000,1672490.750000,1313.064347,"Default Known Flow Node",69.999969,0.579999,1000.000000,0.000000,"Known Flow",0.000000,0.000000,2.16999993085665e-07,40.000000,0.579999,1000.000000,0.000000,0.000000,13.000000,0.000000,0.515380,0.579999,,,,8.701028,8.701028,,16.800279,,,,,,903.822387,0.066145,0.000000,0.000000,0.000000,,-459.670013,1000.000000,,0.000000,0.000000,,,,0.047214,"UNDEFINED",0.000000,0.997558,0.000000,,,,,"","",,,,8.701028,,0.000000,,0.000000,,,0.000000,0.000000,"",,,0.000000,,-1.000000,,0.000000,0.000000,-1.000000,-1.000000,,,,,,,,,,,"",,,,,,,,,,"Volumetric",,,,,,,,,,0.000000,,,,,,,,,,0.000000,0.000000,,,,,,,,,,,,
"2FB8DC10","Nodes",1121472.750000,1672616.620000,1313.064347,"Default Known Flow Node",69.999969,0.579999,1000.000000,0.000000,"Known Flow",0.000000,0.000000,2.16999993085665e-07,40.000000,0.579999,1000.000000,0.000000,0.000000,13.000000,0.000000,0.515380,0.579999,,,,8.701231,8.701231,,16.800279,,,,,,903.822387,0.066145,0.000000,0.000000,0.000000,,-459.670013,1000.000000,,0.000000,0.000000,,,,0.047214,"SETFLOW",0.000000,0.997558,0.000000,,,,,"","",,,,8.701231,,0.000000,,0.000000,,,0.000000,0.000000,"",,,0.000000,,-1.000000,,0.000000,0.000000,-1.000000,-1.000000,,,,,,,,,,,"",,,,,,,,,,"Volumetric",,,,,,,,,,-0.000818,,,,,,,,,,-0.000819,-0.000019,,,,,,,,,,,,
"2FB212EF","Nodes",1121450.870000,1672707.750000,1313.064347,"Default Known Flow Node",69.999969,0.579999,1000.000000,0.000000,"Known Flow",0.000000,0.000000,2.16999993085665e-07,40.000000,0.579999,1000.000000,0.000000,0.000000,13.000000,0.000000,0.515381,0.579999,,,,8.702387,8.702387,,16.800279,,,,,,903.822387,0.066145,0.000000,0.000000,0.000000,,-459.670013,1000.000000,,0.000000,0.000000,,,,0.047214,"SETFLOW",0.000000,0.997558,0.000000,,,,,"","",,,,8.702387,,0.000000,,0.000000,,,0.000000,0.000000,"",,,0.000000,,-1.000000,,0.000000,0.000000,-1.000000,-1.000000,,,,,,,,,,,"",,,,,,,,,,"Volumetric",,,,,,,,,,-0.000818,,,,,,,,,,-0.000819,-0.000019,,,,,,,,,,,,
"2FB212EE","Nodes",1121424.620000,1672728.120000,1313.064347,"Default Known Flow Node",69.999969,0.579999,1000.000000,0.000000,"Known Flow",0.000000,0.000000,2.16999993085665e-07,40.000000,0.579999,1000.000000,0.000000,0.000000,13.000000,0.000000,0.515381,0.579999,,,,8.702414,8.702414,,16.800279,,,,,,903.822387,0.066145,0.000000,0.000000,0.000000,,-459.670013,1000.000000,,0.000000,0.000000,,,,0.047214,"SETFLOW",0.000000,0.997558,0.000000,,,,,"","",,,,8.702414,,0.000000,,0.000000,,,0.000000,0.000000,"",,,0.000000,,-1.000000,,0.000000,0.000000,-1.000000,-1.000000,,,,,,,,,,,"",,,,,,,,,,"Volumetric",,,,,,,,,,-0.000818,,,,,,,,,,-0.000819,-0.000019,,,,,,,,,,,,
"2FB48935","Nodes",1121445.968398,1672728.173340,1313.064347,"Default Known Flow Node",69.999969,0.579999,1000.000000,0.000000,"Known Flow",0.000000,0.000000,2.16999993085665e-07,40.000000,0.579999,1000.000000,0.000000,0.000000,13.000000,0.000000,0.515381,0.579999,,,,8.702421,8.702421,,16.800279,,,,,,903.822387,0.066145,0.000000,0.000000,0.000000,,-459.670013,1000.000000,,0.000000,0.000000,,,,0.047214,"UNDEFINED",0.000000,0.997558,0.000000,,,,,"","",,,,8.702421,,0.000000,,0.000000,,,0.000000,0.000000,"",,,0.000000,,-1.000000,,0.000000,0.000000,0.000000,-1.000000,,,,,,,,,,,"",,,,,,,,,,"Volumetric",,,,,,,,,,0.000000,,,,,,,,,,0.000000,0.000000,,,,,,,,,,,,
"0BEC5396","Nodes",1121444.750000,1672733.250000,1313.064347,"Default Known Flow Node",69.999969,0.579999,1000.000000,0.000000,"Known Flow",0.000000,0.000000,2.16999993085665e-07,40.000000,0.579999,1000.000000,0.000000,0.000000,13.000000,0.000000,0.515381,0.579999,,,,8.702428,8.702428,,16.800279,,,,,,903.822387,0.066145,0.000000,0.000000,0.000000,,-459.670013,1000.000000,,0.000000,0.000000,,,,0.047214,"UNDEFINED",0.000000,0.997558,0.000000,,,,,"","",,,,8.702428,,0.000000,,0.000000,,,0.000000,0.000000,"",,,0.000000,,-1.000000,,0.000000,0.000000,-1.000000,-1.000000,,,,,,,,,,,"",,,,,,,,,,"Volumetric",,,,,,,,,,0.000000,,,,,,,,,,0.000000,0.000000,,,,,,,,,,,,
"0BEC5395","Nodes",1121443.500000,1672738.370000,1313.064347,"Default Known Flow Node",69.999969,0.579999,1000.000000,0.000000,"Known Flow",0.000000,0.000000,2.16999993085665e-07,40.000000,0.579999,1000.000000,0.000000,0.000000,13.000000,0.000000,0.515381,0.579999,,,,8.702441,8.702441,,16.800279,,,,,,903.822387,0.066145,0.000000,0.000000,0.000000,,-459.670013,1000.000000,,0.000000,0.000000,,,,0.047214,"UNDEFINED",0.000000,0.997558,0.000000,,,,,"","",,,,8.702441,,0.000000,,0.000000,,,0.000000,0.000000,"",,,0.000000,,-1.000000,,0.000000,0.000000,-1.000000,-1.000000,,,,,,,,,,,"",,,,,,,,,,"Volumetric",,,,,,,,,,0.000000,,,,,,,,,,0.000000,0.000000,,,,,,,,,,,,
"0BEC53E7","Nodes",1121440.913495,1672757.837229,1313.064347,"Default Known Flow Node",69.999969,0.579999,1000.000000,0.000000,"Known Flow",0.000000,0.000000,2.16999993085665e-07,40.000000,0.579999,1000.000000,0.000000,0.000000,13.000000,0.000000,0.515381,0.579999,,,,8.702495,8.702495,,16.800279,,,,,,903.822387,0.066145,0.000000,0.000000,0.000000,,-459.670013,1000.000000,,0.000000,0.000000,,,,0.047214,"UNDEFINED",0.000000,0.997558,0.000000,,,,,"","",,,,8.702495,,0.000000,,0.000000,,,0.000000,0.000000,"",,,0.000000,"V75435",-1.000000,,0.000000,0.000000,-1.000000,-1.000000,,,,,,,,,,,"",,,,,,,,,,"Volumetric",,,,,,,,,,0.000000,,,,,,,,,,0.000000,0.000000,,,,,,,,,,,,
"2FC10FEC","Nodes",1121443.011122,1672749.022481,1313.064347,"Default Known Flow Node",69.999969,0.579999,1000.000000,0.000000,"Known Flow",0.000000,0.000000,2.16999993085665e-07,40.000000,0.579999,1000.000000,0.000000,0.000000,13.000000,0.000000,0.515381,0.579999,,,,8.702471,8.702471,,16.800279,,,,,,903.822387,0.066145,0.000000,0.000000,0.000000,,-459.670013,1000.000000,,0.000000,0.000000,,,,0.047214,"UNDEFINED",0.000000,0.997558,0.000000,,,,,"","",,,,8.702471,,0.000000,,0.000000,,,0.000000,0.000000,"",,,0.000000,,-1.000000,,0.000000,0.000000,0.000000,-1.000000,,,,,,,,,,,"",,,,,,,,,,"Volumetric",,,,,,,,,,0.000000,,,,,,,,,,0.000000,0.000000,,,,,,,,,,,,
"2FB20873","Nodes",1121397.606484,1672941.726367,1313.064347,"Default Known Flow Node",69.999969,0.579999,1000.000000,0.000000,"Known Flow",0.000000,0.000000,2.16999993085665e-07,40.000000,0.579999,1000.000000,0.000000,0.000000,13.000000,0.000000,0.515381,0.579999,,,,8.703000,8.703000,,16.800279,,,,,,903.822387,0.066145,0.000000,0.000000,0.000000,,-459.670013,1000.000000,,0.000000,0.000000,,,,0.047214,"UNDEFINED",0.000000,0.997558,0.000000,,,,,"","",,,,8.703000,,0.000000,,0.000000,,,0.000000,0.000000,"",,,0.000000,"V75358",-1.000000,,0.000000,0.000000,-1.000000,-1.000000,,,,,,,,,,,"",,,,,,,,,,"Volumetric",,,,,,,,,,0.000000,,,,,,,,,,0.000000,0.000000,,,,,,,,,,,,
"2FB212F1","Nodes",1121411.784451,1672881.564622,1313.064347,"Default Known Flow Node",69.999969,0.579999,1000.000000,0.000000,"Known Flow",0.000000,0.000000,2.16999993085665e-07,40.000000,0.579999,1000.000000,0.000000,0.000000,13.000000,0.000000,0.515381,0.579999,,,,8.702834,8.702834,,16.800279,,,,,,903.822387,0.066145,0.000000,0.000000,0.000000,,-459.670013,1000.000000,,0.000000,0.000000,,,,0.047214,"UNDEFINED",0.000000,0.997558,0.000000,,,,,"","",,,,8.702834,,0.000000,,0.000000,,,0.000000,0.000000,"",,,0.000000,,-1.000000,,0.000000,0.000000,-1.000000,-1.000000,,,,,,,,,,,"",,,,,,,,,,"Volumetric",,,,,,,,,,0.000000,,,,,,,,,,0.000000,0.000000,,,,,,,,,,,,
"0BEC540C","Nodes",1122092.500000,1672875.500000,1313.064347,"Default Known Flow Node",69.999969,0.579999,1000.000000,0.000000,"Known Flow",0.000000,0.000000,2.16999993085665e-07,40.000000,0.579999,1000.000000,0.000000,0.000000,13.000000,0.000000,0.515379,0.579999,,,,8.454030,8.454030,,16.800279,,,,,,903.822387,0.066146,0.000000,0.000000,0.000000,,-459.670013,1000.000000,,0.000000,0.000000,,,,0.047186,"SETFLOW",0.000000,0.997560,0.000000,,,,,"","",,,,8.454030,,0.000000,,0.000000,,,0.000000,0.000000,"",,,0.000000,,-1.000000,,0.000000,0.000000,-1.000000,-1.000000,,,,,,,,,,,"",,,,,,,,,,"Volumetric",,,,,,,,,,-0.002456,,,,,,,,,,-0.002457,-0.000058,,,,,,,,,,,,
"0BEC5423","Nodes",1122320.000000,1672928.750000,1313.064347,"Default Known Flow Node",69.999969,0.579999,1000.000000,0.000000,"Known Flow",0.000000,0.000000,2.16999993085665e-07,40.000000,0.579999,1000.000000,0.000000,0.000000,13.000000,0.000000,0.515379,0.579999,,,,8.454037,8.454037,,16.800279,,,,,,903.822387,0.066146,0.000000,0.000000,0.000000,,-459.670013,1000.000000,,0.000000,0.000000,,,,0.047186,"SETFLOW",0.000000,0.997560,0.000000,,,,,"","",,,,8.454037,,0.000000,,0.000000,,,0.000000,0.000000,"",,,0.000000,,-1.000000,,0.000000,0.000000,-1.000000,-1.000000,,,,,,,,,,,"",,,,,,,,,,"Volumetric",,,,,,,,,,-0.002456,,,,,,,,,,-0.002457,-0.000058,,,,,,,,,,,,
"2FB20872","Nodes",1121394.102773,1672952.158835,1313.064347,"Default Known Flow Node",69.999969,0.579999,1000.000000,0.000000,"Known Flow",0.000000,0.000000,2.16999993085665e-07,40.000000,0.579999,1000.000000,0.000000,0.000000,13.000000,0.000000,0.515381,0.579999,,,,8.703023,8.703023,,16.800279,,,,,,903.822387,0.066145,0.000000,0.000000,0.000000,,-459.670013,1000.000000,,0.000000,0.000000,,,,0.047214,"UNDEFINED",0.000000,0.997558,0.000000,,,,,"","",,,,8.703023,,0.000000,,0.000000,,,0.000000,0.000000,"",,,0.000000,,-1.000000,,0.000000,0.000000,-1.000000,-1.000000,,,,,,,,,,,"",,,,,,,,,,"Volumetric",,,,,,,,,,0.000000,,,,,,,,,,0.000000,0.000000,,,,,,,,,,,,
"2FC10FED","Nodes",1121396.438099,1672946.610199,1313.064347,"Default Known Flow Node",69.999969,0.579999,1000.000000,0.000000,"Known Flow",0.000000,0.000000,2.16999993085665e-07,40.000000,0.579999,1000.000000,0.000000,0.000000,13.000000,0.000000,0.515381,0.579999,,,,8.703008,8.703008,,16.800279,,,,,,903.822387,0.066145,0.000000,0.000000,0.000000,,-459.670013,1000.000000,,0.000000,0.000000,,,,0.047214,"UNDEFINED",0.000000,0.997558,0.000000,,,,,"","",,,,8.703008,,0.000000,,0.000000,,,0.000000,0.000000,"",,,0.000000,,-1.000000,,0.000000,0.000000,0.000000,-1.000000,,,,,,,,,,,"",,,,,,,,,,"Volumetric",,,,,,,,,,0.000000,,,,,,,,,,0.000000,0.000000,,,,,,,,,,,,
"0BEC5411","Nodes",1121386.023281,1672987.724754,1313.064347,"Default Known Flow Node",69.999969,0.579999,1000.000000,0.000000,"Known Flow",0.000000,0.000000,2.16999993085665e-07,40.000000,0.579999,1000.000000,0.000000,0.000000,13.000000,0.000000,0.515381,0.579999,,,,8.703085,8.703085,,16.800279,,,,,,903.822387,0.066145,0.000000,0.000000,0.000000,,-459.670013,1000.000000,,0.000000,0.000000,,,,0.047214,"UNDEFINED",0.000000,0.997558,0.000000,,,,,"","",,,,8.703085,,0.000000,,0.000000,,,0.000000,0.000000,"",,,0.000000,,-1.000000,,0.000000,0.000000,-1.000000,-1.000000,,,,,,,,,,,"",,,,,,,,,,"Volumetric",,,,,,,,,,0.000000,,,,,,,,,,0.000000,0.000000,,,,,,,,,,,,
"0BEC5344","Nodes",1121300.148285,1672965.293547,1313.064347,"Default Known Flow Node",69.999969,0.579999,1000.000000,0.000000,"Known Flow",0.000000,0.000000,2.16999993085665e-07,40.000000,0.579999,1000.000000,0.000000,0.000000,13.000000,0.000000,0.515381,0.579999,,,,8.702323,8.702323,,16.800279,,,,,,903.822387,0.066145,0.000000,0.000000,0.000000,,-459.670013,1000.000000,,0.000000,0.000000,,,,0.047214,"UNDEFINED",0.000000,0.997558,0.000000,,,,,"","",,,,8.702323,,0.000000,,0.000000,,,0.000000,0.000000,"",,,0.000000,,-1.000000,,0.000000,0.000000,-1.000000,-1.000000,,,,,,,,,,,"",,,,,,,,,,"Volumetric",,,,,,,,,,0.000000,,,,,,,,,,0.000000,0.000000,,,,,,,,,,,,
"2FB20841","Nodes",1121383.000000,1673001.250000,1313.064347,"Default Known Flow Node",69.999969,0.579999,1000.000000,0.000000,"Known Flow",0.000000,0.000000,2.16999993085665e-07,40.000000,0.579999,1000.000000,0.000000,0.000000,13.000000,0.000000,0.515381,0.579999,,,,8.703104,8.703104,,16.800279,,,,,,903.822387,0.066145,0.000000,0.000000,0.000000,,-459.670013,1000.000000,,0.000000,0.000000,,,,0.047214,"UNDEFINED",0.000000,0.997558,0.000000,,,,,"","",,,,8.703104,,0.000000,,0.000000,,,0.000000,0.000000,"",,,0.000000,,-1.000000,,0.000000,0.000000,-1.000000,-1.000000,,,,,,,,,,,"",,,,,,,,,,"Volumetric",,,,,,,,,,0.000000,,,,,,,,,,0.000000,0.000000,,,,,,,,,,,,
"0BEC5413","Nodes",1121389.256867,1672988.500565,1313.064347,"Default Known Flow Node",69.999969,0.579999,1000.000000,0.000000,"Known Flow",0.000000,0.000000,2.16999993085665e-07,40.000000,0.579999,1000.000000,0.000000,0.000000,13.000000,0.000000,0.515381,0.579999,,,,8.703085,8.703085,,16.800279,,,,,,903.822387,0.066145,0.000000,0.000000,0.000000,,-459.670013,1000.000000,,0.000000,0.000000,,,,0.047214,"UNDEFINED",0.000000,0.997558,0.000000,,,,,"","",,,,8.703085,,0.000000,,0.000000,,,0.000000,0.000000,"",,,0.000000,,-1.000000,,0.000000,0.000000,-1.000000,-1.000000,,,,,,,,,,,"",,,,,,,,,,"Volumetric",,,,,,,,,,0.000000,,,,,,,,,,0.000000,0.000000,,,,,,,,,,,,
"2FB20840","Nodes",1121379.250000,1673017.750000,1313.064347,"Default Known Flow Node",69.999969,0.579999,1000.000000,0.000000,"Known Flow",0.000000,0.000000,2.16999993085665e-07,40.000000,0.579999,1000.000000,0.000000,0.000000,13.000000,0.000000,0.515381,0.579999,,,,8.703158,8.703158,,16.800279,,,,,,903.822387,0.066145,0.000000,0.000000,0.000000,,-459.670013,1000.000000,,0.000000,0.000000,,,,0.047214,"UNDEFINED",0.000000,0.997558,0.000000,,,,,"","",,,,8.703158,,0.000000,,0.000000,,,0.000000,0.000000,"",,,0.000000,,-1.000000,,0.000000,0.000000,-1.000000,-1.000000,,,,,,,,,,,"",,,,,,,,,,"Volumetric",,,,,,,,,,0.000000,,,,,,,,,,0.000000,0.000000,,,,,,,,,,,,
"0BEC5401","Nodes",1121904.620000,1673369.870000,1313.064347,"Default Known Flow Node",69.999969,0.579999,1000.000000,0.000000,"Known Flow",0.000000,0.000000,2.16999993085665e-07,40.000000,0.579999,1000.000000,0.000000,0.000000,13.000000,0.000000,0.515380,0.579999,,,,8.579381,8.579381,,16.800279,,,,,,903.822387,0.066145,0.000000,0.000000,0.000000,,-459.670013,1000.000000,,0.000000,0.000000,,,,0.047200,"SETFLOW",0.000000,0.997559,0.000000,,,,,"","",,,,8.579381,,0.000000,,0.000000,,,0.000000,0.000000,"",,,0.000000,,-1.000000,,0.000000,0.000000,-1.000000,-1.000000,,,,,,,,,,,"",,,,,,,,,,"Volumetric",,,,,,,,,,-0.012284,,,,,,,,,,-0.012284,-0.000294,,,,,,,,,,,,
"0BEC5405","Nodes",1122020.620000,1673008.500000,1313.064347,"Default Known Flow Node",69.999969,0.579999,1000.000000,0.000000,"Known Flow",0.000000,0.000000,2.16999993085665e-07,40.000000,0.579999,1000.000000,0.000000,0.000000,13.000000,0.000000,0.515380,0.579999,,,,8.578642,8.578642,,16.800279,,,,,,903.822387,0.066145,0.000000,0.000000,0.000000,,-459.670013,1000.000000,,0.000000,0.000000,,,,0.047200,"SETFLOW",0.000000,0.997559,0.000000,,,,,"","",,,,8.578642,,0.000000,,0.000000,,,0.000000,0.000000,"",,,0.000000,,-1.000000,,0.000000,0.000000,-1.000000,-1.000000,,,,,,,,,,,"",,,,,,,,,,"Volumetric",,,,,,,,,,-0.012284,,,,,,,,,,-0.012284,-0.000294,,,,,,,,,,,,
"0BEC5410","Nodes",1121362.120000,1673094.370000,1313.064347,"Default Known Flow Node",69.999969,0.579999,1000.000000,0.000000,"Known Flow",0.000000,0.000000,2.16999993085665e-07,40.000000,0.579999,1000.000000,0.000000,0.000000,13.000000,0.000000,0.515381,0.579999,,,,8.703284,8.703284,,16.800279,,,,,,903.822387,0.066145,0.000000,0.000000,0.000000,,-459.670013,1000.000000,,0.000000,0.000000,,,,0.047214,"SETFLOW",0.000000,0.997558,0.000000,,,,,"","",,,,8.703284,,0.000000,,0.000000,,,0.000000,0.000000,"",,,0.000000,,-1.000000,,0.000000,0.000000,-1.000000,-1.000000,,,,,,,,,,,"",,,,,,,,,,"Volumetric",,,,,,,,,,-0.002456,,,,,,,,,,-0.002457,-0.000058,,,,,,,,,,,,
"2FB208A1","Nodes",1121338.370000,1673194.870000,1313.064347,"Default Known Flow Node",69.999969,0.579999,1000.000000,0.000000,"Known Flow",0.000000,0.000000,2.16999993085665e-07,40.000000,0.579999,1000.000000,0.000000,0.000000,13.000000,0.000000,0.515381,0.579999,,,,8.703452,8.703452,,16.800279,,,,,,903.822387,0.066145,0.000000,0.000000,0.000000,,-459.670013,1000.000000,,0.000000,0.000000,,,,0.047214,"SETFLOW",0.000000,0.997558,0.000000,,,,,"","",,,,8.703452,,0.000000,,0.000000,,,0.000000,0.000000,"",,,0.000000,,-1.000000,,0.000000,0.000000,-1.000000,-1.000000,,,,,,,,,,,"",,,,,,,,,,"Volumetric",,,,,,,,,,-0.002456,,,,,,,,,,-0.002457,-0.000058,,,,,,,,,,,,
"2FB8DE86","Nodes",1121339.120000,1673200.620000,1313.064347,"Default Known Flow Node",69.999969,0.579999,1000.000000,0.000000,"Known Flow",0.000000,0.000000,2.16999993085665e-07,40.000000,0.579999,1000.000000,0.000000,0.000000,13.000000,0.000000,0.515381,0.579999,,,,8.703468,8.703468,,16.800279,,,,,,903.822387,0.066145,0.000000,0.000000,0.000000,,-459.670013,1000.000000,,0.000000,0.000000,,,,0.047214,"UNDEFINED",0.000000,0.997558,0.000000,,,,,"","",,,,8.703468,,0.000000,,0.000000,,,0.000000,0.000000,"",,,0.000000,,-1.000000,,0.000000,0.000000,-1.000000,-1.000000,,,,,,,,,,,"",,,,,,,,,,"Volumetric",,,,,,,,,,0.000000,,,,,,,,,,0.000000,0.000000,,,,,,,,,,,,
"0BEC5407","Nodes",1122297.620000,1673189.370000,1313.064347,"Default Known Flow Node",69.999969,0.579999,1000.000000,0.000000,"Known Flow",0.000000,0.000000,2.16999993085665e-07,40.000000,0.579999,1000.000000,0.000000,0.000000,13.000000,0.000000,0.515379,0.579999,,,,8.511860,8.511860,,16.800279,,,,,,903.822387,0.066146,0.000000,0.000000,0.000000,,-459.670013,1000.000000,,0.000000,0.000000,,,,0.047193,"SETFLOW",0.000000,0.997560,0.000000,,,,,"","",,,,8.511860,,0.000000,,0.000000,,,0.000000,0.000000,"",,,0.000000,,-1.000000,,0.000000,0.000000,-1.000000,-1.000000,,,,,,,,,,,"",,,,,,,,,,"Volumetric",,,,,,,,,,-0.006551,,,,,,,,,,-0.006551,-0.000157,,,,,,,,,,,,
"0BEC5408","Nodes",1122316.370000,1673193.750000,1313.064347,"Default Known Flow Node",69.999969,0.579999,1000.000000,0.000000,"Known Flow",0.000000,0.000000,2.16999993085665e-07,40.000000,0.579999,1000.000000,0.000000,0.000000,13.000000,0.000000,0.515379,0.579999,,,,8.511862,8.511862,,16.800279,,,,,,903.822387,0.066146,0.000000,0.000000,0.000000,,-459.670013,1000.000000,,0.000000,0.000000,,,,0.047193,"UNDEFINED",0.000000,0.997560,0.000000,,,,,"","",,,,8.511862,,0.000000,,0.000000,,,0.000000,0.000000,"",,,0.000000,,-1.000000,,0.000000,0.000000,-1.000000,-1.000000,,,,,,,,,,,"",,,,,,,,,,"Volumetric",,,,,,,,,,0.000000,,,,,,,,,,0.000000,0.000000,,,,,,,,,,,,
"0BEC5416","Nodes",1122318.000000,1673194.120000,1313.064347,"Default Known Flow Node",69.999969,0.579999,1000.000000,0.000000,"Known Flow",0.000000,0.000000,2.16999993085665e-07,40.000000,0.579999,1000.000000,0.000000,0.000000,13.000000,0.000000,0.515379,0.579999,,,,8.512006,8.512006,,16.800279,,,,,,903.822387,0.066146,0.000000,0.000000,0.000000,,-459.670013,1000.000000,,0.000000,0.000000,,,,0.047193,"UNDEFINED",0.000000,0.997560,0.000000,,,,,"","",,,,8.512006,,0.000000,,0.000000,,,0.000000,0.000000,"",,,0.000000,,-1.000000,,0.000000,0.000000,-1.000000,-1.000000,,,,,,,,,,,"",,,,,,,,,,"Volumetric",,,,,,,,,,0.000000,,,,,,,,,,0.000000,0.000000,,,,,,,,,,,,
"0BEC5426","Nodes",1122356.370000,1673203.120000,1313.064347,"Default Known Flow Node",69.999969,0.579999,1000.000000,0.000000,"Known Flow",0.000000,0.000000,2.16999993085665e-07,40.000000,0.579999,1000.000000,0.000000,0.000000,13.000000,0.000000,0.515379,0.579999,,,,8.512006,8.512006,,16.800279,,,,,,903.822387,0.066146,0.000000,0.000000,0.000000,,-459.670013,1000.000000,,0.000000,0.000000,,,,0.047193,"SETFLOW",0.000000,0.997560,0.000000,,,,,"","",,,,8.512006,,0.000000,,0.000000,,,0.000000,0.000000,"",,,0.000000,,-1.000000,,0.000000,0.000000,-1.000000,-1.000000,,,,,,,,,,,"",,,,,,,,,,"Volumetric",,,,,,,,,,-0.012284,,,,,,,,,,-0.012284,-0.000294,,,,,,,,,,,,
"2FB8DE8B","Nodes",1121338.620000,1673202.500000,1313.064347,"Default Known Flow Node",69.999969,0.579999,1000.000000,0.000000,"Known Flow",0.000000,0.000000,2.16999993085665e-07,40.000000,0.579999,1000.000000,0.000000,0.000000,13.000000,0.000000,0.515381,0.579999,,,,8.703474,8.703474,,16.800279,,,,,,903.822387,0.066145,0.000000,0.000000,0.000000,,-459.670013,1000.000000,,0.000000,0.000000,,,,0.047214,"UNDEFINED",0.000000,0.997558,0.000000,,,,,"","",,,,8.703474,,0.000000,,0.000000,,,0.000000,0.000000,"",,,0.000000,,-1.000000,,0.000000,0.000000,-1.000000,-1.000000,,,,,,,,,,,"",,,,,,,,,,"Volumetric",,,,,,,,,,0.000000,,,,,,,,,,0.000000,0.000000,,,,,,,,,,,,
"2FB8DE8E","Nodes",1121305.000000,1673237.000000,1313.064347,"Default Known Flow Node",69.999969,0.579999,1000.000000,0.000000,"Known Flow",0.000000,0.000000,2.16999993085665e-07,40.000000,0.579999,1000.000000,0.000000,0.000000,13.000000,0.000000,0.515381,0.579999,,,,8.703653,8.703653,,16.800279,,,,,,903.822387,0.066145,0.000000,0.000000,0.000000,,-459.670013,1000.000000,,0.000000,0.000000,,,,0.047214,"UNDEFINED",0.000000,0.997558,0.000000,,,,,"","",,,,8.703653,,0.000000,,0.000000,,,0.000000,0.000000,"",,,0.000000,,-1.000000,,0.000000,0.000000,-1.000000,-1.000000,,,,,,,,,,,"",,,,,,,,,,"Volumetric",,,,,,,,,,0.000000,,,,,,,,,,0.000000,0.000000,,,,,,,,,,,,
"2FBC541C","Nodes",1121329.250000,1673240.620000,1313.064347,"Default Known Flow Node",69.999969,0.579999,1000.000000,0.000000,"Known Flow",0.000000,0.000000,2.16999993085665e-07,40.000000,0.579999,1000.000000,0.000000,0.000000,13.000000,0.000000,0.515381,0.579999,,,,8.703582,8.703582,,16.800279,,,,,,903.822387,0.066145,0.000000,0.000000,0.000000,,-459.670013,1000.000000,,0.000000,0.000000,,,,0.047214,"SETFLOW",0.000000,0.997558,0.000000,,,,,"","",,,,8.703582,,0.000000,,0.000000,,,0.000000,0.000000,"",,,0.000000,,-1.000000,,0.000000,0.000000,-1.000000,-1.000000,,,,,,,,,,,"",,,,,,,,,,"Volumetric",,,,,,,,,,-0.004094,,,,,,,,,,-0.004094,-0.000098,,,,,,,,,,,,
"0BEC5400","Nodes",1121904.120000,1673373.750000,1313.064347,"Default Known Flow Node",69.999969,0.579999,1000.000000,0.000000,"Known Flow",0.000000,0.000000,2.16999993085665e-07,40.000000,0.579999,1000.000000,0.000000,0.000000,13.000000,0.000000,0.515380,0.579999,,,,8.579385,8.579385,,16.800279,,,,,,903.822387,0.066145,0.000000,0.000000,0.000000,,-459.670013,1000.000000,,0.000000,0.000000,,,,0.047200,"SETFLOW",0.000000,0.997559,0.000000,,,,,"","",,,,8.579385,,0.000000,,0.000000,,,0.000000,0.000000,"",,,0.000000,,-1.000000,,0.000000,0.000000,-1.000000,-1.000000,,,,,,,,,,,"",,,,,,,,,,"Volumetric",,,,,,,,,,-0.010646,,,,,,,,,,-0.010646,-0.000255,,,,,,,,,,,,
"0BEC53F9","Nodes",1121835.620000,1673631.500000,1313.064347,"Default Known Flow Node",69.999969,0.579999,1000.000000,0.000000,"Known Flow",0.000000,0.000000,2.16999993085665e-07,40.000000,0.579999,1000.000000,0.000000,0.000000,13.000000,0.000000,0.515380,0.579999,,,,8.603883,8.603883,,16.800279,,,,,,903.822387,0.066145,0.000000,0.000000,0.000000,,-459.670013,1000.000000,,0.000000,0.000000,,,,0.047203,"SETFLOW",0.000000,0.997559,0.000000,,,,,"","",,,,8.603883,,0.000000,,0.000000,,,0.000000,0.000000,"",,,0.000000,,-1.000000,,0.000000,0.000000,-1.000000,-1.000000,,,,,,,,,,,"",,,,,,,,,,"Volumetric",,,,,,,,,,-0.003378,,,,,,,,,,-0.003378,-0.000081,,,,,,,,,,,,
"0BEC5402","Nodes",1121914.620000,1673376.250000,1313.064347,"Default Known Flow Node",69.999969,0.579999,1000.000000,0.000000,"Known Flow",0.000000,0.000000,2.16999993085665e-07,40.000000,0.579999,1000.000000,0.000000,0.000000,13.000000,0.000000,0.515380,0.579999,,,,8.578460,8.578460,,16.800279,,,,,,903.822387,0.066145,0.000000,0.000000,0.000000,,-459.670013,1000.000000,,0.000000,0.000000,,,,0.047200,"SETFLOW",0.000000,0.997559,0.000000,,,,,"","",,,,8.578460,,0.000000,,0.000000,,,0.000000,0.000000,"",,,0.000000,,-1.000000,,0.000000,0.000000,-1.000000,-1.000000,,,,,,,,,,,"",,,,,,,,,,"Volumetric",,,,,,,,,,-0.002456,,,,,,,,,,-0.002457,-0.000058,,,,,,,,,,,,
"0BEC5403","Nodes",1122147.870000,1673431.870000,1313.064347,"Default Known Flow Node",69.999969,0.579999,1000.000000,0.000000,"Known Flow",0.000000,0.000000,2.16999993085665e-07,40.000000,0.579999,1000.000000,0.000000,0.000000,13.000000,0.000000,0.515380,0.579999,,,,8.558411,8.558411,,16.800279,,,,,,903.822387,0.066145,0.000000,0.000000,0.000000,,-459.670013,1000.000000,,0.000000,0.000000,,,,0.047198,"SETFLOW",0.000000,0.997559,0.000000,,,,,"","",,,,8.558411,,0.000000,,0.000000,,,0.000000,0.000000,"",,,0.000000,,-1.000000,,0.000000,0.000000,-1.000000,-1.000000,,,,,,,,,,,"",,,,,,,,,,"Volumetric",,,,,,,,,,-0.010646,,,,,,,,,,-0.010646,-0.000255,,,,,,,,,,,,
"2FB8EAB2","Nodes",1122214.250000,1673628.000000,1313.064347,"Default Known Flow Node",69.999969,0.579999,1000.000000,0.000000,"Known Flow",0.000000,0.000000,2.16999993085665e-07,40.000000,0.579999,1000.000000,0.000000,0.000000,13.000000,0.000000,0.515380,0.579999,,,,8.571486,8.571486,,16.800279,,,,,,903.822387,0.066145,0.000000,0.000000,0.000000,,-459.670013,1000.000000,,0.000000,0.000000,,,,0.047199,"SETFLOW",0.000000,0.997559,0.000000,,,,,"","",,,,8.571486,,0.000000,,0.000000,,,0.000000,0.000000,"",,,0.000000,,-1.000000,,0.000000,0.000000,-1.000000,-1.000000,,,,,,,,,,,"",,,,,,,,,,"Volumetric",,,,,,,,,,-0.010646,,,,,,,,,,-0.010646,-0.000255,,,,,,,,,,,,
"0BEC5404","Nodes",1122253.250000,1673456.000000,1313.064347,"Default Known Flow Node",69.999969,0.579999,1000.000000,0.000000,"Known Flow",0.000000,0.000000,2.16999993085665e-07,40.000000,0.579999,1000.000000,0.000000,0.000000,13.000000,0.000000,0.515380,0.579999,,,,8.549632,8.549632,,16.800279,,,,,,903.822387,0.066145,0.000000,0.000000,0.000000,,-459.670013,1000.000000,,0.000000,0.000000,,,,0.047197,"SETFLOW",0.000000,0.997559,0.000000,,,,,"","",,,,8.549632,,0.000000,,0.000000,,,0.000000,0.000000,"",,,0.000000,,-1.000000,,0.000000,0.000000,-1.000000,-1.000000,,,,,,,,,,,"",,,,,,,,,,"Volumetric",,,,,,,,,,-0.013922,,,,,,,,,,-0.013922,-0.000334,,,,,,,,,,,,
"2FB8DE9A","Nodes",1121434.120000,1673537.250000,1313.064347,"Default Known Flow Node",69.999969,0.579999,1000.000000,0.000000,"Known Flow",0.000000,0.000000,2.16999993085665e-07,40.000000,0.579999,1000.000000,0.000000,0.000000,13.000000,0.000000,0.515380,0.579999,,,,8.677829,8.677829,,16.800279,,,,,,903.822387,0.066145,0.000000,0.000000,0.000000,,-459.670013,1000.000000,,0.000000,0.000000,,,,0.047211,"SETFLOW",0.000000,0.997559,0.000000,,,,,"","",,,,8.677829,,0.000000,,0.000000,,,0.000000,0.000000,"",,,0.000000,,-1.000000,,0.000000,0.000000,-1.000000,-1.000000,,,,,,,,,,,"",,,,,,,,,,"Volumetric",,,,,,,,,,-0.004094,,,,,,,,,,-0.004094,-0.000098,,,,,,,,,,,,
"2FB8DE9B","Nodes",1121463.750000,1673544.750000,1313.064347,"Default Known Flow Node",69.999969,0.579999,1000.000000,0.000000,"Known Flow",0.000000,0.000000,2.16999993085665e-07,40.000000,0.579999,1000.000000,0.000000,0.000000,13.000000,0.000000,0.515380,0.579999,,,,8.671557,8.671557,,16.800279,,,,,,903.822387,0.066145,0.000000,0.000000,0.000000,,-459.670013,1000.000000,,0.000000,0.000000,,,,0.047211,"SETFLOW",0.000000,0.997559,0.000000,,,,,"","",,,,8.671557,,0.000000,,0.000000,,,0.000000,0.000000,"",,,0.000000,,-1.000000,,0.000000,0.000000,-1.000000,-1.000000,,,,,,,,,,,"",,,,,,,,,,"Volumetric",,,,,,,,,,-0.002456,,,,,,,,,,-0.002457,-0.000058,,,,,,,,,,,,
"2FB8DE9D","Nodes",1121605.870000,1673577.250000,1313.064347,"Default Known Flow Node",69.999969,0.579999,1000.000000,0.000000,"Known Flow",0.000000,0.000000,2.16999993085665e-07,40.000000,0.579999,1000.000000,0.000000,0.000000,13.000000,0.000000,0.515380,0.579999,,,,8.642874,8.642874,,16.800279,,,,,,903.822387,0.066145,0.000000,0.000000,0.000000,,-459.670013,1000.000000,,0.000000,0.000000,,,,0.047207,"SETFLOW",0.000000,0.997559,0.000000,,,,,"","",,,,8.642874,,0.000000,,0.000000,,,0.000000,0.000000,"",,,0.000000,,-1.000000,,0.000000,0.000000,-1.000000,-1.000000,,,,,,,,,,,"",,,,,,,,,,"Volumetric",,,,,,,,,,-0.002456,,,,,,,,,,-0.002457,-0.000058,,,,,,,,,,,,
"2FB8DE9C","Nodes",1121624.750000,1673581.750000,1313.064347,"Default Known Flow Node",69.999969,0.579999,1000.000000,0.000000,"Known Flow",0.000000,0.000000,2.16999993085665e-07,40.000000,0.579999,1000.000000,0.000000,0.000000,13.000000,0.000000,0.515380,0.579999,,,,8.639184,8.639184,,16.800279,,,,,,903.822387,0.066145,0.000000,0.000000,0.000000,,-459.670013,1000.000000,,0.000000,0.000000,,,,0.047207,"SETFLOW",0.000000,0.997559,0.000000,,,,,"","",,,,8.639184,,0.000000,,0.000000,,,0.000000,0.000000,"",,,0.000000,,-1.000000,,0.000000,0.000000,-1.000000,-1.000000,,,,,,,,,,,"",,,,,,,,,,"Volumetric",,,,,,,,,,-0.002456,,,,,,,,,,-0.002457,-0.000058,,,,,,,,,,,,
"0BEC5414","Nodes",1121686.250000,1673596.500000,1313.064347,"Default Known Flow Node",69.999969,0.579999,1000.000000,0.000000,"Known Flow",0.000000,0.000000,2.16999993085665e-07,40.000000,0.579999,1000.000000,0.000000,0.000000,13.000000,0.000000,0.515380,0.579999,,,,8.630128,8.630128,,16.800279,,,,,,903.822387,0.066145,0.000000,0.000000,0.000000,,-459.670013,1000.000000,,0.000000,0.000000,,,,0.047206,"SETFLOW",0.000000,0.997559,0.000000,,,,,"","",,,,8.630128,,0.000000,,0.000000,,,0.000000,0.000000,"",,,0.000000,,-1.000000,,0.000000,0.000000,-1.000000,-1.000000,,,,,,,,,,,"",,,,,,,,,,"Volumetric",,,,,,,,,,-0.005630,,,,,,,,,,-0.005630,-0.000135,,,,,,,,,,,,
"2FB8DE9F","Nodes",1121771.000000,1673615.750000,1313.064347,"Default Known Flow Node",69.999969,0.579999,1000.000000,0.000000,"Known Flow",0.000000,0.000000,2.16999993085665e-07,40.000000,0.579999,1000.000000,0.000000,0.000000,13.000000,0.000000,0.515380,0.579999,,,,8.617469,8.617469,,16.800279,,,,,,903.822387,0.066145,0.000000,0.000000,0.000000,,-459.670013,1000.000000,,0.000000,0.000000,,,,0.047205,"SETFLOW",0.000000,0.997559,0.000000,,,,,"","",,,,8.617469,,0.000000,,0.000000,,,0.000000,0.000000,"",,,0.000000,,-1.000000,,0.000000,0.000000,-1.000000,-1.000000,,,,,,,,,,,"",,,,,,,,,,"Volumetric",,,,,,,,,,-0.005630,,,,,,,,,,-0.005630,-0.000135,,,,,,,,,,,,
"2FB8DEA0","Nodes",1121780.120000,1673614.370000,1313.064347,"Default Known Flow Node",69.999969,0.579999,1000.000000,0.000000,"Known Flow",0.000000,0.000000,2.16999993085665e-07,40.000000,0.579999,1000.000000,0.000000,0.000000,13.000000,0.000000,0.515380,0.579999,,,,8.615576,8.615576,,16.800279,,,,,,903.822387,0.066145,0.000000,0.000000,0.000000,,-459.670013,1000.000000,,0.000000,0.000000,,,,0.047204,"UNDEFINED",0.000000,0.997559,0.000000,,,,,"","",,,,8.615576,,0.000000,,0.000000,,,0.000000,0.000000,"",,,0.000000,,-1.000000,,0.000000,0.000000,-1.000000,-1.000000,,,,,,,,,,,"",,,,,,,,,,"Volumetric",,,,,,,,,,0.000000,,,,,,,,,,0.000000,0.000000,,,,,,,,,,,,
"2FB8DEA1","Nodes",1121780.120000,1673615.370000,1313.064347,"Default Known Flow Node",69.999969,0.579999,1000.000000,0.000000,"Known Flow",0.000000,0.000000,2.16999993085665e-07,40.000000,0.579999,1000.000000,0.000000,0.000000,13.000000,0.000000,0.515380,0.579999,,,,8.615576,8.615576,,16.800279,,,,,,903.822387,0.066145,0.000000,0.000000,0.000000,,-459.670013,1000.000000,,0.000000,0.000000,,,,0.047204,"UNDEFINED",0.000000,0.997559,0.000000,,,,,"","",,,,8.615576,,0.000000,,0.000000,,,0.000000,0.000000,"",,,0.000000,,-1.000000,,0.000000,0.000000,-1.000000,-1.000000,,,,,,,,,,,"",,,,,,,,,,"Volumetric",,,,,,,,,,0.000000,,,,,,,,,,0.000000,0.000000,,,,,,,,,,,,
"2FB8DE9E","Nodes",1121804.120000,1673623.120000,1313.064347,"Default Known Flow Node",69.999969,0.579999,1000.000000,0.000000,"Known Flow",0.000000,0.000000,2.16999993085665e-07,40.000000,0.579999,1000.000000,0.000000,0.000000,13.000000,0.000000,0.515380,0.579999,,,,8.610654,8.610654,,16.800279,,,,,,903.822387,0.066145,0.000000,0.000000,0.000000,,-459.670013,1000.000000,,0.000000,0.000000,,,,0.047204,"UNDEFINED",0.000000,0.997559,0.000000,,,,,"","",,,,8.610654,,0.000000,,0.000000,,,0.000000,0.000000,"",,,0.000000,,-1.000000,,0.000000,0.000000,-1.000000,-1.000000,,,,,,,,,,,"",,,,,,,,,,"Volumetric",,,,,,,,,,0.000000,,,,,,,,,,0.000000,0.000000,,,,,,,,,,,,
"0BEC53FA","Nodes",1121813.870000,1673627.750000,1313.064347,"Default Known Flow Node",69.999969,0.579999,1000.000000,0.000000,"Known Flow",0.000000,0.000000,2.16999993085665e-07,40.000000,0.579999,1000.000000,0.000000,0.000000,13.000000,0.000000,0.515380,0.579999,,,,8.608966,8.608966,,16.800279,,,,,,903.822387,0.066145,0.000000,0.000000,0.000000,,-459.670013,1000.000000,,0.000000,0.000000,,,,0.047204,"UNDEFINED",0.000000,0.997559,0.000000,,,,,"","",,,,8.608966,,0.000000,,0.000000,,,0.000000,0.000000,"",,,0.000000,,-1.000000,,0.000000,0.000000,-1.000000,-1.000000,,,,,,,,,,,"",,,,,,,,,,"Volumetric",,,,,,,,,,0.000000,,,,,,,,,,0.000000,0.000000,,,,,,,,,,,,
"2FB8EAB4","Nodes",1122220.620000,1673698.870000,1313.064347,"Default Known Flow Node",69.999969,0.579999,1000.000000,0.000000,"Known Flow",0.000000,0.000000,2.16999993085665e-07,40.000000,0.579999,1000.000000,0.000000,0.000000,13.000000,0.000000,0.515380,0.579999,,,,8.584625,8.584625,,16.800279,,,,,,903.822387,0.066145,0.000000,0.000000,0.000000,,-459.670013,1000.000000,,0.000000,0.000000,,,,0.047201,"SETFLOW",0.000000,0.997559,0.000000,,,,,"","",,,,8.584625,,0.000000,,0.000000,,,0.000000,0.000000,"",,,0.000000,,-1.000000,,0.000000,0.000000,-1.000000,-1.000000,,,,,,,,,,,"",,,,,,,,,,"Volumetric",,,,,,,,,,-0.004222,,,,,,,,,,-0.004222,-0.000101,,,,,,,,,,,,
"0BEC53FC","Nodes",1121812.870000,1673631.500000,1313.064347,"Default Known Flow Node",69.999969,0.579999,1000.000000,0.000000,"Known Flow",0.000000,0.000000,2.16999993085665e-07,40.000000,0.579999,1000.000000,0.000000,0.000000,13.000000,0.000000,0.515380,0.579999,,,,8.608975,8.608975,,16.800279,,,,,,903.822387,0.066145,0.000000,0.000000,0.000000,,-459.670013,1000.000000,,0.000000,0.000000,,,,0.047204,"SETFLOW",0.000000,0.997559,0.000000,,,,,"","",,,,8.608975,,0.000000,,0.000000,,,0.000000,0.000000,"",,,0.000000,,-1.000000,,0.000000,0.000000,-1.000000,-1.000000,,,,,,,,,,,"",,,,,,,,,,"Volumetric",,,,,,,,,,-0.005630,,,,,,,,,,-0.005630,-0.000135,,,,,,,,,,,,
"0BEC53F8","Nodes",1121861.250000,1673638.370000,1313.064347,"Default Known Flow Node",69.999969,0.579999,1000.000000,0.000000,"Known Flow",0.000000,0.000000,2.16999993085665e-07,40.000000,0.579999,1000.000000,0.000000,0.000000,13.000000,0.000000,0.515380,0.579999,,,,8.602931,8.602931,,16.800279,,,,,,903.822387,0.066145,0.000000,0.000000,0.000000,,-459.670013,1000.000000,,0.000000,0.000000,,,,0.047203,"SETFLOW",0.000000,0.997559,0.000000,,,,,"","",,,,8.602931,,0.000000,,0.000000,,,0.000000,0.000000,"",,,0.000000,,-1.000000,,0.000000,0.000000,-1.000000,-1.000000,,,,,,,,,,,"",,,,,,,,,,"Volumetric",,,,,,,,,,-0.001126,,,,,,,,,,-0.001126,-0.000027,,,,,,,,,,,,
"2FB8EAB3","Nodes",1122135.750000,1673701.750000,1313.064347,"Default Known Flow Node",69.999969,0.579999,1000.000000,0.000000,"Known Flow",0.000000,0.000000,2.16999993085665e-07,40.000000,0.579999,1000.000000,0.000000,0.000000,13.000000,0.000000,0.515380,0.579999,,,,8.590196,8.590196,,16.800279,,,,,,903.822387,0.066145,0.000000,0.000000,0.000000,,-459.670013,1000.000000,,0.000000,0.000000,,,,0.047202,"SETFLOW",0.000000,0.997559,0.000000,,,,,"","",,,,8.590196,,0.000000,,0.000000,,,0.000000,0.000000,"",,,0.000000,,-1.000000,,0.000000,0.000000,-1.000000,-1.000000,,,,,,,,,,,"",,,,,,,,,,"Volumetric",,,,,,,,,,-0.004222,,,,,,,,,,-0.004222,-0.000101,,,,,,,,,,,,
"2FB8EAB1","Nodes",1122191.120000,1673729.750000,1313.064347,"Default Known Flow Node",69.999969,0.579999,1000.000000,0.000000,"Known Flow",0.000000,0.000000,2.16999993085665e-07,40.000000,0.579999,1000.000000,0.000000,0.000000,13.000000,0.000000,0.515380,0.579999,,,,8.586443,8.586443,,16.800279,,,,,,903.822387,0.066145,0.000000,0.000000,0.000000,,-459.670013,1000.000000,,0.000000,0.000000,,,,0.047201,"SETFLOW",0.000000,0.997559,0.000000,,,,,"","",,,,8.586443,,0.000000,,0.000000,,,0.000000,0.000000,"",,,0.000000,,-1.000000,,0.000000,0.000000,-1.000000,-1.000000,,,,,,,,,,,"",,,,,,,,,,"Volumetric",,,,,,,,,,-0.001407,,,,,,,,,,-0.001407,-0.000033,,,,,,,,,,,,
"0BEC53F5","Nodes",1122189.000000,1673738.620000,1313.064347,"Default Known Flow Node",69.999969,0.579999,1000.000000,0.000000,"Known Flow",0.000000,0.000000,2.16999993085665e-07,40.000000,0.579999,1000.000000,0.000000,0.000000,13.000000,0.000000,0.515380,0.579999,,,,8.586665,8.586665,,16.800279,,,,,,903.822387,0.066145,0.000000,0.000000,0.000000,,-459.670013,1000.000000,,0.000000,0.000000,,,,0.047201,"SETFLOW",0.000000,0.997559,0.000000,,,,,"","",,,,8.586665,,0.000000,,0.000000,,,0.000000,0.000000,"",,,0.000000,,-1.000000,,0.000000,0.000000,-1.000000,-1.000000,,,,,,,,,,,"",,,,,,,,,,"Volumetric",,,,,,,,,,-0.004222,,,,,,,,,,-0.004222,-0.000101,,,,,,,,,,,,
"0BEC53F4","Nodes",1122136.870000,1673954.500000,1313.064347,"Default Known Flow Node",69.999969,0.579999,1000.000000,0.000000,"Known Flow",0.000000,0.000000,2.16999993085665e-07,40.000000,0.579999,1000.000000,0.000000,0.000000,13.000000,0.000000,0.515380,0.579999,,,,8.592311,8.592311,,16.800279,,,,,,903.822387,0.066145,0.000000,0.000000,0.000000,,-459.670013,1000.000000,,0.000000,0.000000,,,,0.047202,"SETFLOW",0.000000,0.997559,0.000000,,,,,"","",,,,8.592311,,0.000000,,0.000000,,,0.000000,0.000000,"",,,0.000000,,-1.000000,,0.000000,0.000000,-1.000000,-1.000000,,,,,,,,,,,"",,,,,,,,,,"Volumetric",,,,,,,,,,-0.004826,,,,,,,,,,-0.004826,-0.000115,,,,,,,,,,,,
"0BEC53FD","Nodes",1121784.500000,1673749.620000,1313.064347,"Default Known Flow Node",69.999969,0.579999,1000.000000,0.000000,"Known Flow",0.000000,0.000000,2.16999993085665e-07,40.000000,0.579999,1000.000000,0.000000,0.000000,13.000000,0.000000,0.515380,0.579999,,,,8.609266,8.609266,,16.800279,,,,,,903.822387,0.066145,0.000000,0.000000,0.000000,,-459.670013,1000.000000,,0.000000,0.000000,,,,0.047204,"SETFLOW",0.000000,0.997559,0.000000,,,,,"","",,,,8.609266,,0.000000,,0.000000,,,0.000000,0.000000,"",,,0.000000,,-1.000000,,0.000000,0.000000,-1.000000,-1.000000,,,,,,,,,,,"",,,,,,,,,,"Volumetric",,,,,,,,,,-0.007038,,,,,,,,,,-0.007038,-0.000168,,,,,,,,,,,,
"0BEC5419","Nodes",1121758.620000,1673889.250000,1313.064347,"Default Known Flow Node",69.999969,0.579999,1000.000000,0.000000,"Known Flow",0.000000,0.000000,2.16999993085665e-07,40.000000,0.579999,1000.000000,0.000000,0.000000,13.000000,0.000000,0.515380,0.579999,,,,8.609622,8.609622,,16.800279,,,,,,903.822387,0.066145,0.000000,0.000000,0.000000,,-459.670013,1000.000000,,0.000000,0.000000,,,,0.047204,"UNDEFINED",0.000000,0.997559,0.000000,,,,,"","",,,,8.609622,,0.000000,,0.000000,,,0.000000,0.000000,"",,,0.000000,,-1.000000,,0.000000,0.000000,-1.000000,-1.000000,,,,,,,,,,,"",,,,,,,,,,"Volumetric",,,,,,,,,,0.000000,,,,,,,,,,0.000000,0.000000,,,,,,,,,,,,
"0BEC53F0","Nodes",1121771.000000,1673891.250000,1313.064347,"Default Known Flow Node",69.999969,0.579999,1000.000000,0.000000,"Known Flow",0.000000,0.000000,2.16999993085665e-07,40.000000,0.579999,1000.000000,0.000000,0.000000,13.000000,0.000000,0.515380,0.579999,,,,8.609622,8.609622,,16.800279,,,,,,903.822387,0.066145,0.000000,0.000000,0.000000,,-459.670013,1000.000000,,0.000000,0.000000,,,,0.047204,"UNDEFINED",0.000000,0.997559,0.000000,,,,,"","",,,,8.609622,,0.000000,,0.000000,,,0.000000,0.000000,"",,,0.000000,,-1.000000,,0.000000,0.000000,-1.000000,-1.000000,,,,,,,,,,,"",,,,,,,,,,"Volumetric",,,,,,,,,,0.000000,,,,,,,,,,0.000000,0.000000,,,,,,,,,,,,
"0BEC53ED","Nodes",1121784.000000,1673894.250000,1313.064347,"Default Known Flow Node",69.999969,0.579999,1000.000000,0.000000,"Known Flow",0.000000,0.000000,2.16999993085665e-07,40.000000,0.579999,1000.000000,0.000000,0.000000,13.000000,0.000000,0.515380,0.579999,,,,8.609622,8.609622,,16.800279,,,,,,903.822387,0.066145,0.000000,0.000000,0.000000,,-459.670013,1000.000000,,0.000000,0.000000,,,,0.047204,"SETFLOW",0.000000,0.997559,0.000000,,,,,"","",,,,8.609622,,0.000000,,0.000000,,,0.000000,0.000000,"",,,0.000000,,-1.000000,,0.000000,0.000000,-1.000000,-1.000000,,,,,,,,,,,"",,,,,,,,,,"Volumetric",,,,,,,,,,-0.001407,,,,,,,,,,-0.001407,-0.000033,,,,,,,,,,,,
"0BEC53EC","Nodes",1121784.370000,1673898.000000,1313.064347,"Default Known Flow Node",69.999969,0.579999,1000.000000,0.000000,"Known Flow",0.000000,0.000000,2.16999993085665e-07,40.000000,0.579999,1000.000000,0.000000,0.000000,13.000000,0.000000,0.515380,0.579999,,,,8.609862,8.609862,,16.800279,,,,,,903.822387,0.066145,0.000000,0.000000,0.000000,,-459.670013,1000.000000,,0.000000,0.000000,,,,0.047204,"SETFLOW",0.000000,0.997559,0.000000,,,,,"","",,,,8.609862,,0.000000,,0.000000,,,0.000000,0.000000,"",,,0.000000,,-1.000000,,0.000000,0.000000,-1.000000,-1.000000,,,,,,,,,,,"",,,,,,,,,,"Volumetric",,,,,,,,,,-0.004222,,,,,,,,,,-0.004222,-0.000101,,,,,,,,,,,,
"2FB9B252","Nodes",1121788.120000,1674140.000000,1313.064347,"Default Known Flow Node",69.999969,0.579999,1000.000000,0.000000,"Known Flow",0.000000,0.000000,2.16999993085665e-07,40.000000,0.579999,1000.000000,0.000000,0.000000,13.000000,0.000000,0.515380,0.579999,,,,8.632071,8.632071,,16.800279,,,,,,903.822387,0.066145,0.000000,0.000000,0.000000,,-459.670013,1000.000000,,0.000000,0.000000,,,,0.047206,"SETFLOW",0.000000,0.997559,0.000000,,,,,"","",,,,8.632071,,0.000000,,0.000000,,,0.000000,0.000000,"",,,0.000000,,-1.000000,,0.000000,0.000000,-1.000000,-1.000000,,,,,,,,,,,"",,,,,,,,,,"Volumetric",,,,,,,,,,-0.004826,,,,,,,,,,-0.004826,-0.000115,,,,,,,,,,,,
"0BEC53EE","Nodes",1121830.620000,1673904.370000,1313.064347,"Default Known Flow Node",69.999969,0.579999,1000.000000,0.000000,"Known Flow",0.000000,0.000000,2.16999993085665e-07,40.000000,0.579999,1000.000000,0.000000,0.000000,13.000000,0.000000,0.515380,0.579999,,,,8.608839,8.608839,,16.800279,,,,,,903.822387,0.066145,0.000000,0.000000,0.000000,,-459.670013,1000.000000,,0.000000,0.000000,,,,0.047204,"SETFLOW",0.000000,0.997559,0.000000,,,,,"","",,,,8.608839,,0.000000,,0.000000,,,0.000000,0.000000,"",,,0.000000,,-1.000000,,0.000000,0.000000,-1.000000,-1.000000,,,,,,,,,,,"",,,,,,,,,,"Volumetric",,,,,,,,,,-0.001608,,,,,,,,,,-0.001608,-0.000038,,,,,,,,,,,,
"0BEC53F3","Nodes",1122135.120000,1673963.120000,1313.064347,"Default Known Flow Node",69.999969,0.579999,1000.000000,0.000000,"Known Flow",0.000000,0.000000,2.16999993085665e-07,40.000000,0.579999,1000.000000,0.000000,0.000000,13.000000,0.000000,0.515380,0.579999,,,,8.592549,8.592549,,16.800279,,,,,,903.822387,0.066145,0.000000,0.000000,0.000000,,-459.670013,1000.000000,,0.000000,0.000000,,,,0.047202,"UNDEFINED",0.000000,0.997559,0.000000,,,,,"","",,,,8.592549,,0.000000,,0.000000,,,0.000000,0.000000,"",,,0.000000,,-1.000000,,0.000000,0.000000,-1.000000,-1.000000,,,,,,,,,,,"",,,,,,,,,,"Volumetric",,,,,,,,,,0.000000,,,,,,,,,,0.000000,0.000000,,,,,,,,,,,,
"0BEC53EF","Nodes",1122133.000000,1673975.370000,1313.064347,"Default Known Flow Node",69.999969,0.579999,1000.000000,0.000000,"Known Flow",0.000000,0.000000,2.16999993085665e-07,40.000000,0.579999,1000.000000,0.000000,0.000000,13.000000,0.000000,0.515380,0.579999,,,,8.593064,8.593064,,16.800279,,,,,,903.822387,0.066145,0.000000,0.000000,0.000000,,-459.670013,1000.000000,,0.000000,0.000000,,,,0.047202,"SETFLOW",0.000000,0.997559,0.000000,,,,,"","",,,,8.593064,,0.000000,,0.000000,,,0.000000,0.000000,"",,,0.000000,,-1.000000,,0.000000,0.000000,-1.000000,-1.000000,,,,,,,,,,,"",,,,,,,,,,"Volumetric",,,,,,,,,,-0.004826,,,,,,,,,,-0.004826,-0.000115,,,,,,,,,,,,
"0BEC53F2","Nodes",1122140.500000,1673977.120000,1313.064347,"Default Known Flow Node",69.999969,0.579999,1000.000000,0.000000,"Known Flow",0.000000,0.000000,2.16999993085665e-07,40.000000,0.579999,1000.000000,0.000000,0.000000,13.000000,0.000000,0.515380,0.579999,,,,8.592623,8.592623,,16.800279,,,,,,903.822387,0.066145,0.000000,0.000000,0.000000,,-459.670013,1000.000000,,0.000000,0.000000,,,,0.047202,"SETFLOW",0.000000,0.997559,0.000000,,,,,"","",,,,8.592623,,0.000000,,0.000000,,,0.000000,0.000000,"",,,0.000000,,-1.000000,,0.000000,0.000000,-1.000000,-1.000000,,,,,,,,,,,"",,,,,,,,,,"Volumetric",,,,,,,,,,-0.004826,,,,,,,,,,-0.004826,-0.000115,,,,,,,,,,,,
"0BEC5421","Nodes",1122320.000000,1674019.370000,1313.064347,"Default Known Flow Node",69.999969,0.579999,1000.000000,0.000000,"Known Flow",0.000000,0.000000,2.16999993085665e-07,40.000000,0.579999,1000.000000,0.000000,0.000000,13.000000,0.000000,0.515380,0.579999,,,,8.582544,8.582544,,16.800279,,,,,,903.822387,0.066145,0.000000,0.000000,0.000000,,-459.670013,1000.000000,,0.000000,0.000000,,,,0.047201,"SETFLOW",0.000000,0.997559,0.000000,,,,,"","",,,,8.582544,,0.000000,,0.000000,,,0.000000,0.000000,"",,,0.000000,,-1.000000,,0.000000,0.000000,-1.000000,-1.000000,,,,,,,,,,,"",,,,,,,,,,"Volumetric",,,,,,,,,,-0.004826,,,,,,,,,,-0.004826,-0.000115,,,,,,,,,,,,
"0BEC5422","Nodes",1122094.870000,1674140.000000,1313.064347,"Default Known Flow Node",69.999969,0.579999,1000.000000,0.000000,"Known Flow",0.000000,0.000000,2.16999993085665e-07,40.000000,0.579999,1000.000000,0.000000,0.000000,13.000000,0.000000,0.515380,0.579999,,,,8.606987,8.606987,,16.800279,,,,,,903.822387,0.066145,0.000000,0.000000,0.000000,,-459.670013,1000.000000,,0.000000,0.000000,,,,0.047203,"SETFLOW",0.000000,0.997559,0.000000,,,,,"","",,,,8.606987,,0.000000,,0.000000,,,0.000000,0.000000,"",,,0.000000,,-1.000000,,0.000000,0.000000,-1.000000,-1.000000,,,,,,,,,,,"",,,,,,,,,,"Volumetric",,,,,,,,,,-0.004826,,,,,,,,,,-0.004826,-0.000115,,,,,,,,,,,,
"0BEC5FEA","Nodes",1121770.120000,1674415.870000,1313.064347,"Default Known Flow Node",69.999969,0.579999,1000.000000,0.000000,"Known Flow",0.000000,0.000000,2.16999993085665e-07,40.000000,0.579999,1000.000000,0.000000,0.000000,13.000000,0.000000,0.515380,0.579999,,,,8.657745,8.657745,,16.800279,,,,,,903.822387,0.066145,0.000000,0.000000,0.000000,,-459.670013,1000.000000,,0.000000,0.000000,,,,0.047209,"UNDEFINED",0.000000,0.997559,0.000000,,,,,"","",,,,8.657745,,0.000000,,0.000000,,,0.000000,0.000000,"",,,0.000000,,-1.000000,,0.000000,0.000000,-1.000000,-1.000000,,,,,,,,,,,"",,,,,,,,,,"Volumetric",,,,,,,,,,0.000000,,,,,,,,,,0.000000,0.000000,,,,,,,,,,,,
"0BEC5424","Nodes",1121772.308292,1674158.507922,1313.064347,"Default Known Flow Node",69.999969,0.579999,1000.000000,0.000000,"Known Flow",0.000000,0.000000,2.16999993085665e-07,40.000000,0.579999,1000.000000,0.000000,0.000000,13.000000,0.000000,0.515380,0.579999,,,,8.640393,8.640393,,16.800279,,,,,,903.822387,0.066145,0.000000,0.000000,0.000000,,-459.670013,1000.000000,,0.000000,0.000000,,,,0.047207,"UNDEFINED",0.000000,0.997559,0.000000,,,,,"","",,,,8.640393,,0.000000,,0.000000,,,0.000000,0.000000,"",,,0.000000,,-1.000000,,0.000000,0.000000,-1.000000,-1.000000,,,,,,,,,,,"",,,,,,,,,,"Volumetric",,,,,,,,,,0.000000,,,,,,,,,,0.000000,0.000000,,,,,,,,,,,,
"0BEC5FEB","Nodes",1121846.620000,1674177.120000,1313.064347,"Default Known Flow Node",69.999969,0.579999,1000.000000,0.000000,"Known Flow",0.000000,0.000000,2.16999993085665e-07,40.000000,0.579999,1000.000000,0.000000,0.000000,13.000000,0.000000,0.515380,0.579999,,,,8.635451,8.635451,,16.800279,,,,,,903.822387,0.066145,0.000000,0.000000,0.000000,,-459.670013,1000.000000,,0.000000,0.000000,,,,0.047207,"UNDEFINED",0.000000,0.997559,0.000000,,,,,"","",,,,8.635451,,0.000000,,0.000000,,,0.000000,0.000000,"",,,0.000000,,-1.000000,,0.000000,0.000000,-1.000000,-1.000000,,,,,,,,,,,"",,,,,,,,,,"Volumetric",,,,,,,,,,0.000000,,,,,,,,,,0.000000,0.000000,,,,,,,,,,,,
"0BEC5FEF","Nodes",1122058.500000,1674223.370000,1313.064347,"Default Known Flow Node",69.999969,0.579999,1000.000000,0.000000,"Known Flow",0.000000,0.000000,2.16999993085665e-07,40.000000,0.579999,1000.000000,0.000000,0.000000,13.000000,0.000000,0.515380,0.579999,,,,8.621396,8.621396,,16.800279,,,,,,903.822387,0.066145,0.000000,0.000000,0.000000,,-459.670013,1000.000000,,0.000000,0.000000,,,,0.047205,"UNDEFINED",0.000000,0.997559,0.000000,,,,,"","",,,,8.621396,,0.000000,,0.000000,,,0.000000,0.000000,"",,,0.000000,,-1.000000,,0.000000,0.000000,-1.000000,-1.000000,,,,,,,,,,,"",,,,,,,,,,"Volumetric",,,,,,,,,,0.000000,,,,,,,,,,0.000000,0.000000,,,,,,,,,,,,
"0BEC5FEC","Nodes",1122074.000000,1674229.000000,1313.064347,"Default Known Flow Node",69.999969,0.579999,1000.000000,0.000000,"Known Flow",0.000000,0.000000,2.16999993085665e-07,40.000000,0.579999,1000.000000,0.000000,0.000000,13.000000,0.000000,0.515380,0.579999,,,,8.614595,8.614595,,16.800279,,,,,,903.822387,0.066145,0.000000,0.000000,0.000000,,-459.670013,1000.000000,,0.000000,0.000000,,,,0.047204,"SETFLOW",0.000000,0.997559,0.000000,,,,,"","",,,,8.614595,,0.000000,,0.000000,,,0.000000,0.000000,"",,,0.000000,,-1.000000,,0.000000,0.000000,-1.000000,-1.000000,,,,,,,,,,,"",,,,,,,,,,"Volumetric",,,,,,,,,,-0.004826,,,,,,,,,,-0.004826,-0.000115,,,,,,,,,,,,
"0BEC6003","Nodes",1122012.500000,1674483.120000,1313.064347,"Default Known Flow Node",69.999969,0.579999,1000.000000,0.000000,"Known Flow",0.000000,0.000000,2.16999993085665e-07,40.000000,0.579999,1000.000000,0.000000,0.000000,13.000000,0.000000,0.515380,0.579999,,,,8.572128,8.572128,,16.800279,,,,,,903.822387,0.066145,0.000000,0.000000,0.000000,,-459.670013,1000.000000,,0.000000,0.000000,,,,0.047199,"SETFLOW",0.000000,0.997559,0.000000,,,,,"","",,,,8.572128,,0.000000,,0.000000,,,0.000000,0.000000,"",,,0.000000,,-1.000000,,0.000000,0.000000,-1.000000,-1.000000,,,,,,,,,,,"",,,,,,,,,,"Volumetric",,,,,,,,,,-0.004826,,,,,,,,,,-0.004826,-0.000115,,,,,,,,,,,,
"0BEC6004","Nodes",1122064.370000,1674260.250000,1313.064347,"Default Known Flow Node",69.999969,0.579999,1000.000000,0.000000,"Known Flow",0.000000,0.000000,2.16999993085665e-07,40.000000,0.579999,1000.000000,0.000000,0.000000,13.000000,0.000000,0.515380,0.579999,,,,8.609231,8.609231,,16.800279,,,,,,903.822387,0.066145,0.000000,0.000000,0.000000,,-459.670013,1000.000000,,0.000000,0.000000,,,,0.047204,"SETFLOW",0.000000,0.997559,0.000000,,,,,"","",,,,8.609231,,0.000000,,0.000000,,,0.000000,0.000000,"",,,0.000000,,-1.000000,,0.000000,0.000000,-1.000000,-1.000000,,,,,,,,,,,"",,,,,,,,,,"Volumetric",,,,,,,,,,-0.001608,,,,,,,,,,-0.001608,-0.000038,,,,,,,,,,,,
"0BEC5FF1","Nodes",1121718.750000,1674407.500000,1313.064347,"Default Known Flow Node",69.999969,0.579999,1000.000000,0.000000,"Known Flow",0.000000,0.000000,2.16999993085665e-07,40.000000,0.579999,1000.000000,0.000000,0.000000,13.000000,0.000000,0.515380,0.579999,,,,8.657474,8.657474,,16.800279,,,,,,903.822387,0.066145,0.000000,0.000000,0.000000,,-459.670013,1000.000000,,0.000000,0.000000,,,,0.047209,"SETFLOW",0.000000,0.997559,0.000000,,,,,"","",,,,8.657474,,0.000000,,0.000000,,,0.000000,0.000000,"",,,0.000000,,-1.000000,,0.000000,0.000000,-1.000000,-1.000000,,,,,,,,,,,"",,,,,,,,,,"Volumetric",,,,,,,,,,-0.004826,,,,,,,,,,-0.004826,-0.000115,,,,,,,,,,,,
"0BEC5FF0","Nodes",1121813.370000,1674455.750000,1313.064347,"Default Known Flow Node",69.999969,0.579999,1000.000000,0.000000,"Known Flow",0.000000,0.000000,2.16999993085665e-07,40.000000,0.579999,1000.000000,0.000000,0.000000,13.000000,0.000000,0.515380,0.579999,,,,8.657058,8.657058,,16.800279,,,,,,903.822387,0.066145,0.000000,0.000000,0.000000,,-459.670013,1000.000000,,0.000000,0.000000,,,,0.047209,"SETFLOW",0.000000,0.997559,0.000000,,,,,"","",,,,8.657058,,0.000000,,0.000000,,,0.000000,0.000000,"",,,0.000000,,-1.000000,,0.000000,0.000000,-1.000000,-1.000000,,,,,,,,,,,"",,,,,,,,,,"Volumetric",,,,,,,,,,-0.004826,,,,,,,,,,-0.004826,-0.000115,,,,,,,,,,,,
"0BEC6002","Nodes",1121955.000000,1674726.620000,1313.064347,"Default Known Flow Node",69.999969,0.579999,1000.000000,0.000000,"Known Flow",0.000000,0.000000,2.16999993085665e-07,40.000000,0.579999,1000.000000,0.000000,0.000000,13.000000,0.000000,0.515380,0.579999,,,,8.532022,8.532022,,16.800279,,,,,,903.822387,0.066145,0.000000,0.000000,0.000000,,-459.670013,1000.000000,,0.000000,0.000000,,,,0.047195,"UNDEFINED",0.000000,0.997559,0.000000,,,,,"","",,,,8.532022,,0.000000,,0.000000,,,0.000000,0.000000,"",,,0.000000,,-1.000000,,0.000000,0.000000,-1.000000,-1.000000,,,,,,,,,,,"",,,,,,,,,,"Volumetric",,,,,,,,,,0.000000,,,,,,,,,,0.000000,0.000000,,,,,,,,,,,,
"2FB21322","Nodes",1121708.120000,1674676.250000,1313.064347,"Default Known Flow Node",69.999969,0.579999,1000.000000,0.000000,"Known Flow",0.000000,0.000000,2.16999993085665e-07,40.000000,0.579999,1000.000000,0.000000,0.000000,13.000000,0.000000,0.515379,0.579999,,,,8.489410,8.489410,,16.800279,,,,,,903.822387,0.066146,0.000000,0.000000,0.000000,,-459.670013,1000.000000,,0.000000,0.000000,,,,0.047190,"UNDEFINED",0.000000,0.997560,0.000000,,,,,"","",,,,8.489410,,0.000000,,0.000000,,,0.000000,0.000000,"",,,0.000000,,-1.000000,,0.000000,0.000000,-1.000000,-1.000000,,,,,,,,,,,"",,,,,,,,,,"Volumetric",,,,,,,,,,0.000000,,,,,,,,,,0.000000,0.000000,,,,,,,,,,,,
"0BEC5FF4","Nodes",1121708.870000,1674672.620000,1313.064347,"Default Known Flow Node",69.999969,0.579999,1000.000000,0.000000,"Known Flow",0.000000,0.000000,2.16999993085665e-07,40.000000,0.579999,1000.000000,0.000000,0.000000,13.000000,0.000000,0.515379,0.579999,,,,8.491351,8.491351,,16.800279,,,,,,903.822387,0.066146,0.000000,0.000000,0.000000,,-459.670013,1000.000000,,0.000000,0.000000,,,,0.047190,"SETFLOW",0.000000,0.997560,0.000000,,,,,"","",,,,8.491351,,0.000000,,0.000000,,,0.000000,0.000000,"",,,0.000000,,-1.000000,,0.000000,0.000000,-1.000000,-1.000000,,,,,,,,,,,"",,,,,,,,,,"Volumetric",,,,,,,,,,-0.004826,,,,,,,,,,-0.004826,-0.000115,,,,,,,,,,,,
"0BEC5FF3","Nodes",1121544.120000,1674631.120000,1313.064347,"Default Known Flow Node",69.999969,0.579999,1000.000000,0.000000,"Known Flow",0.000000,0.000000,2.16999993085665e-07,40.000000,0.579999,1000.000000,0.000000,0.000000,13.000000,0.000000,0.515379,0.579999,,,,8.510477,8.510477,,16.800279,,,,,,903.822387,0.066146,0.000000,0.000000,0.000000,,-459.670013,1000.000000,,0.000000,0.000000,,,,0.047192,"SETFLOW",0.000000,0.997560,0.000000,,,,,"","",,,,8.510477,,0.000000,,0.000000,,,0.000000,0.000000,"",,,0.000000,,-1.000000,,0.000000,0.000000,-1.000000,-1.000000,,,,,,,,,,,"",,,,,,,,,,"Volumetric",,,,,,,,,,-0.004826,,,,,,,,,,-0.004826,-0.000115,,,,,,,,,,,,
"2FB21320","Nodes",1121707.370000,1674679.500000,1313.064347,"Default Known Flow Node",69.999969,0.579999,1000.000000,0.000000,"Known Flow",0.000000,0.000000,2.16999993085665e-07,40.000000,0.579999,1000.000000,0.000000,0.000000,13.000000,0.000000,0.515379,0.579999,,,,8.489147,8.489147,,16.800279,,,,,,903.822387,0.066146,0.000000,0.000000,0.000000,,-459.670013,1000.000000,,0.000000,0.000000,,,,0.047190,"UNDEFINED",0.000000,0.997560,0.000000,,,,,"","",,,,8.489147,,0.000000,,0.000000,,,0.000000,0.000000,"",,,0.000000,,-1.000000,,0.000000,0.000000,-1.000000,-1.000000,,,,,,,,,,,"",,,,,,,,,,"Volumetric",,,,,,,,,,0.000000,,,,,,,,,,0.000000,0.000000,,,,,,,,,,,,
"0BEC6019","Nodes",1121648.750000,1674932.750000,1313.064347,"Default Known Flow Node",69.999969,0.579999,1000.000000,0.000000,"Known Flow",0.000000,0.000000,2.16999993085665e-07,40.000000,0.579999,1000.000000,0.000000,0.000000,13.000000,0.000000,0.515379,0.579999,,,,8.466416,8.466416,,16.800279,,,,,,903.822387,0.066146,0.000000,0.000000,0.000000,,-459.670013,1000.000000,,0.000000,0.000000,,,,0.047187,"SETFLOW",0.000000,0.997560,0.000000,,,,,"","",,,,8.466416,,0.000000,,0.000000,,,0.000000,0.000000,"",,,0.000000,,-1.000000,,0.000000,0.000000,-1.000000,-1.000000,,,,,,,,,,,"",,,,,,,,,,"Volumetric",,,,,,,,,,-0.006032,,,,,,,,,,-0.006032,-0.000144,,,,,,,,,,,,
"2FB2825B","Nodes",1121788.500000,1674690.750000,1313.064347,"Default Known Flow Node",69.999969,0.579999,1000.000000,0.000000,"Known Flow",0.000000,0.000000,2.16999993085665e-07,40.000000,0.579999,1000.000000,0.000000,0.000000,13.000000,0.000000,0.515379,0.579999,,,,8.505922,8.505922,,16.800279,,,,,,903.822387,0.066146,0.000000,0.000000,0.000000,,-459.670013,1000.000000,,0.000000,0.000000,,,,0.047192,"SETFLOW",0.000000,0.997560,0.000000,,,,,"","",,,,8.505922,,0.000000,,0.000000,,,0.000000,0.000000,"",,,0.000000,,-1.000000,,0.000000,0.000000,-1.000000,-1.000000,,,,,,,,,,,"",,,,,,,,,,"Volumetric",,,,,,,,,,-0.004826,,,,,,,,,,-0.004826,-0.000115,,,,,,,,,,,,
"2FB2825C","Nodes",1121794.370000,1674692.000000,1313.064347,"Default Known Flow Node",69.999969,0.579999,1000.000000,0.000000,"Known Flow",0.000000,0.000000,2.16999993085665e-07,40.000000,0.579999,1000.000000,0.000000,0.000000,13.000000,0.000000,0.515379,0.579999,,,,8.506993,8.506993,,16.800279,,,,,,903.822387,0.066146,0.000000,0.000000,0.000000,,-459.670013,1000.000000,,0.000000,0.000000,,,,0.047192,"SETFLOW",0.000000,0.997560,0.000000,,,,,"","",,,,8.506993,,0.000000,,0.000000,,,0.000000,0.000000,"",,,0.000000,,-1.000000,,0.000000,0.000000,-1.000000,-1.000000,,,,,,,,,,,"",,,,,,,,,,"Volumetric",,,,,,,,,,-0.004826,,,,,,,,,,-0.004826,-0.000115,,,,,,,,,,,,
"0BEC5FF5","Nodes",1121931.500000,1674725.500000,1313.064347,"Default Known Flow Node",69.999969,0.579999,1000.000000,0.000000,"Known Flow",0.000000,0.000000,2.16999993085665e-07,40.000000,0.579999,1000.000000,0.000000,0.000000,13.000000,0.000000,0.515380,0.579999,,,,8.532395,8.532395,,16.800279,,,,,,903.822387,0.066145,0.000000,0.000000,0.000000,,-459.670013,1000.000000,,0.000000,0.000000,,,,0.047195,"SETFLOW",0.000000,0.997559,0.000000,,,,,"","",,,,8.532395,,0.000000,,0.000000,,,0.000000,0.000000,"",,,0.000000,,-1.000000,,0.000000,0.000000,-1.000000,-1.000000,,,,,,,,,,,"",,,,,,,,,,"Volumetric",,,,,,,,,,-0.004826,,,,,,,,,,-0.004826,-0.000115,,,,,,,,,,,,
"2FB2131F","Nodes",1121927.370000,1674725.750000,1313.064347,"Default Known Flow Node",69.999969,0.579999,1000.000000,0.000000,"Known Flow",0.000000,0.000000,2.16999993085665e-07,40.000000,0.579999,1000.000000,0.000000,0.000000,13.000000,0.000000,0.515380,0.579999,,,,8.531680,8.531680,,16.800279,,,,,,903.822387,0.066145,0.000000,0.000000,0.000000,,-459.670013,1000.000000,,0.000000,0.000000,,,,0.047195,"UNDEFINED",0.000000,0.997559,0.000000,,,,,"","",,,,8.531680,,0.000000,,0.000000,,,0.000000,0.000000,"",,,0.000000,,-1.000000,,0.000000,0.000000,-1.000000,-1.000000,,,,,,,,,,,"",,,,,,,,,,"Volumetric",,,,,,,,,,0.000000,,,,,,,,,,0.000000,0.000000,,,,,,,,,,,,
"0BEC5FFF","Nodes",1121958.750000,1674787.870000,1313.064347,"Default Known Flow Node",69.999969,0.579999,1000.000000,0.000000,"Known Flow",0.000000,0.000000,2.16999993085665e-07,40.000000,0.579999,1000.000000,0.000000,0.000000,13.000000,0.000000,0.515379,0.579999,,,,8.510176,8.510176,,16.800279,,,,,,903.822387,0.066146,0.000000,0.000000,0.000000,,-459.670013,1000.000000,,0.000000,0.000000,,,,0.047192,"UNDEFINED",0.000000,0.997560,0.000000,,,,,"","",,,,8.510176,,0.000000,,0.000000,,,0.000000,0.000000,"",,,0.000000,,-1.000000,,0.000000,0.000000,-1.000000,-1.000000,,,,,,,,,,,"",,,,,,,,,,"Volumetric",,,,,,,,,,0.000000,,,,,,,,,,0.000000,0.000000,,,,,,,,,,,,
"0BEC6001","Nodes",1121954.620000,1674728.750000,1313.064347,"Default Known Flow Node",69.999969,0.579999,1000.000000,0.000000,"Known Flow",0.000000,0.000000,2.16999993085665e-07,40.000000,0.579999,1000.000000,0.000000,0.000000,13.000000,0.000000,0.515380,0.579999,,,,8.531945,8.531945,,16.800279,,,,,,903.822387,0.066145,0.000000,0.000000,0.000000,,-459.670013,1000.000000,,0.000000,0.000000,,,,0.047195,"UNDEFINED",0.000000,0.997559,0.000000,,,,,"","",,,,8.531945,,0.000000,,0.000000,,,0.000000,0.000000,"",,,0.000000,,-1.000000,,0.000000,0.000000,-1.000000,-1.000000,,,,,,,,,,,"",,,,,,,,,,"Volumetric",,,,,,,,,,0.000000,,,,,,,,,,0.000000,0.000000,,,,,,,,,,,,
"0BEC6000","Nodes",1121942.870000,1674728.250000,1313.064347,"Default Known Flow Node",69.999969,0.579999,1000.000000,0.000000,"Known Flow",0.000000,0.000000,2.16999993085665e-07,40.000000,0.579999,1000.000000,0.000000,0.000000,13.000000,0.000000,0.515380,0.579999,,,,8.532216,8.532216,,16.800279,,,,,,903.822387,0.066145,0.000000,0.000000,0.000000,,-459.670013,1000.000000,,0.000000,0.000000,,,,0.047195,"UNDEFINED",0.000000,0.997559,0.000000,,,,,"","",,,,8.532216,,0.000000,,0.000000,,,0.000000,0.000000,"",,,0.000000,,-1.000000,,0.000000,0.000000,-1.000000,-1.000000,,,,,,,,,,,"",,,,,,,,,,"Volumetric",,,,,,,,,,0.000000,,,,,,,,,,0.000000,0.000000,,,,,,,,,,,,
"0BEC6007","Nodes",1122208.901610,1674793.470808,1313.064347,"Default Known Flow Node",69.999969,0.579999,1000.000000,0.000000,"Known Flow",0.000000,0.000000,2.16999993085665e-07,40.000000,0.579999,1000.000000,0.000000,0.000000,13.000000,0.000000,0.515379,0.579999,,,,8.511441,8.511441,,16.800279,,,,,,903.822387,0.066146,0.000000,0.000000,0.000000,,-459.670013,1000.000000,,0.000000,0.000000,,,,0.047193,"UNDEFINED",0.000000,0.997560,0.000000,,,,,"","",,,,8.511441,,0.000000,,0.000000,,,0.000000,0.000000,"",,,0.000000,,-1.000000,,0.000000,0.000000,-1.000000,-1.000000,,,,,,,,,,,"",,,,,,,,,,"Volumetric",,,,,,,,,,0.000000,,,,,,,,,,0.000000,0.000000,,,,,,,,,,,,
"Q3No926","Nodes",1122205.025218,1674792.484173,1313.064347,"Default Known Flow Node",69.999969,0.579999,1000.000000,0.000000,"Known Flow",0.000000,0.000000,2.16999993085665e-07,40.000000,0.579999,1000.000000,0.000000,0.000000,13.000000,0.000000,0.515379,0.579999,,,,8.511532,8.511532,,16.800279,,,,,,903.822387,0.066146,0.000000,0.000000,0.000000,,-459.670013,1000.000000,,0.000000,0.000000,,,,0.047193,"UNDEFINED",0.000000,0.997560,0.000000,,,,,"","",,,,8.511532,,0.000000,,0.000000,,,0.000000,0.000000,"",,,0.000000,,-1.000000,,0.000000,0.000000,0.000000,-1.000000,,,,,,,,,,,"",,,,,,,,,,"Volumetric",,,,,,,,,,0.000000,,,,,,,,,,0.000000,0.000000,,,,,,,,,,,,
"0BEC5FFB","Nodes",1122065.120000,1675036.000000,1313.064347,"Default Known Flow Node",69.999969,0.579999,1000.000000,0.000000,"Known Flow",0.000000,0.000000,2.16999993085665e-07,40.000000,0.579999,1000.000000,0.000000,0.000000,13.000000,0.000000,0.515379,0.579999,,,,8.508006,8.508006,,16.800279,,,,,,903.822387,0.066146,0.000000,0.000000,0.000000,,-459.670013,1000.000000,,0.000000,0.000000,,,,0.047192,"UNDEFINED",0.000000,0.997560,0.000000,,,,,"","",,,,8.508006,,0.000000,,0.000000,,,0.000000,0.000000,"",,,0.000000,,-1.000000,,0.000000,0.000000,-1.000000,-1.000000,,,,,,,,,,,"",,,,,,,,,,"Volumetric",,,,,,,,,,0.000000,,,,,,,,,,0.000000,0.000000,,,,,,,,,,,,
"0BEC6030","Nodes",1122320.000000,1674317.250000,1313.064347,"Default Known Flow Node",69.999969,0.579999,1000.000000,0.000000,"Known Flow",0.000000,0.000000,2.16999993085665e-07,40.000000,0.579999,1000.000000,0.000000,0.000000,13.000000,0.000000,0.515379,0.579999,,,,8.511171,8.511171,,16.800279,,,,,,903.822387,0.066146,0.000000,0.000000,0.000000,,-459.670013,1000.000000,,0.000000,0.000000,,,,0.047193,"SETFLOW",0.000000,0.997560,0.000000,,,,,"","",,,,8.511171,,0.000000,,0.000000,,,0.000000,0.000000,"",,,0.000000,,-1.000000,,0.000000,0.000000,-1.000000,-1.000000,,,,,,,,,,,"",,,,,,,,,,"Volumetric",,,,,,,,,,-0.004826,,,,,,,,,,-0.004826,-0.000115,,,,,,,,,,,,
"Q3No925","Nodes",1122211.365152,1674782.662002,1313.064347,"Default Known Flow Node",69.999969,0.579999,1000.000000,0.000000,"Known Flow",0.000000,0.000000,2.16999993085665e-07,40.000000,0.579999,1000.000000,0.000000,0.000000,13.000000,0.000000,0.515379,0.579999,,,,8.511438,8.511438,,16.800279,,,,,,903.822387,0.066146,0.000000,0.000000,0.000000,,-459.670013,1000.000000,,0.000000,0.000000,,,,0.047193,"UNDEFINED",0.000000,0.997560,0.000000,,,,,"","",,,,8.511438,,0.000000,,0.000000,,,0.000000,0.000000,"",,,0.000000,,-1.000000,,0.000000,0.000000,0.000000,-1.000000,,,,,,,,,,,"",,,,,,,,,,"Volumetric",,,,,,,,,,0.000000,,,,,,,,,,0.000000,0.000000,,,,,,,,,,,,
"0BEC6005","Nodes",1122209.773999,1674789.478800,1313.064347,"Default Known Flow Node",69.999969,0.579999,1000.000000,0.000000,"Known Flow",0.000000,0.000000,2.16999993085665e-07,40.000000,0.579999,1000.000000,0.000000,0.000000,13.000000,0.000000,0.515379,0.579999,,,,8.511441,8.511441,,16.800279,,,,,,903.822387,0.066146,0.000000,0.000000,0.000000,,-459.670013,1000.000000,,0.000000,0.000000,,,,0.047193,"SETFLOW",0.000000,0.997560,0.000000,,,,,"","",,,,8.511441,,0.000000,,0.000000,,,0.000000,0.000000,"",,,0.000000,,-1.000000,,0.000000,0.000000,-1.000000,-1.000000,,,,,,,,,,,"",,,,,,,,,,"Volumetric",,,,,,,,,,-0.006032,,,,,,,,,,-0.006032,-0.000144,,,,,,,,,,,,
"0BEC6006","Nodes",1122211.817578,1674794.156870,1313.064347,"Default Known Flow Node",69.999969,0.579999,1000.000000,0.000000,"Known Flow",0.000000,0.000000,2.16999993085665e-07,40.000000,0.579999,1000.000000,0.000000,0.000000,13.000000,0.000000,0.515379,0.579999,,,,8.511373,8.511373,,16.800279,,,,,,903.822387,0.066146,0.000000,0.000000,0.000000,,-459.670013,1000.000000,,0.000000,0.000000,,,,0.047193,"UNDEFINED",0.000000,0.997560,0.000000,,,,,"","",,,,8.511373,,0.000000,,0.000000,,,0.000000,0.000000,"",,,0.000000,,-1.000000,,0.000000,0.000000,-1.000000,-1.000000,,,,,,,,,,,"",,,,,,,,,,"Volumetric",,,,,,,,,,0.000000,,,,,,,,,,0.000000,0.000000,,,,,,,,,,,,
"0BEC6031","Nodes",1122319.991058,1674821.253144,1313.064347,"Default Known Flow Node",69.999969,0.579999,1000.000000,0.000000,"Known Flow",0.000000,0.000000,2.16999993085665e-07,40.000000,0.579999,1000.000000,0.000000,0.000000,13.000000,0.000000,0.515379,0.579999,,,,8.487777,8.487777,,16.800279,,,,,,903.822387,0.066146,0.000000,0.000000,0.000000,,-459.670013,1000.000000,,0.000000,0.000000,,,,0.047190,"UNDEFINED",0.000000,0.997560,0.000000,,,,,"","",,,,8.487777,,0.000000,,0.000000,,,0.000000,0.000000,"",,,0.000000,,-1.000000,,0.000000,0.000000,-1.000000,-1.000000,,,,,,,,,,,"",,,,,,,,,,"Volumetric",,,,,,,,,,0.000000,,,,,,,,,,0.000000,0.000000,,,,,,,,,,,,
"Q3No932","Nodes",1122267.401312,1674808.660875,1313.064347,"Default Known Flow Node",69.999969,0.579999,1000.000000,0.000000,"Known Flow",0.000000,0.000000,2.16999993085665e-07,40.000000,0.579999,1000.000000,0.000000,0.000000,13.000000,0.000000,0.515379,0.579999,,,,8.507484,8.507484,,16.800279,,,,,,903.822387,0.066146,0.000000,0.000000,0.000000,,-459.670013,1000.000000,,0.000000,0.000000,,,,0.047192,"UNDEFINED",0.000000,0.997560,0.000000,,,,,"","",,,,8.507484,,0.000000,,0.000000,,,0.000000,0.000000,"",,,0.000000,,-1.000000,,0.000000,0.000000,0.000000,-1.000000,,,,,,,,,,,"",,,,,,,,,,"Volumetric",,,,,,,,,,0.000000,,,,,,,,,,0.000000,0.000000,,,,,,,,,,,,
"0BEC6021","Nodes",1121632.000000,1674937.500000,1313.064347,"Default Known Flow Node",69.999969,0.579999,1000.000000,0.000000,"Known Flow",0.000000,0.000000,2.16999993085665e-07,40.000000,0.579999,1000.000000,0.000000,0.000000,13.000000,0.000000,0.515379,0.579999,,,,8.473699,8.473699,,16.800279,,,,,,903.822387,0.066146,0.000000,0.000000,0.000000,,-459.670013,1000.000000,,0.000000,0.000000,,,,0.047188,"UNDEFINED",0.000000,0.997560,0.000000,,,,,"","",,,,8.473699,,0.000000,,0.000000,,,0.000000,0.000000,"",,,0.000000,,-1.000000,,0.000000,0.000000,-1.000000,-1.000000,,,,,,,,,,,"",,,,,,,,,,"Volumetric",,,,,,,,,,0.000000,,,,,,,,,,0.000000,0.000000,,,,,,,,,,,,
"0BEC6018","Nodes",1121647.120000,1674941.000000,1313.064347,"Default Known Flow Node",69.999969,0.579999,1000.000000,0.000000,"Known Flow",0.000000,0.000000,2.16999993085665e-07,40.000000,0.579999,1000.000000,0.000000,0.000000,13.000000,0.000000,0.515379,0.579999,,,,8.465660,8.465660,,16.800279,,,,,,903.822387,0.066146,0.000000,0.000000,0.000000,,-459.670013,1000.000000,,0.000000,0.000000,,,,0.047187,"UNDEFINED",0.000000,0.997560,0.000000,,,,,"","",,,,8.465660,,0.000000,,0.000000,,,0.000000,0.000000,"",,,0.000000,,-1.000000,,0.000000,0.000000,-1.000000,-1.000000,,,,,,,,,,,"",,,,,,,,,,"Volumetric",,,,,,,,,,0.000000,,,,,,,,,,0.000000,0.000000,,,,,,,,,,,,
"0BEC6020","Nodes",1121639.500000,1674939.250000,1313.064347,"Default Known Flow Node",69.999969,0.579999,1000.000000,0.000000,"Known Flow",0.000000,0.000000,2.16999993085665e-07,40.000000,0.579999,1000.000000,0.000000,0.000000,13.000000,0.000000,0.515379,0.579999,,,,8.469444,8.469444,,16.800279,,,,,,903.822387,0.066146,0.000000,0.000000,0.000000,,-459.670013,1000.000000,,0.000000,0.000000,,,,0.047188,"UNDEFINED",0.000000,0.997560,0.000000,,,,,"","",,,,8.469444,,0.000000,,0.000000,,,0.000000,0.000000,"",,,0.000000,,-1.000000,,0.000000,0.000000,-1.000000,-1.000000,,,,,,,,,,,"",,,,,,,,,,"Volumetric",,,,,,,,,,0.000000,,,,,,,,,,0.000000,0.000000,,,,,,,,,,,,
"0BEC6013","Nodes",1121585.620000,1675199.000000,1313.064347,"Default Known Flow Node",69.999969,0.579999,1000.000000,0.000000,"Known Flow",0.000000,0.000000,2.16999993085665e-07,40.000000,0.579999,1000.000000,0.000000,0.000000,13.000000,0.000000,0.515379,0.579999,,,,8.414739,8.414739,,16.800279,,,,,,903.822387,0.066146,0.000000,0.000000,0.000000,,-459.670013,1000.000000,,0.000000,0.000000,,,,0.047182,"SETFLOW",0.000000,0.997560,0.000000,,,,,"","",,,,8.414739,,0.000000,,0.000000,,,0.000000,0.000000,"",,,0.000000,,-1.000000,,0.000000,0.000000,-1.000000,-1.000000,,,,,,,,,,,"",,,,,,,,,,"Volumetric",,,,,,,,,,-0.007541,,,,,,,,,,-0.007541,-0.000180,,,,,,,,,,,,
"0BEC601F","Nodes",1121655.620000,1674942.370000,1313.064347,"Default Known Flow Node",69.999969,0.579999,1000.000000,0.000000,"Known Flow",0.000000,0.000000,2.16999993085665e-07,40.000000,0.579999,1000.000000,0.000000,0.000000,13.000000,0.000000,0.515379,0.579999,,,,8.466608,8.466608,,16.800279,,,,,,903.822387,0.066146,0.000000,0.000000,0.000000,,-459.670013,1000.000000,,0.000000,0.000000,,,,0.047187,"UNDEFINED",0.000000,0.997560,0.000000,,,,,"","",,,,8.466608,,0.000000,,0.000000,,,0.000000,0.000000,"",,,0.000000,,-1.000000,,0.000000,0.000000,-1.000000,-1.000000,,,,,,,,,,,"",,,,,,,,,,"Volumetric",,,,,,,,,,0.000000,,,,,,,,,,0.000000,0.000000,,,,,,,,,,,,
"0BEC601E","Nodes",1121672.000000,1674946.000000,1313.064347,"Default Known Flow Node",69.999969,0.579999,1000.000000,0.000000,"Known Flow",0.000000,0.000000,2.16999993085665e-07,40.000000,0.579999,1000.000000,0.000000,0.000000,13.000000,0.000000,0.515379,0.579999,,,,8.468397,8.468397,,16.800279,,,,,,903.822387,0.066146,0.000000,0.000000,0.000000,,-459.670013,1000.000000,,0.000000,0.000000,,,,0.047188,"UNDEFINED",0.000000,0.997560,0.000000,,,,,"","",,,,8.468397,,0.000000,,0.000000,,,0.000000,0.000000,"",,,0.000000,,-1.000000,,0.000000,0.000000,-1.000000,-1.000000,,,,,,,,,,,"",,,,,,,,,,"Volumetric",,,,,,,,,,0.000000,,,,,,,,,,0.000000,0.000000,,,,,,,,,,,,
"0BEC601D","Nodes",1121862.250000,1674988.500000,1313.064347,"Default Known Flow Node",69.999969,0.579999,1000.000000,0.000000,"Known Flow",0.000000,0.000000,2.16999993085665e-07,40.000000,0.579999,1000.000000,0.000000,0.000000,13.000000,0.000000,0.515379,0.579999,,,,8.488823,8.488823,,16.800279,,,,,,903.822387,0.066146,0.000000,0.000000,0.000000,,-459.670013,1000.000000,,0.000000,0.000000,,,,0.047190,"SETFLOW",0.000000,0.997560,0.000000,,,,,"","",,,,8.488823,,0.000000,,0.000000,,,0.000000,0.000000,"",,,0.000000,,-1.000000,,0.000000,0.000000,-1.000000,-1.000000,,,,,,,,,,,"",,,,,,,,,,"Volumetric",,,,,,,,,,-0.006032,,,,,,,,,,-0.006032,-0.000144,,,,,,,,,,,,
"0BEC5FFA","Nodes",1122158.620000,1675026.500000,1313.064347,"Default Known Flow Node",69.999969,0.579999,1000.000000,0.000000,"Known Flow",0.000000,0.000000,2.16999993085665e-07,40.000000,0.579999,1000.000000,0.000000,0.000000,13.000000,0.000000,0.515379,0.579999,,,,8.506878,8.506878,,16.800279,,,,,,903.822387,0.066146,0.000000,0.000000,0.000000,,-459.670013,1000.000000,,0.000000,0.000000,,,,0.047192,"UNDEFINED",0.000000,0.997560,0.000000,,,,,"","",,,,8.506878,,0.000000,,0.000000,,,0.000000,0.000000,"",,,0.000000,,-1.000000,,0.000000,0.000000,-1.000000,-1.000000,,,,,,,,,,,"",,,,,,,,,,"Volumetric",,,,,,,,,,0.000000,,,,,,,,,,0.000000,0.000000,,,,,,,,,,,,
"2FB2564D","Nodes",1122175.620000,1674950.250000,1313.064347,"Default Known Flow Node",69.999969,0.579999,1000.000000,0.000000,"Known Flow",0.000000,0.000000,2.16999993085665e-07,40.000000,0.579999,1000.000000,0.000000,0.000000,13.000000,0.000000,0.515379,0.579999,,,,8.506878,8.506878,,16.800279,,,,,,903.822387,0.066146,0.000000,0.000000,0.000000,,-459.670013,1000.000000,,0.000000,0.000000,,,,0.047192,"UNDEFINED",0.000000,0.997560,0.000000,,,,,"","",,,,8.506878,,0.000000,,0.000000,,,0.000000,0.000000,"",,,0.000000,,-1.000000,,0.000000,0.000000,-1.000000,-1.000000,,,,,,,,,,,"",,,,,,,,,,"Volumetric",,,,,,,,,,0.000000,,,,,,,,,,0.000000,0.000000,,,,,,,,,,,,
"0BEC601C","Nodes",1122032.620000,1675028.620000,1313.064347,"Default Known Flow Node",69.999969,0.579999,1000.000000,0.000000,"Known Flow",0.000000,0.000000,2.16999993085665e-07,40.000000,0.579999,1000.000000,0.000000,0.000000,13.000000,0.000000,0.515379,0.579999,,,,8.507497,8.507497,,16.800279,,,,,,903.822387,0.066146,0.000000,0.000000,0.000000,,-459.670013,1000.000000,,0.000000,0.000000,,,,0.047192,"UNDEFINED",0.000000,0.997560,0.000000,,,,,"","",,,,8.507497,,0.000000,,0.000000,,,0.000000,0.000000,"",,,0.000000,,-1.000000,,0.000000,0.000000,-1.000000,-1.000000,,,,,,,,,,,"",,,,,,,,,,"Volumetric",,,,,,,,,,0.000000,,,,,,,,,,0.000000,0.000000,,,,,,,,,,,,
"0BEC5FF9","Nodes",1122124.000000,1675172.750000,1313.064347,"Default Known Flow Node",69.999969,0.579999,1000.000000,0.000000,"Known Flow",0.000000,0.000000,2.16999993085665e-07,40.000000,0.579999,1000.000000,0.000000,0.000000,13.000000,0.000000,0.515379,0.579999,,,,8.506878,8.506878,,16.800279,,,,,,903.822387,0.066146,0.000000,0.000000,0.000000,,-459.670013,1000.000000,,0.000000,0.000000,,,,0.047192,"UNDEFINED",0.000000,0.997560,0.000000,,,,,"","",,,,8.506878,,0.000000,,0.000000,,,0.000000,0.000000,"",,,0.000000,,-1.000000,,0.000000,0.000000,-1.000000,-1.000000,,,,,,,,,,,"",,,,,,,,,,"Volumetric",,,,,,,,,,0.000000,,,,,,,,,,0.000000,0.000000,,,,,,,,,,,,
"0BEC601B","Nodes",1122060.000000,1675035.370000,1313.064347,"Default Known Flow Node",69.999969,0.579999,1000.000000,0.000000,"Known Flow",0.000000,0.000000,2.16999993085665e-07,40.000000,0.579999,1000.000000,0.000000,0.000000,13.000000,0.000000,0.515379,0.579999,,,,8.507929,8.507929,,16.800279,,,,,,903.822387,0.066146,0.000000,0.000000,0.000000,,-459.670013,1000.000000,,0.000000,0.000000,,,,0.047192,"UNDEFINED",0.000000,0.997560,0.000000,,,,,"","",,,,8.507929,,0.000000,,0.000000,,,0.000000,0.000000,"",,,0.000000,,-1.000000,,0.000000,0.000000,-1.000000,-1.000000,,,,,,,,,,,"",,,,,,,,,,"Volumetric",,,,,,,,,,0.000000,,,,,,,,,,0.000000,0.000000,,,,,,,,,,,,
"0BEC5FF8","Nodes",1122126.370000,1675178.370000,1313.064347,"Default Known Flow Node",69.999969,0.579999,1000.000000,0.000000,"Known Flow",0.000000,0.000000,2.16999993085665e-07,40.000000,0.579999,1000.000000,0.000000,0.000000,13.000000,0.000000,0.515379,0.579999,,,,8.506767,8.506767,,16.800279,,,,,,903.822387,0.066146,0.000000,0.000000,0.000000,,-459.670013,1000.000000,,0.000000,0.000000,,,,0.047192,"UNDEFINED",0.000000,0.997560,0.000000,,,,,"","",,,,8.506767,,0.000000,,0.000000,,,0.000000,0.000000,"",,,0.000000,,-1.000000,,0.000000,0.000000,-1.000000,-1.000000,,,,,,,,,,,"",,,,,,,,,,"Volumetric",,,,,,,,,,0.000000,,,,,,,,,,0.000000,0.000000,,,,,,,,,,,,
"0BEC5FF7","Nodes",1122223.500000,1675401.500000,1313.064347,"Default Known Flow Node",69.999969,0.579999,1000.000000,0.000000,"Known Flow",0.000000,0.000000,2.16999993085665e-07,40.000000,0.579999,1000.000000,0.000000,0.000000,13.000000,0.000000,0.515379,0.579999,,,,8.503074,8.503074,,16.800279,,,,,,903.822387,0.066146,0.000000,0.000000,0.000000,,-459.670013,1000.000000,,0.000000,0.000000,,,,0.047192,"UNDEFINED",0.000000,0.997560,0.000000,,,,,"","",,,,8.503074,,0.000000,,0.000000,,,0.000000,0.000000,"",,,0.000000,,-1.000000,,0.000000,0.000000,-1.000000,-1.000000,,,,,,,,,,,"",,,,,,,,,,"Volumetric",,,,,,,,,,0.000000,,,,,,,,,,0.000000,0.000000,,,,,,,,,,,,
"0BEC6017","Nodes",1121581.250000,1675197.870000,1313.064347,"Default Known Flow Node",69.999969,0.579999,1000.000000,0.000000,"Known Flow",0.000000,0.000000,2.16999993085665e-07,40.000000,0.579999,1000.000000,0.000000,0.000000,13.000000,0.000000,0.515379,0.579999,,,,8.415334,8.415334,,16.800279,,,,,,903.822387,0.066146,0.000000,0.000000,0.000000,,-459.670013,1000.000000,,0.000000,0.000000,,,,0.047182,"SETFLOW",0.000000,0.997560,0.000000,,,,,"","",,,,8.415334,,0.000000,,0.000000,,,0.000000,0.000000,"",,,0.000000,,-1.000000,,0.000000,0.000000,-1.000000,-1.000000,,,,,,,,,,,"",,,,,,,,,,"Volumetric",,,,,,,,,,-0.006032,,,,,,,,,,-0.006032,-0.000144,,,,,,,,,,,,
"0BEC6012","Nodes",1121526.870000,1675455.620000,1313.064347,"Default Known Flow Node",69.999969,0.579999,1000.000000,0.000000,"Known Flow",0.000000,0.000000,2.16999993085665e-07,40.000000,0.579999,1000.000000,0.000000,0.000000,13.000000,0.000000,0.515379,0.579999,,,,8.348642,8.348642,,16.800279,,,,,,903.822387,0.066146,0.000000,0.000000,0.000000,,-459.670013,1000.000000,,0.000000,0.000000,,,,0.047174,"UNDEFINED",0.000000,0.997560,0.000000,,,,,"","",,,,8.348642,,0.000000,,0.000000,,,0.000000,0.000000,"",,,0.000000,,-1.000000,,0.000000,0.000000,-1.000000,-1.000000,,,,,,,,,,,"",,,,,,,,,,"Volumetric",,,,,,,,,,0.000000,,,,,,,,,,0.000000,0.000000,,,,,,,,,,,,
"0BEC6016","Nodes",1121590.370000,1675199.620000,1313.064347,"Default Known Flow Node",69.999969,0.579999,1000.000000,0.000000,"Known Flow",0.000000,0.000000,2.16999993085665e-07,40.000000,0.579999,1000.000000,0.000000,0.000000,13.000000,0.000000,0.515379,0.579999,,,,8.414785,8.414785,,16.800279,,,,,,903.822387,0.066146,0.000000,0.000000,0.000000,,-459.670013,1000.000000,,0.000000,0.000000,,,,0.047182,"SETFLOW",0.000000,0.997560,0.000000,,,,,"","",,,,8.414785,,0.000000,,0.000000,,,0.000000,0.000000,"",,,0.000000,,-1.000000,,0.000000,0.000000,-1.000000,-1.000000,,,,,,,,,,,"",,,,,,,,,,"Volumetric",,,,,,,,,,-0.007541,,,,,,,,,,-0.007541,-0.000180,,,,,,,,,,,,
"0BEC5FFC","Nodes",1122113.250000,1675210.870000,1313.064347,"Default Known Flow Node",69.999969,0.579999,1000.000000,0.000000,"Known Flow",0.000000,0.000000,2.16999993085665e-07,40.000000,0.579999,1000.000000,0.000000,0.000000,13.000000,0.000000,0.515379,0.579999,,,,8.484451,8.484451,,16.800279,,,,,,903.822387,0.066146,0.000000,0.000000,0.000000,,-459.670013,1000.000000,,0.000000,0.000000,,,,0.047189,"UNDEFINED",0.000000,0.997560,0.000000,,,,,"","",,,,8.484451,,0.000000,,0.000000,,,0.000000,0.000000,"",,,0.000000,,-1.000000,,0.000000,0.000000,-1.000000,-1.000000,,,,,,,,,,,"",,,,,,,,,,"Volumetric",,,,,,,,,,0.000000,,,,,,,,,,0.000000,0.000000,,,,,,,,,,,,
"0BEC6015","Nodes",1122073.750000,1675311.120000,1313.064347,"Default Known Flow Node",69.999969,0.579999,1000.000000,0.000000,"Known Flow",0.000000,0.000000,2.16999993085665e-07,40.000000,0.579999,1000.000000,0.000000,0.000000,13.000000,0.000000,0.515379,0.579999,,,,8.419500,8.419500,,16.800279,,,,,,903.822387,0.066146,0.000000,0.000000,0.000000,,-459.670013,1000.000000,,0.000000,0.000000,,,,0.047182,"UNDEFINED",0.000000,0.997560,0.000000,,,,,"","",,,,8.419500,,0.000000,,0.000000,,,0.000000,0.000000,"",,,0.000000,,-1.000000,,0.000000,0.000000,-1.000000,-1.000000,,,,,,,,,,,"",,,,,,,,,,"Volumetric",,,,,,,,,,0.000000,,,,,,,,,,0.000000,0.000000,,,,,,,,,,,,
"0BEC5FFD","Nodes",1122090.000000,1675315.250000,1313.064347,"Default Known Flow Node",69.999969,0.579999,1000.000000,0.000000,"Known Flow",0.000000,0.000000,2.16999993085665e-07,40.000000,0.579999,1000.000000,0.000000,0.000000,13.000000,0.000000,0.515379,0.579999,,,,8.420509,8.420509,,16.800279,,,,,,903.822387,0.066146,0.000000,0.000000,0.000000,,-459.670013,1000.000000,,0.000000,0.000000,,,,0.047182,"UNDEFINED",0.000000,0.997560,0.000000,,,,,"","",,,,8.420509,,0.000000,,0.000000,,,0.000000,0.000000,"",,,0.000000,,-1.000000,,0.000000,0.000000,-1.000000,-1.000000,,,,,,,,,,,"",,,,,,,,,,"Volumetric",,,,,,,,,,0.000000,,,,,,,,,,0.000000,0.000000,,,,,,,,,,,,
"0BEC6014","Nodes",1122096.620000,1675316.750000,1313.064347,"Default Known Flow Node",69.999969,0.579999,1000.000000,0.000000,"Known Flow",0.000000,0.000000,2.16999993085665e-07,40.000000,0.579999,1000.000000,0.000000,0.000000,13.000000,0.000000,0.515379,0.579999,,,,8.420509,8.420509,,16.800279,,,,,,903.822387,0.066146,0.000000,0.000000,0.000000,,-459.670013,1000.000000,,0.000000,0.000000,,,,0.047182,"UNDEFINED",0.000000,0.997560,0.000000,,,,,"","",,,,8.420509,,0.000000,,0.000000,,,0.000000,0.000000,"",,,0.000000,,-1.000000,,0.000000,0.000000,-1.000000,-1.000000,,,,,,,,,,,"",,,,,,,,,,"Volumetric",,,,,,,,,,0.000000,,,,,,,,,,0.000000,0.000000,,,,,,,,,,,,
"0BEC5FF6","Nodes",1122224.750000,1675404.370000,1313.064347,"Default Known Flow Node",69.999969,0.579999,1000.000000,0.000000,"Known Flow",0.000000,0.000000,2.16999993085665e-07,40.000000,0.579999,1000.000000,0.000000,0.000000,13.000000,0.000000,0.515379,0.579999,,,,8.502486,8.502486,,16.800279,,,,,,903.822387,0.066146,0.000000,0.000000,0.000000,,-459.670013,1000.000000,,0.000000,0.000000,,,,0.047192,"UNDEFINED",0.000000,0.997560,0.000000,,,,,"","",,,,8.502486,,0.000000,,0.000000,,,0.000000,0.000000,"",,,0.000000,,-1.000000,,0.000000,0.000000,-1.000000,-1.000000,,,,,,,,,,,"",,,,,,,,,,"Volumetric",,,,,,,,,,0.000000,,,,,,,,,,0.000000,0.000000,,,,,,,,,,,,
"0BEC6010","Nodes",1121526.000000,1675459.500000,1313.064347,"Default Known Flow Node",69.999969,0.579999,1000.000000,0.000000,"Known Flow",0.000000,0.000000,2.16999993085665e-07,40.000000,0.579999,1000.000000,0.000000,0.000000,13.000000,0.000000,0.515379,0.579999,,,,8.347572,8.347572,,16.800279,,,,,,903.822387,0.066146,0.000000,0.000000,0.000000,,-459.670013,1000.000000,,0.000000,0.000000,,,,0.047174,"UNDEFINED",0.000000,0.997560,0.000000,,,,,"","",,,,8.347572,,0.000000,,0.000000,,,0.000000,0.000000,"",,,0.000000,,-1.000000,,0.000000,0.000000,-1.000000,-1.000000,,,,,,,,,,,"",,,,,,,,,,"Volumetric",,,,,,,,,,0.000000,,,,,,,,,,0.000000,0.000000,,,,,,,,,,,,
"0BEC5FFE","Nodes",1122061.370000,1675439.750000,1313.064347,"Default Known Flow Node",69.999969,0.579999,1000.000000,0.000000,"Known Flow",0.000000,0.000000,2.16999993085665e-07,40.000000,0.579999,1000.000000,0.000000,0.000000,13.000000,0.000000,0.515379,0.579999,,,,8.375389,8.375389,,16.800279,,,,,,903.822387,0.066146,0.000000,0.000000,0.000000,,-459.670013,1000.000000,,0.000000,0.000000,,,,0.047177,"UNDEFINED",0.000000,0.997560,0.000000,,,,,"","",,,,8.375389,,0.000000,,0.000000,,,0.000000,0.000000,"",,,0.000000,,-1.000000,,0.000000,0.000000,-1.000000,-1.000000,,,,,,,,,,,"",,,,,,,,,,"Volumetric",,,,,,,,,,0.000000,,,,,,,,,,0.000000,0.000000,,,,,,,,,,,,
"0BEC6011","Nodes",1121528.750000,1675460.250000,1313.064347,"Default Known Flow Node",69.999969,0.579999,1000.000000,0.000000,"Known Flow",0.000000,0.000000,2.16999993085665e-07,40.000000,0.579999,1000.000000,0.000000,0.000000,13.000000,0.000000,0.515379,0.579999,,,,8.347563,8.347563,,16.800279,,,,,,903.822387,0.066146,0.000000,0.000000,0.000000,,-459.670013,1000.000000,,0.000000,0.000000,,,,0.047174,"UNDEFINED",0.000000,0.997560,0.000000,,,,,"","",,,,8.347563,,0.000000,,0.000000,,,0.000000,0.000000,"",,,0.000000,,-1.000000,,0.000000,0.000000,-1.000000,-1.000000,,,,,,,,,,,"",,,,,,,,,,"Volumetric",,,,,,,,,,0.000000,,,,,,,,,,0.000000,0.000000,,,,,,,,,,,,
"0BEC600A","Nodes",1121524.500000,1675466.000000,1313.064347,"Default Known Flow Node",69.999969,0.579999,1000.000000,0.000000,"Known Flow",0.000000,0.000000,2.16999993085665e-07,40.000000,0.579999,1000.000000,0.000000,0.000000,13.000000,0.000000,0.515379,0.579999,,,,8.345237,8.345237,,16.800279,,,,,,903.822387,0.066146,0.000000,0.000000,0.000000,,-459.670013,1000.000000,,0.000000,0.000000,,,,0.047174,"UNDEFINED",0.000000,0.997560,0.000000,,,,,"","",,,,8.345237,,0.000000,,0.000000,,,0.000000,0.000000,"",,,0.000000,,-1.000000,,0.000000,0.000000,-1.000000,-1.000000,,,,,,,,,,,"",,,,,,,,,,"Volumetric",,,,,,,,,,0.000000,,,,,,,,,,0.000000,0.000000,,,,,,,,,,,,
"0BEC600F","Nodes",1121549.620000,1675464.750000,1313.064347,"Default Known Flow Node",69.999969,0.579999,1000.000000,0.000000,"Known Flow",0.000000,0.000000,2.16999993085665e-07,40.000000,0.579999,1000.000000,0.000000,0.000000,13.000000,0.000000,0.515379,0.579999,,,,8.347287,8.347287,,16.800279,,,,,,903.822387,0.066146,0.000000,0.000000,0.000000,,-459.670013,1000.000000,,0.000000,0.000000,,,,0.047174,"UNDEFINED",0.000000,0.997560,0.000000,,,,,"","",,,,8.347287,,0.000000,,0.000000,,,0.000000,0.000000,"",,,0.000000,,-1.000000,,0.000000,0.000000,-1.000000,-1.000000,,,,,,,,,,,"",,,,,,,,,,"Volumetric",,,,,,,,,,0.000000,,,,,,,,,,0.000000,0.000000,,,,,,,,,,,,
"0BEC600E","Nodes",1121565.000000,1675467.870000,1313.064347,"Default Known Flow Node",69.999969,0.579999,1000.000000,0.000000,"Known Flow",0.000000,0.000000,2.16999993085665e-07,40.000000,0.579999,1000.000000,0.000000,0.000000,13.000000,0.000000,0.515379,0.579999,,,,8.347024,8.347024,,16.800279,,,,,,903.822387,0.066146,0.000000,0.000000,0.000000,,-459.670013,1000.000000,,0.000000,0.000000,,,,0.047174,"UNDEFINED",0.000000,0.997560,0.000000,,,,,"","",,,,8.347024,,0.000000,,0.000000,,,0.000000,0.000000,"",,,0.000000,,-1.000000,,0.000000,0.000000,-1.000000,-1.000000,,,,,,,,,,,"",,,,,,,,,,"Volumetric",,,,,,,,,,0.000000,,,,,,,,,,0.000000,0.000000,,,,,,,,,,,,
"0BEC6032","Nodes",1121512.500000,1675520.000000,1313.064347,"Default Known Flow Node",69.999969,0.579999,1000.000000,0.000000,"Known Flow",0.000000,0.000000,2.16999993085665e-07,40.000000,0.579999,1000.000000,0.000000,0.000000,13.000000,0.000000,0.515378,0.579999,,,,8.323752,8.323752,,16.800279,,,,,,903.822387,0.066146,0.000000,0.000000,0.000000,,-459.670013,1000.000000,,0.000000,0.000000,,,,0.047171,"UNDEFINED",0.000000,0.997561,0.000000,,,,,"","",,,,8.323752,,0.000000,,0.000000,,,0.000000,0.000000,"",,,0.000000,,-1.000000,,0.000000,0.000000,-1.000000,-1.000000,,,,,,,,,,,"",,,,,,,,,,"Volumetric",,,,,,,,,,0.000000,,,,,,,,,,0.000000,0.000000,,,,,,,,,,,,
"0BEC600D","Nodes",1121575.500000,1675470.500000,1313.064347,"Default Known Flow Node",69.999969,0.579999,1000.000000,0.000000,"Known Flow",0.000000,0.000000,2.16999993085665e-07,40.000000,0.579999,1000.000000,0.000000,0.000000,13.000000,0.000000,0.515379,0.579999,,,,8.346886,8.346886,,16.800279,,,,,,903.822387,0.066146,0.000000,0.000000,0.000000,,-459.670013,1000.000000,,0.000000,0.000000,,,,0.047174,"UNDEFINED",0.000000,0.997560,0.000000,,,,,"","",,,,8.346886,,0.000000,,0.000000,,,0.000000,0.000000,"",,,0.000000,,-1.000000,,0.000000,0.000000,-1.000000,-1.000000,,,,,,,,,,,"",,,,,,,,,,"Volumetric",,,,,,,,,,0.000000,,,,,,,,,,0.000000,0.000000,,,,,,,,,,,,
"0BEC600C","Nodes",1121603.500000,1675476.750000,1313.064347,"Default Known Flow Node",69.999969,0.579999,1000.000000,0.000000,"Known Flow",0.000000,0.000000,2.16999993085665e-07,40.000000,0.579999,1000.000000,0.000000,0.000000,13.000000,0.000000,0.515379,0.579999,,,,8.346445,8.346445,,16.800279,,,,,,903.822387,0.066146,0.000000,0.000000,0.000000,,-459.670013,1000.000000,,0.000000,0.000000,,,,0.047174,"UNDEFINED",0.000000,0.997560,0.000000,,,,,"","",,,,8.346445,,0.000000,,0.000000,,,0.000000,0.000000,"",,,0.000000,,-1.000000,,0.000000,0.000000,-1.000000,-1.000000,,,,,,,,,,,"",,,,,,,,,,"Volumetric",,,,,,,,,,0.000000,,,,,,,,,,0.000000,0.000000,,,,,,,,,,,,
"0BEC602C","Nodes",1122308.750000,1675519.870000,1313.064347,"Default Known Flow Node",69.999969,0.579999,1000.000000,0.000000,"Known Flow",0.000000,0.000000,2.16999993085665e-07,40.000000,0.579999,1000.000000,0.000000,0.000000,13.000000,0.000000,0.515379,0.579999,,,,8.348975,8.348975,,16.800279,,,,,,903.822387,0.066146,0.000000,0.000000,0.000000,,-459.670013,1000.000000,,0.000000,0.000000,,,,0.047174,"UNDEFINED",0.000000,0.997560,0.000000,,,,,"","",,,,8.348975,,0.000000,,0.000000,,,0.000000,0.000000,"",,,0.000000,,-1.000000,,0.000000,0.000000,-1.000000,-1.000000,,,,,,,,,,,"",,,,,,,,,,"Volumetric",,,,,,,,,,0.000000,,,,,,,,,,0.000000,0.000000,,,,,,,,,,,,
"0BEC602D","Nodes",1122319.750000,1675474.870000,1313.064347,"Default Known Flow Node",69.999969,0.579999,1000.000000,0.000000,"Known Flow",0.000000,0.000000,2.16999993085665e-07,40.000000,0.579999,1000.000000,0.000000,0.000000,13.000000,0.000000,0.515379,0.579999,,,,8.356399,8.356399,,16.800279,,,,,,903.822387,0.066146,0.000000,0.000000,0.000000,,-459.670013,1000.000000,,0.000000,0.000000,,,,0.047175,"UNDEFINED",0.000000,0.997560,0.000000,,,,,"","",,,,8.356399,,0.000000,,0.000000,,,0.000000,0.000000,"",,,0.000000,,-1.000000,,0.000000,0.000000,-1.000000,-1.000000,,,,,,,,,,,"",,,,,,,,,,"Volumetric",,,,,,,,,,0.000000,,,,,,,,,,0.000000,0.000000,,,,,,,,,,,,
"0BEC600B","Nodes",1121668.620000,1675492.000000,1313.064347,"Default Known Flow Node",69.999969,0.579999,1000.000000,0.000000,"Known Flow",0.000000,0.000000,2.16999993085665e-07,40.000000,0.579999,1000.000000,0.000000,0.000000,13.000000,0.000000,0.515379,0.579999,,,,8.345532,8.345532,,16.800279,,,,,,903.822387,0.066146,0.000000,0.000000,0.000000,,-459.670013,1000.000000,,0.000000,0.000000,,,,0.047174,"UNDEFINED",0.000000,0.997560,0.000000,,,,,"","",,,,8.345532,,0.000000,,0.000000,,,0.000000,0.000000,"",,,0.000000,,-1.000000,,0.000000,0.000000,-1.000000,-1.000000,,,,,,,,,,,"",,,,,,,,,,"Volumetric",,,,,,,,,,0.000000,,,,,,,,,,0.000000,0.000000,,,,,,,,,,,,
"0BEC6033","Nodes",1121788.120000,1675520.000000,1313.064347,"Default Known Flow Node",69.999969,0.579999,1000.000000,0.000000,"Known Flow",0.000000,0.000000,2.16999993085665e-07,40.000000,0.579999,1000.000000,0.000000,0.000000,13.000000,0.000000,0.515379,0.579999,,,,8.343833,8.343833,,16.800279,,,,,,903.822387,0.066146,0.000000,0.000000,0.000000,,-459.670013,1000.000000,,0.000000,0.000000,,,,0.047174,"UNDEFINED",0.000000,0.997560,0.000000,,,,,"","",,,,8.343833,,0.000000,,0.000000,,,0.000000,0.000000,"",,,0.000000,,-1.000000,,0.000000,0.000000,-1.000000,-1.000000,,,,,,,,,,,"",,,,,,,,,,"Volumetric",,,,,,,,,,0.000000,,,,,,,,,,0.000000,0.000000,,,,,,,,,,,,
"0BEC602F","Nodes",1122041.500000,1675525.370000,1313.064347,"Default Known Flow Node",69.999969,0.579999,1000.000000,0.000000,"Known Flow",0.000000,0.000000,2.16999993085665e-07,40.000000,0.579999,1000.000000,0.000000,0.000000,13.000000,0.000000,0.515379,0.579999,,,,8.344366,8.344366,,16.800279,,,,,,903.822387,0.066146,0.000000,0.000000,0.000000,,-459.670013,1000.000000,,0.000000,0.000000,,,,0.047174,"UNDEFINED",0.000000,0.997560,0.000000,,,,,"","",,,,8.344366,,0.000000,,0.000000,,,0.000000,0.000000,"",,,0.000000,,-1.000000,,0.000000,0.000000,-1.000000,-1.000000,,,,,,,,,,,"",,,,,,,,,,"Volumetric",,,,,,,,,,0.000000,,,,,,,,,,0.000000,0.000000,,,,,,,,,,,,
"0BEC602E","Nodes",1122276.500000,1675520.000000,1313.064347,"Default Known Flow Node",69.999969,0.579999,1000.000000,0.000000,"Known Flow",0.000000,0.000000,2.16999993085665e-07,40.000000,0.579999,1000.000000,0.000000,0.000000,13.000000,0.000000,0.515379,0.579999,,,,8.483977,8.483977,,16.800279,,,,,,903.822387,0.066146,0.000000,0.000000,0.000000,,-459.670013,1000.000000,,0.000000,0.000000,,,,0.047189,"UNDEFINED",0.000000,0.997560,0.000000,,,,,"","",,,,8.483977,,0.000000,,0.000000,,,0.000000,0.000000,"",,,0.000000,,-1.000000,,0.000000,0.000000,-1.000000,-1.000000,,,,,,,,,,,"",,,,,,,,,,"Volumetric",,,,,,,,,,0.000000,,,,,,,,,,0.000000,0.000000,,,,,,,,,,,,
"0BEC607C","Nodes",1122292.250000,1675550.870000,1313.064347,"Default Known Flow Node",69.999969,0.579999,1000.000000,0.000000,"Known Flow",0.000000,0.000000,2.16999993085665e-07,40.000000,0.579999,1000.000000,0.000000,0.000000,13.000000,0.000000,0.515379,0.579999,,,,8.478836,8.478836,,16.800279,,,,,,903.822387,0.066146,0.000000,0.000000,0.000000,,-459.670013,1000.000000,,0.000000,0.000000,,,,0.047189,"UNDEFINED",0.000000,0.997560,0.000000,,,,,"","",,,,8.478836,,0.000000,,0.000000,,,0.000000,0.000000,"",,,0.000000,,-1.000000,,0.000000,0.000000,-1.000000,-1.000000,,,,,,,,,,,"",,,,,,,,,,"Volumetric",,,,,,,,,,0.000000,,,,,,,,,,0.000000,0.000000,,,,,,,,,,,,
"0BEC6048","Nodes",1122028.750000,1675575.750000,1313.064347,"Default Known Flow Node",69.999969,0.579999,1000.000000,0.000000,"Known Flow",0.000000,0.000000,2.16999993085665e-07,40.000000,0.579999,1000.000000,0.000000,0.000000,13.000000,0.000000,0.515379,0.579999,,,,8.340436,8.340436,,16.800279,,,,,,903.822387,0.066146,0.000000,0.000000,0.000000,,-459.670013,1000.000000,,0.000000,0.000000,,,,0.047173,"UNDEFINED",0.000000,0.997561,0.000000,,,,,"","",,,,8.340436,,0.000000,,0.000000,,,0.000000,0.000000,"",,,0.000000,,-1.000000,,0.000000,0.000000,-1.000000,-1.000000,,,,,,,,,,,"",,,,,,,,,,"Volumetric",,,,,,,,,,0.000000,,,,,,,,,,0.000000,0.000000,,,,,,,,,,,,
"0BEC607A","Nodes",1122069.750000,1675585.750000,1313.064347,"Default Known Flow Node",69.999969,0.579999,1000.000000,0.000000,"Known Flow",0.000000,0.000000,2.16999993085665e-07,40.000000,0.579999,1000.000000,0.000000,0.000000,13.000000,0.000000,0.515379,0.579999,,,,8.339408,8.339408,,16.800279,,,,,,903.822387,0.066146,0.000000,0.000000,0.000000,,-459.670013,1000.000000,,0.000000,0.000000,,,,0.047173,"UNDEFINED",0.000000,0.997561,0.000000,,,,,"","",,,,8.339408,,0.000000,,0.000000,,,0.000000,0.000000,"",,,0.000000,,-1.000000,,0.000000,0.000000,-1.000000,-1.000000,,,,,,,,,,,"",,,,,,,,,,"Volumetric",,,,,,,,,,0.000000,,,,,,,,,,0.000000,0.000000,,,,,,,,,,,,
"0BEC6084","Nodes",1122320.000000,1675601.500000,1313.064347,"Default Known Flow Node",69.999969,0.579999,1000.000000,0.000000,"Known Flow",0.000000,0.000000,2.16999993085665e-07,40.000000,0.579999,1000.000000,0.000000,0.000000,13.000000,0.000000,0.515379,0.579999,,,,8.464501,8.464501,,16.800279,,,,,,903.822387,0.066146,0.000000,0.000000,0.000000,,-459.670013,1000.000000,,0.000000,0.000000,,,,0.047187,"UNDEFINED",0.000000,0.997560,0.000000,,,,,"","",,,,8.464501,,0.000000,,0.000000,,,0.000000,0.000000,"",,,0.000000,,-1.000000,,0.000000,0.000000,-1.000000,-1.000000,,,,,,,,,,,"",,,,,,,,,,"Volumetric",,,,,,,,,,0.000000,,,,,,,,,,0.000000,0.000000,,,,,,,,,,,,
"Q3No935","Nodes",1122292.985819,1675588.213539,1313.064347,"Default Known Flow Node",69.999969,0.579999,1000.000000,0.000000,"Known Flow",0.000000,0.000000,2.16999993085665e-07,40.000000,0.579999,1000.000000,0.000000,0.000000,13.000000,0.000000,0.515379,0.579999,,,,8.336934,8.336934,,16.800279,,,,,,903.822387,0.066146,0.000000,0.000000,0.000000,,-459.670013,1000.000000,,0.000000,0.000000,,,,0.047173,"UNDEFINED",0.000000,0.997561,0.000000,,,,,"","",,,,8.336934,,0.000000,,0.000000,,,0.000000,0.000000,"",,,0.000000,,-1.000000,,0.000000,0.000000,0.000000,-1.000000,,,,,,,,,,,"",,,,,,,,,,"Volumetric",,,,,,,,,,0.000000,,,,,,,,,,0.000000,0.000000,,,,,,,,,,,,
"0BEC6046","Nodes",1122285.831308,1675600.234951,1313.064347,"Default Known Flow Node",69.999969,0.579999,1000.000000,0.000000,"Known Flow",0.000000,0.000000,2.16999993085665e-07,40.000000,0.579999,1000.000000,0.000000,0.000000,13.000000,0.000000,0.515378,0.579999,,,,8.334901,8.334901,,16.800279,,,,,,903.822387,0.066146,0.000000,0.000000,0.000000,,-459.670013,1000.000000,,0.000000,0.000000,,,,0.047173,"UNDEFINED",0.000000,0.997561,0.000000,,,,,"","",,,,8.334901,,0.000000,,0.000000,,,0.000000,0.000000,"",,,0.000000,,-1.000000,,0.000000,0.000000,-1.000000,-1.000000,,,,,,,,,,,"",,,,,,,,,,"Volumetric",,,,,,,,,,0.000000,,,,,,,,,,0.000000,0.000000,,,,,,,,,,,,
"0BEC6068","Nodes",1122278.284705,1675632.759266,1313.064347,"Default Known Flow Node",69.999969,0.579999,1000.000000,0.000000,"Known Flow",0.000000,0.000000,2.16999993085665e-07,40.000000,0.579999,1000.000000,0.000000,0.000000,13.000000,0.000000,0.515378,0.579999,,,,8.334048,8.334048,,16.800279,,,,,,903.822387,0.066146,0.000000,0.000000,0.000000,,-459.670013,1000.000000,,0.000000,0.000000,,,,0.047172,"UNDEFINED",0.000000,0.997561,0.000000,,,,,"","",,,,8.334048,,0.000000,,0.000000,,,0.000000,0.000000,"",,,0.000000,,-1.000000,,0.000000,0.000000,-1.000000,-1.000000,,,,,,,,,,,"",,,,,,,,,,"Volumetric",,,,,,,,,,0.000000,,,,,,,,,,0.000000,0.000000,,,,,,,,,,,,
"0BEC6069","Nodes",1122271.396919,1675662.272340,1313.064347,"Default Known Flow Node",69.999969,0.579999,1000.000000,0.000000,"Known Flow",0.000000,0.000000,2.16999993085665e-07,40.000000,0.579999,1000.000000,0.000000,0.000000,13.000000,0.000000,0.515378,0.579999,,,,8.331497,8.331497,,16.800279,,,,,,903.822387,0.066146,0.000000,0.000000,0.000000,,-459.670013,1000.000000,,0.000000,0.000000,,,,0.047172,"UNDEFINED",0.000000,0.997561,0.000000,,,,,"","",,,,8.331497,,0.000000,,0.000000,,,0.000000,0.000000,"",,,0.000000,"V51232",-1.000000,,0.000000,0.000000,-1.000000,-1.000000,,,,,,,,,,,"",,,,,,,,,,"Volumetric",,,,,,,,,,0.000000,,,,,,,,,,0.000000,0.000000,,,,,,,,,,,,
"2FB213BB","Nodes",1121458.750000,1675714.120000,1313.064347,"Default Known Flow Node",69.999969,0.579999,1000.000000,0.000000,"Known Flow",0.000000,0.000000,2.16999993085665e-07,40.000000,0.579999,1000.000000,0.000000,0.000000,13.000000,0.000000,0.515378,0.579999,,,,8.248680,8.248680,,16.800279,,,,,,903.822387,0.066146,0.000000,0.000000,0.000000,,-459.670013,1000.000000,,0.000000,0.000000,,,,0.047163,"UNDEFINED",0.000000,0.997561,0.000000,,,,,"","",,,,8.248680,,0.000000,,0.000000,,,0.000000,0.000000,"",,,0.000000,,-1.000000,,0.000000,0.000000,-1.000000,-1.000000,,,,,,,,,,,"",,,,,,,,,,"Volumetric",,,,,,,,,,0.000000,,,,,,,,,,0.000000,0.000000,,,,,,,,,,,,
"0BEC6049","Nodes",1121463.000000,1675715.250000,1313.064347,"Default Known Flow Node",69.999969,0.579999,1000.000000,0.000000,"Known Flow",0.000000,0.000000,2.16999993085665e-07,40.000000,0.579999,1000.000000,0.000000,0.000000,13.000000,0.000000,0.515378,0.579999,,,,8.245223,8.245223,,16.800279,,,,,,903.822387,0.066146,0.000000,0.000000,0.000000,,-459.670013,1000.000000,,0.000000,0.000000,,,,0.047162,"UNDEFINED",0.000000,0.997561,0.000000,,,,,"","",,,,8.245223,,0.000000,,0.000000,,,0.000000,0.000000,"",,,0.000000,,-1.000000,,0.000000,0.000000,-1.000000,-1.000000,,,,,,,,,,,"",,,,,,,,,,"Volumetric",,,,,,,,,,0.000000,,,,,,,,,,0.000000,0.000000,,,,,,,,,,,,
"2FB8540F","Nodes",1121463.000000,1675716.870000,1313.064347,"Default Known Flow Node",69.999969,0.579999,1000.000000,0.000000,"Known Flow",0.000000,0.000000,2.16999993085665e-07,40.000000,0.579999,1000.000000,0.000000,0.000000,13.000000,0.000000,0.515378,0.579999,,,,8.243954,8.243954,,16.800279,,,,,,903.822387,0.066146,0.000000,0.000000,0.000000,,-459.670013,1000.000000,,0.000000,0.000000,,,,0.047162,"UNDEFINED",0.000000,0.997561,0.000000,,,,,"","",,,,8.243954,,0.000000,,0.000000,,,0.000000,0.000000,"",,,0.000000,,-1.000000,,0.000000,0.000000,-1.000000,-1.000000,,,,,,,,,,,"",,,,,,,,,,"Volumetric",,,,,,,,,,0.000000,,,,,,,,,,0.000000,0.000000,,,,,,,,,,,,
"0BEC6078","Nodes",1121466.370000,1675715.870000,1313.064347,"Default Known Flow Node",69.999969,0.579999,1000.000000,0.000000,"Known Flow",0.000000,0.000000,2.16999993085665e-07,40.000000,0.579999,1000.000000,0.000000,0.000000,13.000000,0.000000,0.515378,0.579999,,,,8.245391,8.245391,,16.800279,,,,,,903.822387,0.066146,0.000000,0.000000,0.000000,,-459.670013,1000.000000,,0.000000,0.000000,,,,0.047162,"UNDEFINED",0.000000,0.997561,0.000000,,,,,"","",,,,8.245391,,0.000000,,0.000000,,,0.000000,0.000000,"",,,0.000000,,-1.000000,,0.000000,0.000000,-1.000000,-1.000000,,,,,,,,,,,"",,,,,,,,,,"Volumetric",,,,,,,,,,0.000000,,,,,,,,,,0.000000,0.000000,,,,,,,,,,,,
"2FB85410","Nodes",1121454.250000,1675754.000000,1313.064347,"Default Known Flow Node",69.999969,0.579999,1000.000000,0.000000,"Known Flow",0.000000,0.000000,2.16999993085665e-07,40.000000,0.579999,1000.000000,0.000000,0.000000,13.000000,0.000000,0.515378,0.579999,,,,8.207129,8.207129,,16.800279,,,,,,903.822387,0.066146,0.000000,0.000000,0.000000,,-459.670013,1000.000000,,0.000000,0.000000,,,,0.047158,"UNDEFINED",0.000000,0.997561,0.000000,,,,,"","",,,,8.207129,,0.000000,,0.000000,,,0.000000,0.000000,"",,,0.000000,,-1.000000,,0.000000,0.000000,-1.000000,-1.000000,,,,,,,,,,,"",,,,,,,,,,"Volumetric",,,,,,,,,,0.000000,,,,,,,,,,0.000000,0.000000,,,,,,,,,,,,
"0BEC6079","Nodes",1121906.370000,1675816.750000,1313.064347,"Default Known Flow Node",69.999969,0.579999,1000.000000,0.000000,"Known Flow",0.000000,0.000000,2.16999993085665e-07,40.000000,0.579999,1000.000000,0.000000,0.000000,13.000000,0.000000,0.515378,0.579999,,,,8.279509,8.279509,,16.800279,,,,,,903.822387,0.066146,0.000000,0.000000,0.000000,,-459.670013,1000.000000,,0.000000,0.000000,,,,0.047166,"UNDEFINED",0.000000,0.997561,0.000000,,,,,"","",,,,8.279509,,0.000000,,0.000000,,,0.000000,0.000000,"",,,0.000000,,-1.000000,,0.000000,0.000000,-1.000000,-1.000000,,,,,,,,,,,"",,,,,,,,,,"Volumetric",,,,,,,,,,0.000000,,,,,,,,,,0.000000,0.000000,,,,,,,,,,,,
"0BEC6076","Nodes",1121973.620000,1675832.250000,1313.064347,"Default Known Flow Node",69.999969,0.579999,1000.000000,0.000000,"Known Flow",0.000000,0.000000,2.16999993085665e-07,40.000000,0.579999,1000.000000,0.000000,0.000000,13.000000,0.000000,0.515378,0.579999,,,,8.284729,8.284729,,16.800279,,,,,,903.822387,0.066146,0.000000,0.000000,0.000000,,-459.670013,1000.000000,,0.000000,0.000000,,,,0.047167,"UNDEFINED",0.000000,0.997561,0.000000,,,,,"","",,,,8.284729,,0.000000,,0.000000,,,0.000000,0.000000,"",,,0.000000,,-1.000000,,0.000000,0.000000,-1.000000,-1.000000,,,,,,,,,,,"",,,,,,,,,,"Volumetric",,,,,,,,,,0.000000,,,,,,,,,,0.000000,0.000000,,,,,,,,,,,,
"0BEC6066","Nodes",1121401.370000,1675982.120000,1313.064347,"Default Known Flow Node",69.999969,0.579999,1000.000000,0.000000,"Known Flow",0.000000,0.000000,2.16999993085665e-07,40.000000,0.579999,1000.000000,0.000000,0.000000,13.000000,0.000000,0.515377,0.579999,,,,8.059592,8.059592,,16.800279,,,,,,903.822387,0.066146,0.000000,0.000000,0.000000,,-459.670013,1000.000000,,0.000000,0.000000,,,,0.047141,"UNDEFINED",0.000000,0.997562,0.000000,,,,,"","",,,,8.059592,,0.000000,,0.000000,,,0.000000,0.000000,"",,,0.000000,,-1.000000,,0.000000,0.000000,-1.000000,-1.000000,,,,,,,,,,,"",,,,,,,,,,"Volumetric",,,,,,,,,,0.000000,,,,,,,,,,0.000000,0.000000,,,,,,,,,,,,
"0BEC604B","Nodes",1121402.250000,1675977.750000,1313.064347,"Default Known Flow Node",69.999969,0.579999,1000.000000,0.000000,"Known Flow",0.000000,0.000000,2.16999993085665e-07,40.000000,0.579999,1000.000000,0.000000,0.000000,13.000000,0.000000,0.515377,0.579999,,,,8.061778,8.061778,,16.800279,,,,,,903.822387,0.066146,0.000000,0.000000,0.000000,,-459.670013,1000.000000,,0.000000,0.000000,,,,0.047141,"UNDEFINED",0.000000,0.997562,0.000000,,,,,"","",,,,8.061778,,0.000000,,0.000000,,,0.000000,0.000000,"",,,0.000000,,-1.000000,,0.000000,0.000000,-1.000000,-1.000000,,,,,,,,,,,"",,,,,,,,,,"Volumetric",,,,,,,,,,0.000000,,,,,,,,,,0.000000,0.000000,,,,,,,,,,,,
"0BEC6073","Nodes",1121900.120000,1676079.000000,1313.064347,"Default Known Flow Node",69.999969,0.579999,1000.000000,0.000000,"Known Flow",0.000000,0.000000,2.16999993085665e-07,40.000000,0.579999,1000.000000,0.000000,0.000000,13.000000,0.000000,0.515378,0.579999,,,,8.263941,8.263941,,16.800279,,,,,,903.822387,0.066146,0.000000,0.000000,0.000000,,-459.670013,1000.000000,,0.000000,0.000000,,,,0.047164,"UNDEFINED",0.000000,0.997561,0.000000,,,,,"","",,,,8.263941,,0.000000,,0.000000,,,0.000000,0.000000,"",,,0.000000,,-1.000000,,0.000000,0.000000,-1.000000,-1.000000,,,,,,,,,,,"",,,,,,,,,,"Volumetric",,,,,,,,,,0.000000,,,,,,,,,,0.000000,0.000000,,,,,,,,,,,,
"0BEC6074","Nodes",1121663.250000,1676030.750000,1313.064347,"Default Known Flow Node",69.999969,0.579999,1000.000000,0.000000,"Known Flow",0.000000,0.000000,2.16999993085665e-07,40.000000,0.579999,1000.000000,0.000000,0.000000,13.000000,0.000000,0.515377,0.579999,,,,8.110322,8.110322,,16.800279,,,,,,903.822387,0.066146,0.000000,0.000000,0.000000,,-459.670013,1000.000000,,0.000000,0.000000,,,,0.047147,"UNDEFINED",0.000000,0.997562,0.000000,,,,,"","",,,,8.110322,,0.000000,,0.000000,,,0.000000,0.000000,"",,,0.000000,,-1.000000,,0.000000,0.000000,-1.000000,-1.000000,,,,,,,,,,,"",,,,,,,,,,"Volumetric",,,,,,,,,,0.000000,,,,,,,,,,0.000000,0.000000,,,,,,,,,,,,
"0BEC6077","Nodes",1121907.370000,1676081.870000,1313.064347,"Default Known Flow Node",69.999969,0.579999,1000.000000,0.000000,"Known Flow",0.000000,0.000000,2.16999993085665e-07,40.000000,0.579999,1000.000000,0.000000,0.000000,13.000000,0.000000,0.515378,0.579999,,,,8.268383,8.268383,,16.800279,,,,,,903.822387,0.066146,0.000000,0.000000,0.000000,,-459.670013,1000.000000,,0.000000,0.000000,,,,0.047165,"UNDEFINED",0.000000,0.997561,0.000000,,,,,"","",,,,8.268383,,0.000000,,0.000000,,,0.000000,0.000000,"",,,0.000000,,-1.000000,,0.000000,0.000000,-1.000000,-1.000000,,,,,,,,,,,"",,,,,,,,,,"Volumetric",,,,,,,,,,0.000000,,,,,,,,,,0.000000,0.000000,,,,,,,,,,,,
"2FBA101C","Nodes",1122147.250000,1676130.250000,1313.064347,"Default Known Flow Node",69.999969,0.579999,1000.000000,0.000000,"Known Flow",0.000000,0.000000,2.16999993085665e-07,40.000000,0.579999,1000.000000,0.000000,0.000000,13.000000,0.000000,0.515378,0.579999,,,,8.289665,8.289665,,16.800279,,,,,,903.822387,0.066146,0.000000,0.000000,0.000000,,-459.670013,1000.000000,,0.000000,0.000000,,,,0.047167,"UNDEFINED",0.000000,0.997561,0.000000,,,,,"","",,,,8.289665,,0.000000,,0.000000,,,0.000000,0.000000,"",,,0.000000,,-1.000000,,0.000000,0.000000,-1.000000,-1.000000,,,,,,,,,,,"",,,,,,,,,,"Volumetric",,,,,,,,,,0.000000,,,,,,,,,,0.000000,0.000000,,,,,,,,,,,,
"0BEC606D","Nodes",1122159.000000,1676133.000000,1313.064347,"Default Known Flow Node",69.999969,0.579999,1000.000000,0.000000,"Known Flow",0.000000,0.000000,2.16999993085665e-07,40.000000,0.579999,1000.000000,0.000000,0.000000,13.000000,0.000000,0.515378,0.579999,,,,8.290600,8.290600,,16.800279,,,,,,903.822387,0.066146,0.000000,0.000000,0.000000,,-459.670013,1000.000000,,0.000000,0.000000,,,,0.047167,"UNDEFINED",0.000000,0.997561,0.000000,,,,,"","",,,,8.290600,,0.000000,,0.000000,,,0.000000,0.000000,"",,,0.000000,,-1.000000,,0.000000,0.000000,-1.000000,-1.000000,,,,,,,,,,,"",,,,,,,,,,"Volumetric",,,,,,,,,,0.000000,,,,,,,,,,0.000000,0.000000,,,,,,,,,,,,
"0BEC606C","Nodes",1122195.634673,1675976.056070,1313.064347,"Default Known Flow Node",69.999969,0.579999,1000.000000,0.000000,"Known Flow",0.000000,0.000000,2.16999993085665e-07,40.000000,0.579999,1000.000000,0.000000,0.000000,13.000000,0.000000,0.515378,0.579999,,,,8.304205,8.304205,,16.800279,,,,,,903.822387,0.066146,0.000000,0.000000,0.000000,,-459.670013,1000.000000,,0.000000,0.000000,,,,0.047169,"UNDEFINED",0.000000,0.997561,0.000000,,,,,"","",,,,8.304205,,0.000000,,0.000000,,,0.000000,0.000000,"",,,0.000000,,-1.000000,,0.000000,0.000000,-1.000000,-1.000000,,,,,,,,,,,"",,,,,,,,,,"Volumetric",,,,,,,,,,0.000000,,,,,,,,,,0.000000,0.000000,,,,,,,,,,,,
"Q3No936","Nodes",1122168.811072,1676090.969099,1313.064347,"Default Known Flow Node",69.999969,0.579999,1000.000000,0.000000,"Known Flow",0.000000,0.000000,2.16999993085665e-07,40.000000,0.579999,1000.000000,0.000000,0.000000,13.000000,0.000000,0.515378,0.579999,,,,8.294171,8.294171,,16.800279,,,,,,903.822387,0.066146,0.000000,0.000000,0.000000,,-459.670013,1000.000000,,0.000000,0.000000,,,,0.047168,"UNDEFINED",0.000000,0.997561,0.000000,,,,,"","",,,,8.294171,,0.000000,,0.000000,,,0.000000,0.000000,"",,,0.000000,,-1.000000,,0.000000,0.000000,0.000000,-1.000000,,,,,,,,,,,"",,,,,,,,,,"Volumetric",,,,,,,,,,0.000000,,,,,,,,,,0.000000,0.000000,,,,,,,,,,,,
"0BEC604D","Nodes",1121341.000000,1676247.000000,1313.064347,"Default Known Flow Node",69.999969,0.579999,1000.000000,0.000000,"Known Flow",0.000000,0.000000,2.16999993085665e-07,40.000000,0.579999,1000.000000,0.000000,0.000000,13.000000,0.000000,0.515375,0.579999,,,,7.715994,7.715994,,16.800279,,,,,,903.822387,0.066146,0.000000,0.000000,0.000000,,-459.670013,1000.000000,,0.000000,0.000000,,,,0.047102,"UNDEFINED",0.000000,0.997564,0.000000,,,,,"","",,,,7.715994,,0.000000,,0.000000,,,0.000000,0.000000,"",,,0.000000,,-1.000000,,0.000000,0.000000,-1.000000,-1.000000,,,,,,,,,,,"",,,,,,,,,,"Volumetric",,,,,,,,,,0.000000,,,,,,,,,,0.000000,0.000000,,,,,,,,,,,,
"0BEC604C","Nodes",1121343.250000,1676236.620000,1313.064347,"Default Known Flow Node",69.999969,0.579999,1000.000000,0.000000,"Known Flow",0.000000,0.000000,2.16999993085665e-07,40.000000,0.579999,1000.000000,0.000000,0.000000,13.000000,0.000000,0.515376,0.579999,,,,7.842501,7.842501,,16.800279,,,,,,903.822387,0.066146,0.000000,0.000000,0.000000,,-459.670013,1000.000000,,0.000000,0.000000,,,,0.047117,"UNDEFINED",0.000000,0.997563,0.000000,,,,,"","",,,,7.842501,,0.000000,,0.000000,,,0.000000,0.000000,"",,,0.000000,,-1.000000,,0.000000,0.000000,-1.000000,-1.000000,,,,,,,,,,,"",,,,,,,,,,"Volumetric",,,,,,,,,,0.000000,,,,,,,,,,0.000000,0.000000,,,,,,,,,,,,
"0BEC6064","Nodes",1121344.500000,1676231.500000,1313.064347,"Default Known Flow Node",69.999969,0.579999,1000.000000,0.000000,"Known Flow",0.000000,0.000000,2.16999993085665e-07,40.000000,0.579999,1000.000000,0.000000,0.000000,13.000000,0.000000,0.515376,0.579999,,,,7.845235,7.845235,,16.800279,,,,,,903.822387,0.066146,0.000000,0.000000,0.000000,,-459.670013,1000.000000,,0.000000,0.000000,,,,0.047117,"UNDEFINED",0.000000,0.997563,0.000000,,,,,"","",,,,7.845235,,0.000000,,0.000000,,,0.000000,0.000000,"",,,0.000000,,-1.000000,,0.000000,0.000000,-1.000000,-1.000000,,,,,,,,,,,"",,,,,,,,,,"Volumetric",,,,,,,,,,0.000000,,,,,,,,,,0.000000,0.000000,,,,,,,,,,,,
"2FB213C7","Nodes",1121533.250000,1676278.120000,1313.064347,"Default Known Flow Node",69.999969,0.579999,1000.000000,0.000000,"Known Flow",0.000000,0.000000,2.16999993085665e-07,40.000000,0.579999,1000.000000,0.000000,0.000000,13.000000,0.000000,0.515376,0.579999,,,,7.865587,7.865587,,16.800279,,,,,,903.822387,0.066146,0.000000,0.000000,0.000000,,-459.670013,1000.000000,,0.000000,0.000000,,,,0.047119,"UNDEFINED",0.000000,0.997563,0.000000,,,,,"","",,,,7.865587,,0.000000,,0.000000,,,0.000000,0.000000,"",,,0.000000,,-1.000000,,0.000000,0.000000,-1.000000,-1.000000,,,,,,,,,,,"",,,,,,,,,,"Volumetric",,,,,,,,,,0.000000,,,,,,,,,,0.000000,0.000000,,,,,,,,,,,,
"0BEC6063","Nodes",1121394.500000,1676246.370000,1313.064347,"Default Known Flow Node",69.999969,0.579999,1000.000000,0.000000,"Known Flow",0.000000,0.000000,2.16999993085665e-07,40.000000,0.579999,1000.000000,0.000000,0.000000,13.000000,0.000000,0.515376,0.579999,,,,7.848690,7.848690,,16.800279,,,,,,903.822387,0.066146,0.000000,0.000000,0.000000,,-459.670013,1000.000000,,0.000000,0.000000,,,,0.047117,"UNDEFINED",0.000000,0.997563,0.000000,,,,,"","",,,,7.848690,,0.000000,,0.000000,,,0.000000,0.000000,"",,,0.000000,,-1.000000,,0.000000,0.000000,-1.000000,-1.000000,,,,,,,,,,,"",,,,,,,,,,"Volumetric",,,,,,,,,,0.000000,,,,,,,,,,0.000000,0.000000,,,,,,,,,,,,
"2FB82F7F","Nodes",1122269.257888,1676333.435138,1313.064347,"Default Known Flow Node",69.999969,0.579999,1000.000000,0.000000,"Known Flow",0.000000,0.000000,2.16999993085665e-07,40.000000,0.579999,1000.000000,0.000000,0.000000,13.000000,0.000000,0.515378,0.579999,,,,8.276456,8.276456,,16.800279,,,,,,903.822387,0.066146,0.000000,0.000000,0.000000,,-459.670013,1000.000000,,0.000000,0.000000,,,,0.047166,"UNDEFINED",0.000000,0.997561,0.000000,,,,,"","",,,,8.276456,,0.000000,,0.000000,,,0.000000,0.000000,"",,,0.000000,"V19072",-1.000000,,0.000000,0.000000,-1.000000,-1.000000,,,,,,,,,,,"",,,,,,,,,,"Volumetric",,,,,,,,,,0.000000,,,,,,,,,,0.000000,0.000000,,,,,,,,,,,,
"0BEC6085","Nodes",1122320.000000,1676275.370000,1313.064347,"Default Known Flow Node",69.999969,0.579999,1000.000000,0.000000,"Known Flow",0.000000,0.000000,2.16999993085665e-07,40.000000,0.579999,1000.000000,0.000000,0.000000,13.000000,0.000000,0.515378,0.579999,,,,8.277505,8.277505,,16.800279,,,,,,903.822387,0.066146,0.000000,0.000000,0.000000,,-459.670013,1000.000000,,0.000000,0.000000,,,,0.047166,"UNDEFINED",0.000000,0.997561,0.000000,,,,,"","",,,,8.277505,,0.000000,,0.000000,,,0.000000,0.000000,"",,,0.000000,,-1.000000,,0.000000,0.000000,-1.000000,-1.000000,,,,,,,,,,,"",,,,,,,,,,"Volumetric",,,,,,,,,,0.000000,,,,,,,,,,0.000000,0.000000,,,,,,,,,,,,
"2FB213C8","Nodes",1121538.500000,1676279.250000,1313.064347,"Default Known Flow Node",69.999969,0.579999,1000.000000,0.000000,"Known Flow",0.000000,0.000000,2.16999993085665e-07,40.000000,0.579999,1000.000000,0.000000,0.000000,13.000000,0.000000,0.515376,0.579999,,,,7.868382,7.868382,,16.800279,,,,,,903.822387,0.066146,0.000000,0.000000,0.000000,,-459.670013,1000.000000,,0.000000,0.000000,,,,0.047119,"UNDEFINED",0.000000,0.997563,0.000000,,,,,"","",,,,7.868382,,0.000000,,0.000000,,,0.000000,0.000000,"",,,0.000000,,-1.000000,,0.000000,0.000000,-1.000000,-1.000000,,,,,,,,,,,"",,,,,,,,,,"Volumetric",,,,,,,,,,0.000000,,,,,,,,,,0.000000,0.000000,,,,,,,,,,,,
"0BEC6062","Nodes",1121938.750000,1676371.120000,1313.064347,"Default Known Flow Node",69.999969,0.579999,1000.000000,0.000000,"Known Flow",0.000000,0.000000,2.16999993085665e-07,40.000000,0.579999,1000.000000,0.000000,0.000000,13.000000,0.000000,0.515377,0.579999,,,,8.098012,8.098012,,16.800279,,,,,,903.822387,0.066146,0.000000,0.000000,0.000000,,-459.670013,1000.000000,,0.000000,0.000000,,,,0.047146,"UNDEFINED",0.000000,0.997562,0.000000,,,,,"","",,,,8.098012,,0.000000,,0.000000,,,0.000000,0.000000,"",,,0.000000,,-1.000000,,0.000000,0.000000,-1.000000,-1.000000,,,,,,,,,,,"",,,,,,,,,,"Volumetric",,,,,,,,,,0.000000,,,,,,,,,,0.000000,0.000000,,,,,,,,,,,,
"0BEC605F","Nodes",1122049.120000,1676400.500000,1313.064347,"Default Known Flow Node",69.999969,0.579999,1000.000000,0.000000,"Known Flow",0.000000,0.000000,2.16999993085665e-07,40.000000,0.579999,1000.000000,0.000000,0.000000,13.000000,0.000000,0.515377,0.579999,,,,8.163916,8.163916,,16.800279,,,,,,903.822387,0.066146,0.000000,0.000000,0.000000,,-459.670013,1000.000000,,0.000000,0.000000,,,,0.047153,"UNDEFINED",0.000000,0.997562,0.000000,,,,,"","",,,,8.163916,,0.000000,,0.000000,,,0.000000,0.000000,"",,,0.000000,,-1.000000,,0.000000,0.000000,-1.000000,-1.000000,,,,,,,,,,,"",,,,,,,,,,"Volumetric",,,,,,,,,,0.000000,,,,,,,,,,0.000000,0.000000,,,,,,,,,,,,
"0BEC605E","Nodes",1122153.120000,1676423.250000,1313.064347,"Default Known Flow Node",69.999969,0.579999,1000.000000,0.000000,"Known Flow",0.000000,0.000000,2.16999993085665e-07,40.000000,0.579999,1000.000000,0.000000,0.000000,13.000000,0.000000,0.515378,0.579999,,,,8.223668,8.223668,,16.800279,,,,,,903.822387,0.066146,0.000000,0.000000,0.000000,,-459.670013,1000.000000,,0.000000,0.000000,,,,0.047160,"UNDEFINED",0.000000,0.997561,0.000000,,,,,"","",,,,8.223668,,0.000000,,0.000000,,,0.000000,0.000000,"",,,0.000000,,-1.000000,,0.000000,0.000000,-1.000000,-1.000000,,,,,,,,,,,"",,,,,,,,,,"Volumetric",,,,,,,,,,0.000000,,,,,,,,,,0.000000,0.000000,,,,,,,,,,,,
"0BEC6061","Nodes",1122158.370000,1676417.870000,1313.064347,"Default Known Flow Node",69.999969,0.579999,1000.000000,0.000000,"Known Flow",0.000000,0.000000,2.16999993085665e-07,40.000000,0.579999,1000.000000,0.000000,0.000000,13.000000,0.000000,0.515378,0.579999,,,,8.223668,8.223668,,16.800279,,,,,,903.822387,0.066146,0.000000,0.000000,0.000000,,-459.670013,1000.000000,,0.000000,0.000000,,,,0.047160,"UNDEFINED",0.000000,0.997561,0.000000,,,,,"","",,,,8.223668,,0.000000,,0.000000,,,0.000000,0.000000,"",,,0.000000,,-1.000000,,0.000000,0.000000,-1.000000,-1.000000,,,,,,,,,,,"",,,,,,,,,,"Volumetric",,,,,,,,,,0.000000,,,,,,,,,,0.000000,0.000000,,,,,,,,,,,,
"0BEC605B","Nodes",1122181.870000,1676430.000000,1313.064347,"Default Known Flow Node",69.999969,0.579999,1000.000000,0.000000,"Known Flow",0.000000,0.000000,2.16999993085665e-07,40.000000,0.579999,1000.000000,0.000000,0.000000,13.000000,0.000000,0.515378,0.579999,,,,8.240419,8.240419,,16.800279,,,,,,903.822387,0.066146,0.000000,0.000000,0.000000,,-459.670013,1000.000000,,0.000000,0.000000,,,,0.047162,"UNDEFINED",0.000000,0.997561,0.000000,,,,,"","",,,,8.240419,,0.000000,,0.000000,,,0.000000,0.000000,"",,,0.000000,,-1.000000,,0.000000,0.000000,-1.000000,-1.000000,,,,,,,,,,,"",,,,,,,,,,"Volumetric",,,,,,,,,,0.000000,,,,,,,,,,0.000000,0.000000,,,,,,,,,,,,
"0BEC6060","Nodes",1122146.620000,1676430.120000,1313.064347,"Default Known Flow Node",69.999969,0.579999,1000.000000,0.000000,"Known Flow",0.000000,0.000000,2.16999993085665e-07,40.000000,0.579999,1000.000000,0.000000,0.000000,13.000000,0.000000,0.515378,0.579999,,,,8.223668,8.223668,,16.800279,,,,,,903.822387,0.066146,0.000000,0.000000,0.000000,,-459.670013,1000.000000,,0.000000,0.000000,,,,0.047160,"UNDEFINED",0.000000,0.997561,0.000000,,,,,"","",,,,8.223668,,0.000000,,0.000000,,,0.000000,0.000000,"",,,0.000000,,-1.000000,,0.000000,0.000000,-1.000000,-1.000000,,,,,,,,,,,"",,,,,,,,,,"Volumetric",,,,,,,,,,0.000000,,,,,,,,,,0.000000,0.000000,,,,,,,,,,,,
"2FB21566","Nodes",1122199.870000,1676518.620000,1313.064347,"Default Known Flow Node",69.999969,0.579999,1000.000000,0.000000,"Known Flow",0.000000,0.000000,2.16999993085665e-07,40.000000,0.579999,1000.000000,0.000000,0.000000,13.000000,0.000000,0.515378,0.579999,,,,8.274352,8.274352,,16.800279,,,,,,903.822387,0.066146,0.000000,0.000000,0.000000,,-459.670013,1000.000000,,0.000000,0.000000,,,,0.047166,"UNDEFINED",0.000000,0.997561,0.000000,,,,,"","",,,,8.274352,,0.000000,,0.000000,,,0.000000,0.000000,"",,,0.000000,,-1.000000,,0.000000,0.000000,-1.000000,-1.000000,,,,,,,,,,,"",,,,,,,,,,"Volumetric",,,,,,,,,,0.000000,,,,,,,,,,0.000000,0.000000,,,,,,,,,,,,
"2FB24FE4","Nodes",1122226.162175,1676452.349412,1313.064347,"Default Known Flow Node",69.999969,0.579999,1000.000000,0.000000,"Known Flow",0.000000,0.000000,2.16999993085665e-07,40.000000,0.579999,1000.000000,0.000000,0.000000,13.000000,0.000000,0.515378,0.579999,,,,8.274841,8.274841,,16.800279,,,,,,903.822387,0.066146,0.000000,0.000000,0.000000,,-459.670013,1000.000000,,0.000000,0.000000,,,,0.047166,"UNDEFINED",0.000000,0.997561,0.000000,,,,,"","",,,,8.274841,,0.000000,,0.000000,,,0.000000,0.000000,"",,,0.000000,,-1.000000,,0.000000,0.000000,-1.000000,-1.000000,,,,,,,,,,,"",,,,,,,,,,"Volumetric",,,,,,,,,,0.000000,,,,,,,,,,0.000000,0.000000,,,,,,,,,,,,
"0BEC604E","Nodes",1121344.500000,1676504.500000,1313.064347,"Default Known Flow Node",69.999969,0.579999,1000.000000,0.000000,"Known Flow",0.000000,0.000000,2.16999993085665e-07,40.000000,0.579999,1000.000000,0.000000,0.000000,13.000000,0.000000,0.515374,0.579999,,,,7.493099,7.493099,,16.800279,,,,,,903.822387,0.066146,0.000000,0.000000,0.000000,,-459.670013,1000.000000,,0.000000,0.000000,,,,0.047077,"UNDEFINED",0.000000,0.997565,0.000000,,,,,"","",,,,7.493099,,0.000000,,0.000000,,,0.000000,0.000000,"",,,0.000000,,-1.000000,,0.000000,0.000000,-1.000000,-1.000000,,,,,,,,,,,"",,,,,,,,,,"Volumetric",,,,,,,,,,0.000000,,,,,,,,,,0.000000,0.000000,,,,,,,,,,,,
"2FB21567","Nodes",1122200.000000,1676520.250000,1313.064347,"Default Known Flow Node",69.999969,0.579999,1000.000000,0.000000,"Known Flow",0.000000,0.000000,2.16999993085665e-07,40.000000,0.579999,1000.000000,0.000000,0.000000,13.000000,0.000000,0.515378,0.579999,,,,8.273040,8.273040,,16.800279,,,,,,903.822387,0.066146,0.000000,0.000000,0.000000,,-459.670013,1000.000000,,0.000000,0.000000,,,,0.047165,"UNDEFINED",0.000000,0.997561,0.000000,,,,,"","",,,,8.273040,,0.000000,,0.000000,,,0.000000,0.000000,"",,,0.000000,,-1.000000,,0.000000,0.000000,-1.000000,-1.000000,,,,,,,,,,,"",,,,,,,,,,"Volumetric",,,,,,,,,,0.000000,,,,,,,,,,0.000000,0.000000,,,,,,,,,,,,
"0BEC605C","Nodes",1122190.120000,1676533.000000,1313.064347,"Default Known Flow Node",69.999969,0.579999,1000.000000,0.000000,"Known Flow",0.000000,0.000000,2.16999993085665e-07,40.000000,0.579999,1000.000000,0.000000,0.000000,13.000000,0.000000,0.515378,0.579999,,,,8.240419,8.240419,,16.800279,,,,,,903.822387,0.066146,0.000000,0.000000,0.000000,,-459.670013,1000.000000,,0.000000,0.000000,,,,0.047162,"UNDEFINED",0.000000,0.997561,0.000000,,,,,"","",,,,8.240419,,0.000000,,0.000000,,,0.000000,0.000000,"",,,0.000000,,-1.000000,,0.000000,0.000000,-1.000000,-1.000000,,,,,,,,,,,"",,,,,,,,,,"Volumetric",,,,,,,,,,0.000000,,,,,,,,,,0.000000,0.000000,,,,,,,,,,,,
"0BEC6059","Nodes",1121619.370000,1676565.870000,1313.064347,"Default Known Flow Node",69.999969,0.579999,1000.000000,0.000000,"Known Flow",0.000000,0.000000,2.16999993085665e-07,40.000000,0.579999,1000.000000,0.000000,0.000000,13.000000,0.000000,0.515371,0.579999,,,,7.065108,7.065108,,16.800279,,,,,,903.822387,0.066147,0.000000,0.000000,0.000000,,-459.670013,1000.000000,,0.000000,0.000000,,,,0.047028,"SETFLOW",0.000000,0.997568,0.000000,,,,,"","",,,,7.065108,,0.000000,,0.000000,,,0.000000,0.000000,"",,,0.000000,,-1.000000,,0.000000,0.000000,-1.000000,-1.000000,,,,,,,,,,,"",,,,,,,,,,"Volumetric",,,,,,,,,,-3.508323,,,,,,,,,,-3.508323,-0.084199,,,,,,,,,,,,
"0BEC6053","Nodes",1121942.120000,1676621.750000,1313.064347,"Default Known Flow Node",69.999969,0.579999,1000.000000,0.000000,"Known Flow",0.000000,0.000000,2.16999993085665e-07,40.000000,0.579999,1000.000000,0.000000,0.000000,13.000000,0.000000,0.515376,0.579999,,,,7.844833,7.844833,,16.800279,,,,,,903.822387,0.066146,0.000000,0.000000,0.000000,,-459.670013,1000.000000,,0.000000,0.000000,,,,0.047117,"UNDEFINED",0.000000,0.997563,0.000000,,,,,"","",,,,7.844833,,0.000000,,0.000000,,,0.000000,0.000000,"",,,0.000000,,-1.000000,,0.000000,0.000000,-1.000000,-1.000000,,,,,,,,,,,"",,,,,,,,,,"Volumetric",,,,,,,,,,0.000000,,,,,,,,,,0.000000,0.000000,,,,,,,,,,,,
"0BEC6055","Nodes",1122037.120000,1676574.870000,1313.064347,"Default Known Flow Node",69.999969,0.579999,1000.000000,0.000000,"Known Flow",0.000000,0.000000,2.16999993085665e-07,40.000000,0.579999,1000.000000,0.000000,0.000000,13.000000,0.000000,0.515376,0.579999,,,,7.844833,7.844833,,16.800279,,,,,,903.822387,0.066146,0.000000,0.000000,0.000000,,-459.670013,1000.000000,,0.000000,0.000000,,,,0.047117,"UNDEFINED",0.000000,0.997563,0.000000,,,,,"","",,,,7.844833,,0.000000,,0.000000,,,0.000000,0.000000,"",,,0.000000,,-1.000000,,0.000000,0.000000,-1.000000,-1.000000,,,,,,,,,,,"",,,,,,,,,,"Volumetric",,,,,,,,,,0.000000,,,,,,,,,,0.000000,0.000000,,,,,,,,,,,,
"0BEC605A","Nodes",1121701.120000,1676583.500000,1313.064347,"Default Known Flow Node",69.999969,0.579999,1000.000000,0.000000,"Known Flow",0.000000,0.000000,2.16999993085665e-07,40.000000,0.579999,1000.000000,0.000000,0.000000,13.000000,0.000000,0.515371,0.579999,,,,7.065108,7.065108,,16.800279,,,,,,903.822387,0.066147,0.000000,0.000000,0.000000,,-459.670013,1000.000000,,0.000000,0.000000,,,,0.047028,"UNDEFINED",0.000000,0.997568,0.000000,,,,,"","",,,,7.065108,,0.000000,,0.000000,,,0.000000,0.000000,"",,,0.000000,,-1.000000,,0.000000,0.000000,-1.000000,-1.000000,,,,,,,,,,,"",,,,,,,,,,"Volumetric",,,,,,,,,,0.000000,,,,,,,,,,0.000000,0.000000,,,,,,,,,,,,
"0BEC6051","Nodes",1121939.250000,1676623.120000,1313.064347,"Default Known Flow Node",69.999969,0.579999,1000.000000,0.000000,"Known Flow",0.000000,0.000000,2.16999993085665e-07,40.000000,0.579999,1000.000000,0.000000,0.000000,13.000000,0.000000,0.515376,0.579999,,,,7.844833,7.844833,,16.800279,,,,,,903.822387,0.066146,0.000000,0.000000,0.000000,,-459.670013,1000.000000,,0.000000,0.000000,,,,0.047117,"SETFLOW",0.000000,0.997563,0.000000,,,,,"","",,,,7.844833,,0.000000,,0.000000,,,0.000000,0.000000,"",,,0.000000,,-1.000000,,0.000000,0.000000,-1.000000,-1.000000,,,,,,,,,,,"",,,,,,,,,,"Volumetric",,,,,,,,,,-0.004387,,,,,,,,,,-0.004387,-0.000105,,,,,,,,,,,,
"0BEC6054","Nodes",1121939.120000,1676620.120000,1313.064347,"Default Known Flow Node",69.999969,0.579999,1000.000000,0.000000,"Known Flow",0.000000,0.000000,2.16999993085665e-07,40.000000,0.579999,1000.000000,0.000000,0.000000,13.000000,0.000000,0.515376,0.579999,,,,7.844833,7.844833,,16.800279,,,,,,903.822387,0.066146,0.000000,0.000000,0.000000,,-459.670013,1000.000000,,0.000000,0.000000,,,,0.047117,"UNDEFINED",0.000000,0.997563,0.000000,,,,,"","",,,,7.844833,,0.000000,,0.000000,,,0.000000,0.000000,"",,,0.000000,,-1.000000,,0.000000,0.000000,-1.000000,-1.000000,,,,,,,,,,,"",,,,,,,,,,"Volumetric",,,,,,,,,,0.000000,,,,,,,,,,0.000000,0.000000,,,,,,,,,,,,
"0BEC6052","Nodes",1121836.500000,1676673.870000,1313.064347,"Default Known Flow Node",69.999969,0.579999,1000.000000,0.000000,"Known Flow",0.000000,0.000000,2.16999993085665e-07,40.000000,0.579999,1000.000000,0.000000,0.000000,13.000000,0.000000,0.515376,0.579999,,,,7.844833,7.844833,,16.800279,,,,,,903.822387,0.066146,0.000000,0.000000,0.000000,,-459.670013,1000.000000,,0.000000,0.000000,,,,0.047117,"UNDEFINED",0.000000,0.997563,0.000000,,,,,"","",,,,7.844833,,0.000000,,0.000000,,,0.000000,0.000000,"",,,0.000000,,-1.000000,,0.000000,0.000000,-1.000000,-1.000000,,,,,,,,,,,"",,,,,,,,,,"Volumetric",,,,,,,,,,0.000000,,,,,,,,,,0.000000,0.000000,,,,,,,,,,,,
"0BEC6050","Nodes",1121941.120000,1676727.370000,1313.064347,"Default Known Flow Node",69.999969,0.579999,1000.000000,0.000000,"Known Flow",0.000000,0.000000,2.16999993085665e-07,40.000000,0.579999,1000.000000,0.000000,0.000000,13.000000,0.000000,0.515376,0.579999,,,,7.844843,7.844843,,16.800279,,,,,,903.822387,0.066146,0.000000,0.000000,0.000000,,-459.670013,1000.000000,,0.000000,0.000000,,,,0.047117,"UNDEFINED",0.000000,0.997563,0.000000,,,,,"","",,,,7.844843,,0.000000,,0.000000,,,0.000000,0.000000,"",,,0.000000,,-1.000000,,0.000000,0.000000,-1.000000,-1.000000,,,,,,,,,,,"",,,,,,,,,,"Volumetric",,,,,,,,,,0.000000,,,,,,,,,,0.000000,0.000000,,,,,,,,,,,,
"0BEC6057","Nodes",1121488.120000,1676773.870000,1313.064347,"Default Known Flow Node",69.999969,0.579999,1000.000000,0.000000,"Known Flow",0.000000,0.000000,2.16999993085665e-07,40.000000,0.579999,1000.000000,0.000000,0.000000,13.000000,0.000000,0.515374,0.579999,,,,7.557788,7.557788,,16.800279,,,,,,903.822387,0.066146,0.000000,0.000000,0.000000,,-459.670013,1000.000000,,0.000000,0.000000,,,,0.047084,"UNDEFINED",0.000000,0.997565,0.000000,,,,,"","",,,,7.557788,,0.000000,,0.000000,,,0.000000,0.000000,"",,,0.000000,,-1.000000,,0.000000,0.000000,-1.000000,-1.000000,,,,,,,,,,,"",,,,,,,,,,"Volumetric",,,,,,,,,,0.000000,,,,,,,,,,0.000000,0.000000,,,,,,,,,,,,
"0BEC6058","Nodes",1121595.500000,1676718.870000,1313.064347,"Default Known Flow Node",69.999969,0.579999,1000.000000,0.000000,"Known Flow",0.000000,0.000000,2.16999993085665e-07,40.000000,0.579999,1000.000000,0.000000,0.000000,13.000000,0.000000,0.515374,0.579999,,,,7.557788,7.557788,,16.800279,,,,,,903.822387,0.066146,0.000000,0.000000,0.000000,,-459.670013,1000.000000,,0.000000,0.000000,,,,0.047084,"UNDEFINED",0.000000,0.997565,0.000000,,,,,"","",,,,7.557788,,0.000000,,0.000000,,,0.000000,0.000000,"",,,0.000000,,-1.000000,,0.000000,0.000000,-1.000000,-1.000000,,,,,,,,,,,"",,,,,,,,,,"Volumetric",,,,,,,,,,0.000000,,,,,,,,,,0.000000,0.000000,,,,,,,,,,,,
"0BEC6083","Nodes",1121947.870000,1676900.000000,1313.064347,"Default Known Flow Node",69.999969,0.579999,1000.000000,0.000000,"Known Flow",0.000000,0.000000,2.16999993085665e-07,40.000000,0.579999,1000.000000,0.000000,0.000000,13.000000,0.000000,0.515376,0.579999,,,,7.844859,7.844859,,16.800279,,,,,,903.822387,0.066146,0.000000,0.000000,0.000000,,-459.670013,1000.000000,,0.000000,0.000000,,,,0.047117,"UNDEFINED",0.000000,0.997563,0.000000,,,,,"","",,,,7.844859,,0.000000,,0.000000,,,0.000000,0.000000,"",,,0.000000,,-1.000000,,0.000000,0.000000,-1.000000,-1.000000,,,,,,,,,,,"",,,,,,,,,,"Volumetric",,,,,,,,,,0.000000,,,,,,,,,,0.000000,0.000000,,,,,,,,,,,,
"0BEC604F","Nodes",1121454.370000,1676791.750000,1313.064347,"Default Known Flow Node",69.999969,0.579999,1000.000000,0.000000,"Known Flow",0.000000,0.000000,2.16999993085665e-07,40.000000,0.579999,1000.000000,0.000000,0.000000,13.000000,0.000000,0.515374,0.579999,,,,7.557788,7.557788,,16.800279,,,,,,903.822387,0.066146,0.000000,0.000000,0.000000,,-459.670013,1000.000000,,0.000000,0.000000,,,,0.047084,"UNDEFINED",0.000000,0.997565,0.000000,,,,,"","",,,,7.557788,,0.000000,,0.000000,,,0.000000,0.000000,"",,,0.000000,,-1.000000,,0.000000,0.000000,-1.000000,-1.000000,,,,,,,,,,,"",,,,,,,,,,"Volumetric",,,,,,,,,,0.000000,,,,,,,,,,0.000000,0.000000,,,,,,,,,,,,
"0BEC6056","Nodes",1121450.250000,1676793.250000,1313.064347,"Default Known Flow Node",69.999969,0.579999,1000.000000,0.000000,"Known Flow",0.000000,0.000000,2.16999993085665e-07,40.000000,0.579999,1000.000000,0.000000,0.000000,13.000000,0.000000,0.515374,0.579999,,,,7.557788,7.557788,,16.800279,,,,,,903.822387,0.066146,0.000000,0.000000,0.000000,,-459.670013,1000.000000,,0.000000,0.000000,,,,0.047084,"UNDEFINED",0.000000,0.997565,0.000000,,,,,"","",,,,7.557788,,0.000000,,0.000000,,,0.000000,0.000000,"",,,0.000000,,-1.000000,,0.000000,0.000000,-1.000000,-1.000000,,,,,,,,,,,"",,,,,,,,,,"Volumetric",,,,,,,,,,0.000000,,,,,,,,,,0.000000,0.000000,,,,,,,,,,,,
"2FB21569","Nodes",1122240.750000,1676900.000000,1313.064347,"Default Known Flow Node",69.999969,0.579999,1000.000000,0.000000,"Known Flow",0.000000,0.000000,2.16999993085665e-07,40.000000,0.579999,1000.000000,0.000000,0.000000,13.000000,0.000000,0.515377,0.579999,,,,8.020487,8.020487,,16.800279,,,,,,903.822387,0.066146,0.000000,0.000000,0.000000,,-459.670013,1000.000000,,0.000000,0.000000,,,,0.047137,"UNDEFINED",0.000000,0.997562,0.000000,,,,,"","",,,,8.020487,,0.000000,,0.000000,,,0.000000,0.000000,"",,,0.000000,,-1.000000,,0.000000,0.000000,-1.000000,-1.000000,,,,,,,,,,,"",,,,,,,,,,"Volumetric",,,,,,,,,,0.000000,,,,,,,,,,0.000000,0.000000,,,,,,,,,,,,
"2FB2156A","Nodes",1122250.120000,1676992.870000,1313.064347,"Default Known Flow Node",69.999969,0.579999,1000.000000,0.000000,"Known Flow",0.000000,0.000000,2.16999993085665e-07,40.000000,0.579999,1000.000000,0.000000,0.000000,13.000000,0.000000,0.515376,0.579999,,,,7.959458,7.959458,,16.800279,,,,,,903.822387,0.066146,0.000000,0.000000,0.000000,,-459.670013,1000.000000,,0.000000,0.000000,,,,0.047130,"UNDEFINED",0.000000,0.997563,0.000000,,,,,"","",,,,7.959458,,0.000000,,0.000000,,,0.000000,0.000000,"",,,0.000000,,-1.000000,,0.000000,0.000000,-1.000000,-1.000000,,,,,,,,,,,"",,,,,,,,,,"Volumetric",,,,,,,,,,0.000000,,,,,,,,,,0.000000,0.000000,,,,,,,,,,,,
"2FB21568","Nodes",1122241.120000,1676992.870000,1313.064347,"Default Known Flow Node",69.999969,0.579999,1000.000000,0.000000,"Known Flow",0.000000,0.000000,2.16999993085665e-07,40.000000,0.579999,1000.000000,0.000000,0.000000,13.000000,0.000000,0.515376,0.579999,,,,7.958032,7.958032,,16.800279,,,,,,903.822387,0.066146,0.000000,0.000000,0.000000,,-459.670013,1000.000000,,0.000000,0.000000,,,,0.047130,"UNDEFINED",0.000000,0.997563,0.000000,,,,,"","",,,,7.958032,,0.000000,,0.000000,,,0.000000,0.000000,"",,,0.000000,,-1.000000,,0.000000,0.000000,-1.000000,-1.000000,,,,,,,,,,,"",,,,,,,,,,"Volumetric",,,,,,,,,,0.000000,,,,,,,,,,0.000000,0.000000,,,,,,,,,,,,
"2FB1C4FD","Nodes",1122214.750000,1676993.370000,1313.064347,"Default Known Flow Node",69.999969,0.579999,1000.000000,0.000000,"Known Flow",0.000000,0.000000,2.16999993085665e-07,40.000000,0.579999,1000.000000,0.000000,0.000000,13.000000,0.000000,0.515376,0.579999,,,,7.943597,7.943597,,16.800279,,,,,,903.822387,0.066146,0.000000,0.000000,0.000000,,-459.670013,1000.000000,,0.000000,0.000000,,,,0.047128,"UNDEFINED",0.000000,0.997563,0.000000,,,,,"","",,,,7.943597,,0.000000,,0.000000,,,0.000000,0.000000,"",,,0.000000,,-1.000000,,0.000000,0.000000,-1.000000,-1.000000,,,,,,,,,,,"",,,,,,,,,,"Volumetric",,,,,,,,,,0.000000,,,,,,,,,,0.000000,0.000000,,,,,,,,,,,,
"2FAF6817","Nodes",1121950.000000,1676998.870000,1313.064347,"Default Known Flow Node",69.999969,0.579999,1000.000000,0.000000,"Known Flow",0.000000,0.000000,2.16999993085665e-07,40.000000,0.579999,1000.000000,0.000000,0.000000,13.000000,0.000000,0.515376,0.579999,,,,7.844868,7.844868,,16.800279,,,,,,903.822387,0.066146,0.000000,0.000000,0.000000,,-459.670013,1000.000000,,0.000000,0.000000,,,,0.047117,"UNDEFINED",0.000000,0.997563,0.000000,,,,,"","",,,,7.844868,,0.000000,,0.000000,,,0.000000,0.000000,"",,,0.000000,,-1.000000,,0.000000,0.000000,-1.000000,-1.000000,,,,,,,,,,,"",,,,,,,,,,"Volumetric",,,,,,,,,,0.000000,,,,,,,,,,0.000000,0.000000,,,,,,,,,,,,
"2FB1C4F6","Nodes",1121653.500000,1677005.000000,1313.064347,"Default Known Flow Node",69.999969,0.579999,1000.000000,0.000000,"Known Flow",0.000000,0.000000,2.16999993085665e-07,40.000000,0.579999,1000.000000,0.000000,0.000000,13.000000,0.000000,0.515375,0.579999,,,,7.734739,7.734739,,16.800279,,,,,,903.822387,0.066146,0.000000,0.000000,0.000000,,-459.670013,1000.000000,,0.000000,0.000000,,,,0.047104,"UNDEFINED",0.000000,0.997564,0.000000,,,,,"","",,,,7.734739,,0.000000,,0.000000,,,0.000000,0.000000,"",,,0.000000,,-1.000000,,0.000000,0.000000,-1.000000,-1.000000,,,,,,,,,,,"",,,,,,,,,,"Volumetric",,,,,,,,,,0.000000,,,,,,,,,,0.000000,0.000000,,,,,,,,,,,,
"2FB1C4F8","Nodes",1121638.250000,1676961.750000,1313.064347,"Default Known Flow Node",69.999969,0.579999,1000.000000,0.000000,"Known Flow",0.000000,0.000000,2.16999993085665e-07,40.000000,0.579999,1000.000000,0.000000,0.000000,13.000000,0.000000,0.515375,0.579999,,,,7.726682,7.726682,,16.800279,,,,,,903.822387,0.066146,0.000000,0.000000,0.000000,,-459.670013,1000.000000,,0.000000,0.000000,,,,0.047103,"UNDEFINED",0.000000,0.997564,0.000000,,,,,"","",,,,7.726682,,0.000000,,0.000000,,,0.000000,0.000000,"",,,0.000000,,-1.000000,,0.000000,0.000000,-1.000000,-1.000000,,,,,,,,,,,"",,,,,,,,,,"Volumetric",,,,,,,,,,0.000000,,,,,,,,,,0.000000,0.000000,,,,,,,,,,,,
"2FB1C4F7","Nodes",1121649.620000,1677005.620000,1313.064347,"Default Known Flow Node",69.999969,0.579999,1000.000000,0.000000,"Known Flow",0.000000,0.000000,2.16999993085665e-07,40.000000,0.579999,1000.000000,0.000000,0.000000,13.000000,0.000000,0.515375,0.579999,,,,7.726682,7.726682,,16.800279,,,,,,903.822387,0.066146,0.000000,0.000000,0.000000,,-459.670013,1000.000000,,0.000000,0.000000,,,,0.047103,"UNDEFINED",0.000000,0.997564,0.000000,,,,,"","",,,,7.726682,,0.000000,,0.000000,,,0.000000,0.000000,"",,,0.000000,,-1.000000,,0.000000,0.000000,-1.000000,-1.000000,,,,,,,,,,,"",,,,,,,,,,"Volumetric",,,,,,,,,,0.000000,,,,,,,,,,0.000000,0.000000,,,,,,,,,,,,
"2FB1F870","Nodes",1121302.870000,1677013.500000,1313.064347,"Default Known Flow Node",69.999969,0.579999,1000.000000,0.000000,"Known Flow",0.000000,0.000000,2.16999993085665e-07,40.000000,0.579999,1000.000000,0.000000,0.000000,13.000000,0.000000,0.515374,0.579999,,,,7.504458,7.504458,,16.800279,,,,,,903.822387,0.066146,0.000000,0.000000,0.000000,,-459.670013,1000.000000,,0.000000,0.000000,,,,0.047078,"SETFLOW",0.000000,0.997565,0.000000,,,,,"","",,,,7.504458,,0.000000,,0.000000,,,0.000000,0.000000,"",,,0.000000,,-1.000000,,0.000000,0.000000,-1.000000,-1.000000,,,,,,,,,,,"",,,,,,,,,,"Volumetric",,,,,,,,,,-2.806659,,,,,,,,,,-2.806659,-0.067359,,,,,,,,,,,,
"2FB2156B","Nodes",1122319.870000,1677161.500000,1313.064347,"Default Known Flow Node",69.999969,0.579999,1000.000000,0.000000,"Known Flow",0.000000,0.000000,2.16999993085665e-07,40.000000,0.579999,1000.000000,0.000000,0.000000,13.000000,0.000000,0.515376,0.579999,,,,7.917203,7.917203,,16.800279,,,,,,903.822387,0.066146,0.000000,0.000000,0.000000,,-459.670013,1000.000000,,0.000000,0.000000,,,,0.047125,"UNDEFINED",0.000000,0.997563,0.000000,,,,,"","",,,,7.917203,,0.000000,,0.000000,,,0.000000,0.000000,"",,,0.000000,,-1.000000,,0.000000,0.000000,-1.000000,-1.000000,,,,,,,,,,,"",,,,,,,,,,"Volumetric",,,,,,,,,,0.000000,,,,,,,,,,0.000000,0.000000,,,,,,,,,,,,
"2FB1C4FB","Nodes",1122305.750000,1677234.370000,1313.064347,"Default Known Flow Node",69.999969,0.579999,1000.000000,0.000000,"Known Flow",0.000000,0.000000,2.16999993085665e-07,40.000000,0.579999,1000.000000,0.000000,0.000000,13.000000,0.000000,0.515376,0.579999,,,,7.894047,7.894047,,16.800279,,,,,,903.822387,0.066146,0.000000,0.000000,0.000000,,-459.670013,1000.000000,,0.000000,0.000000,,,,0.047122,"UNDEFINED",0.000000,0.997563,0.000000,,,,,"","",,,,7.894047,,0.000000,,0.000000,,,0.000000,0.000000,"",,,0.000000,,-1.000000,,0.000000,0.000000,-1.000000,-1.000000,,,,,,,,,,,"",,,,,,,,,,"Volumetric",,,,,,,,,,0.000000,,,,,,,,,,0.000000,0.000000,,,,,,,,,,,,
"2FB1C4FC","Nodes",1122278.620000,1677234.370000,1313.064347,"Default Known Flow Node",69.999969,0.579999,1000.000000,0.000000,"Known Flow",0.000000,0.000000,2.16999993085665e-07,40.000000,0.579999,1000.000000,0.000000,0.000000,13.000000,0.000000,0.515376,0.579999,,,,7.884737,7.884737,,16.800279,,,,,,903.822387,0.066146,0.000000,0.000000,0.000000,,-459.670013,1000.000000,,0.000000,0.000000,,,,0.047121,"UNDEFINED",0.000000,0.997563,0.000000,,,,,"","",,,,7.884737,,0.000000,,0.000000,,,0.000000,0.000000,"",,,0.000000,,-1.000000,,0.000000,0.000000,-1.000000,-1.000000,,,,,,,,,,,"",,,,,,,,,,"Volumetric",,,,,,,,,,0.000000,,,,,,,,,,0.000000,0.000000,,,,,,,,,,,,
"2FB1C507","Nodes",1122319.250000,1677234.870000,1313.064347,"Default Known Flow Node",69.999969,0.579999,1000.000000,0.000000,"Known Flow",0.000000,0.000000,2.16999993085665e-07,40.000000,0.579999,1000.000000,0.000000,0.000000,13.000000,0.000000,0.515376,0.579999,,,,7.898702,7.898702,,16.800279,,,,,,903.822387,0.066146,0.000000,0.000000,0.000000,,-459.670013,1000.000000,,0.000000,0.000000,,,,0.047123,"UNDEFINED",0.000000,0.997563,0.000000,,,,,"","",,,,7.898702,,0.000000,,0.000000,,,0.000000,0.000000,"",,,0.000000,,-1.000000,,0.000000,0.000000,-1.000000,-1.000000,,,,,,,,,,,"",,,,,,,,,,"Volumetric",,,,,,,,,,0.000000,,,,,,,,,,0.000000,0.000000,,,,,,,,,,,,
"2FAF681E","Nodes",1122226.620000,1677235.750000,1313.064347,"Default Known Flow Node",69.999969,0.579999,1000.000000,0.000000,"Known Flow",0.000000,0.000000,2.16999993085665e-07,40.000000,0.579999,1000.000000,0.000000,0.000000,13.000000,0.000000,0.515376,0.579999,,,,7.867447,7.867447,,16.800279,,,,,,903.822387,0.066146,0.000000,0.000000,0.000000,,-459.670013,1000.000000,,0.000000,0.000000,,,,0.047119,"UNDEFINED",0.000000,0.997563,0.000000,,,,,"","",,,,7.867447,,0.000000,,0.000000,,,0.000000,0.000000,"",,,0.000000,,-1.000000,,0.000000,0.000000,-1.000000,-1.000000,,,,,,,,,,,"",,,,,,,,,,"Volumetric",,,,,,,,,,0.000000,,,,,,,,,,0.000000,0.000000,,,,,,,,,,,,
"2FB1C4EA","Nodes",1122082.870000,1677239.500000,1313.064347,"Default Known Flow Node",69.999969,0.579999,1000.000000,0.000000,"Known Flow",0.000000,0.000000,2.16999993085665e-07,40.000000,0.579999,1000.000000,0.000000,0.000000,13.000000,0.000000,0.515376,0.579999,,,,7.819561,7.819561,,16.800279,,,,,,903.822387,0.066146,0.000000,0.000000,0.000000,,-459.670013,1000.000000,,0.000000,0.000000,,,,0.047114,"UNDEFINED",0.000000,0.997564,0.000000,,,,,"","",,,,7.819561,,0.000000,,0.000000,,,0.000000,0.000000,"",,,0.000000,,-1.000000,,0.000000,0.000000,-1.000000,-1.000000,,,,,,,,,,,"",,,,,,,,,,"Volumetric",,,,,,,,,,0.000000,,,,,,,,,,0.000000,0.000000,,,,,,,,,,,,
"2FB1C4F3","Nodes",1121710.250000,1677248.500000,1313.064347,"Default Known Flow Node",69.999969,0.579999,1000.000000,0.000000,"Known Flow",0.000000,0.000000,2.16999993085665e-07,40.000000,0.579999,1000.000000,0.000000,0.000000,13.000000,0.000000,0.515375,0.579999,,,,7.695831,7.695831,,16.800279,,,,,,903.822387,0.066146,0.000000,0.000000,0.000000,,-459.670013,1000.000000,,0.000000,0.000000,,,,0.047100,"UNDEFINED",0.000000,0.997564,0.000000,,,,,"","",,,,7.695831,,0.000000,,0.000000,,,0.000000,0.000000,"",,,0.000000,,-1.000000,,0.000000,0.000000,-1.000000,-1.000000,,,,,,,,,,,"",,,,,,,,,,"Volumetric",,,,,,,,,,0.000000,,,,,,,,,,0.000000,0.000000,,,,,,,,,,,,
"2FB1C4F4","Nodes",1121704.870000,1677248.500000,1313.064347,"Default Known Flow Node",69.999969,0.579999,1000.000000,0.000000,"Known Flow",0.000000,0.000000,2.16999993085665e-07,40.000000,0.579999,1000.000000,0.000000,0.000000,13.000000,0.000000,0.515375,0.579999,,,,7.694168,7.694168,,16.800279,,,,,,903.822387,0.066146,0.000000,0.000000,0.000000,,-459.670013,1000.000000,,0.000000,0.000000,,,,0.047100,"UNDEFINED",0.000000,0.997564,0.000000,,,,,"","",,,,7.694168,,0.000000,,0.000000,,,0.000000,0.000000,"",,,0.000000,,-1.000000,,0.000000,0.000000,-1.000000,-1.000000,,,,,,,,,,,"",,,,,,,,,,"Volumetric",,,,,,,,,,0.000000,,,,,,,,,,0.000000,0.000000,,,,,,,,,,,,
"2FB24810","Nodes",1121310.750000,1677252.500000,1313.064347,"Default Known Flow Node",69.999969,0.579999,1000.000000,0.000000,"Known Flow",0.000000,0.000000,2.16999993085665e-07,40.000000,0.579999,1000.000000,0.000000,0.000000,13.000000,0.000000,0.515374,0.579999,,,,7.551962,7.551962,,16.800279,,,,,,903.822387,0.066146,0.000000,0.000000,0.000000,,-459.670013,1000.000000,,0.000000,0.000000,,,,0.047084,"UNDEFINED",0.000000,0.997565,0.000000,,,,,"","",,,,7.551962,,0.000000,,0.000000,,,0.000000,0.000000,"",,,0.000000,,-1.000000,,0.000000,0.000000,-1.000000,-1.000000,,,,,,,,,,,"",,,,,,,,,,"Volumetric",,,,,,,,,,0.000000,,,,,,,,,,0.000000,0.000000,,,,,,,,,,,,
"0BEC5FDD","Nodes",1121300.000000,1677248.750000,1313.064347,"Default Known Flow Node",69.999969,0.579999,1000.000000,0.000000,"Known Flow",0.000000,0.000000,2.16999993085665e-07,40.000000,0.579999,1000.000000,0.000000,0.000000,13.000000,0.000000,0.515374,0.579999,,,,7.548012,7.548012,,16.800279,,,,,,903.822387,0.066146,0.000000,0.000000,0.000000,,-459.670013,1000.000000,,0.000000,0.000000,,,,0.047083,"UNDEFINED",0.000000,0.997565,0.000000,,,,,"","",,,,7.548012,,0.000000,,0.000000,,,0.000000,0.000000,"",,,0.000000,,-1.000000,,0.000000,0.000000,-1.000000,-1.000000,,,,,,,,,,,"",,,,,,,,,,"Volumetric",,,,,,,,,,0.000000,,,,,,,,,,0.000000,0.000000,,,,,,,,,,,,
"2FB2480E","Nodes",1121315.620000,1677255.500000,1313.064347,"Default Known Flow Node",69.999969,0.579999,1000.000000,0.000000,"Known Flow",0.000000,0.000000,2.16999993085665e-07,40.000000,0.579999,1000.000000,0.000000,0.000000,13.000000,0.000000,0.515374,0.579999,,,,7.554117,7.554117,,16.800279,,,,,,903.822387,0.066146,0.000000,0.000000,0.000000,,-459.670013,1000.000000,,0.000000,0.000000,,,,0.047084,"UNDEFINED",0.000000,0.997565,0.000000,,,,,"","",,,,7.554117,,0.000000,,0.000000,,,0.000000,0.000000,"",,,0.000000,,-1.000000,,0.000000,0.000000,-1.000000,-1.000000,,,,,,,,,,,"",,,,,,,,,,"Volumetric",,,,,,,,,,0.000000,,,,,,,,,,0.000000,0.000000,,,,,,,,,,,,
"2FB2480F","Nodes",1121331.000000,1677256.750000,1313.064347,"Default Known Flow Node",69.999969,0.579999,1000.000000,0.000000,"Known Flow",0.000000,0.000000,2.16999993085665e-07,40.000000,0.579999,1000.000000,0.000000,0.000000,13.000000,0.000000,0.515374,0.579999,,,,7.559863,7.559863,,16.800279,,,,,,903.822387,0.066146,0.000000,0.000000,0.000000,,-459.670013,1000.000000,,0.000000,0.000000,,,,0.047084,"UNDEFINED",0.000000,0.997565,0.000000,,,,,"","",,,,7.559863,,0.000000,,0.000000,,,0.000000,0.000000,"",,,0.000000,,-1.000000,,0.000000,0.000000,-1.000000,-1.000000,,,,,,,,,,,"",,,,,,,,,,"Volumetric",,,,,,,,,,0.000000,,,,,,,,,,0.000000,0.000000,,,,,,,,,,,,
"2FAF6800","Nodes",1122058.250000,1677290.370000,1313.064347,"Default Known Flow Node",69.999969,0.579999,1000.000000,0.000000,"Known Flow",0.000000,0.000000,2.16999993085665e-07,40.000000,0.579999,1000.000000,0.000000,0.000000,13.000000,0.000000,0.515375,0.579999,,,,7.791491,7.791491,,16.800279,,,,,,903.822387,0.066146,0.000000,0.000000,0.000000,,-459.670013,1000.000000,,0.000000,0.000000,,,,0.047111,"UNDEFINED",0.000000,0.997564,0.000000,,,,,"","",,,,7.791491,,0.000000,,0.000000,,,0.000000,0.000000,"",,,0.000000,,-1.000000,,0.000000,0.000000,-1.000000,-1.000000,,,,,,,,,,,"",,,,,,,,,,"Volumetric",,,,,,,,,,0.000000,,,,,,,,,,0.000000,0.000000,,,,,,,,,,,,
"2FB1C506","Nodes",1122320.250000,1677284.500000,1313.064347,"Default Known Flow Node",69.999969,0.579999,1000.000000,0.000000,"Known Flow",0.000000,0.000000,2.16999993085665e-07,40.000000,0.579999,1000.000000,0.000000,0.000000,13.000000,0.000000,0.515376,0.579999,,,,7.894368,7.894368,,16.800279,,,,,,903.822387,0.066146,0.000000,0.000000,0.000000,,-459.670013,1000.000000,,0.000000,0.000000,,,,0.047122,"UNDEFINED",0.000000,0.997563,0.000000,,,,,"","",,,,7.894368,,0.000000,,0.000000,,,0.000000,0.000000,"",,,0.000000,,-1.000000,,0.000000,0.000000,-1.000000,-1.000000,,,,,,,,,,,"",,,,,,,,,,"Volumetric",,,,,,,,,,0.000000,,,,,,,,,,0.000000,0.000000,,,,,,,,,,,,
"2FAF6E10","Nodes",1121763.250000,1677297.000000,1313.064347,"Default Known Flow Node",69.999969,0.579999,1000.000000,0.000000,"Known Flow",0.000000,0.000000,2.16999993085665e-07,40.000000,0.579999,1000.000000,0.000000,0.000000,13.000000,0.000000,0.515375,0.579999,,,,7.701677,7.701677,,16.800279,,,,,,903.822387,0.066146,0.000000,0.000000,0.000000,,-459.670013,1000.000000,,0.000000,0.000000,,,,0.047101,"UNDEFINED",0.000000,0.997564,0.000000,,,,,"","",,,,7.701677,,0.000000,,0.000000,,,0.000000,0.000000,"",,,0.000000,,-1.000000,,0.000000,0.000000,-1.000000,-1.000000,,,,,,,,,,,"",,,,,,,,,,"Volumetric",,,,,,,,,,0.000000,,,,,,,,,,0.000000,0.000000,,,,,,,,,,,,
"2FAF6E14","Nodes",1121714.870000,1677292.000000,1313.064347,"Default Known Flow Node",69.999969,0.579999,1000.000000,0.000000,"Known Flow",0.000000,0.000000,2.16999993085665e-07,40.000000,0.579999,1000.000000,0.000000,0.000000,13.000000,0.000000,0.515375,0.579999,,,,7.688545,7.688545,,16.800279,,,,,,903.822387,0.066146,0.000000,0.000000,0.000000,,-459.670013,1000.000000,,0.000000,0.000000,,,,0.047099,"UNDEFINED",0.000000,0.997564,0.000000,,,,,"","",,,,7.688545,,0.000000,,0.000000,,,0.000000,0.000000,"",,,0.000000,,-1.000000,,0.000000,0.000000,-1.000000,-1.000000,,,,,,,,,,,"",,,,,,,,,,"Volumetric",,,,,,,,,,0.000000,,,,,,,,,,0.000000,0.000000,,,,,,,,,,,,
"2FB1C4F5","Nodes",1121716.750000,1677299.750000,1313.064347,"Default Known Flow Node",69.999969,0.579999,1000.000000,0.000000,"Known Flow",0.000000,0.000000,2.16999993085665e-07,40.000000,0.579999,1000.000000,0.000000,0.000000,13.000000,0.000000,0.515375,0.579999,,,,7.687671,7.687671,,16.800279,,,,,,903.822387,0.066146,0.000000,0.000000,0.000000,,-459.670013,1000.000000,,0.000000,0.000000,,,,0.047099,"UNDEFINED",0.000000,0.997564,0.000000,,,,,"","",,,,7.687671,,0.000000,,0.000000,,,0.000000,0.000000,"",,,0.000000,,-1.000000,,0.000000,0.000000,-1.000000,-1.000000,,,,,,,,,,,"",,,,,,,,,,"Volumetric",,,,,,,,,,0.000000,,,,,,,,,,0.000000,0.000000,,,,,,,,,,,,
"2FB8C818","Nodes",1121754.620000,1677449.370000,1313.064347,"Default Known Flow Node",69.999969,0.579999,1000.000000,0.000000,"Known Flow",0.000000,0.000000,2.16999993085665e-07,40.000000,0.579999,1000.000000,0.000000,0.000000,13.000000,0.000000,0.515375,0.579999,,,,7.669377,7.669377,,16.800279,,,,,,903.822387,0.066146,0.000000,0.000000,0.000000,,-459.670013,1000.000000,,0.000000,0.000000,,,,0.047097,"UNDEFINED",0.000000,0.997564,0.000000,,,,,"","",,,,7.669377,,0.000000,,0.000000,,,0.000000,0.000000,"",,,0.000000,,-1.000000,,0.000000,0.000000,-1.000000,-1.000000,,,,,,,,,,,"",,,,,,,,,,"Volumetric",,,,,,,,,,0.000000,,,,,,,,,,0.000000,0.000000,,,,,,,,,,,,
"2FB1C4F9","Nodes",1121767.620000,1677503.370000,1313.064347,"Default Known Flow Node",69.999969,0.579999,1000.000000,0.000000,"Known Flow",0.000000,0.000000,2.16999993085665e-07,40.000000,0.579999,1000.000000,0.000000,0.000000,13.000000,0.000000,0.515374,0.579999,,,,7.607793,7.607793,,16.800279,,,,,,903.822387,0.066146,0.000000,0.000000,0.000000,,-459.670013,1000.000000,,0.000000,0.000000,,,,0.047090,"UNDEFINED",0.000000,0.997565,0.000000,,,,,"","",,,,7.607793,,0.000000,,0.000000,,,0.000000,0.000000,"",,,0.000000,,-1.000000,,0.000000,0.000000,-1.000000,-1.000000,,,,,,,,,,,"",,,,,,,,,,"Volumetric",,,,,,,,,,0.000000,,,,,,,,,,0.000000,0.000000,,,,,,,,,,,,
"2FB8C81B","Nodes",1121776.750000,1677529.000000,1313.064347,"Default Known Flow Node",69.999969,0.579999,1000.000000,0.000000,"Known Flow",0.000000,0.000000,2.16999993085665e-07,40.000000,0.579999,1000.000000,0.000000,0.000000,13.000000,0.000000,0.515374,0.579999,,,,7.602852,7.602852,,16.800279,,,,,,903.822387,0.066146,0.000000,0.000000,0.000000,,-459.670013,1000.000000,,0.000000,0.000000,,,,0.047089,"UNDEFINED",0.000000,0.997565,0.000000,,,,,"","",,,,7.602852,,0.000000,,0.000000,,,0.000000,0.000000,"",,,0.000000,,-1.000000,,0.000000,0.000000,-1.000000,-1.000000,,,,,,,,,,,"",,,,,,,,,,"Volumetric",,,,,,,,,,0.000000,,,,,,,,,,0.000000,0.000000,,,,,,,,,,,,
"2FB8C81A","Nodes",1121698.370000,1677519.500000,1313.064347,"Default Known Flow Node",69.999969,0.579999,1000.000000,0.000000,"Known Flow",0.000000,0.000000,2.16999993085665e-07,40.000000,0.579999,1000.000000,0.000000,0.000000,13.000000,0.000000,0.515374,0.579999,,,,7.569872,7.569872,,16.800279,,,,,,903.822387,0.066146,0.000000,0.000000,0.000000,,-459.670013,1000.000000,,0.000000,0.000000,,,,0.047086,"UNDEFINED",0.000000,0.997565,0.000000,,,,,"","",,,,7.569872,,0.000000,,0.000000,,,0.000000,0.000000,"",,,0.000000,,-1.000000,,0.000000,0.000000,-1.000000,-1.000000,,,,,,,,,,,"",,,,,,,,,,"Volumetric",,,,,,,,,,0.000000,,,,,,,,,,0.000000,0.000000,,,,,,,,,,,,
"2FB1C4E6","Nodes",1122167.500000,1677678.870000,1313.064347,"Default Known Flow Node",69.999969,0.579999,1000.000000,0.000000,"Known Flow",0.000000,0.000000,2.16999993085665e-07,40.000000,0.579999,1000.000000,0.000000,0.000000,13.000000,0.000000,0.515375,0.579999,,,,7.673060,7.673060,,16.800279,,,,,,903.822387,0.066146,0.000000,0.000000,0.000000,,-459.670013,1000.000000,,0.000000,0.000000,,,,0.047097,"UNDEFINED",0.000000,0.997564,0.000000,,,,,"","",,,,7.673060,,0.000000,,0.000000,,,0.000000,0.000000,"",,,0.000000,,-1.000000,,0.000000,0.000000,-1.000000,-1.000000,,,,,,,,,,,"",,,,,,,,,,"Volumetric",,,,,,,,,,0.000000,,,,,,,,,,0.000000,0.000000,,,,,,,,,,,,
"2FB1C501","Nodes",1121832.120000,1677760.370000,1313.064347,"Default Known Flow Node",69.999969,0.579999,1000.000000,0.000000,"Known Flow",0.000000,0.000000,2.16999993085665e-07,40.000000,0.579999,1000.000000,0.000000,0.000000,13.000000,0.000000,0.515374,0.579999,,,,7.571898,7.571898,,16.800279,,,,,,903.822387,0.066146,0.000000,0.000000,0.000000,,-459.670013,1000.000000,,0.000000,0.000000,,,,0.047086,"UNDEFINED",0.000000,0.997565,0.000000,,,,,"","",,,,7.571898,,0.000000,,0.000000,,,0.000000,0.000000,"",,,0.000000,,-1.000000,,0.000000,0.000000,-1.000000,-1.000000,,,,,,,,,,,"",,,,,,,,,,"Volumetric",,,,,,,,,,0.000000,,,,,,,,,,0.000000,0.000000,,,,,,,,,,,,
"2FB1C4FA","Nodes",1121820.120000,1677763.250000,1313.064347,"Default Known Flow Node",69.999969,0.579999,1000.000000,0.000000,"Known Flow",0.000000,0.000000,2.16999993085665e-07,40.000000,0.579999,1000.000000,0.000000,0.000000,13.000000,0.000000,0.515374,0.579999,,,,7.563596,7.563596,,16.800279,,,,,,903.822387,0.066146,0.000000,0.000000,0.000000,,-459.670013,1000.000000,,0.000000,0.000000,,,,0.047085,"UNDEFINED",0.000000,0.997565,0.000000,,,,,"","",,,,7.563596,,0.000000,,0.000000,,,0.000000,0.000000,"",,,0.000000,,-1.000000,,0.000000,0.000000,-1.000000,-1.000000,,,,,,,,,,,"",,,,,,,,,,"Volumetric",,,,,,,,,,0.000000,,,,,,,,,,0.000000,0.000000,,,,,,,,,,,,
"2FAF681F","Nodes",1121587.000000,1677820.750000,1313.064347,"Default Known Flow Node",69.999969,0.579999,1000.000000,0.000000,"Known Flow",0.000000,0.000000,2.16999993085665e-07,40.000000,0.579999,1000.000000,0.000000,0.000000,13.000000,0.000000,0.515373,0.579999,,,,7.397519,7.397519,,16.800279,,,,,,903.822387,0.066146,0.000000,0.000000,0.000000,,-459.670013,1000.000000,,0.000000,0.000000,,,,0.047066,"UNDEFINED",0.000000,0.997566,0.000000,,,,,"","",,,,7.397519,,0.000000,,0.000000,,,0.000000,0.000000,"",,,0.000000,,-1.000000,,0.000000,0.000000,-1.000000,-1.000000,,,,,,,,,,,"",,,,,,,,,,"Volumetric",,,,,,,,,,0.000000,,,,,,,,,,0.000000,0.000000,,,,,,,,,,,,
"2FB1C4E7","Nodes",1121883.750000,1677976.000000,1313.064347,"Default Known Flow Node",69.999969,0.579999,1000.000000,0.000000,"Known Flow",0.000000,0.000000,2.16999993085665e-07,40.000000,0.579999,1000.000000,0.000000,0.000000,13.000000,0.000000,0.515374,0.579999,,,,7.571898,7.571898,,16.800279,,,,,,903.822387,0.066146,0.000000,0.000000,0.000000,,-459.670013,1000.000000,,0.000000,0.000000,,,,0.047086,"UNDEFINED",0.000000,0.997565,0.000000,,,,,"","",,,,7.571898,,0.000000,,0.000000,,,0.000000,0.000000,"",,,0.000000,,-1.000000,,0.000000,0.000000,-1.000000,-1.000000,,,,,,,,,,,"",,,,,,,,,,"Volumetric",,,,,,,,,,0.000000,,,,,,,,,,0.000000,0.000000,,,,,,,,,,,,
"2FAF6805","Nodes",1121764.639533,1678045.868455,1313.064347,"Default Known Flow Node",69.999969,0.579999,1000.000000,0.000000,"Known Flow",0.000000,0.000000,2.16999993085665e-07,40.000000,0.579999,1000.000000,0.000000,0.000000,13.000000,0.000000,0.515372,0.579999,,,,7.150268,7.150268,,16.800279,,,,,,903.822387,0.066146,0.000000,0.000000,0.000000,,-459.670013,1000.000000,,0.000000,0.000000,,,,0.047038,"UNDEFINED",0.000000,0.997568,0.000000,,,,,"","",,,,7.150268,,0.000000,,0.000000,,,0.000000,0.000000,"",,,0.000000,,-1.000000,,0.000000,0.000000,-1.000000,-1.000000,,,,,,,,,,,"",,,,,,,,,,"Volumetric",,,,,,,,,,0.000000,,,,,,,,,,0.000000,0.000000,,,,,,,,,,,,
"2FB9BABD","Nodes",1121901.858119,1678033.453164,1313.064347,"Default Known Flow Node",69.999969,0.579999,1000.000000,0.000000,"Known Flow",0.000000,0.000000,2.16999993085665e-07,40.000000,0.579999,1000.000000,0.000000,0.000000,13.000000,0.000000,0.515372,0.579999,,,,7.150242,7.150242,,16.800279,,,,,,903.822387,0.066146,0.000000,0.000000,0.000000,,-459.670013,1000.000000,,0.000000,0.000000,,,,0.047038,"UNDEFINED",0.000000,0.997568,0.000000,,,,,"","",,,,7.150242,,0.000000,,0.000000,,,0.000000,0.000000,"",,,0.000000,,-1.000000,,0.000000,0.000000,0.000000,-1.000000,,,,,,,,,,,"",,,,,,,,,,"Volumetric",,,,,,,,,,0.000000,,,,,,,,,,0.000000,0.000000,,,,,,,,,,,,
"2FAF680B","Nodes",1121313.370000,1678148.120000,1313.064347,"Default Known Flow Node",69.999969,0.579999,1000.000000,0.000000,"Known Flow",0.000000,0.000000,2.16999993085665e-07,40.000000,0.579999,1000.000000,0.000000,0.000000,13.000000,0.000000,0.515372,0.579999,,,,7.150454,7.150454,,16.800279,,,,,,903.822387,0.066146,0.000000,0.000000,0.000000,,-459.670013,1000.000000,,0.000000,0.000000,,,,0.047038,"UNDEFINED",0.000000,0.997568,0.000000,,,,,"","",,,,7.150454,,0.000000,,0.000000,,,0.000000,0.000000,"",,,0.000000,,-1.000000,,0.000000,0.000000,-1.000000,-1.000000,,,,,,,,,,,"",,,,,,,,,,"Volumetric",,,,,,,,,,0.000000,,,,,,,,,,0.000000,0.000000,,,,,,,,,,,,
"2FAF680A","Nodes",1121314.120000,1678151.000000,1313.064347,"Default Known Flow Node",69.999969,0.579999,1000.000000,0.000000,"Known Flow",0.000000,0.000000,2.16999993085665e-07,40.000000,0.579999,1000.000000,0.000000,0.000000,13.000000,0.000000,0.515372,0.579999,,,,7.150450,7.150450,,16.800279,,,,,,903.822387,0.066146,0.000000,0.000000,0.000000,,-459.670013,1000.000000,,0.000000,0.000000,,,,0.047038,"UNDEFINED",0.000000,0.997568,0.000000,,,,,"","",,,,7.150450,,0.000000,,0.000000,,,0.000000,0.000000,"",,,0.000000,,-1.000000,,0.000000,0.000000,-1.000000,-1.000000,,,,,,,,,,,"",,,,,,,,,,"Volumetric",,,,,,,,,,0.000000,,,,,,,,,,0.000000,0.000000,,,,,,,,,,,,
"2FAF6808","Nodes",1121317.620000,1678164.870000,1313.064347,"Default Known Flow Node",69.999969,0.579999,1000.000000,0.000000,"Known Flow",0.000000,0.000000,2.16999993085665e-07,40.000000,0.579999,1000.000000,0.000000,0.000000,13.000000,0.000000,0.515372,0.579999,,,,7.150433,7.150433,,16.800279,,,,,,903.822387,0.066146,0.000000,0.000000,0.000000,,-459.670013,1000.000000,,0.000000,0.000000,,,,0.047038,"UNDEFINED",0.000000,0.997568,0.000000,,,,,"","",,,,7.150433,,0.000000,,0.000000,,,0.000000,0.000000,"",,,0.000000,,-1.000000,,0.000000,0.000000,-1.000000,-1.000000,,,,,,,,,,,"",,,,,,,,,,"Volumetric",,,,,,,,,,0.000000,,,,,,,,,,0.000000,0.000000,,,,,,,,,,,,
"2FAF6809","Nodes",1121332.870000,1678225.120000,1313.064347,"Default Known Flow Node",69.999969,0.579999,1000.000000,0.000000,"Known Flow",0.000000,0.000000,2.16999993085665e-07,40.000000,0.579999,1000.000000,0.000000,0.000000,13.000000,0.000000,0.515372,0.579999,,,,7.150309,7.150309,,16.800279,,,,,,903.822387,0.066146,0.000000,0.000000,0.000000,,-459.670013,1000.000000,,0.000000,0.000000,,,,0.047038,"UNDEFINED",0.000000,0.997568,0.000000,,,,,"","",,,,7.150309,,0.000000,,0.000000,,,0.000000,0.000000,"",,,0.000000,,-1.000000,,0.000000,0.000000,-1.000000,-1.000000,,,,,,,,,,,"",,,,,,,,,,"Volumetric",,,,,,,,,,0.000000,,,,,,,,,,0.000000,0.000000,,,,,,,,,,,,
"2FAF6820","Nodes",1121326.120000,1678160.120000,1313.064347,"Default Known Flow Node",69.999969,0.579999,1000.000000,0.000000,"Known Flow",0.000000,0.000000,2.16999993085665e-07,40.000000,0.579999,1000.000000,0.000000,0.000000,13.000000,0.000000,0.515372,0.579999,,,,7.150414,7.150414,,16.800279,,,,,,903.822387,0.066146,0.000000,0.000000,0.000000,,-459.670013,1000.000000,,0.000000,0.000000,,,,0.047038,"UNDEFINED",0.000000,0.997568,0.000000,,,,,"","",,,,7.150414,,0.000000,,0.000000,,,0.000000,0.000000,"",,,0.000000,,-1.000000,,0.000000,0.000000,-1.000000,-1.000000,,,,,,,,,,,"",,,,,,,,,,"Volumetric",,,,,,,,,,0.000000,,,,,,,,,,0.000000,0.000000,,,,,,,,,,,,
"2FB1C4F2","Nodes",1122301.980077,1678177.795649,1313.064347,"Default Known Flow Node",69.999969,0.579999,1000.000000,0.000000,"Known Flow",0.000000,0.000000,2.16999993085665e-07,40.000000,0.579999,1000.000000,0.000000,0.000000,13.000000,0.000000,0.515372,0.579999,,,,7.150199,7.150199,,16.800279,,,,,,903.822387,0.066146,0.000000,0.000000,0.000000,,-459.670013,1000.000000,,0.000000,0.000000,,,,0.047038,"UNDEFINED",0.000000,0.997568,0.000000,,,,,"","",,,,7.150199,,0.000000,,0.000000,,,0.000000,0.000000,"",,,0.000000,,-1.000000,,0.000000,0.000000,-1.000000,-1.000000,,,,,,,,,,,"",,,,,,,,,,"Volumetric",,,,,,,,,,0.000000,,,,,,,,,,0.000000,0.000000,,,,,,,,,,,,
"2FAF6821","Nodes",1122283.564029,1678182.428420,1313.064347,"Default Known Flow Node",69.999969,0.579999,1000.000000,0.000000,"Known Flow",0.000000,0.000000,2.16999993085665e-07,40.000000,0.579999,1000.000000,0.000000,0.000000,13.000000,0.000000,0.515372,0.579999,,,,7.150199,7.150199,,16.800279,,,,,,903.822387,0.066146,0.000000,0.000000,0.000000,,-459.670013,1000.000000,,0.000000,0.000000,,,,0.047038,"UNDEFINED",0.000000,0.997568,0.000000,,,,,"","",,,,7.150199,,0.000000,,0.000000,,,0.000000,0.000000,"",,,0.000000,,-1.000000,,0.000000,0.000000,-1.000000,-1.000000,,,,,,,,,,,"",,,,,,,,,,"Volumetric",,,,,,,,,,0.000000,,,,,,,,,,0.000000,0.000000,,,,,,,,,,,,
"2FAF6807","Nodes",1121947.921780,1678223.260599,1313.064347,"Default Known Flow Node",69.999969,0.579999,1000.000000,0.000000,"Known Flow",0.000000,0.000000,2.16999993085665e-07,40.000000,0.579999,1000.000000,0.000000,0.000000,13.000000,0.000000,0.515372,0.579999,,,,7.150209,7.150209,,16.800279,,,,,,903.822387,0.066146,0.000000,0.000000,0.000000,,-459.670013,1000.000000,,0.000000,0.000000,,,,0.047038,"UNDEFINED",0.000000,0.997568,0.000000,,,,,"","",,,,7.150209,,0.000000,,0.000000,,,0.000000,0.000000,"",,,0.000000,,-1.000000,,0.000000,0.000000,-1.000000,-1.000000,,,,,,,,,,,"",,,,,,,,,,"Volumetric",,,,,,,,,,0.000000,,,,,,,,,,0.000000,0.000000,,,,,,,,,,,,
"2FAF6802","Nodes",1121956.928568,1678261.689563,1313.064347,"Default Known Flow Node",69.999969,0.579999,1000.000000,0.000000,"Known Flow",0.000000,0.000000,2.16999993085665e-07,40.000000,0.579999,1000.000000,0.000000,0.000000,13.000000,0.000000,0.515372,0.579999,,,,7.150203,7.150203,,16.800279,,,,,,903.822387,0.066146,0.000000,0.000000,0.000000,,-459.670013,1000.000000,,0.000000,0.000000,,,,0.047038,"SETFLOW",0.000000,0.997568,0.000000,,,,,"","",,,,7.150203,,0.000000,,0.000000,,,0.000000,0.000000,"",,,0.000000,,-1.000000,,0.000000,0.000000,-1.000000,-1.000000,,,,,,,,,,,"",,,,,,,,,,"Volumetric",,,,,,,,,,-0.002807,,,,,,,,,,-0.002807,-0.000067,,,,,,,,,,,,
"2FB1C502","Nodes",1121941.460846,1678265.300634,1313.064347,"Default Known Flow Node",69.999969,0.579999,1000.000000,0.000000,"Known Flow",0.000000,0.000000,2.16999993085665e-07,40.000000,0.579999,1000.000000,0.000000,0.000000,13.000000,0.000000,0.515372,0.579999,,,,7.150201,7.150201,,16.800279,,,,,,903.822387,0.066146,0.000000,0.000000,0.000000,,-459.670013,1000.000000,,0.000000,0.000000,,,,0.047038,"UNDEFINED",0.000000,0.997568,0.000000,,,,,"","",,,,7.150201,,0.000000,,0.000000,,,0.000000,0.000000,"",,,0.000000,,-1.000000,,0.000000,0.000000,-1.000000,-1.000000,,,,,,,,,,,"",,,,,,,,,,"Volumetric",,,,,,,,,,0.000000,,,,,,,,,,0.000000,0.000000,,,,,,,,,,,,
"2FB1F87C","Nodes",1121346.750000,1678280.250000,1313.064347,"Default Known Flow Node",69.999969,0.579999,1000.000000,0.000000,"Known Flow",0.000000,0.000000,2.16999993085665e-07,40.000000,0.579999,1000.000000,0.000000,0.000000,13.000000,0.000000,0.515372,0.579999,,,,7.150303,7.150303,,16.800279,,,,,,903.822387,0.066146,0.000000,0.000000,0.000000,,-459.670013,1000.000000,,0.000000,0.000000,,,,0.047038,"UNDEFINED",0.000000,0.997568,0.000000,,,,,"","",,,,7.150303,,0.000000,,0.000000,,,0.000000,0.000000,"",,,0.000000,,-1.000000,,0.000000,0.000000,-1.000000,-1.000000,,,,,,,,,,,"",,,,,,,,,,"Volumetric",,,,,,,,,,0.000000,,,,,,,,,,0.000000,0.000000,,,,,,,,,,,,
"2FB24E04","Nodes",1121432.341727,1678391.552404,1313.064347,"Default Known Flow Node",69.999969,0.579999,1000.000000,0.000000,"Known Flow",0.000000,0.000000,2.16999993085665e-07,40.000000,0.579999,1000.000000,0.000000,0.000000,13.000000,0.000000,0.515372,0.579999,,,,7.150134,7.150134,,16.800279,,,,,,903.822387,0.066146,0.000000,0.000000,0.000000,,-459.670013,1000.000000,,0.000000,0.000000,,,,0.047038,"UNDEFINED",0.000000,0.997568,0.000000,,,,,"","",,,,7.150134,,0.000000,,0.000000,,,0.000000,0.000000,"",,,0.000000,,-1.000000,,0.000000,0.000000,-1.000000,-1.000000,,,,,,,,,,,"",,,,,,,,,,"Volumetric",,,,,,,,,,0.000000,,,,,,,,,,0.000000,0.000000,,,,,,,,,,,,
"Q3No286","Nodes",1121428.606531,1678392.647037,1313.064347,"Default Known Flow Node",69.999969,0.579999,1000.000000,0.000000,"Known Flow",0.000000,0.000000,2.16999993085665e-07,40.000000,0.579999,1000.000000,0.000000,0.000000,13.000000,0.000000,0.515372,0.579999,,,,7.150134,7.150134,,16.800279,,,,,,903.822387,0.066146,0.000000,0.000000,0.000000,,-459.670013,1000.000000,,0.000000,0.000000,,,,0.047038,"UNDEFINED",0.000000,0.997568,0.000000,,,,,"","",,,,7.150134,,0.000000,,0.000000,,,0.000000,0.000000,"",,,0.000000,,-1.000000,,0.000000,0.000000,0.000000,-1.000000,,,,,,,,,,,"",,,,,,,,,,"Volumetric",,,,,,,,,,0.000000,,,,,,,,,,0.000000,0.000000,,,,,,,,,,,,
"2FB25E0C","Nodes",1121378.620000,1678413.120000,1313.064347,"Default Known Flow Node",69.999969,0.579999,1000.000000,0.000000,"Known Flow",0.000000,0.000000,2.16999993085665e-07,40.000000,0.579999,1000.000000,0.000000,0.000000,13.000000,0.000000,0.515372,0.579999,,,,7.150057,7.150057,,16.800279,,,,,,903.822387,0.066146,0.000000,0.000000,0.000000,,-459.670013,1000.000000,,0.000000,0.000000,,,,0.047038,"SETFLOW",0.000000,0.997568,0.000000,,,,,"","",,,,7.150057,,0.000000,,0.000000,,,0.000000,0.000000,"",,,0.000000,,-1.000000,,0.000000,0.000000,-1.000000,-1.000000,,,,,,,,,,,"",,,,,,,,,,"Volumetric",,,,,,,,,,-0.011834,,,,,,,,,,-0.011834,-0.000284,,,,,,,,,,,,
"2FAF6638","Nodes",1121383.500000,1678411.870000,1313.064347,"Default Known Flow Node",69.999969,0.579999,1000.000000,0.000000,"Known Flow",0.000000,0.000000,2.16999993085665e-07,40.000000,0.579999,1000.000000,0.000000,0.000000,13.000000,0.000000,0.515372,0.579999,,,,7.150063,7.150063,,16.800279,,,,,,903.822387,0.066146,0.000000,0.000000,0.000000,,-459.670013,1000.000000,,0.000000,0.000000,,,,0.047038,"UNDEFINED",0.000000,0.997568,0.000000,,,,,"","",,,,7.150063,,0.000000,,0.000000,,,0.000000,0.000000,"",,,0.000000,,-1.000000,,0.000000,0.000000,-1.000000,-1.000000,,,,,,,,,,,"",,,,,,,,,,"Volumetric",,,,,,,,,,0.000000,,,,,,,,,,0.000000,0.000000,,,,,,,,,,,,
"2FB25E0B","Nodes",1121379.870000,1678418.250000,1313.064347,"Default Known Flow Node",69.999969,0.579999,1000.000000,0.000000,"Known Flow",0.000000,0.000000,2.16999993085665e-07,40.000000,0.579999,1000.000000,0.000000,0.000000,13.000000,0.000000,0.515372,0.579999,,,,7.150057,7.150057,,16.800279,,,,,,903.822387,0.066146,0.000000,0.000000,0.000000,,-459.670013,1000.000000,,0.000000,0.000000,,,,0.047038,"UNDEFINED",0.000000,0.997568,0.000000,,,,,"","",,,,7.150057,,0.000000,,0.000000,,,0.000000,0.000000,"",,,0.000000,,-1.000000,,0.000000,0.000000,-1.000000,-1.000000,,,,,,,,,,,"",,,,,,,,,,"Volumetric",,,,,,,,,,0.000000,,,,,,,,,,0.000000,0.000000,,,,,,,,,,,,
"2FB25E06","Nodes",1121300.250000,1678433.250000,1313.064347,"Default Known Flow Node",69.999969,0.579999,1000.000000,0.000000,"Known Flow",0.000000,0.000000,2.16999993085665e-07,40.000000,0.579999,1000.000000,0.000000,0.000000,13.000000,0.000000,0.515372,0.579999,,,,7.143389,7.143389,,16.800279,,,,,,903.822387,0.066146,0.000000,0.000000,0.000000,,-459.670013,1000.000000,,0.000000,0.000000,,,,0.047037,"SETFLOW",0.000000,0.997568,0.000000,,,,,"","",,,,7.143389,,0.000000,,0.000000,,,0.000000,0.000000,"",,,0.000000,,-1.000000,,0.000000,0.000000,-1.000000,-1.000000,,,,,,,,,,,"",,,,,,,,,,"Volumetric",,,,,,,,,,-0.011834,,,,,,,,,,-0.011834,-0.000284,,,,,,,,,,,,
"2FB87270","Nodes",1122344.000000,1668198.120000,1313.064347,"Default Known Flow Node",69.999969,0.579999,1000.000000,0.000000,"Known Flow",0.000000,0.000000,2.16999993085665e-07,40.000000,0.579999,1000.000000,0.000000,0.000000,13.000000,0.000000,0.515380,0.579999,,,,8.608542,8.608542,,16.800279,,,,,,903.822387,0.066145,0.000000,0.000000,0.000000,,-459.670013,1000.000000,,0.000000,0.000000,,,,0.047204,"UNDEFINED",0.000000,0.997559,0.000000,,,,,"","",,,,8.608542,,0.000000,,0.000000,,,0.000000,0.000000,"",,,0.000000,,-1.000000,,0.000000,0.000000,-1.000000,-1.000000,,,,,,,,,,,"",,,,,,,,,,"Volumetric",,,,,,,,,,0.000000,,,,,,,,,,0.000000,0.000000,,,,,,,,,,,,
"0BEC4A69","Nodes",1122386.120000,1668194.370000,1313.064347,"Default Known Flow Node",69.999969,0.579999,1000.000000,0.000000,"Known Flow",0.000000,0.000000,2.16999993085665e-07,40.000000,0.579999,1000.000000,0.000000,0.000000,13.000000,0.000000,0.515380,0.579999,,,,8.608525,8.608525,,16.800279,,,,,,903.822387,0.066145,0.000000,0.000000,0.000000,,-459.670013,1000.000000,,0.000000,0.000000,,,,0.047204,"SETFLOW",0.000000,0.997559,0.000000,,,,,"","",,,,8.608525,,0.000000,,0.000000,,,0.000000,0.000000,"",,,0.000000,,-1.000000,,0.000000,0.000000,-1.000000,-1.000000,,,,,,,,,,,"",,,,,,,,,,"Volumetric",,,,,,,,,,-0.011138,,,,,,,,,,-0.011138,-0.000267,,,,,,,,,,,,
"0BEC4A6A","Nodes",1122394.870000,1668195.120000,1313.064347,"Default Known Flow Node",69.999969,0.579999,1000.000000,0.000000,"Known Flow",0.000000,0.000000,2.16999993085665e-07,40.000000,0.579999,1000.000000,0.000000,0.000000,13.000000,0.000000,0.515380,0.579999,,,,8.608516,8.608516,,16.800279,,,,,,903.822387,0.066145,0.000000,0.000000,0.000000,,-459.670013,1000.000000,,0.000000,0.000000,,,,0.047204,"SETFLOW",0.000000,0.997559,0.000000,,,,,"","",,,,8.608516,,0.000000,,0.000000,,,0.000000,0.000000,"",,,0.000000,,-1.000000,,0.000000,0.000000,-1.000000,-1.000000,,,,,,,,,,,"",,,,,,,,,,"Volumetric",,,,,,,,,,-0.032759,,,,,,,,,,-0.032759,-0.000786,,,,,,,,,,,,
"0BEC4A68","Nodes",1122537.620000,1668479.000000,1313.064347,"Default Known Flow Node",69.999969,0.579999,1000.000000,0.000000,"Known Flow",0.000000,0.000000,2.16999993085665e-07,40.000000,0.579999,1000.000000,0.000000,0.000000,13.000000,0.000000,0.515380,0.579999,,,,8.607922,8.607922,,16.800279,,,,,,903.822387,0.066145,0.000000,0.000000,0.000000,,-459.670013,1000.000000,,0.000000,0.000000,,,,0.047204,"SETFLOW",0.000000,0.997559,0.000000,,,,,"","",,,,8.607922,,0.000000,,0.000000,,,0.000000,0.000000,"",,,0.000000,,-1.000000,,0.000000,0.000000,-1.000000,-1.000000,,,,,,,,,,,"",,,,,,,,,,"Volumetric",,,,,,,,,,-0.003275,,,,,,,,,,-0.003276,-0.000078,,,,,,,,,,,,
"0BEC4AE6","Nodes",1122336.120000,1669303.750000,1313.064347,"Default Known Flow Node",69.999969,0.579999,1000.000000,0.000000,"Known Flow",0.000000,0.000000,2.16999993085665e-07,40.000000,0.579999,1000.000000,0.000000,0.000000,13.000000,0.000000,0.515380,0.579999,,,,8.644450,8.644450,,16.800279,,,,,,903.822387,0.066145,0.000000,0.000000,0.000000,,-459.670013,1000.000000,,0.000000,0.000000,,,,0.047208,"SETFLOW",0.000000,0.997559,0.000000,,,,,"","",,,,8.644450,,0.000000,,0.000000,,,0.000000,0.000000,"",,,0.000000,,-1.000000,,0.000000,0.000000,-1.000000,-1.000000,,,,,,,,,,,"",,,,,,,,,,"Volumetric",,,,,,,,,,-0.000655,,,,,,,,,,-0.000655,-0.000015,,,,,,,,,,,,
"0BEC4AE7","Nodes",1122335.620000,1669298.750000,1313.064347,"Default Known Flow Node",69.999969,0.579999,1000.000000,0.000000,"Known Flow",0.000000,0.000000,2.16999993085665e-07,40.000000,0.579999,1000.000000,0.000000,0.000000,13.000000,0.000000,0.515380,0.579999,,,,8.644364,8.644364,,16.800279,,,,,,903.822387,0.066145,0.000000,0.000000,0.000000,,-459.670013,1000.000000,,0.000000,0.000000,,,,0.047208,"SETFLOW",0.000000,0.997559,0.000000,,,,,"","",,,,8.644364,,0.000000,,0.000000,,,0.000000,0.000000,"",,,0.000000,,-1.000000,,0.000000,0.000000,-1.000000,-1.000000,,,,,,,,,,,"",,,,,,,,,,"Volumetric",,,,,,,,,,-0.006551,,,,,,,,,,-0.006551,-0.000157,,,,,,,,,,,,
"0BEC4AE5","Nodes",1122336.750000,1669309.370000,1313.064347,"Default Known Flow Node",69.999969,0.579999,1000.000000,0.000000,"Known Flow",0.000000,0.000000,2.16999993085665e-07,40.000000,0.579999,1000.000000,0.000000,0.000000,13.000000,0.000000,0.515380,0.579999,,,,8.644561,8.644561,,16.800279,,,,,,903.822387,0.066145,0.000000,0.000000,0.000000,,-459.670013,1000.000000,,0.000000,0.000000,,,,0.047208,"SETFLOW",0.000000,0.997559,0.000000,,,,,"","",,,,8.644561,,0.000000,,0.000000,,,0.000000,0.000000,"",,,0.000000,,-1.000000,,0.000000,0.000000,-1.000000,-1.000000,,,,,,,,,,,"",,,,,,,,,,"Volumetric",,,,,,,,,,-0.005241,,,,,,,,,,-0.005241,-0.000125,,,,,,,,,,,,
"0BEC4B4B","Nodes",1122361.250000,1670000.000000,1313.064347,"Default Known Flow Node",69.999969,0.579999,1000.000000,0.000000,"Known Flow",0.000000,0.000000,2.16999993085665e-07,40.000000,0.579999,1000.000000,0.000000,0.000000,13.000000,0.000000,0.515380,0.579999,,,,8.649171,8.649171,,16.800279,,,,,,903.822387,0.066145,0.000000,0.000000,0.000000,,-459.670013,1000.000000,,0.000000,0.000000,,,,0.047208,"SETFLOW",0.000000,0.997559,0.000000,,,,,"","",,,,8.649171,,0.000000,,0.000000,,,0.000000,0.000000,"",,,0.000000,,-1.000000,,0.000000,0.000000,-1.000000,-1.000000,,,,,,,,,,,"",,,,,,,,,,"Volumetric",,,,,,,,,,-0.006551,,,,,,,,,,-0.006551,-0.000157,,,,,,,,,,,,
"0BEC4AE4","Nodes",1122353.120000,1669568.750000,1313.064347,"Default Known Flow Node",69.999969,0.579999,1000.000000,0.000000,"Known Flow",0.000000,0.000000,2.16999993085665e-07,40.000000,0.579999,1000.000000,0.000000,0.000000,13.000000,0.000000,0.515380,0.579999,,,,8.648458,8.648458,,16.800279,,,,,,903.822387,0.066145,0.000000,0.000000,0.000000,,-459.670013,1000.000000,,0.000000,0.000000,,,,0.047208,"SETFLOW",0.000000,0.997559,0.000000,,,,,"","",,,,8.648458,,0.000000,,0.000000,,,0.000000,0.000000,"",,,0.000000,,-1.000000,,0.000000,0.000000,-1.000000,-1.000000,,,,,,,,,,,"",,,,,,,,,,"Volumetric",,,,,,,,,,-0.009827,,,,,,,,,,-0.009827,-0.000235,,,,,,,,,,,,
"0BEC5427","Nodes",1122360.370000,1670004.870000,1313.064347,"Default Known Flow Node",69.999969,0.579999,1000.000000,0.000000,"Known Flow",0.000000,0.000000,2.16999993085665e-07,40.000000,0.579999,1000.000000,0.000000,0.000000,13.000000,0.000000,0.515380,0.579999,,,,8.649179,8.649179,,16.800279,,,,,,903.822387,0.066145,0.000000,0.000000,0.000000,,-459.670013,1000.000000,,0.000000,0.000000,,,,0.047208,"UNDEFINED",0.000000,0.997559,0.000000,,,,,"","",,,,8.649179,,0.000000,,0.000000,,,0.000000,0.000000,"",,,0.000000,,-1.000000,,0.000000,0.000000,-1.000000,-1.000000,,,,,,,,,,,"",,,,,,,,,,"Volumetric",,,,,,,,,,0.000000,,,,,,,,,,0.000000,0.000000,,,,,,,,,,,,
"0BEC0FFF","Nodes",1122361.370000,1670024.250000,1313.064347,"Default Known Flow Node",69.999969,0.579999,1000.000000,0.000000,"Known Flow",0.000000,0.000000,2.16999993085665e-07,40.000000,0.579999,1000.000000,0.000000,0.000000,13.000000,0.000000,0.515380,0.579999,,,,8.649179,8.649179,,16.800279,,,,,,903.822387,0.066145,0.000000,0.000000,0.000000,,-459.670013,1000.000000,,0.000000,0.000000,,,,0.047208,"UNDEFINED",0.000000,0.997559,0.000000,,,,,"","",,,,8.649179,,0.000000,,0.000000,,,0.000000,0.000000,"",,,0.000000,,-1.000000,,0.000000,0.000000,-1.000000,-1.000000,,,,,,,,,,,"",,,,,,,,,,"Volumetric",,,,,,,,,,0.000000,,,,,,,,,,0.000000,0.000000,,,,,,,,,,,,
"0BEC544C","Nodes",1122367.120000,1670137.250000,1313.064347,"Default Known Flow Node",69.999969,0.579999,1000.000000,0.000000,"Known Flow",0.000000,0.000000,2.16999993085665e-07,40.000000,0.579999,1000.000000,0.000000,0.000000,13.000000,0.000000,0.515380,0.579999,,,,8.649179,8.649179,,16.800279,,,,,,903.822387,0.066145,0.000000,0.000000,0.000000,,-459.670013,1000.000000,,0.000000,0.000000,,,,0.047208,"UNDEFINED",0.000000,0.997559,0.000000,,,,,"","",,,,8.649179,,0.000000,,0.000000,,,0.000000,0.000000,"",,,0.000000,,-1.000000,,0.000000,0.000000,-1.000000,-1.000000,,,,,,,,,,,"",,,,,,,,,,"Volumetric",,,,,,,,,,0.000000,,,,,,,,,,0.000000,0.000000,,,,,,,,,,,,
"0BEC544D","Nodes",1122168.470745,1670275.010189,1313.064347,"Default Known Flow Node",69.999969,0.579999,1000.000000,0.000000,"Known Flow",0.000000,0.000000,2.16999993085665e-07,40.000000,0.579999,1000.000000,0.000000,0.000000,13.000000,0.000000,0.515380,0.579999,,,,8.650681,8.650681,,16.800279,,,,,,903.822387,0.066145,0.000000,0.000000,0.000000,,-459.670013,1000.000000,,0.000000,0.000000,,,,0.047208,"UNDEFINED",0.000000,0.997559,0.000000,,,,,"","",,,,8.650681,,0.000000,,0.000000,,,0.000000,0.000000,"",,,0.000000,,-1.000000,,0.000000,0.000000,-1.000000,-1.000000,,,,,,,,,,,"",,,,,,,,,,"Volumetric",,,,,,,,,,0.000000,,,,,,,,,,0.000000,0.000000,,,,,,,,,,,,
"0BEC5476","Nodes",1122522.750000,1671140.000000,1313.064347,"Default Known Flow Node",69.999969,0.579999,1000.000000,0.000000,"Known Flow",0.000000,0.000000,2.16999993085665e-07,40.000000,0.579999,1000.000000,0.000000,0.000000,13.000000,0.000000,0.515378,0.579999,,,,8.286895,8.286895,,16.800279,,,,,,903.822387,0.066146,0.000000,0.000000,0.000000,,-459.670013,1000.000000,,0.000000,0.000000,,,,0.047167,"SETFLOW",0.000000,0.997561,0.000000,,,,,"","",,,,8.286895,,0.000000,,0.000000,,,0.000000,0.000000,"",,,0.000000,,-1.000000,,0.000000,0.000000,-1.000000,-1.000000,,,,,,,,,,,"",,,,,,,,,,"Volumetric",,,,,,,,,,-0.003275,,,,,,,,,,-0.003276,-0.000078,,,,,,,,,,,,
"0BEC5477","Nodes",1122528.000000,1671117.250000,1313.064347,"Default Known Flow Node",69.999969,0.579999,1000.000000,0.000000,"Known Flow",0.000000,0.000000,2.16999993085665e-07,40.000000,0.579999,1000.000000,0.000000,0.000000,13.000000,0.000000,0.515378,0.579999,,,,8.286895,8.286895,,16.800279,,,,,,903.822387,0.066146,0.000000,0.000000,0.000000,,-459.670013,1000.000000,,0.000000,0.000000,,,,0.047167,"SETFLOW",0.000000,0.997561,0.000000,,,,,"","",,,,8.286895,,0.000000,,0.000000,,,0.000000,0.000000,"",,,0.000000,,-1.000000,,0.000000,0.000000,-1.000000,-1.000000,,,,,,,,,,,"",,,,,,,,,,"Volumetric",,,,,,,,,,-0.000655,,,,,,,,,,-0.000655,-0.000015,,,,,,,,,,,,
"0BEC5475","Nodes",1122510.750000,1671192.120000,1313.064347,"Default Known Flow Node",69.999969,0.579999,1000.000000,0.000000,"Known Flow",0.000000,0.000000,2.16999993085665e-07,40.000000,0.579999,1000.000000,0.000000,0.000000,13.000000,0.000000,0.515378,0.579999,,,,8.286900,8.286900,,16.800279,,,,,,903.822387,0.066146,0.000000,0.000000,0.000000,,-459.670013,1000.000000,,0.000000,0.000000,,,,0.047167,"SETFLOW",0.000000,0.997561,0.000000,,,,,"","",,,,8.286900,,0.000000,,0.000000,,,0.000000,0.000000,"",,,0.000000,,-1.000000,,0.000000,0.000000,-1.000000,-1.000000,,,,,,,,,,,"",,,,,,,,,,"Volumetric",,,,,,,,,,-0.003275,,,,,,,,,,-0.003276,-0.000078,,,,,,,,,,,,
"0BEC5474","Nodes",1122484.250000,1671306.250000,1313.064347,"Default Known Flow Node",69.999969,0.579999,1000.000000,0.000000,"Known Flow",0.000000,0.000000,2.16999993085665e-07,40.000000,0.579999,1000.000000,0.000000,0.000000,13.000000,0.000000,0.515378,0.579999,,,,8.286928,8.286928,,16.800279,,,,,,903.822387,0.066146,0.000000,0.000000,0.000000,,-459.670013,1000.000000,,0.000000,0.000000,,,,0.047167,"SETFLOW",0.000000,0.997561,0.000000,,,,,"","",,,,8.286928,,0.000000,,0.000000,,,0.000000,0.000000,"",,,0.000000,,-1.000000,,0.000000,0.000000,-1.000000,-1.000000,,,,,,,,,,,"",,,,,,,,,,"Volumetric",,,,,,,,,,-0.000655,,,,,,,,,,-0.000655,-0.000015,,,,,,,,,,,,
"0BEC54B4","Nodes",1122467.500000,1671379.000000,1313.064347,"Default Known Flow Node",69.999969,0.579999,1000.000000,0.000000,"Known Flow",0.000000,0.000000,2.16999993085665e-07,40.000000,0.579999,1000.000000,0.000000,0.000000,13.000000,0.000000,0.515378,0.579999,,,,8.286951,8.286951,,16.800279,,,,,,903.822387,0.066146,0.000000,0.000000,0.000000,,-459.670013,1000.000000,,0.000000,0.000000,,,,0.047167,"SETFLOW",0.000000,0.997561,0.000000,,,,,"","",,,,8.286951,,0.000000,,0.000000,,,0.000000,0.000000,"",,,0.000000,,-1.000000,,0.000000,0.000000,-1.000000,-1.000000,,,,,,,,,,,"",,,,,,,,,,"Volumetric",,,,,,,,,,-0.003275,,,,,,,,,,-0.003276,-0.000078,,,,,,,,,,,,
"0BEC54DE","Nodes",1122452.250000,1671449.870000,1313.064347,"Default Known Flow Node",69.999969,0.579999,1000.000000,0.000000,"Known Flow",0.000000,0.000000,2.16999993085665e-07,40.000000,0.579999,1000.000000,0.000000,0.000000,13.000000,0.000000,0.515378,0.579999,,,,8.286986,8.286986,,16.800279,,,,,,903.822387,0.066146,0.000000,0.000000,0.000000,,-459.670013,1000.000000,,0.000000,0.000000,,,,0.047167,"SETFLOW",0.000000,0.997561,0.000000,,,,,"","",,,,8.286986,,0.000000,,0.000000,,,0.000000,0.000000,"",,,0.000000,,-1.000000,,0.000000,0.000000,-1.000000,-1.000000,,,,,,,,,,,"",,,,,,,,,,"Volumetric",,,,,,,,,,-0.001965,,,,,,,,,,-0.001965,-0.000047,,,,,,,,,,,,
"2FB22643","Nodes",1122450.250000,1671459.000000,1313.064347,"Default Known Flow Node",69.999969,0.579999,1000.000000,0.000000,"Known Flow",0.000000,0.000000,2.16999993085665e-07,40.000000,0.579999,1000.000000,0.000000,0.000000,13.000000,0.000000,0.515378,0.579999,,,,8.286992,8.286992,,16.800279,,,,,,903.822387,0.066146,0.000000,0.000000,0.000000,,-459.670013,1000.000000,,0.000000,0.000000,,,,0.047167,"SETFLOW",0.000000,0.997561,0.000000,,,,,"","",,,,8.286992,,0.000000,,0.000000,,,0.000000,0.000000,"",,,0.000000,,-1.000000,,0.000000,0.000000,-1.000000,-1.000000,,,,,,,,,,,"",,,,,,,,,,"Volumetric",,,,,,,,,,-0.003275,,,,,,,,,,-0.003276,-0.000078,,,,,,,,,,,,
"0BEC54DC","Nodes",1122379.620000,1671770.620000,1313.064347,"Default Known Flow Node",69.999969,0.579999,1000.000000,0.000000,"Known Flow",0.000000,0.000000,2.16999993085665e-07,40.000000,0.579999,1000.000000,0.000000,0.000000,13.000000,0.000000,0.515378,0.579999,,,,8.286835,8.286835,,16.800279,,,,,,903.822387,0.066146,0.000000,0.000000,0.000000,,-459.670013,1000.000000,,0.000000,0.000000,,,,0.047167,"SETFLOW",0.000000,0.997561,0.000000,,,,,"","",,,,8.286835,,0.000000,,0.000000,,,0.000000,0.000000,"",,,0.000000,,-1.000000,,0.000000,0.000000,-1.000000,-1.000000,,,,,,,,,,,"",,,,,,,,,,"Volumetric",,,,,,,,,,-0.006449,,,,,,,,,,-0.006449,-0.000154,,,,,,,,,,,,
"0BEC54D6","Nodes",1122540.370000,1672214.250000,1313.064347,"Default Known Flow Node",69.999969,0.579999,1000.000000,0.000000,"Known Flow",0.000000,0.000000,2.16999993085665e-07,40.000000,0.579999,1000.000000,0.000000,0.000000,13.000000,0.000000,0.515378,0.579999,,,,8.254117,8.254117,,16.800279,,,,,,903.822387,0.066146,0.000000,0.000000,0.000000,,-459.670013,1000.000000,,0.000000,0.000000,,,,0.047163,"SETFLOW",0.000000,0.997561,0.000000,,,,,"","",,,,8.254117,,0.000000,,0.000000,,,0.000000,0.000000,"",,,0.000000,,-1.000000,,0.000000,0.000000,-1.000000,-1.000000,,,,,,,,,,,"",,,,,,,,,,"Volumetric",,,,,,,,,,-0.001965,,,,,,,,,,-0.001965,-0.000047,,,,,,,,,,,,
"0BEC54D5","Nodes",1122501.250000,1672387.750000,1313.064347,"Default Known Flow Node",69.999969,0.579999,1000.000000,0.000000,"Known Flow",0.000000,0.000000,2.16999993085665e-07,40.000000,0.579999,1000.000000,0.000000,0.000000,13.000000,0.000000,0.515378,0.579999,,,,8.269337,8.269337,,16.800279,,,,,,903.822387,0.066146,0.000000,0.000000,0.000000,,-459.670013,1000.000000,,0.000000,0.000000,,,,0.047165,"SETFLOW",0.000000,0.997561,0.000000,,,,,"","",,,,8.269337,,0.000000,,0.000000,,,0.000000,0.000000,"",,,0.000000,,-1.000000,,0.000000,0.000000,-1.000000,-1.000000,,,,,,,,,,,"",,,,,,,,,,"Volumetric",,,,,,,,,,-0.000655,,,,,,,,,,-0.000655,-0.000015,,,,,,,,,,,,
"0BEC54D4","Nodes",1122494.250000,1672417.620000,1313.064347,"Default Known Flow Node",69.999969,0.579999,1000.000000,0.000000,"Known Flow",0.000000,0.000000,2.16999993085665e-07,40.000000,0.579999,1000.000000,0.000000,0.000000,13.000000,0.000000,0.515378,0.579999,,,,8.279083,8.279083,,16.800279,,,,,,903.822387,0.066146,0.000000,0.000000,0.000000,,-459.670013,1000.000000,,0.000000,0.000000,,,,0.047166,"UNDEFINED",0.000000,0.997561,0.000000,,,,,"","",,,,8.279083,,0.000000,,0.000000,,,0.000000,0.000000,"",,,0.000000,,-1.000000,,0.000000,0.000000,-1.000000,-1.000000,,,,,,,,,,,"",,,,,,,,,,"Volumetric",,,,,,,,,,0.000000,,,,,,,,,,0.000000,0.000000,,,,,,,,,,,,
"0BEC54D1","Nodes",1122493.620000,1672420.370000,1313.064347,"Default Known Flow Node",69.999969,0.579999,1000.000000,0.000000,"Known Flow",0.000000,0.000000,2.16999993085665e-07,40.000000,0.579999,1000.000000,0.000000,0.000000,13.000000,0.000000,0.515378,0.579999,,,,8.280057,8.280057,,16.800279,,,,,,903.822387,0.066146,0.000000,0.000000,0.000000,,-459.670013,1000.000000,,0.000000,0.000000,,,,0.047166,"SETFLOW",0.000000,0.997561,0.000000,,,,,"","",,,,8.280057,,0.000000,,0.000000,,,0.000000,0.000000,"",,,0.000000,,-1.000000,,0.000000,0.000000,-1.000000,-1.000000,,,,,,,,,,,"",,,,,,,,,,"Volumetric",,,,,,,,,,-0.001965,,,,,,,,,,-0.001965,-0.000047,,,,,,,,,,,,
"0BEC54FA","Nodes",1122414.120000,1672760.120000,1313.064347,"Default Known Flow Node",69.999969,0.579999,1000.000000,0.000000,"Known Flow",0.000000,0.000000,2.16999993085665e-07,40.000000,0.579999,1000.000000,0.000000,0.000000,13.000000,0.000000,0.515379,0.579999,,,,8.393357,8.393357,,16.800279,,,,,,903.822387,0.066146,0.000000,0.000000,0.000000,,-459.670013,1000.000000,,0.000000,0.000000,,,,0.047179,"SETFLOW",0.000000,0.997560,0.000000,,,,,"","",,,,8.393357,,0.000000,,0.000000,,,0.000000,0.000000,"",,,0.000000,,-1.000000,,0.000000,0.000000,-1.000000,-1.000000,,,,,,,,,,,"",,,,,,,,,,"Volumetric",,,,,,,,,,-0.001965,,,,,,,,,,-0.001965,-0.000047,,,,,,,,,,,,
"0BEC5519","Nodes",1122372.000000,1672942.620000,1313.064347,"Default Known Flow Node",69.999969,0.579999,1000.000000,0.000000,"Known Flow",0.000000,0.000000,2.16999993085665e-07,40.000000,0.579999,1000.000000,0.000000,0.000000,13.000000,0.000000,0.515379,0.579999,,,,8.454044,8.454044,,16.800279,,,,,,903.822387,0.066146,0.000000,0.000000,0.000000,,-459.670013,1000.000000,,0.000000,0.000000,,,,0.047186,"SETFLOW",0.000000,0.997560,0.000000,,,,,"","",,,,8.454044,,0.000000,,0.000000,,,0.000000,0.000000,"",,,0.000000,,-1.000000,,0.000000,0.000000,-1.000000,-1.000000,,,,,,,,,,,"",,,,,,,,,,"Volumetric",,,,,,,,,,-0.002456,,,,,,,,,,-0.002457,-0.000058,,,,,,,,,,,,
"0BEC551A","Nodes",1122369.500000,1672941.620000,1313.064347,"Default Known Flow Node",69.999969,0.579999,1000.000000,0.000000,"Known Flow",0.000000,0.000000,2.16999993085665e-07,40.000000,0.579999,1000.000000,0.000000,0.000000,13.000000,0.000000,0.515379,0.579999,,,,8.454043,8.454043,,16.800279,,,,,,903.822387,0.066146,0.000000,0.000000,0.000000,,-459.670013,1000.000000,,0.000000,0.000000,,,,0.047186,"UNDEFINED",0.000000,0.997560,0.000000,,,,,"","",,,,8.454043,,0.000000,,0.000000,,,0.000000,0.000000,"",,,0.000000,,-1.000000,,0.000000,0.000000,-1.000000,-1.000000,,,,,,,,,,,"",,,,,,,,,,"Volumetric",,,,,,,,,,0.000000,,,,,,,,,,0.000000,0.000000,,,,,,,,,,,,
"0BEC5517","Nodes",1122383.370000,1674032.620000,1313.064347,"Default Known Flow Node",69.999969,0.579999,1000.000000,0.000000,"Known Flow",0.000000,0.000000,2.16999993085665e-07,40.000000,0.579999,1000.000000,0.000000,0.000000,13.000000,0.000000,0.515380,0.579999,,,,8.579112,8.579112,,16.800279,,,,,,903.822387,0.066145,0.000000,0.000000,0.000000,,-459.670013,1000.000000,,0.000000,0.000000,,,,0.047200,"SETFLOW",0.000000,0.997559,0.000000,,,,,"","",,,,8.579112,,0.000000,,0.000000,,,0.000000,0.000000,"",,,0.000000,,-1.000000,,0.000000,0.000000,-1.000000,-1.000000,,,,,,,,,,,"",,,,,,,,,,"Volumetric",,,,,,,,,,-0.004826,,,,,,,,,,-0.004826,-0.000115,,,,,,,,,,,,
"0BEC5516","Nodes",1122394.500000,1674036.620000,1313.064347,"Default Known Flow Node",69.999969,0.579999,1000.000000,0.000000,"Known Flow",0.000000,0.000000,2.16999993085665e-07,40.000000,0.579999,1000.000000,0.000000,0.000000,13.000000,0.000000,0.515380,0.579999,,,,8.579112,8.579112,,16.800279,,,,,,903.822387,0.066145,0.000000,0.000000,0.000000,,-459.670013,1000.000000,,0.000000,0.000000,,,,0.047200,"SETFLOW",0.000000,0.997559,0.000000,,,,,"","",,,,8.579112,,0.000000,,0.000000,,,0.000000,0.000000,"",,,0.000000,,-1.000000,,0.000000,0.000000,-1.000000,-1.000000,,,,,,,,,,,"",,,,,,,,,,"Volumetric",,,,,,,,,,-0.001608,,,,,,,,,,-0.001608,-0.000038,,,,,,,,,,,,
"0BEC557F","Nodes",1122359.750000,1674140.000000,1313.064347,"Default Known Flow Node",69.999969,0.579999,1000.000000,0.000000,"Known Flow",0.000000,0.000000,2.16999993085665e-07,40.000000,0.579999,1000.000000,0.000000,0.000000,13.000000,0.000000,0.515379,0.579999,,,,8.511144,8.511144,,16.800279,,,,,,903.822387,0.066146,0.000000,0.000000,0.000000,,-459.670013,1000.000000,,0.000000,0.000000,,,,0.047193,"SETFLOW",0.000000,0.997560,0.000000,,,,,"","",,,,8.511144,,0.000000,,0.000000,,,0.000000,0.000000,"",,,0.000000,,-1.000000,,0.000000,0.000000,-1.000000,-1.000000,,,,,,,,,,,"",,,,,,,,,,"Volumetric",,,,,,,,,,-0.004826,,,,,,,,,,-0.004826,-0.000115,,,,,,,,,,,,
"0BEC553E","Nodes",1122367.870000,1674105.120000,1313.064347,"Default Known Flow Node",69.999969,0.579999,1000.000000,0.000000,"Known Flow",0.000000,0.000000,2.16999993085665e-07,40.000000,0.579999,1000.000000,0.000000,0.000000,13.000000,0.000000,0.515379,0.579999,,,,8.511144,8.511144,,16.800279,,,,,,903.822387,0.066146,0.000000,0.000000,0.000000,,-459.670013,1000.000000,,0.000000,0.000000,,,,0.047193,"UNDEFINED",0.000000,0.997560,0.000000,,,,,"","",,,,8.511144,,0.000000,,0.000000,,,0.000000,0.000000,"",,,0.000000,,-1.000000,,0.000000,0.000000,-1.000000,-1.000000,,,,,,,,,,,"",,,,,,,,,,"Volumetric",,,,,,,,,,0.000000,,,,,,,,,,0.000000,0.000000,,,,,,,,,,,,
"0BEC608E","Nodes",1122460.870000,1674856.750000,1313.064347,"Default Known Flow Node",69.999969,0.579999,1000.000000,0.000000,"Known Flow",0.000000,0.000000,2.16999993085665e-07,40.000000,0.579999,1000.000000,0.000000,0.000000,13.000000,0.000000,0.515379,0.579999,,,,8.434855,8.434855,,16.800279,,,,,,903.822387,0.066146,0.000000,0.000000,0.000000,,-459.670013,1000.000000,,0.000000,0.000000,,,,0.047184,"UNDEFINED",0.000000,0.997560,0.000000,,,,,"","",,,,8.434855,,0.000000,,0.000000,,,0.000000,0.000000,"",,,0.000000,,-1.000000,,0.000000,0.000000,-1.000000,-1.000000,,,,,,,,,,,"",,,,,,,,,,"Volumetric",,,,,,,,,,0.000000,,,,,,,,,,0.000000,0.000000,,,,,,,,,,,,
"0BEC60AD","Nodes",1122465.870000,1674834.500000,1313.064347,"Default Known Flow Node",69.999969,0.579999,1000.000000,0.000000,"Known Flow",0.000000,0.000000,2.16999993085665e-07,40.000000,0.579999,1000.000000,0.000000,0.000000,13.000000,0.000000,0.515379,0.579999,,,,8.434855,8.434855,,16.800279,,,,,,903.822387,0.066146,0.000000,0.000000,0.000000,,-459.670013,1000.000000,,0.000000,0.000000,,,,0.047184,"UNDEFINED",0.000000,0.997560,0.000000,,,,,"","",,,,8.434855,,0.000000,,0.000000,,,0.000000,0.000000,"",,,0.000000,,-1.000000,,0.000000,0.000000,-1.000000,-1.000000,,,,,,,,,,,"",,,,,,,,,,"Volumetric",,,,,,,,,,0.000000,,,,,,,,,,0.000000,0.000000,,,,,,,,,,,,
"0BEC60AE","Nodes",1122424.750000,1675018.500000,1313.064347,"Default Known Flow Node",69.999969,0.579999,1000.000000,0.000000,"Known Flow",0.000000,0.000000,2.16999993085665e-07,40.000000,0.579999,1000.000000,0.000000,0.000000,13.000000,0.000000,0.515379,0.579999,,,,8.414514,8.414514,,16.800279,,,,,,903.822387,0.066146,0.000000,0.000000,0.000000,,-459.670013,1000.000000,,0.000000,0.000000,,,,0.047182,"UNDEFINED",0.000000,0.997560,0.000000,,,,,"","",,,,8.414514,,0.000000,,0.000000,,,0.000000,0.000000,"",,,0.000000,,-1.000000,,0.000000,0.000000,-1.000000,-1.000000,,,,,,,,,,,"",,,,,,,,,,"Volumetric",,,,,,,,,,0.000000,,,,,,,,,,0.000000,0.000000,,,,,,,,,,,,
"0BEC60AF","Nodes",1122396.000000,1675147.000000,1313.064347,"Default Known Flow Node",69.999969,0.579999,1000.000000,0.000000,"Known Flow",0.000000,0.000000,2.16999993085665e-07,40.000000,0.579999,1000.000000,0.000000,0.000000,13.000000,0.000000,0.515379,0.579999,,,,8.398338,8.398338,,16.800279,,,,,,903.822387,0.066146,0.000000,0.000000,0.000000,,-459.670013,1000.000000,,0.000000,0.000000,,,,0.047180,"UNDEFINED",0.000000,0.997560,0.000000,,,,,"","",,,,8.398338,,0.000000,,0.000000,,,0.000000,0.000000,"",,,0.000000,,-1.000000,,0.000000,0.000000,-1.000000,-1.000000,,,,,,,,,,,"",,,,,,,,,,"Volumetric",,,,,,,,,,0.000000,,,,,,,,,,0.000000,0.000000,,,,,,,,,,,,
"0BEC60B0","Nodes",1122386.370000,1675189.370000,1313.064347,"Default Known Flow Node",69.999969,0.579999,1000.000000,0.000000,"Known Flow",0.000000,0.000000,2.16999993085665e-07,40.000000,0.579999,1000.000000,0.000000,0.000000,13.000000,0.000000,0.515379,0.579999,,,,8.393069,8.393069,,16.800279,,,,,,903.822387,0.066146,0.000000,0.000000,0.000000,,-459.670013,1000.000000,,0.000000,0.000000,,,,0.047179,"UNDEFINED",0.000000,0.997560,0.000000,,,,,"","",,,,8.393069,,0.000000,,0.000000,,,0.000000,0.000000,"",,,0.000000,,-1.000000,,0.000000,0.000000,-1.000000,-1.000000,,,,,,,,,,,"",,,,,,,,,,"Volumetric",,,,,,,,,,0.000000,,,,,,,,,,0.000000,0.000000,,,,,,,,,,,,
"0BEC608F","Nodes",1122323.500000,1675456.620000,1313.064347,"Default Known Flow Node",69.999969,0.579999,1000.000000,0.000000,"Known Flow",0.000000,0.000000,2.16999993085665e-07,40.000000,0.579999,1000.000000,0.000000,0.000000,13.000000,0.000000,0.515379,0.579999,,,,8.359368,8.359368,,16.800279,,,,,,903.822387,0.066146,0.000000,0.000000,0.000000,,-459.670013,1000.000000,,0.000000,0.000000,,,,0.047175,"UNDEFINED",0.000000,0.997560,0.000000,,,,,"","",,,,8.359368,,0.000000,,0.000000,,,0.000000,0.000000,"",,,0.000000,,-1.000000,,0.000000,0.000000,-1.000000,-1.000000,,,,,,,,,,,"",,,,,,,,,,"Volumetric",,,,,,,,,,0.000000,,,,,,,,,,0.000000,0.000000,,,,,,,,,,,,
"0BEC6140","Nodes",1122524.237471,1675868.026637,1313.064347,"Default Known Flow Node",69.999969,0.579999,1000.000000,0.000000,"Known Flow",0.000000,0.000000,2.16999993085665e-07,40.000000,0.579999,1000.000000,0.000000,0.000000,13.000000,0.000000,0.515379,0.579999,,,,8.388795,8.388795,,16.800279,,,,,,903.822387,0.066146,0.000000,0.000000,0.000000,,-459.670013,1000.000000,,0.000000,0.000000,,,,0.047179,"UNDEFINED",0.000000,0.997560,0.000000,,,,,"","",,,,8.388795,,0.000000,,0.000000,,,0.000000,0.000000,"",,,0.000000,,-1.000000,,0.000000,0.000000,-1.000000,-1.000000,,,,,,,,,,,"",,,,,,,,,,"Volumetric",,,,,,,,,,0.000000,,,,,,,,,,0.000000,0.000000,,,,,,,,,,,,
"2FB8138C","Nodes",1122417.000000,1675766.870000,1313.064347,"Default Known Flow Node",69.999969,0.579999,1000.000000,0.000000,"Known Flow",0.000000,0.000000,2.16999993085665e-07,40.000000,0.579999,1000.000000,0.000000,0.000000,13.000000,0.000000,0.515379,0.579999,,,,8.429038,8.429038,,16.800279,,,,,,903.822387,0.066146,0.000000,0.000000,0.000000,,-459.670013,1000.000000,,0.000000,0.000000,,,,0.047183,"UNDEFINED",0.000000,0.997560,0.000000,,,,,"","",,,,8.429038,,0.000000,,0.000000,,,0.000000,0.000000,"",,,0.000000,,-1.000000,,0.000000,0.000000,-1.000000,-1.000000,,,,,,,,,,,"",,,,,,,,,,"Volumetric",,,,,,,,,,0.000000,,,,,,,,,,0.000000,0.000000,,,,,,,,,,,,
"2FB8138F","Nodes",1122423.250000,1675766.000000,1313.064347,"Default Known Flow Node",69.999969,0.579999,1000.000000,0.000000,"Known Flow",0.000000,0.000000,2.16999993085665e-07,40.000000,0.579999,1000.000000,0.000000,0.000000,13.000000,0.000000,0.515379,0.579999,,,,8.427039,8.427039,,16.800279,,,,,,903.822387,0.066146,0.000000,0.000000,0.000000,,-459.670013,1000.000000,,0.000000,0.000000,,,,0.047183,"UNDEFINED",0.000000,0.997560,0.000000,,,,,"","",,,,8.427039,,0.000000,,0.000000,,,0.000000,0.000000,"",,,0.000000,,-1.000000,,0.000000,0.000000,-1.000000,-1.000000,,,,,,,,,,,"",,,,,,,,,,"Volumetric",,,,,,,,,,0.000000,,,,,,,,,,0.000000,0.000000,,,,,,,,,,,,
"2FB8138A","Nodes",1122416.500000,1675766.120000,1313.064347,"Default Known Flow Node",69.999969,0.579999,1000.000000,0.000000,"Known Flow",0.000000,0.000000,2.16999993085665e-07,40.000000,0.579999,1000.000000,0.000000,0.000000,13.000000,0.000000,0.515379,0.579999,,,,8.429290,8.429290,,16.800279,,,,,,903.822387,0.066146,0.000000,0.000000,0.000000,,-459.670013,1000.000000,,0.000000,0.000000,,,,0.047183,"UNDEFINED",0.000000,0.997560,0.000000,,,,,"","",,,,8.429290,,0.000000,,0.000000,,,0.000000,0.000000,"",,,0.000000,,-1.000000,,0.000000,0.000000,-1.000000,-1.000000,,,,,,,,,,,"",,,,,,,,,,"Volumetric",,,,,,,,,,0.000000,,,,,,,,,,0.000000,0.000000,,,,,,,,,,,,
"2FB8138B","Nodes",1122513.328978,1675918.423288,1313.064347,"Default Known Flow Node",69.999969,0.579999,1000.000000,0.000000,"Known Flow",0.000000,0.000000,2.16999993085665e-07,40.000000,0.579999,1000.000000,0.000000,0.000000,13.000000,0.000000,0.515379,0.579999,,,,8.387709,8.387709,,16.800279,,,,,,903.822387,0.066146,0.000000,0.000000,0.000000,,-459.670013,1000.000000,,0.000000,0.000000,,,,0.047179,"UNDEFINED",0.000000,0.997560,0.000000,,,,,"","",,,,8.387709,,0.000000,,0.000000,,,0.000000,0.000000,"",,,0.000000,,-1.000000,,0.000000,0.000000,-1.000000,-1.000000,,,,,,,,,,,"",,,,,,,,,,"Volumetric",,,,,,,,,,0.000000,,,,,,,,,,0.000000,0.000000,,,,,,,,,,,,
"0BEC615F","Nodes",1122543.870000,1676039.500000,1313.064347,"Default Known Flow Node",69.999969,0.579999,1000.000000,0.000000,"Known Flow",0.000000,0.000000,2.16999993085665e-07,40.000000,0.579999,1000.000000,0.000000,0.000000,13.000000,0.000000,0.515379,0.579999,,,,8.349185,8.349185,,16.800279,,,,,,903.822387,0.066146,0.000000,0.000000,0.000000,,-459.670013,1000.000000,,0.000000,0.000000,,,,0.047174,"UNDEFINED",0.000000,0.997560,0.000000,,,,,"","",,,,8.349185,,0.000000,,0.000000,,,0.000000,0.000000,"",,,0.000000,,-1.000000,,0.000000,0.000000,-1.000000,-1.000000,,,,,,,,,,,"",,,,,,,,,,"Volumetric",,,,,,,,,,0.000000,,,,,,,,,,0.000000,0.000000,,,,,,,,,,,,
"2FB81390","Nodes",1122423.250000,1675767.000000,1313.064347,"Default Known Flow Node",69.999969,0.579999,1000.000000,0.000000,"Known Flow",0.000000,0.000000,2.16999993085665e-07,40.000000,0.579999,1000.000000,0.000000,0.000000,13.000000,0.000000,0.515379,0.579999,,,,8.427039,8.427039,,16.800279,,,,,,903.822387,0.066146,0.000000,0.000000,0.000000,,-459.670013,1000.000000,,0.000000,0.000000,,,,0.047183,"UNDEFINED",0.000000,0.997560,0.000000,,,,,"","",,,,8.427039,,0.000000,,0.000000,,,0.000000,0.000000,"",,,0.000000,,-1.000000,,0.000000,0.000000,-1.000000,-1.000000,,,,,,,,,,,"",,,,,,,,,,"Volumetric",,,,,,,,,,0.000000,,,,,,,,,,0.000000,0.000000,,,,,,,,,,,,
"0BEC6138","Nodes",1122501.499831,1675903.212670,1313.064347,"Default Known Flow Node",69.999969,0.579999,1000.000000,0.000000,"Known Flow",0.000000,0.000000,2.16999993085665e-07,40.000000,0.579999,1000.000000,0.000000,0.000000,13.000000,0.000000,0.515379,0.579999,,,,8.392153,8.392153,,16.800279,,,,,,903.822387,0.066146,0.000000,0.000000,0.000000,,-459.670013,1000.000000,,0.000000,0.000000,,,,0.047179,"UNDEFINED",0.000000,0.997560,0.000000,,,,,"","",,,,8.392153,,0.000000,,0.000000,,,0.000000,0.000000,"",,,0.000000,,-1.000000,,0.000000,0.000000,-1.000000,-1.000000,,,,,,,,,,,"",,,,,,,,,,"Volumetric",,,,,,,,,,0.000000,,,,,,,,,,0.000000,0.000000,,,,,,,,,,,,
"2FB90947","Nodes",1122500.270741,1675903.949062,1313.064347,"Default Known Flow Node",69.999969,0.579999,1000.000000,0.000000,"Known Flow",0.000000,0.000000,2.16999993085665e-07,40.000000,0.579999,1000.000000,0.000000,0.000000,13.000000,0.000000,0.515379,0.579999,,,,8.392153,8.392153,,16.800279,,,,,,903.822387,0.066146,0.000000,0.000000,0.000000,,-459.670013,1000.000000,,0.000000,0.000000,,,,0.047179,"UNDEFINED",0.000000,0.997560,0.000000,,,,,"","",,,,8.392153,,0.000000,,0.000000,,,0.000000,0.000000,"",,,0.000000,,-1.000000,,0.000000,0.000000,-1.000000,-1.000000,,,,,,,,,,,"",,,,,,,,,,"Volumetric",,,,,,,,,,0.000000,,,,,,,,,,0.000000,0.000000,,,,,,,,,,,,
"0BEC6137","Nodes",1122501.217208,1675910.566953,1313.064347,"Default Known Flow Node",69.999969,0.579999,1000.000000,0.000000,"Known Flow",0.000000,0.000000,2.16999993085665e-07,40.000000,0.579999,1000.000000,0.000000,0.000000,13.000000,0.000000,0.515379,0.579999,,,,8.391294,8.391294,,16.800279,,,,,,903.822387,0.066146,0.000000,0.000000,0.000000,,-459.670013,1000.000000,,0.000000,0.000000,,,,0.047179,"UNDEFINED",0.000000,0.997560,0.000000,,,,,"","",,,,8.391294,,0.000000,,0.000000,,,0.000000,0.000000,"",,,0.000000,,-1.000000,,0.000000,0.000000,-1.000000,-1.000000,,,,,,,,,,,"",,,,,,,,,,"Volumetric",,,,,,,,,,0.000000,,,,,,,,,,0.000000,0.000000,,,,,,,,,,,,
"2FB90948","Nodes",1122498.529432,1675906.775741,1313.064347,"Default Known Flow Node",69.999969,0.579999,1000.000000,0.000000,"Known Flow",0.000000,0.000000,2.16999993085665e-07,40.000000,0.579999,1000.000000,0.000000,0.000000,13.000000,0.000000,0.515379,0.579999,,,,8.392153,8.392153,,16.800279,,,,,,903.822387,0.066146,0.000000,0.000000,0.000000,,-459.670013,1000.000000,,0.000000,0.000000,,,,0.047179,"UNDEFINED",0.000000,0.997560,0.000000,,,,,"","",,,,8.392153,,0.000000,,0.000000,,,0.000000,0.000000,"",,,0.000000,,-1.000000,,0.000000,0.000000,-1.000000,-1.000000,,,,,,,,,,,"",,,,,,,,,,"Volumetric",,,,,,,,,,0.000000,,,,,,,,,,0.000000,0.000000,,,,,,,,,,,,
"2FB81391","Nodes",1122497.108684,1675912.583359,1313.064347,"Default Known Flow Node",69.999969,0.579999,1000.000000,0.000000,"Known Flow",0.000000,0.000000,2.16999993085665e-07,40.000000,0.579999,1000.000000,0.000000,0.000000,13.000000,0.000000,0.515379,0.579999,,,,8.392153,8.392153,,16.800279,,,,,,903.822387,0.066146,0.000000,0.000000,0.000000,,-459.670013,1000.000000,,0.000000,0.000000,,,,0.047179,"UNDEFINED",0.000000,0.997560,0.000000,,,,,"","",,,,8.392153,,0.000000,,0.000000,,,0.000000,0.000000,"",,,0.000000,,-1.000000,,0.000000,0.000000,-1.000000,-1.000000,,,,,,,,,,,"",,,,,,,,,,"Volumetric",,,,,,,,,,0.000000,,,,,,,,,,0.000000,0.000000,,,,,,,,,,,,
"0BEC613C","Nodes",1122511.260818,1675926.967052,1313.064347,"Default Known Flow Node",69.999969,0.579999,1000.000000,0.000000,"Known Flow",0.000000,0.000000,2.16999993085665e-07,40.000000,0.579999,1000.000000,0.000000,0.000000,13.000000,0.000000,0.515379,0.579999,,,,8.386974,8.386974,,16.800279,,,,,,903.822387,0.066146,0.000000,0.000000,0.000000,,-459.670013,1000.000000,,0.000000,0.000000,,,,0.047178,"UNDEFINED",0.000000,0.997560,0.000000,,,,,"","",,,,8.386974,,0.000000,,0.000000,,,0.000000,0.000000,"",,,0.000000,,-1.000000,,0.000000,0.000000,-1.000000,-1.000000,,,,,,,,,,,"",,,,,,,,,,"Volumetric",,,,,,,,,,0.000000,,,,,,,,,,0.000000,0.000000,,,,,,,,,,,,
"2FB81389","Nodes",1122529.620000,1675957.750000,1313.064347,"Default Known Flow Node",69.999969,0.579999,1000.000000,0.000000,"Known Flow",0.000000,0.000000,2.16999993085665e-07,40.000000,0.579999,1000.000000,0.000000,0.000000,13.000000,0.000000,0.515379,0.579999,,,,8.377530,8.377530,,16.800279,,,,,,903.822387,0.066146,0.000000,0.000000,0.000000,,-459.670013,1000.000000,,0.000000,0.000000,,,,0.047177,"UNDEFINED",0.000000,0.997560,0.000000,,,,,"","",,,,8.377530,,0.000000,,0.000000,,,0.000000,0.000000,"",,,0.000000,,-1.000000,,0.000000,0.000000,-1.000000,-1.000000,,,,,,,,,,,"",,,,,,,,,,"Volumetric",,,,,,,,,,0.000000,,,,,,,,,,0.000000,0.000000,,,,,,,,,,,,
"2FB82F7B","Nodes",1122536.750000,1675969.500000,1313.064347,"Default Known Flow Node",69.999969,0.579999,1000.000000,0.000000,"Known Flow",0.000000,0.000000,2.16999993085665e-07,40.000000,0.579999,1000.000000,0.000000,0.000000,13.000000,0.000000,0.515379,0.579999,,,,8.373752,8.373752,,16.800279,,,,,,903.822387,0.066146,0.000000,0.000000,0.000000,,-459.670013,1000.000000,,0.000000,0.000000,,,,0.047177,"UNDEFINED",0.000000,0.997560,0.000000,,,,,"","",,,,8.373752,,0.000000,,0.000000,,,0.000000,0.000000,"",,,0.000000,,-1.000000,,0.000000,0.000000,-1.000000,-1.000000,,,,,,,,,,,"",,,,,,,,,,"Volumetric",,,,,,,,,,0.000000,,,,,,,,,,0.000000,0.000000,,,,,,,,,,,,
"0BEC613B","Nodes",1122539.750000,1676036.250000,1313.064347,"Default Known Flow Node",69.999969,0.579999,1000.000000,0.000000,"Known Flow",0.000000,0.000000,2.16999993085665e-07,40.000000,0.579999,1000.000000,0.000000,0.000000,13.000000,0.000000,0.515379,0.579999,,,,8.351354,8.351354,,16.800279,,,,,,903.822387,0.066146,0.000000,0.000000,0.000000,,-459.670013,1000.000000,,0.000000,0.000000,,,,0.047174,"UNDEFINED",0.000000,0.997560,0.000000,,,,,"","",,,,8.351354,,0.000000,,0.000000,,,0.000000,0.000000,"",,,0.000000,,-1.000000,,0.000000,0.000000,-1.000000,-1.000000,,,,,,,,,,,"",,,,,,,,,,"Volumetric",,,,,,,,,,0.000000,,,,,,,,,,0.000000,0.000000,,,,,,,,,,,,
"2FB82F7C","Nodes",1122536.750000,1675970.500000,1313.064347,"Default Known Flow Node",69.999969,0.579999,1000.000000,0.000000,"Known Flow",0.000000,0.000000,2.16999993085665e-07,40.000000,0.579999,1000.000000,0.000000,0.000000,13.000000,0.000000,0.515379,0.579999,,,,8.373752,8.373752,,16.800279,,,,,,903.822387,0.066146,0.000000,0.000000,0.000000,,-459.670013,1000.000000,,0.000000,0.000000,,,,0.047177,"UNDEFINED",0.000000,0.997560,0.000000,,,,,"","",,,,8.373752,,0.000000,,0.000000,,,0.000000,0.000000,"",,,0.000000,,-1.000000,,0.000000,0.000000,-1.000000,-1.000000,,,,,,,,,,,"",,,,,,,,,,"Volumetric",,,,,,,,,,0.000000,,,,,,,,,,0.000000,0.000000,,,,,,,,,,,,
"0BEC6188","Nodes",1122528.000000,1676900.000000,1313.064347,"Default Known Flow Node",69.999969,0.579999,1000.000000,0.000000,"Known Flow",0.000000,0.000000,2.16999993085665e-07,40.000000,0.579999,1000.000000,0.000000,0.000000,13.000000,0.000000,0.515377,0.579999,,,,8.037882,8.037882,,16.800279,,,,,,903.822387,0.066146,0.000000,0.000000,0.000000,,-459.670013,1000.000000,,0.000000,0.000000,,,,0.047139,"UNDEFINED",0.000000,0.997562,0.000000,,,,,"","",,,,8.037882,,0.000000,,0.000000,,,0.000000,0.000000,"",,,0.000000,,-1.000000,,0.000000,0.000000,-1.000000,-1.000000,,,,,,,,,,,"",,,,,,,,,,"Volumetric",,,,,,,,,,0.000000,,,,,,,,,,0.000000,0.000000,,,,,,,,,,,,
"0BEC6189","Nodes",1122448.250000,1677223.000000,1313.064347,"Default Known Flow Node",69.999969,0.579999,1000.000000,0.000000,"Known Flow",0.000000,0.000000,2.16999993085665e-07,40.000000,0.579999,1000.000000,0.000000,0.000000,13.000000,0.000000,0.515376,0.579999,,,,7.969855,7.969855,,16.800279,,,,,,903.822387,0.066146,0.000000,0.000000,0.000000,,-459.670013,1000.000000,,0.000000,0.000000,,,,0.047131,"UNDEFINED",0.000000,0.997563,0.000000,,,,,"","",,,,7.969855,,0.000000,,0.000000,,,0.000000,0.000000,"",,,0.000000,,-1.000000,,0.000000,0.000000,-1.000000,-1.000000,,,,,,,,,,,"",,,,,,,,,,"Volumetric",,,,,,,,,,0.000000,,,,,,,,,,0.000000,0.000000,,,,,,,,,,,,
"0BEC618B","Nodes",1122340.500000,1677223.120000,1313.064347,"Default Known Flow Node",69.999969,0.579999,1000.000000,0.000000,"Known Flow",0.000000,0.000000,2.16999993085665e-07,40.000000,0.579999,1000.000000,0.000000,0.000000,13.000000,0.000000,0.515376,0.579999,,,,7.901963,7.901963,,16.800279,,,,,,903.822387,0.066146,0.000000,0.000000,0.000000,,-459.670013,1000.000000,,0.000000,0.000000,,,,0.047123,"UNDEFINED",0.000000,0.997563,0.000000,,,,,"","",,,,7.901963,,0.000000,,0.000000,,,0.000000,0.000000,"",,,0.000000,,-1.000000,,0.000000,0.000000,-1.000000,-1.000000,,,,,,,,,,,"",,,,,,,,,,"Volumetric",,,,,,,,,,0.000000,,,,,,,,,,0.000000,0.000000,,,,,,,,,,,,
"0BEC618C","Nodes",1122339.370000,1677236.500000,1313.064347,"Default Known Flow Node",69.999969,0.579999,1000.000000,0.000000,"Known Flow",0.000000,0.000000,2.16999993085665e-07,40.000000,0.579999,1000.000000,0.000000,0.000000,13.000000,0.000000,0.515376,0.579999,,,,7.898961,7.898961,,16.800279,,,,,,903.822387,0.066146,0.000000,0.000000,0.000000,,-459.670013,1000.000000,,0.000000,0.000000,,,,0.047123,"UNDEFINED",0.000000,0.997563,0.000000,,,,,"","",,,,7.898961,,0.000000,,0.000000,,,0.000000,0.000000,"",,,0.000000,,-1.000000,,0.000000,0.000000,-1.000000,-1.000000,,,,,,,,,,,"",,,,,,,,,,"Volumetric",,,,,,,,,,0.000000,,,,,,,,,,0.000000,0.000000,,,,,,,,,,,,
"2FB1C505","Nodes",1122320.250000,1677282.250000,1313.064347,"Default Known Flow Node",69.999969,0.579999,1000.000000,0.000000,"Known Flow",0.000000,0.000000,2.16999993085665e-07,40.000000,0.579999,1000.000000,0.000000,0.000000,13.000000,0.000000,0.515376,0.579999,,,,7.894898,7.894898,,16.800279,,,,,,903.822387,0.066146,0.000000,0.000000,0.000000,,-459.670013,1000.000000,,0.000000,0.000000,,,,0.047123,"UNDEFINED",0.000000,0.997563,0.000000,,,,,"","",,,,7.894898,,0.000000,,0.000000,,,0.000000,0.000000,"",,,0.000000,,-1.000000,,0.000000,0.000000,-1.000000,-1.000000,,,,,,,,,,,"",,,,,,,,,,"Volumetric",,,,,,,,,,0.000000,,,,,,,,,,0.000000,0.000000,,,,,,,,,,,,
"0BEC618A","Nodes",1122434.620000,1677282.120000,1313.064347,"Default Known Flow Node",69.999969,0.579999,1000.000000,0.000000,"Known Flow",0.000000,0.000000,2.16999993085665e-07,40.000000,0.579999,1000.000000,0.000000,0.000000,13.000000,0.000000,0.515376,0.579999,,,,7.910773,7.910773,,16.800279,,,,,,903.822387,0.066146,0.000000,0.000000,0.000000,,-459.670013,1000.000000,,0.000000,0.000000,,,,0.047124,"UNDEFINED",0.000000,0.997563,0.000000,,,,,"","",,,,7.910773,,0.000000,,0.000000,,,0.000000,0.000000,"",,,0.000000,,-1.000000,,0.000000,0.000000,-1.000000,-1.000000,,,,,,,,,,,"",,,,,,,,,,"Volumetric",,,,,,,,,,0.000000,,,,,,,,,,0.000000,0.000000,,,,,,,,,,,,
"0BEC6190","Nodes",1122371.620000,1677300.750000,1313.064347,"Default Known Flow Node",69.999969,0.579999,1000.000000,0.000000,"Known Flow",0.000000,0.000000,2.16999993085665e-07,40.000000,0.579999,1000.000000,0.000000,0.000000,13.000000,0.000000,0.515376,0.579999,,,,7.902135,7.902135,,16.800279,,,,,,903.822387,0.066146,0.000000,0.000000,0.000000,,-459.670013,1000.000000,,0.000000,0.000000,,,,0.047123,"SETFLOW",0.000000,0.997563,0.000000,,,,,"","",,,,7.902135,,0.000000,,0.000000,,,0.000000,0.000000,"",,,0.000000,,-1.000000,,0.000000,0.000000,-1.000000,-1.000000,,,,,,,,,,,"",,,,,,,,,,"Volumetric",,,,,,,,,,-0.003509,,,,,,,,,,-0.003509,-0.000084,,,,,,,,,,,,
"0BEC6196","Nodes",1122357.870000,1677632.370000,1313.064347,"Default Known Flow Node",69.999969,0.579999,1000.000000,0.000000,"Known Flow",0.000000,0.000000,2.16999993085665e-07,40.000000,0.579999,1000.000000,0.000000,0.000000,13.000000,0.000000,0.515375,0.579999,,,,7.673060,7.673060,,16.800279,,,,,,903.822387,0.066146,0.000000,0.000000,0.000000,,-459.670013,1000.000000,,0.000000,0.000000,,,,0.047097,"UNDEFINED",0.000000,0.997564,0.000000,,,,,"","",,,,7.673060,,0.000000,,0.000000,,,0.000000,0.000000,"",,,0.000000,,-1.000000,,0.000000,0.000000,-1.000000,-1.000000,,,,,,,,,,,"",,,,,,,,,,"Volumetric",,,,,,,,,,0.000000,,,,,,,,,,0.000000,0.000000,,,,,,,,,,,,
"2FB1C504","Nodes",1122320.000000,1677641.000000,1313.064347,"Default Known Flow Node",69.999969,0.579999,1000.000000,0.000000,"Known Flow",0.000000,0.000000,2.16999993085665e-07,40.000000,0.579999,1000.000000,0.000000,0.000000,13.000000,0.000000,0.515375,0.579999,,,,7.673060,7.673060,,16.800279,,,,,,903.822387,0.066146,0.000000,0.000000,0.000000,,-459.670013,1000.000000,,0.000000,0.000000,,,,0.047097,"UNDEFINED",0.000000,0.997564,0.000000,,,,,"","",,,,7.673060,,0.000000,,0.000000,,,0.000000,0.000000,"",,,0.000000,,-1.000000,,0.000000,0.000000,-1.000000,-1.000000,,,,,,,,,,,"",,,,,,,,,,"Volumetric",,,,,,,,,,0.000000,,,,,,,,,,0.000000,0.000000,,,,,,,,,,,,
"2FB1C503","Nodes",1122335.795002,1678169.443111,1313.064347,"Default Known Flow Node",69.999969,0.579999,1000.000000,0.000000,"Known Flow",0.000000,0.000000,2.16999993085665e-07,40.000000,0.579999,1000.000000,0.000000,0.000000,13.000000,0.000000,0.515372,0.579999,,,,7.150199,7.150199,,16.800279,,,,,,903.822387,0.066146,0.000000,0.000000,0.000000,,-459.670013,1000.000000,,0.000000,0.000000,,,,0.047038,"SETFLOW",0.000000,0.997568,0.000000,,,,,"","",,,,7.150199,,0.000000,,0.000000,,,0.000000,0.000000,"",,,0.000000,,-1.000000,,0.000000,0.000000,-1.000000,-1.000000,,,,,,,,,,,"",,,,,,,,,,"Volumetric",,,,,,,,,,-0.002807,,,,,,,,,,-0.002807,-0.000067,,,,,,,,,,,,
"0BEC4601","Nodes",1115485.870000,1669492.250000,1313.064347,"Default Known Flow Node",69.999969,0.579999,1000.000000,0.000000,"Known Flow",0.000000,0.000000,2.16999993085665e-07,40.000000,0.579999,1000.000000,0.000000,0.000000,13.000000,0.000000,0.515375,0.579999,,,,7.779048,7.779048,,16.800279,,,,,,903.822387,0.066146,0.000000,0.000000,0.000000,,-459.670013,1000.000000,,0.000000,0.000000,,,,0.047109,"SETFLOW",0.000000,0.997564,0.000000,,,,,"","",,,,7.779048,,0.000000,,0.000000,,,0.000000,0.000000,"",,,0.000000,,-1.000000,,0.000000,0.000000,-1.000000,-1.000000,,,,,,,,,,,"",,,,,,,,,,"Volumetric",,,,,,,,,,-0.061916,,,,,,,,,,-0.061916,-0.001485,,,,,,,,,,,,
"2FB19BDD","Nodes",1116164.620000,1674673.750000,1313.064347,"Default Known Flow Node",69.999969,0.579999,1000.000000,0.000000,"Known Flow",0.000000,0.000000,2.16999993085665e-07,40.000000,0.579999,1000.000000,0.000000,0.000000,13.000000,0.000000,0.515385,0.579999,,,,9.469272,9.469272,,16.800279,,,,,,903.822387,0.066145,0.000000,0.000000,0.000000,,-459.670013,1000.000000,,0.000000,0.000000,,,,0.047301,"UNDEFINED",0.000000,0.997554,0.000000,,,,,"","",,,,9.469272,,0.000000,,0.000000,,,0.000000,0.000000,"",,,0.000000,,-1.000000,,0.000000,0.000000,-1.000000,-1.000000,,,,,,,,,,,"",,,,,,,,,,"Volumetric",,,,,,,,,,0.000000,,,,,,,,,,0.000000,0.000000,,,,,,,,,,,,
"0BECA712","Nodes",1116682.370000,1675831.000000,1313.064347,"Default Known Flow Node",69.999969,0.579999,1000.000000,0.000000,"Known Flow",0.000000,0.000000,2.16999993085665e-07,40.000000,0.579999,1000.000000,0.000000,0.000000,13.000000,0.000000,0.515374,0.579999,,,,7.444803,7.444803,,16.800279,,,,,,903.822387,0.066146,0.000000,0.000000,0.000000,,-459.670013,1000.000000,,0.000000,0.000000,,,,0.047071,"SETFLOW",0.000000,0.997566,0.000000,,,,,"","",,,,7.444803,,0.000000,,0.000000,,,0.000000,0.000000,"",,,0.000000,,-1.000000,,0.000000,0.000000,-1.000000,-1.000000,,,,,,,,,,,"",,,,,,,,,,"Volumetric",,,,,,,,,,-0.000655,,,,,,,,,,-0.000655,-0.000015,,,,,,,,,,,,
"0BEC46F6","Nodes",1117847.870000,1667893.000000,1313.064347,"Default Known Flow Node",69.999969,0.579999,1000.000000,0.000000,"Known Flow",0.000000,0.000000,2.16999993085665e-07,40.000000,0.579999,1000.000000,0.000000,0.000000,13.000000,0.000000,0.515376,0.579999,,,,7.913641,7.913641,,16.800279,,,,,,903.822387,0.066146,0.000000,0.000000,0.000000,,-459.670013,1000.000000,,0.000000,0.000000,,,,0.047125,"SETFLOW",0.000000,0.997563,0.000000,,,,,"","",,,,7.913641,,0.000000,,0.000000,,,0.000000,0.000000,"",,,0.000000,,-1.000000,,0.000000,0.000000,-1.000000,-1.000000,,,,,,,,,,,"",,,,,,,,,,"Volumetric",,,,,,,,,,-0.144468,,,,,,,,,,-0.144468,-0.003467,,,,,,,,,,,,
"0BEC4FD8","Nodes",1117814.120000,1673657.870000,1313.064347,"Default Known Flow Node",69.999969,0.579999,1000.000000,0.000000,"Known Flow",0.000000,0.000000,2.16999993085665e-07,40.000000,0.579999,1000.000000,0.000000,0.000000,13.000000,0.000000,0.515374,0.579999,,,,7.608445,7.608445,,16.800279,,,,,,903.822387,0.066146,0.000000,0.000000,0.000000,,-459.670013,1000.000000,,0.000000,0.000000,,,,0.047090,"SETFLOW",0.000000,0.997565,0.000000,,,,,"","",,,,7.608445,,0.000000,,0.000000,,,0.000000,0.000000,"",,,0.000000,,-1.000000,,0.000000,0.000000,-1.000000,-1.000000,,,,,,,,,,,"",,,,,,,,,,"Volumetric",,,,,,,,,,-0.005241,,,,,,,,,,-0.005241,-0.000125,,,,,,,,,,,,
"0BEC5D35","Nodes",1117761.657386,1676459.259018,1313.064347,"Default Known Flow Node",69.999969,0.579999,1000.000000,0.000000,"Known Flow",0.000000,0.000000,2.16999993085665e-07,40.000000,0.579999,1000.000000,0.000000,0.000000,13.000000,0.000000,0.515372,0.579999,,,,7.174304,7.174304,,16.800279,,,,,,903.822387,0.066146,0.000000,0.000000,0.000000,,-459.670013,1000.000000,,0.000000,0.000000,,,,0.047041,"SETFLOW",0.000000,0.997567,0.000000,,,,,"","",,,,7.174304,,0.000000,,0.000000,,,0.000000,0.000000,"",,,0.000000,,-1.000000,,0.000000,0.000000,-1.000000,-1.000000,,,,,,,,,,,"",,,,,,,,,,"Volumetric",,,,,,,,,,-0.004701,,,,,,,,,,-0.004701,-0.000112,,,,,,,,,,,,
"0BEC4819","Nodes",1118811.750000,1669591.120000,1313.064347,"Default Known Flow Node",69.999969,0.579999,1000.000000,0.000000,"Known Flow",0.000000,0.000000,2.16999993085665e-07,40.000000,0.579999,1000.000000,0.000000,0.000000,13.000000,0.000000,0.515369,0.579999,,,,6.550199,6.550199,,16.800279,,,,,,903.822387,0.066147,0.000000,0.000000,0.000000,,-459.670013,1000.000000,,0.000000,0.000000,,,,0.046970,"SETFLOW",0.000000,0.997571,0.000000,,,,,"","",,,,6.550199,,0.000000,,0.000000,,,0.000000,0.000000,"",,,0.000000,,-1.000000,,0.000000,0.000000,-1.000000,-1.000000,,,,,,,,,,,"",,,,,,,,,,"Volumetric",,,,,,,,,,-0.044011,,,,,,,,,,-0.044011,-0.001056,,,,,,,,,,,,
"0BEC4865","Nodes",1120180.750000,1667704.620000,1313.064347,"Default Known Flow Node",69.999969,0.579999,1000.000000,0.000000,"Known Flow",0.000000,0.000000,2.16999993085665e-07,40.000000,0.579999,1000.000000,0.000000,0.000000,13.000000,0.000000,0.515370,0.579999,,,,6.786790,6.786790,,16.800279,,,,,,903.822387,0.066147,0.000000,0.000000,0.000000,,-459.670013,1000.000000,,0.000000,0.000000,,,,0.046997,"SETFLOW",0.000000,0.997570,0.000000,,,,,"","",,,,6.786790,,0.000000,,0.000000,,,0.000000,0.000000,"",,,0.000000,,-1.000000,,0.000000,0.000000,-1.000000,-1.000000,,,,,,,,,,,"",,,,,,,,,,"Volumetric",,,,,,,,,,-0.039967,,,,,,,,,,-0.039967,-0.000959,,,,,,,,,,,,
"2FB9B3F6","Nodes",1119503.120000,1668389.000000,1313.064347,"Default Known Flow Node",69.999969,0.579999,1000.000000,0.000000,"Known Flow",0.000000,0.000000,2.16999993085665e-07,40.000000,0.579999,1000.000000,0.000000,0.000000,13.000000,0.000000,0.515376,0.579999,,,,7.809036,7.809036,,16.800279,,,,,,903.822387,0.066146,0.000000,0.000000,0.000000,,-459.670013,1000.000000,,0.000000,0.000000,,,,0.047113,"SETFLOW",0.000000,0.997564,0.000000,,,,,"","",,,,7.809036,,0.000000,,0.000000,,,0.000000,0.000000,"",,,0.000000,,-1.000000,,0.000000,0.000000,-1.000000,-1.000000,,,,,,,,,,,"",,,,,,,,,,"Volumetric",,,,,,,,,,-0.890009,,,,,,,,,,-0.890009,-0.021360,,,,,,,,,,,,
"2FB9B3F7","Nodes",1119664.500000,1669387.370000,1313.064347,"Default Known Flow Node",69.999969,0.579999,1000.000000,0.000000,"Known Flow",0.000000,0.000000,2.16999993085665e-07,40.000000,0.579999,1000.000000,0.000000,0.000000,13.000000,0.000000,0.515377,0.579999,,,,7.998045,7.998045,,16.800279,,,,,,903.822387,0.066146,0.000000,0.000000,0.000000,,-459.670013,1000.000000,,0.000000,0.000000,,,,0.047134,"SETFLOW",0.000000,0.997563,0.000000,,,,,"","",,,,7.998045,,0.000000,,0.000000,,,0.000000,0.000000,"",,,0.000000,"144-61 38 Ave, Q = -3.691 mcfh, AC = 0, Firm",-1.000000,,0.000000,0.000000,-1.000000,-1.000000,,,,,,,,,,,"",,,"",,,,,,,"Volumetric",,,"Volumetric",,,,,,,0.000000,,,-3.690999,,,,,,,0.000000,0.000000,,,,,,,,,,,,
"0BEC51A5","Nodes",1119686.996930,1671702.083634,1313.064347,"Default Known Flow Node",69.999969,0.579999,1000.000000,0.000000,"Known Flow",0.000000,0.000000,2.16999993085665e-07,40.000000,0.579999,1000.000000,0.000000,0.000000,13.000000,0.000000,0.515379,0.579999,,,,8.503008,8.503008,,16.800279,,,,,,903.822387,0.066146,0.000000,0.000000,0.000000,,-459.670013,1000.000000,,0.000000,0.000000,,,,0.047192,"UNDEFINED",0.000000,0.997560,0.000000,,,,,"","",,,,8.503008,,0.000000,,0.000000,,,0.000000,0.000000,"",,,0.000000,,-1.000000,,0.000000,0.000000,-1.000000,-1.000000,,,,,,,,,,,"",,,,,,,,,,"Volumetric",,,,,,,,,,0.000000,,,,,,,,,,0.000000,0.000000,,,,,,,,,,,,
"2FB82E8A","Nodes",1119585.481819,1674428.571994,1313.064347,"Default Known Flow Node",69.999969,0.579999,1000.000000,0.000000,"Known Flow",0.000000,0.000000,2.16999993085665e-07,40.000000,0.579999,1000.000000,0.000000,0.000000,13.000000,0.000000,0.515382,0.579999,,,,8.921088,8.921088,,16.800279,,,,,,903.822387,0.066145,0.000000,0.000000,0.000000,,-459.670013,1000.000000,,0.000000,0.000000,,,,0.047239,"UNDEFINED",0.000000,0.997557,0.000000,,,,,"","",,,,8.921088,,0.000000,,0.000000,,,0.000000,0.000000,"",,,0.000000,,-1.000000,,0.000000,0.000000,-1.000000,-1.000000,,,,,,,,,,,"",,,,,,,,,,"Volumetric",,,,,,,,,,0.000000,,,,,,,,,,0.000000,0.000000,,,,,,,,,,,,
"0BEC495C","Nodes",1120963.620000,1669012.750000,1313.064347,"Default Known Flow Node",69.999969,0.579999,1000.000000,0.000000,"Known Flow",0.000000,0.000000,2.16999993085665e-07,40.000000,0.579999,1000.000000,0.000000,0.000000,13.000000,0.000000,0.515380,0.579999,,,,8.570342,8.570342,,16.800279,,,,,,903.822387,0.066145,0.000000,0.000000,0.000000,,-459.670013,1000.000000,,0.000000,0.000000,,,,0.047199,"SETFLOW",0.000000,0.997559,0.000000,,,,,"","",,,,8.570342,,0.000000,,0.000000,,,0.000000,0.000000,"",,,0.000000,,-1.000000,,0.000000,0.000000,-1.000000,-1.000000,,,,,,,,,,,"",,,,,,,,,,"Volumetric",,,,,,,,,,-0.051596,,,,,,,,,,-0.051596,-0.001238,,,,,,,,,,,,
"0BEC4970","Nodes",1120624.870000,1669144.120000,1313.064347,"Default Known Flow Node",69.999969,0.579999,1000.000000,0.000000,"Known Flow",0.000000,0.000000,2.16999993085665e-07,40.000000,0.579999,1000.000000,0.000000,0.000000,13.000000,0.000000,0.515379,0.579999,,,,8.481763,8.481763,,16.800279,,,,,,903.822387,0.066146,0.000000,0.000000,0.000000,,-459.670013,1000.000000,,0.000000,0.000000,,,,0.047189,"SETFLOW",0.000000,0.997560,0.000000,,,,,"","",,,,8.481763,,0.000000,,0.000000,,,0.000000,0.000000,"",,,0.000000,,-1.000000,,0.000000,0.000000,-1.000000,-1.000000,,,,,,,,,,,"",,,,,,,,,,"Volumetric",,,,,,,,,,-0.118672,,,,,,,,,,-0.118672,-0.002848,,,,,,,,,,,,
"2FB82F2B","Nodes",1120389.120000,1670917.500000,1313.064347,"Default Known Flow Node",69.999969,0.579999,1000.000000,0.000000,"Known Flow",0.000000,0.000000,2.16999993085665e-07,40.000000,0.579999,1000.000000,0.000000,0.000000,13.000000,0.000000,0.515380,0.579999,,,,8.654170,8.654170,,16.800279,,,,,,903.822387,0.066145,0.000000,0.000000,0.000000,,-459.670013,1000.000000,,0.000000,0.000000,,,,0.047209,"SETFLOW",0.000000,0.997559,0.000000,,,,,"","",,,,8.654170,,0.000000,,0.000000,,,0.000000,0.000000,"",,,0.000000,,-1.000000,,0.000000,0.000000,-1.000000,-1.000000,,,,,,,,,,,"",,,,,,,,,,"Volumetric",,,,,,,,,,-0.010101,,,,,,,,,,-0.010101,-0.000242,,,,,,,,,,,,
"2FB99749","Nodes",1121276.620000,1673455.250000,1313.064347,"Default Known Flow Node",69.999969,0.579999,1000.000000,0.000000,"Known Flow",0.000000,0.000000,2.16999993085665e-07,40.000000,0.579999,1000.000000,0.000000,0.000000,13.000000,0.000000,0.515381,0.579999,,,,8.703582,8.703582,,16.800279,,,,,,903.822387,0.066145,0.000000,0.000000,0.000000,,-459.670013,1000.000000,,0.000000,0.000000,,,,0.047214,"SETFLOW",0.000000,0.997558,0.000000,,,,,"","",,,,8.703582,,0.000000,,0.000000,,,0.000000,0.000000,"",,,0.000000,,-1.000000,,0.000000,0.000000,-1.000000,-1.000000,,,,,,,,,,,"",,,,,,,,,,"Volumetric",,,,,,,,,,-0.004094,,,,,,,,,,-0.004094,-0.000098,,,,,,,,,,,,
"2FB8DE8C","Nodes",1121338.620000,1673203.500000,1313.064347,"Default Known Flow Node",69.999969,0.579999,1000.000000,0.000000,"Known Flow",0.000000,0.000000,2.16999993085665e-07,40.000000,0.579999,1000.000000,0.000000,0.000000,13.000000,0.000000,0.515381,0.579999,,,,8.703474,8.703474,,16.800279,,,,,,903.822387,0.066145,0.000000,0.000000,0.000000,,-459.670013,1000.000000,,0.000000,0.000000,,,,0.047214,"UNDEFINED",0.000000,0.997558,0.000000,,,,,"","",,,,8.703474,,0.000000,,0.000000,,,0.000000,0.000000,"",,,0.000000,,-1.000000,,0.000000,0.000000,-1.000000,-1.000000,,,,,,,,,,,"",,,,,,,,,,"Volumetric",,,,,,,,,,0.000000,,,,,,,,,,0.000000,0.000000,,,,,,,,,,,,
"2FB8DE8D","Nodes",1121305.000000,1673236.000000,1313.064347,"Default Known Flow Node",69.999969,0.579999,1000.000000,0.000000,"Known Flow",0.000000,0.000000,2.16999993085665e-07,40.000000,0.579999,1000.000000,0.000000,0.000000,13.000000,0.000000,0.515381,0.579999,,,,8.703653,8.703653,,16.800279,,,,,,903.822387,0.066145,0.000000,0.000000,0.000000,,-459.670013,1000.000000,,0.000000,0.000000,,,,0.047214,"UNDEFINED",0.000000,0.997558,0.000000,,,,,"","",,,,8.703653,,0.000000,,0.000000,,,0.000000,0.000000,"",,,0.000000,,-1.000000,,0.000000,0.000000,-1.000000,-1.000000,,,,,,,,,,,"",,,,,,,,,,"Volumetric",,,,,,,,,,0.000000,,,,,,,,,,0.000000,0.000000,,,,,,,,,,,,
"2FB81392","Nodes",1122496.870000,1675913.370000,1313.064347,"Default Known Flow Node",69.999969,0.579999,1000.000000,0.000000,"Known Flow",0.000000,0.000000,2.16999993085665e-07,40.000000,0.579999,1000.000000,0.000000,0.000000,13.000000,0.000000,0.515379,0.579999,,,,8.392153,8.392153,,16.800279,,,,,,903.822387,0.066146,0.000000,0.000000,0.000000,,-459.670013,1000.000000,,0.000000,0.000000,,,,0.047179,"UNDEFINED",0.000000,0.997560,0.000000,,,,,"","",,,,8.392153,,0.000000,,0.000000,,,0.000000,0.000000,"",,,0.000000,"V50212",-1.000000,,0.000000,0.000000,-1.000000,-1.000000,,,,,,,,,,,"",,,,,,,,,,"Volumetric",,,,,,,,,,0.000000,,,,,,,,,,0.000000,0.000000,,,,,,,,,,,,
"2FB25E1C","Nodes",1120626.500000,1668244.250000,1313.064347,"Default Known Flow Node",69.999969,0.579999,1000.000000,0.000000,"Known Flow",0.000000,0.000000,2.16999993085665e-07,40.000000,0.579999,1000.000000,0.000000,0.000000,13.000000,0.000000,0.515379,0.579999,,,,8.439821,8.439821,,16.800279,,,,,,903.822387,0.066146,0.000000,0.000000,0.000000,,-459.670013,1000.000000,,0.000000,0.000000,,,,0.047184,"UNDEFINED",0.000000,0.997560,0.000000,,,,,"","",,,,8.439821,,0.000000,,0.000000,,,0.000000,0.000000,"",,,0.000000,,-1.000000,,0.000000,0.000000,-1.000000,-1.000000,,,,,,,,,,,"",,,,,,,,,,"Volumetric",,,,,,,,,,0.000000,,,,,,,,,,0.000000,0.000000,,,,,,,,,,,,
"ADD12","Nodes",1120635.000000,1668250.620000,1313.064347,"Default Known Flow Node",69.999969,0.579999,1000.000000,0.000000,"Known Flow",0.000000,0.000000,2.16999993085665e-07,40.000000,0.579999,1000.000000,0.000000,0.000000,13.000000,0.000000,0.515379,0.579999,,,,8.442553,8.442553,,16.800279,,,,,,903.822387,0.066146,0.000000,0.000000,0.000000,,-459.670013,1000.000000,,0.000000,0.000000,,,,0.047185,"UNDEFINED",0.000000,0.997560,0.000000,,,,,"","",,,,8.442553,,0.000000,,0.000000,,,0.000000,0.000000,"",,,0.000000,,-1.000000,,0.000000,0.000000,-1.000000,-1.000000,,,,,,,,,,,"",,,,,,,,,,"Volumetric",,,,,,,,,,0.000000,,,,,,,,,,0.000000,0.000000,,,,,,,,,,,,
"0BEC4900","Nodes",1120634.750000,1668247.500000,1313.064347,"Default Known Flow Node",69.999969,0.579999,1000.000000,0.000000,"Known Flow",0.000000,0.000000,2.16999993085665e-07,40.000000,0.579999,1000.000000,0.000000,0.000000,13.000000,0.000000,0.515379,0.579999,,,,8.442553,8.442553,,16.800279,,,,,,903.822387,0.066146,0.000000,0.000000,0.000000,,-459.670013,1000.000000,,0.000000,0.000000,,,,0.047185,"SETFLOW",0.000000,0.997560,0.000000,,,,,"","",,,,8.442553,,0.000000,,0.000000,,,0.000000,0.000000,"",,,0.000000,,-1.000000,,0.000000,0.000000,-1.000000,-1.000000,,,,,,,,,,,"",,,,,,,,,,"Volumetric",,,,,,,,,,-0.042587,,,,,,,,,,-0.042587,-0.001022,,,,,,,,,,,,
"0BEC48FF","Nodes",1120634.750000,1668245.620000,1313.064347,"Default Known Flow Node",69.999969,0.579999,1000.000000,0.000000,"Known Flow",0.000000,0.000000,2.16999993085665e-07,40.000000,0.579999,1000.000000,0.000000,0.000000,13.000000,0.000000,0.515379,0.579999,,,,8.442553,8.442553,,16.800279,,,,,,903.822387,0.066146,0.000000,0.000000,0.000000,,-459.670013,1000.000000,,0.000000,0.000000,,,,0.047185,"UNDEFINED",0.000000,0.997560,0.000000,,,,,"","",,,,8.442553,,0.000000,,0.000000,,,0.000000,0.000000,"",,,0.000000,,-1.000000,,0.000000,0.000000,-1.000000,-1.000000,,,,,,,,,,,"",,,,,,,,,,"Volumetric",,,,,,,,,,0.000000,,,,,,,,,,0.000000,0.000000,,,,,,,,,,,,
"0BF46E9A","Nodes",1118052.944731,1668671.352638,1313.064347,"Default Known Flow Node",69.999969,0.579999,1000.000000,0.000000,"Known Flow",0.000000,0.000000,2.16999993085665e-07,40.000000,0.579999,1000.000000,0.000000,0.000000,13.000000,0.000000,0.515379,0.579999,,,,8.467227,8.467227,,16.800279,,,,,,903.822387,0.066146,0.000000,0.000000,0.000000,,-459.670013,1000.000000,,0.000000,0.000000,,,,0.047188,"UNDEFINED",0.000000,0.997560,0.000000,,,,,"","",,,,8.467227,,0.000000,,0.000000,,,0.000000,0.000000,"",,,0.000000,,-1.000000,,0.000000,0.000000,-1.000000,-1.000000,,,,,,,,,,,"",,,,,,,,,,"Volumetric",,,,,,,,,,0.000000,,,,,,,,,,0.000000,0.000000,,,,,,,,,,,,
"0BEC6039","Nodes",1122250.262816,1676445.913287,1313.064347,"Default Known Flow Node",69.999969,0.579999,1000.000000,0.000000,"Known Flow",0.000000,0.000000,2.16999993085665e-07,40.000000,0.579999,1000.000000,0.000000,0.000000,13.000000,0.000000,0.515378,0.579999,,,,8.245954,8.245954,,16.800279,,,,,,903.822387,0.066146,0.000000,0.000000,0.000000,,-459.670013,1000.000000,,0.000000,0.000000,,,,0.047162,"UNDEFINED",0.000000,0.997561,0.000000,,,,,"","",,,,8.245954,,0.000000,,0.000000,,,0.000000,0.000000,"",,,0.000000,,-1.000000,,0.000000,0.000000,-1.000000,-1.000000,,,,,,,,,,,"",,,,,,,,,,"Volumetric",,,,,,,,,,0.000000,,,,,,,,,,0.000000,0.000000,,,,,,,,,,,,
"2FBD0610","Nodes",1122251.205170,1676441.959780,1313.064347,"Default Known Flow Node",69.999969,0.579999,1000.000000,0.000000,"Known Flow",0.000000,0.000000,2.16999993085665e-07,40.000000,0.579999,1000.000000,0.000000,0.000000,13.000000,0.000000,0.515378,0.579999,,,,8.248294,8.248294,,16.800279,,,,,,903.822387,0.066146,0.000000,0.000000,0.000000,,-459.670013,1000.000000,,0.000000,0.000000,,,,0.047163,"UNDEFINED",0.000000,0.997561,0.000000,,,,,"","",,,,8.248294,,0.000000,,0.000000,,,0.000000,0.000000,"",,,0.000000,,-1.000000,,0.000000,0.000000,0.000000,-1.000000,,,,,,,,,,,"",,,,,,,,,,"Volumetric",,,,,,,,,,0.000000,,,,,,,,,,0.000000,0.000000,,,,,,,,,,,,
"0BF4871A","Nodes",1121476.356147,1668201.344869,1313.064347,"Default Known Flow Node",69.999969,0.579999,1000.000000,0.000000,"Known Flow",0.000000,0.000000,2.16999993085665e-07,40.000000,0.579999,1000.000000,0.000000,0.000000,13.000000,0.000000,0.515381,0.579999,,,,8.721936,8.721936,,16.800279,,,,,,903.822387,0.066145,0.000000,0.000000,0.000000,,-459.670013,1000.000000,,0.000000,0.000000,,,,0.047216,"UNDEFINED",0.000000,0.997558,0.000000,,,,,"","",,,,8.721936,,0.000000,,0.000000,,,0.000000,0.000000,"",,,0.000000,,-1.000000,,0.000000,0.000000,0.000000,-1.000000,,,,,,,,,,,"",,,,,,,,,,"Volumetric",,,,,,,,,,0.000000,,,,,,,,,,0.000000,0.000000,,,,,,,,,,,,
"ADD15","Nodes",1119704.140944,1674178.320323,1313.064347,"Default Known Flow Node",69.999969,0.579999,1000.000000,0.000000,"Known Flow",0.000000,0.000000,2.16999993085665e-07,40.000000,0.579999,1000.000000,0.000000,0.000000,13.000000,0.000000,0.515383,0.579999,,,,9.157892,9.157892,,16.800279,,,,,,903.822387,0.066145,0.000000,0.000000,0.000000,,-459.670013,1000.000000,,0.000000,0.000000,,,,0.047266,"UNDEFINED",0.000000,0.997556,0.000000,,,,,"","",,,,9.157892,,0.000000,,0.000000,,,0.000000,0.000000,"",,,0.000000,,-1.000000,,0.000000,0.000000,-1.000000,-1.000000,,,,,,,,,,,"",,,,,,,,,,"Volumetric",,,,,,,,,,0.000000,,,,,,,,,,0.000000,0.000000,,,,,,,,,,,,
"3W6","Nodes",1118510.620000,1671970.870000,1313.064347,"Default Known Flow Node",69.999969,0.579999,1000.000000,0.000000,"Known Flow",0.000000,0.000000,2.16999993085665e-07,40.000000,0.579999,1000.000000,0.000000,0.000000,13.000000,0.000000,0.515368,0.579999,,,,6.365327,6.365327,,16.800279,,,,,,903.822387,0.066147,0.000000,0.000000,0.000000,,-459.670013,1000.000000,,0.000000,0.000000,,,,0.046949,"SETFLOW",0.000000,0.997572,0.000000,,,,,"","",,,,6.365327,,0.000000,,0.000000,,,0.000000,0.000000,"",,,0.000000,"155-17 Sanford Ave, (moved to firm 11/1/08)",-1.000000,,0.000000,0.000000,-1.000000,-1.000000,,,,,,,,,,,,,,,,"",,,,,,,,,,"Volumetric",,,,,,,,,,-1.047036,,,,,-1.047036,-0.025128,,,,,,,,,,,,
"3W14","Nodes",1119296.620000,1669742.500000,1313.064347,"Default Known Flow Node",69.999969,0.579999,1000.000000,0.000000,"Known Flow",0.000000,0.000000,2.16999993085665e-07,40.000000,0.579999,1000.000000,0.000000,0.000000,13.000000,0.000000,0.515377,0.579999,,,,8.060981,8.060981,,16.800279,,,,,,903.822387,0.066146,0.000000,0.000000,0.000000,,-459.670013,1000.000000,,0.000000,0.000000,,,,0.047141,"SETFLOW",0.000000,0.997562,0.000000,,,,,"","",,,,8.060981,,0.000000,,0.000000,,,0.000000,0.000000,"",,,0.000000,"MEWS AT ROOSEVELT Moved to Firm 9-1-13",-1.000000,,0.000000,0.000000,-1.000000,-1.000000,,,,,,,,,,,,,,,,"",,,,,,,,,,"Volumetric",,,,,,,,,,-2.747917,,,,,-2.747917,-0.065950,,,,,,,,,,,,
"2FB82FA0","Nodes",1116713.750000,1669881.120000,1313.064347,"Default Known Flow Node",69.999969,0.579999,1000.000000,0.000000,"Known Flow",0.000000,0.000000,2.16999993085665e-07,40.000000,0.579999,1000.000000,0.000000,0.000000,13.000000,0.000000,0.515375,0.579999,,,,7.671408,7.671408,,16.800279,,,,,,903.822387,0.066146,0.000000,0.000000,0.000000,,-459.670013,1000.000000,,0.000000,0.000000,,,,0.047097,"UNDEFINED",0.000000,0.997564,0.000000,,,,,"","",,,,7.671408,,0.000000,,0.000000,,,0.000000,0.000000,"",,,0.000000,,-1.000000,,0.000000,0.000000,-1.000000,-1.000000,,,,,,,,,,,"",,,,,,,,,,"Volumetric",,,,,,,,,,0.000000,,,,,,,,,,0.000000,0.000000,,,,,,,,,,,,
"2FB25D71","Nodes",1119888.370000,1671209.500000,1313.064347,"Default Known Flow Node",69.999969,0.579999,1000.000000,0.000000,"Known Flow",0.000000,0.000000,2.16999993085665e-07,40.000000,0.579999,1000.000000,0.000000,0.000000,13.000000,0.000000,0.515381,0.579999,,,,8.721533,8.721533,,16.800279,,,,,,903.822387,0.066145,0.000000,0.000000,0.000000,,-459.670013,1000.000000,,0.000000,0.000000,,,,0.047216,"UNDEFINED",0.000000,0.997558,0.000000,,,,,"","",,,,8.721533,,0.000000,,0.000000,,,0.000000,0.000000,"",,,0.000000,,-1.000000,,0.000000,0.000000,-1.000000,-1.000000,,,,,,,,,,,"",,,,,,,,,,"Volumetric",,,,,,,,,,0.000000,,,,,,,,,,0.000000,0.000000,,,,,,,,,,,,
"2FBA2A54","Nodes",1117982.150751,1676273.827585,1313.064347,"Default Known Flow Node",69.999969,0.579999,1000.000000,0.000000,"Known Flow",0.000000,0.000000,2.16999993085665e-07,40.000000,0.579999,1000.000000,0.000000,0.000000,13.000000,0.000000,0.515372,0.579999,,,,7.194230,7.194230,,16.800279,,,,,,903.822387,0.066146,0.000000,0.000000,0.000000,,-459.670013,1000.000000,,0.000000,0.000000,,,,0.047043,"SETFLOW",0.000000,0.997567,0.000000,,,,,"","",,,,7.194230,,0.000000,,0.000000,,,0.000000,0.000000,"",,,0.000000,,-1.000000,,0.000000,0.000000,-1.000000,-1.000000,,,,,,,,,,,"",,,,,,,,,,"Volumetric",,,,,,,,,,-0.084848,,,,,,,,,,-0.084848,-0.002036,,,,,,,,,,,,
"Q3No658","Nodes",1117979.310197,1676483.811003,1313.064347,"Default Known Flow Node",69.999969,0.579999,1000.000000,0.000000,"Known Flow",0.000000,0.000000,2.16999993085665e-07,40.000000,0.579999,1000.000000,0.000000,0.000000,13.000000,0.000000,0.515372,0.579999,,,,7.174872,7.174872,,16.800279,,,,,,903.822387,0.066146,0.000000,0.000000,0.000000,,-459.670013,1000.000000,,0.000000,0.000000,,,,0.047041,"UNDEFINED",0.000000,0.997567,0.000000,,,,,"","",,,,7.174872,,0.000000,,0.000000,,,0.000000,0.000000,"",,,0.000000,,-1.000000,,0.000000,0.000000,0.000000,-1.000000,,,,,,,,,,,"",,,,,,,,,,"Volumetric",,,,,,,,,,0.000000,,,,,,,,,,0.000000,0.000000,,,,,,,,,,,,
"Q3No586","Nodes",1116076.354348,1674863.928720,1313.064347,"Default Known Flow Node",69.999969,0.579999,1000.000000,0.000000,"Known Flow",0.000000,0.000000,2.16999993085665e-07,40.000000,0.579999,1000.000000,0.000000,0.000000,13.000000,0.000000,0.515384,0.579999,,,,9.400730,9.400730,,16.800279,,,,,,903.822387,0.066145,0.000000,0.000000,0.000000,,-459.670013,1000.000000,,0.000000,0.000000,,,,0.047294,"UNDEFINED",0.000000,0.997554,0.000000,,,,,"","",,,,9.400730,,0.000000,,0.000000,,,0.000000,0.000000,"",,,0.000000,,-1.000000,,0.000000,0.000000,0.000000,-1.000000,,,,,,,,,,,"",,,,,,,,,,"Volumetric",,,,,,,,,,0.000000,,,,,,,,,,0.000000,0.000000,,,,,,,,,,,,
"2FB1B8D3","Nodes",1116009.178737,1675188.651170,1313.064347,"Default Known Flow Node",69.999969,0.579999,1000.000000,0.000000,"Known Flow",0.000000,0.000000,2.16999993085665e-07,40.000000,0.579999,1000.000000,0.000000,0.000000,13.000000,0.000000,0.515376,0.579999,,,,7.887395,7.887395,,16.800279,,,,,,903.822387,0.066146,0.000000,0.000000,0.000000,,-459.670013,1000.000000,,0.000000,0.000000,,,,0.047122,"SETFLOW",0.000000,0.997563,0.000000,,,,,"","",,,,7.887395,,0.000000,,0.000000,,,0.000000,0.000000,"",,,0.000000,,-1.000000,,0.000000,0.000000,-1.000000,-1.000000,,,,,,,,,,,"",,,,,,,,,,"Volumetric",,,,,,,,,,-0.018427,,,,,,,,,,-0.018427,-0.000442,,,,,,,,,,,,
"2FC0DCD6","Nodes",1116012.732086,1675131.477803,1313.064347,"Default Known Flow Node",69.999969,0.579999,1000.000000,0.000000,"Known Flow",0.000000,0.000000,2.16999993085665e-07,40.000000,0.579999,1000.000000,0.000000,0.000000,13.000000,0.000000,0.515377,0.579999,,,,8.155044,8.155044,,16.800279,,,,,,903.822387,0.066146,0.000000,0.000000,0.000000,,-459.670013,1000.000000,,0.000000,0.000000,,,,0.047152,"UNDEFINED",0.000000,0.997562,0.000000,,,,,"","",,,,8.155044,,0.000000,,0.000000,,,0.000000,0.000000,"",,,0.000000,"V68885",-1.000000,,0.000000,0.000000,0.000000,-1.000000,,,,,,,,,,,"",,,,,,,,,,"Volumetric",,,,,,,,,,0.000000,,,,,,,,,,0.000000,0.000000,,,,,,,,,,,,
"BEC50FD","Nodes",1118676.000000,1673564.250000,1313.064347,"Default Known Flow Node",69.999969,0.579999,1000.000000,0.000000,"Known Flow",0.000000,0.000000,2.16999993085665e-07,40.000000,0.579999,1000.000000,0.000000,0.000000,13.000000,0.000000,0.515381,0.579999,,,,8.862808,8.862808,,16.800279,,,,,,903.822387,0.066145,0.000000,0.000000,0.000000,,-459.670013,1000.000000,,0.000000,0.000000,,,,0.047232,"UNDEFINED",0.000000,0.997557,0.000000,,,,,"","",,,,8.862808,,0.000000,,0.000000,,,0.000000,0.000000,"",,,0.000000,,-1.000000,,0.000000,0.000000,-1.000000,-1.000000,,,,,,,,,,,"",,,,,,,,,,"Volumetric",,,,,,,,,,0.000000,,,,,,,,,,0.000000,0.000000,,,,,,,,,,,,
"2FB9C5DB","Nodes",1118277.620000,1673495.620000,1313.064347,"Default Known Flow Node",69.999969,0.579999,1000.000000,0.000000,"Known Flow",0.000000,0.000000,2.16999993085665e-07,40.000000,0.579999,1000.000000,0.000000,0.000000,13.000000,0.000000,0.515376,0.579999,,,,7.977731,7.977731,,16.800279,,,,,,903.822387,0.066146,0.000000,0.000000,0.000000,,-459.670013,1000.000000,,0.000000,0.000000,,,,0.047132,"SETFLOW",0.000000,0.997563,0.000000,,,,,"","",,,,7.977731,,0.000000,,0.000000,,,0.000000,0.000000,"",,,0.000000,,-1.000000,,0.000000,0.000000,-1.000000,-1.000000,,,,,,,,,,,"",,,,,,,,,,"Volumetric",,,,,,,,,,-0.021621,,,,,,,,,,-0.021621,-0.000518,,,,,,,,,,,,
"2FB9C5D9","Nodes",1118284.120000,1673485.370000,1313.064347,"Default Known Flow Node",69.999969,0.579999,1000.000000,0.000000,"Known Flow",0.000000,0.000000,2.16999993085665e-07,40.000000,0.579999,1000.000000,0.000000,0.000000,13.000000,0.000000,0.515376,0.579999,,,,7.963792,7.963792,,16.800279,,,,,,903.822387,0.066146,0.000000,0.000000,0.000000,,-459.670013,1000.000000,,0.000000,0.000000,,,,0.047130,"UNDEFINED",0.000000,0.997563,0.000000,,,,,"","",,,,7.963792,,0.000000,,0.000000,,,0.000000,0.000000,"",,,0.000000,,-1.000000,,0.000000,0.000000,-1.000000,-1.000000,,,,,,,,,,,"",,,,,,,,,,"Volumetric",,,,,,,,,,0.000000,,,,,,,,,,0.000000,0.000000,,,,,,,,,,,,
"2FB9C5DA","Nodes",1118270.500000,1673526.750000,1313.064347,"Default Known Flow Node",69.999969,0.579999,1000.000000,0.000000,"Known Flow",0.000000,0.000000,2.16999993085665e-07,40.000000,0.579999,1000.000000,0.000000,0.000000,13.000000,0.000000,0.515377,0.579999,,,,8.010426,8.010426,,16.800279,,,,,,903.822387,0.066146,0.000000,0.000000,0.000000,,-459.670013,1000.000000,,0.000000,0.000000,,,,0.047136,"UNDEFINED",0.000000,0.997562,0.000000,,,,,"","",,,,8.010426,,0.000000,,0.000000,,,0.000000,0.000000,"",,,0.000000,,-1.000000,,0.000000,0.000000,-1.000000,-1.000000,,,,,,,,,,,"",,,,,,,,,,"Volumetric",,,,,,,,,,0.000000,,,,,,,,,,0.000000,0.000000,,,,,,,,,,,,
"2FB9E6AE","Nodes",1118266.870000,1673543.620000,1313.064347,"Default Known Flow Node",69.999969,0.579999,1000.000000,0.000000,"Known Flow",0.000000,0.000000,2.16999993085665e-07,40.000000,0.579999,1000.000000,0.000000,0.000000,13.000000,0.000000,0.515377,0.579999,,,,8.033778,8.033778,,16.800279,,,,,,903.822387,0.066146,0.000000,0.000000,0.000000,,-459.670013,1000.000000,,0.000000,0.000000,,,,0.047138,"UNDEFINED",0.000000,0.997562,0.000000,,,,,"","",,,,8.033778,,0.000000,,0.000000,,,0.000000,0.000000,"",,,0.000000,,-1.000000,,0.000000,0.000000,-1.000000,-1.000000,,,,,,,,,,,"",,,,,,,,,,"Volumetric",,,,,,,,,,0.000000,,,,,,,,,,0.000000,0.000000,,,,,,,,,,,,
"2FBA28B8","Nodes",1120205.948459,1671568.214029,1313.064347,"Default Known Flow Node",69.999969,0.579999,1000.000000,0.000000,"Known Flow",0.000000,0.000000,2.16999993085665e-07,40.000000,0.579999,1000.000000,0.000000,0.000000,13.000000,0.000000,0.515380,0.579999,,,,8.658234,8.658234,,16.800279,,,,,,903.822387,0.066145,0.000000,0.000000,0.000000,,-459.670013,1000.000000,,0.000000,0.000000,,,,0.047209,"UNDEFINED",0.000000,0.997559,0.000000,,,,,"","",,,,8.658234,,0.000000,,0.000000,,,0.000000,0.000000,"",,,0.000000,,-1.000000,,0.000000,0.000000,-1.000000,-1.000000,,,,,,,,,,,"",,,,,,,,,,"Volumetric",,,,,,,,,,0.000000,,,,,,,,,,0.000000,0.000000,,,,,,,,,,,,
"2FBA28B9","Nodes",1120270.604565,1671580.473791,1313.064347,"Default Known Flow Node",69.999969,0.579999,1000.000000,0.000000,"Known Flow",0.000000,0.000000,2.16999993085665e-07,40.000000,0.579999,1000.000000,0.000000,0.000000,13.000000,0.000000,0.515380,0.579999,,,,8.658234,8.658234,,16.800279,,,,,,903.822387,0.066145,0.000000,0.000000,0.000000,,-459.670013,1000.000000,,0.000000,0.000000,,,,0.047209,"UNDEFINED",0.000000,0.997559,0.000000,,,,,"","",,,,8.658234,,0.000000,,0.000000,,,0.000000,0.000000,"",,,0.000000,,-1.000000,,0.000000,0.000000,-1.000000,-1.000000,,,,,,,,,,,"",,,,,,,,,,"Volumetric",,,,,,,,,,0.000000,,,,,,,,,,0.000000,0.000000,,,,,,,,,,,,
"2FBA28BC","Nodes",1120223.370719,1671569.674123,1313.064347,"Default Known Flow Node",69.999969,0.579999,1000.000000,0.000000,"Known Flow",0.000000,0.000000,2.16999993085665e-07,40.000000,0.579999,1000.000000,0.000000,0.000000,13.000000,0.000000,0.515380,0.579999,,,,8.658234,8.658234,,16.800279,,,,,,903.822387,0.066145,0.000000,0.000000,0.000000,,-459.670013,1000.000000,,0.000000,0.000000,,,,0.047209,"UNDEFINED",0.000000,0.997559,0.000000,,,,,"","",,,,8.658234,,0.000000,,0.000000,,,0.000000,0.000000,"",,,0.000000,"V21535",-1.000000,,0.000000,0.000000,-1.000000,-1.000000,,,,,,,,,,,"",,,,,,,,,,"Volumetric",,,,,,,,,,0.000000,,,,,,,,,,0.000000,0.000000,,,,,,,,,,,,
"2FBA28C0","Nodes",1120265.334379,1671602.147540,1313.064347,"Default Known Flow Node",69.999969,0.579999,1000.000000,0.000000,"Known Flow",0.000000,0.000000,2.16999993085665e-07,40.000000,0.579999,1000.000000,0.000000,0.000000,13.000000,0.000000,0.515380,0.579999,,,,8.658728,8.658728,,16.800279,,,,,,903.822387,0.066145,0.000000,0.000000,0.000000,,-459.670013,1000.000000,,0.000000,0.000000,,,,0.047209,"UNDEFINED",0.000000,0.997559,0.000000,,,,,"","",,,,8.658728,,0.000000,,0.000000,,,0.000000,0.000000,"",,,0.000000,"V21534",-1.000000,,0.000000,0.000000,-1.000000,-1.000000,,,,,,,,,,,"",,,,,,,,,,"Volumetric",,,,,,,,,,0.000000,,,,,,,,,,0.000000,0.000000,,,,,,,,,,,,
"2FBA28B6","Nodes",1120259.345976,1671619.271221,1313.064347,"Default Known Flow Node",69.999969,0.579999,1000.000000,0.000000,"Known Flow",0.000000,0.000000,2.16999993085665e-07,40.000000,0.579999,1000.000000,0.000000,0.000000,13.000000,0.000000,0.515380,0.579999,,,,8.659132,8.659132,,16.800279,,,,,,903.822387,0.066145,0.000000,0.000000,0.000000,,-459.670013,1000.000000,,0.000000,0.000000,,,,0.047209,"UNDEFINED",0.000000,0.997559,0.000000,,,,,"","",,,,8.659132,,0.000000,,0.000000,,,0.000000,0.000000,"",,,0.000000,,-1.000000,,0.000000,0.000000,-1.000000,-1.000000,,,,,,,,,,,"",,,,,,,,,,"Volumetric",,,,,,,,,,0.000000,,,,,,,,,,0.000000,0.000000,,,,,,,,,,,,
"2FBDFF08","Nodes",1120314.544882,1671388.536166,1313.064347,"Default Known Flow Node",69.999969,0.579999,1000.000000,0.000000,"Known Flow",0.000000,0.000000,2.16999993085665e-07,40.000000,0.579999,1000.000000,0.000000,0.000000,13.000000,0.000000,0.515380,0.579999,,,,8.656862,8.656862,,16.800279,,,,,,903.822387,0.066145,0.000000,0.000000,0.000000,,-459.670013,1000.000000,,0.000000,0.000000,,,,0.047209,"SETFLOW",0.000000,0.997559,0.000000,,,,,"","",,,,8.656862,,0.000000,,0.000000,,,0.000000,0.000000,"",,,0.000000,"151-10 35 Ave, Q= 4.639 mcfh, Firm",-1.000000,,0.000000,0.000000,0.000000,-1.000000,,,,,,,,,,,"",,,"",,,,,,,"Volumetric",,,"Volumetric",,,,,,,0.000000,,,-4.638999,,,,,,,0.000000,0.000000,,,,,,,,,,,,
"2FBA28BA","Nodes",1120289.101509,1671584.693366,1313.064347,"Default Known Flow Node",69.999969,0.579999,1000.000000,0.000000,"Known Flow",0.000000,0.000000,2.16999993085665e-07,40.000000,0.579999,1000.000000,0.000000,0.000000,13.000000,0.000000,0.515380,0.579999,,,,8.658172,8.658172,,16.800279,,,,,,903.822387,0.066145,0.000000,0.000000,0.000000,,-459.670013,1000.000000,,0.000000,0.000000,,,,0.047209,"UNDEFINED",0.000000,0.997559,0.000000,,,,,"","",,,,8.658172,,0.000000,,0.000000,,,0.000000,0.000000,"",,,0.000000,"V21536",-1.000000,,0.000000,0.000000,-1.000000,-1.000000,,,,,,,,,,,"",,,,,,,,,,"Volumetric",,,,,,,,,,0.000000,,,,,,,,,,0.000000,0.000000,,,,,,,,,,,,
"2FBA2AED","Nodes",1115112.370000,1668588.500000,1313.064347,"Default Known Flow Node",69.999969,0.579999,1000.000000,0.000000,"Known Flow",0.000000,0.000000,2.16999993085665e-07,40.000000,0.579999,1000.000000,0.000000,0.000000,13.000000,0.000000,0.515376,0.579999,,,,7.937818,7.937818,,16.800279,,,,,,903.822387,0.066146,0.000000,0.000000,0.000000,,-459.670013,1000.000000,,0.000000,0.000000,,,,0.047127,"UNDEFINED",0.000000,0.997563,0.000000,,,,,"","",,,,7.937818,,0.000000,,0.000000,,,0.000000,0.000000,"",,,0.000000,,-1.000000,,0.000000,0.000000,-1.000000,-1.000000,,,,,,,,,,,"",,,,,,,,,,"Volumetric",,,,,,,,,,0.000000,,,,,,,,,,0.000000,0.000000,,,,,,,,,,,,
"2FBA5220","Nodes",1117082.500000,1668993.500000,1313.064347,"Default Known Flow Node",69.999969,0.579999,1000.000000,0.000000,"Known Flow",0.000000,0.000000,2.16999993085665e-07,40.000000,0.579999,1000.000000,0.000000,0.000000,13.000000,0.000000,0.515375,0.579999,,,,7.691564,7.691564,,16.800279,,,,,,903.822387,0.066146,0.000000,0.000000,0.000000,,-459.670013,1000.000000,,0.000000,0.000000,,,,0.047099,"UNDEFINED",0.000000,0.997564,0.000000,,,,,"","",,,,7.691564,,0.000000,,0.000000,,,0.000000,0.000000,"",,,0.000000,,-1.000000,,0.000000,0.000000,-1.000000,-1.000000,,,,,,,,,,,"",,,,,,,,,,"Volumetric",,,,,,,,,,0.000000,,,,,,,,,,0.000000,0.000000,,,,,,,,,,,,
"2FB21339","Nodes",1117089.250000,1669011.620000,1313.064347,"Default Known Flow Node",69.999969,0.579999,1000.000000,0.000000,"Known Flow",0.000000,0.000000,2.16999993085665e-07,40.000000,0.579999,1000.000000,0.000000,0.000000,13.000000,0.000000,0.515375,0.579999,,,,7.690949,7.690949,,16.800279,,,,,,903.822387,0.066146,0.000000,0.000000,0.000000,,-459.670013,1000.000000,,0.000000,0.000000,,,,0.047099,"SETFLOW",0.000000,0.997564,0.000000,,,,,"","",,,,7.690949,,0.000000,,0.000000,,,0.000000,0.000000,"",,,0.000000,,-1.000000,,0.000000,0.000000,-1.000000,-1.000000,,,,,,,,,,,"",,,,,,,,,,"Volumetric",,,,,,,,,,-0.037104,,,,,,,,,,-0.037104,-0.000890,,,,,,,,,,,,
"2FBA5230","Nodes",1117088.000000,1669012.500000,1313.064347,"Default Known Flow Node",69.999969,0.579999,1000.000000,0.000000,"Known Flow",0.000000,0.000000,2.16999993085665e-07,40.000000,0.579999,1000.000000,0.000000,0.000000,13.000000,0.000000,0.515375,0.579999,,,,7.690948,7.690948,,16.800279,,,,,,903.822387,0.066146,0.000000,0.000000,0.000000,,-459.670013,1000.000000,,0.000000,0.000000,,,,0.047099,"UNDEFINED",0.000000,0.997564,0.000000,,,,,"","",,,,7.690948,,0.000000,,0.000000,,,0.000000,0.000000,"",,,0.000000,,-1.000000,,0.000000,0.000000,-1.000000,-1.000000,,,,,,,,,,,"",,,,,,,,,,"Volumetric",,,,,,,,,,0.000000,,,,,,,,,,0.000000,0.000000,,,,,,,,,,,,
"2FBA522E","Nodes",1117091.370000,1669013.750000,1313.064347,"Default Known Flow Node",69.999969,0.579999,1000.000000,0.000000,"Known Flow",0.000000,0.000000,2.16999993085665e-07,40.000000,0.579999,1000.000000,0.000000,0.000000,13.000000,0.000000,0.515375,0.579999,,,,7.690891,7.690891,,16.800279,,,,,,903.822387,0.066146,0.000000,0.000000,0.000000,,-459.670013,1000.000000,,0.000000,0.000000,,,,0.047099,"SETFLOW",0.000000,0.997564,0.000000,,,,,"","",,,,7.690891,,0.000000,,0.000000,,,0.000000,0.000000,"",,,0.000000,,-1.000000,,0.000000,0.000000,-1.000000,-1.000000,,,,,,,,,,,"",,,,,,,,,,"Volumetric",,,,,,,,,,-0.043384,,,,,,,,,,-0.043384,-0.001041,,,,,,,,,,,,
"2FB1BEF6","Nodes",1117320.870000,1669353.120000,1313.064347,"Default Known Flow Node",69.999969,0.579999,1000.000000,0.000000,"Known Flow",0.000000,0.000000,2.16999993085665e-07,40.000000,0.579999,1000.000000,0.000000,0.000000,13.000000,0.000000,0.515375,0.579999,,,,7.690397,7.690397,,16.800279,,,,,,903.822387,0.066146,0.000000,0.000000,0.000000,,-459.670013,1000.000000,,0.000000,0.000000,,,,0.047099,"SETFLOW",0.000000,0.997564,0.000000,,,,,"","",,,,7.690397,,0.000000,,0.000000,,,0.000000,0.000000,"",,,0.000000,,-1.000000,,0.000000,0.000000,-1.000000,-1.000000,,,,,,,,,,,"",,,,,,,,,,"Volumetric",,,,,,,,,,-0.014606,,,,,,,,,,-0.014606,-0.000350,,,,,,,,,,,,
"2FBA5215","Nodes",1117324.000000,1669350.120000,1313.064347,"Default Known Flow Node",69.999969,0.579999,1000.000000,0.000000,"Known Flow",0.000000,0.000000,2.16999993085665e-07,40.000000,0.579999,1000.000000,0.000000,0.000000,13.000000,0.000000,0.515375,0.579999,,,,7.691501,7.691501,,16.800279,,,,,,903.822387,0.066146,0.000000,0.000000,0.000000,,-459.670013,1000.000000,,0.000000,0.000000,,,,0.047099,"UNDEFINED",0.000000,0.997564,0.000000,,,,,"","",,,,7.691501,,0.000000,,0.000000,,,0.000000,0.000000,"",,,0.000000,,-1.000000,,0.000000,0.000000,-1.000000,-1.000000,,,,,,,,,,,"",,,,,,,,,,"Volumetric",,,,,,,,,,0.000000,,,,,,,,,,0.000000,0.000000,,,,,,,,,,,,
"2FBA521B","Nodes",1117314.000000,1669359.000000,1313.064347,"Default Known Flow Node",69.999969,0.579999,1000.000000,0.000000,"Known Flow",0.000000,0.000000,2.16999993085665e-07,40.000000,0.579999,1000.000000,0.000000,0.000000,13.000000,0.000000,0.515375,0.579999,,,,7.687742,7.687742,,16.800279,,,,,,903.822387,0.066146,0.000000,0.000000,0.000000,,-459.670013,1000.000000,,0.000000,0.000000,,,,0.047099,"UNDEFINED",0.000000,0.997564,0.000000,,,,,"","",,,,7.687742,,0.000000,,0.000000,,,0.000000,0.000000,"",,,0.000000,,-1.000000,,0.000000,0.000000,-1.000000,-1.000000,,,,,,,,,,,"",,,,,,,,,,"Volumetric",,,,,,,,,,0.000000,,,,,,,,,,0.000000,0.000000,,,,,,,,,,,,
"2FB9EF6B","Nodes",1118532.342753,1676672.559293,1302.632749,"Default Known Flow Node",69.999969,0.579999,1000.000000,0.000000,"Known Flow",0.000000,0.000000,2.16999993085665e-07,40.000000,0.579999,1000.000000,0.000000,0.000000,13.000000,0.000000,0.512068,0.589326,,,,7.201365,7.201365,,17.070432,,,,,,904.711975,0.067367,0.000000,0.000000,0.000000,,-459.670013,1000.000000,,0.000000,0.000000,,,,0.047804,"SETFLOW",0.000000,0.997494,0.000000,,,,,"","",,,,7.201365,,0.000000,,0.000000,,,0.000000,0.000000,"",,,0.000000,,-1.000000,,0.000000,0.000000,-1.000000,-1.000000,,,,,,,,,,,"",,,,,,,,,,"Volumetric",,,,,,,,,,-1.758095,,,,,,,,,,-1.758095,-0.042194,,,,,,,,,,,,
"2FB9EF6C","Nodes",1118554.000000,1676679.000000,1313.064347,"Default Known Flow Node",69.999969,0.579999,1000.000000,0.000000,"Known Flow",0.000000,0.000000,2.16999993085665e-07,40.000000,0.579999,1000.000000,0.000000,0.000000,13.000000,0.000000,0.515372,0.579999,,,,7.209418,7.209418,,16.800279,,,,,,903.822387,0.066146,0.000000,0.000000,0.000000,,-459.670013,1000.000000,,0.000000,0.000000,,,,0.047045,"SETFLOW",0.000000,0.997567,0.000000,,,,,"","",,,,7.209418,,0.000000,,0.000000,,,0.000000,0.000000,"",,,0.000000,,-1.000000,,0.000000,0.000000,-1.000000,-1.000000,,,,,,,,,,,"",,,,,,,,,,"Volumetric",,,,,,,,,,-0.729562,,,,,,,,,,-0.729562,-0.017509,,,,,,,,,,,,
"2FB9EF6D","Nodes",1118554.000000,1676680.000000,1313.064347,"Default Known Flow Node",69.999969,0.579999,1000.000000,0.000000,"Known Flow",0.000000,0.000000,2.16999993085665e-07,40.000000,0.579999,1000.000000,0.000000,0.000000,13.000000,0.000000,0.515372,0.579999,,,,7.209881,7.209881,,16.800279,,,,,,903.822387,0.066146,0.000000,0.000000,0.000000,,-459.670013,1000.000000,,0.000000,0.000000,,,,0.047045,"UNDEFINED",0.000000,0.997567,0.000000,,,,,"","",,,,7.209881,,0.000000,,0.000000,,,0.000000,0.000000,"",,,0.000000,,-1.000000,,0.000000,0.000000,-1.000000,-1.000000,,,,,,,,,,,"",,,,,,,,,,"Volumetric",,,,,,,,,,0.000000,,,,,,,,,,0.000000,0.000000,,,,,,,,,,,,
"2FB9EF67","Nodes",1119031.750000,1676742.870000,1313.064347,"Default Known Flow Node",69.999969,0.579999,1000.000000,0.000000,"Known Flow",0.000000,0.000000,2.16999993085665e-07,40.000000,0.579999,1000.000000,0.000000,0.000000,13.000000,0.000000,0.515374,0.579999,,,,7.448723,7.448723,,16.800279,,,,,,903.822387,0.066146,0.000000,0.000000,0.000000,,-459.670013,1000.000000,,0.000000,0.000000,,,,0.047072,"UNDEFINED",0.000000,0.997566,0.000000,,,,,"","",,,,7.448723,,0.000000,,0.000000,,,0.000000,0.000000,"",,,0.000000,,-1.000000,,0.000000,0.000000,-1.000000,-1.000000,,,,,,,,,,,"",,,,,,,,,,"Volumetric",,,,,,,,,,0.000000,,,,,,,,,,0.000000,0.000000,,,,,,,,,,,,
"2FB9EF68","Nodes",1119039.250000,1676744.870000,1290.994423,"Default Known Flow Node",69.999969,0.579999,1000.000000,0.000000,"Known Flow",0.000000,0.000000,2.16999993085665e-07,40.000000,0.579999,1000.000000,0.000000,0.000000,13.000000,0.000000,0.508422,0.600000,,,,7.452879,7.452879,,17.379600,,,,,,905.729919,0.068775,0.000000,0.000000,0.000000,,-459.670013,1000.000000,,0.000000,0.000000,,,,0.048703,"UNDEFINED",0.000000,0.997406,0.000000,,,,,"","",,,,7.452879,,0.000000,,0.000000,,,0.000000,0.000000,"",,,0.000000,,-1.000000,,0.000000,0.000000,-1.000000,-1.000000,,,,,,,,,,,"",,,,,,,,,,"Volumetric",,,,,,,,,,0.000000,,,,,,,,,,0.000000,0.000000,,,,,,,,,,,,
"2FBA2B75","Nodes",1119093.120000,1676762.620000,1313.064347,"Default Known Flow Node",69.999969,0.579999,1000.000000,0.000000,"Known Flow",0.000000,0.000000,2.16999993085665e-07,40.000000,0.579999,1000.000000,0.000000,0.000000,13.000000,0.000000,0.515374,0.579999,,,,7.453722,7.453722,,16.800279,,,,,,903.822387,0.066146,0.000000,0.000000,0.000000,,-459.670013,1000.000000,,0.000000,0.000000,,,,0.047072,"UNDEFINED",0.000000,0.997566,0.000000,,,,,"","",,,,7.453722,,0.000000,,0.000000,,,0.000000,0.000000,"",,,0.000000,,-1.000000,,0.000000,0.000000,-1.000000,-1.000000,,,,,,,,,,,"",,,,,,,,,,"Volumetric",,,,,,,,,,0.000000,,,,,,,,,,0.000000,0.000000,,,,,,,,,,,,
"fasf","Nodes",1120106.370000,1670607.620000,1313.064347,"Default Known Flow Node",69.999969,0.579999,1000.000000,0.000000,"Known Flow",0.000000,0.000000,2.16999993085665e-07,40.000000,0.579999,1000.000000,0.000000,0.000000,13.000000,0.000000,0.515380,0.579999,,,,8.674413,8.674413,,16.800279,,,,,,903.822387,0.066145,0.000000,0.000000,0.000000,,-459.670013,1000.000000,,0.000000,0.000000,,,,0.047211,"UNDEFINED",0.000000,0.997559,0.000000,,,,,"","",,,,8.674413,,0.000000,,0.000000,,,0.000000,0.000000,"",,,0.000000,,-1.000000,,0.000000,0.000000,-1.000000,-1.000000,,,,,,,,,,,"",,,,,,,,,,"Volumetric",,,,,,,,,,0.000000,,,,,,,,,,0.000000,0.000000,,,,,,,,,,,,
"0BEC5170","Nodes",1120100.870000,1670631.500000,1313.064347,"Default Known Flow Node",69.999969,0.579999,1000.000000,0.000000,"Known Flow",0.000000,0.000000,2.16999993085665e-07,40.000000,0.579999,1000.000000,0.000000,0.000000,13.000000,0.000000,0.515380,0.579999,,,,8.669740,8.669740,,16.800279,,,,,,903.822387,0.066145,0.000000,0.000000,0.000000,,-459.670013,1000.000000,,0.000000,0.000000,,,,0.047211,"SETFLOW",0.000000,0.997559,0.000000,,,,,"","",,,,8.669740,,0.000000,,0.000000,,,0.000000,0.000000,"",,,0.000000,"150-01 to 150-25 Northern Blvd, Q = 23.837mcfh, Firm Done",-1.000000,,0.000000,0.000000,-1.000000,-1.000000,,,,,,,,,,,,,,,,"",,,,,,,,,,"Volumetric",,,,,,,,,,-5.265851,,,,,-5.265851,-0.126380,,,,,,,,,,,,
"iul","Nodes",1120067.000000,1670876.870000,1313.064347,"Default Known Flow Node",69.999969,0.579999,1000.000000,0.000000,"Known Flow",0.000000,0.000000,2.16999993085665e-07,40.000000,0.579999,1000.000000,0.000000,0.000000,13.000000,0.000000,0.515380,0.579999,,,,8.668981,8.668981,,16.800279,,,,,,903.822387,0.066145,0.000000,0.000000,0.000000,,-459.670013,1000.000000,,0.000000,0.000000,,,,0.047210,"UNDEFINED",0.000000,0.997559,0.000000,,,,,"","",,,,8.668981,,0.000000,,0.000000,,,0.000000,0.000000,"",,,0.000000,,-1.000000,,0.000000,0.000000,-1.000000,-1.000000,,,,,,,,,,,"",,,,,,,,,,"Volumetric",,,,,,,,,,0.000000,,,,,,,,,,0.000000,0.000000,,,,,,,,,,,,
"pki","Nodes",1120212.000000,1670893.500000,1313.064347,"Default Known Flow Node",69.999969,0.579999,1000.000000,0.000000,"Known Flow",0.000000,0.000000,2.16999993085665e-07,40.000000,0.579999,1000.000000,0.000000,0.000000,13.000000,0.000000,0.515380,0.579999,,,,8.666190,8.666190,,16.800279,,,,,,903.822387,0.066145,0.000000,0.000000,0.000000,,-459.670013,1000.000000,,0.000000,0.000000,,,,0.047210,"UNDEFINED",0.000000,0.997559,0.000000,,,,,"","",,,,8.666190,,0.000000,,0.000000,,,0.000000,0.000000,"",,,0.000000,,-1.000000,,0.000000,0.000000,-1.000000,-1.000000,,,,,,,,,,,"",,,,,,,,,,"Volumetric",,,,,,,,,,0.000000,,,,,,,,,,0.000000,0.000000,,,,,,,,,,,,
"jljp","Nodes",1120278.870000,1670902.500000,1313.064347,"Default Known Flow Node",69.999969,0.579999,1000.000000,0.000000,"Known Flow",0.000000,0.000000,2.16999993085665e-07,40.000000,0.579999,1000.000000,0.000000,0.000000,13.000000,0.000000,0.515380,0.579999,,,,8.660855,8.660855,,16.800279,,,,,,903.822387,0.066145,0.000000,0.000000,0.000000,,-459.670013,1000.000000,,0.000000,0.000000,,,,0.047210,"UNDEFINED",0.000000,0.997559,0.000000,,,,,"","",,,,8.660855,,0.000000,,0.000000,,,0.000000,0.000000,"",,,0.000000,,-1.000000,,0.000000,0.000000,-1.000000,-1.000000,,,,,,,,,,,"",,,,,,,,,,"Volumetric",,,,,,,,,,0.000000,,,,,,,,,,0.000000,0.000000,,,,,,,,,,,,
"2FBB8E10","Nodes",1116182.620000,1674373.120000,1313.064347,"Default Known Flow Node",69.999969,0.579999,1000.000000,0.000000,"Known Flow",0.000000,0.000000,2.16999993085665e-07,40.000000,0.579999,1000.000000,0.000000,0.000000,13.000000,0.000000,0.515384,0.579999,,,,9.333525,9.333525,,16.800279,,,,,,903.822387,0.066145,0.000000,0.000000,0.000000,,-459.670013,1000.000000,,0.000000,0.000000,,,,0.047286,"UNDEFINED",0.000000,0.997555,0.000000,,,,,"","",,,,9.333525,,0.000000,,0.000000,,,0.000000,0.000000,"",,,0.000000,,-1.000000,,0.000000,0.000000,-1.000000,-1.000000,,,,,,,,,,,"",,,,,,,,,,"Volumetric",,,,,,,,,,0.000000,,,,,,,,,,0.000000,0.000000,,,,,,,,,,,,
"2FB1B8D9","Nodes",1116104.870000,1674643.500000,1313.064347,"Default Known Flow Node",69.999969,0.579999,1000.000000,0.000000,"Known Flow",0.000000,0.000000,2.16999993085665e-07,40.000000,0.579999,1000.000000,0.000000,0.000000,13.000000,0.000000,0.515385,0.579999,,,,9.443318,9.443318,,16.800279,,,,,,903.822387,0.066145,0.000000,0.000000,0.000000,,-459.670013,1000.000000,,0.000000,0.000000,,,,0.047298,"SETFLOW",0.000000,0.997554,0.000000,,,,,"","",,,,9.443318,,0.000000,,0.000000,,,0.000000,0.000000,"",,,0.000000,,-1.000000,,0.000000,0.000000,-1.000000,-1.000000,,,,,,,,,,,"",,,,,,,,,,"Volumetric",,,,,,,,,,-0.003455,,,,,,,,,,-0.003455,-0.000082,,,,,,,,,,,,
"ohyu","Nodes",1116125.370000,1674648.370000,1313.064347,"Default Known Flow Node",69.999969,0.579999,1000.000000,0.000000,"Known Flow",0.000000,0.000000,2.16999993085665e-07,40.000000,0.579999,1000.000000,0.000000,0.000000,13.000000,0.000000,0.515385,0.579999,,,,9.443861,9.443861,,16.800279,,,,,,903.822387,0.066145,0.000000,0.000000,0.000000,,-459.670013,1000.000000,,0.000000,0.000000,,,,0.047299,"UNDEFINED",0.000000,0.997554,0.000000,,,,,"","",,,,9.443861,,0.000000,,0.000000,,,0.000000,0.000000,"",,,0.000000,,-1.000000,,0.000000,0.000000,-1.000000,-1.000000,,,,,,,,,,,"",,,,,,,,,,"Volumetric",,,,,,,,,,0.000000,,,,,,,,,,0.000000,0.000000,,,,,,,,,,,,
"gdrt","Nodes",1116232.870000,1674674.500000,1313.064347,"Default Known Flow Node",69.999969,0.579999,1000.000000,0.000000,"Known Flow",0.000000,0.000000,2.16999993085665e-07,40.000000,0.579999,1000.000000,0.000000,0.000000,13.000000,0.000000,0.515384,0.579999,,,,9.409284,9.409284,,16.800279,,,,,,903.822387,0.066145,0.000000,0.000000,0.000000,,-459.670013,1000.000000,,0.000000,0.000000,,,,0.047295,"UNDEFINED",0.000000,0.997554,0.000000,,,,,"","",,,,9.409284,,0.000000,,0.000000,,,0.000000,0.000000,"",,,0.000000,,-1.000000,,0.000000,0.000000,-1.000000,-1.000000,,,,,,,,,,,"",,,,,,,,,,"Volumetric",,,,,,,,,,0.000000,,,,,,,,,,0.000000,0.000000,,,,,,,,,,,,
"2FBAF760","Nodes",1115597.870000,1672844.500000,1313.064347,"Default Known Flow Node",69.999969,0.579999,1000.000000,0.000000,"Known Flow",0.000000,0.000000,2.16999993085665e-07,40.000000,0.579999,1000.000000,0.000000,0.000000,13.000000,0.000000,0.515373,0.579999,,,,7.368684,7.368684,,16.800279,,,,,,903.822387,0.066146,0.000000,0.000000,0.000000,,-459.670013,1000.000000,,0.000000,0.000000,,,,0.047063,"UNDEFINED",0.000000,0.997566,0.000000,,,,,"","",,,,7.368684,,0.000000,,0.000000,,,0.000000,0.000000,"",,,0.000000,,-1.000000,,0.000000,0.000000,-1.000000,-1.000000,,,,,,,,,,,"",,,,,,,,,,"Volumetric",,,,,,,,,,0.000000,,,,,,,,,,0.000000,0.000000,,,,,,,,,,,,
"2FBA3A82","Nodes",1115588.500000,1672841.750000,1313.064347,"Default Known Flow Node",69.999969,0.579999,1000.000000,0.000000,"Known Flow",0.000000,0.000000,2.16999993085665e-07,40.000000,0.579999,1000.000000,0.000000,0.000000,13.000000,0.000000,0.515373,0.579999,,,,7.368680,7.368680,,16.800279,,,,,,903.822387,0.066146,0.000000,0.000000,0.000000,,-459.670013,1000.000000,,0.000000,0.000000,,,,0.047063,"UNDEFINED",0.000000,0.997566,0.000000,,,,,"","",,,,7.368680,,0.000000,,0.000000,,,0.000000,0.000000,"",,,0.000000,,-1.000000,,0.000000,0.000000,-1.000000,-1.000000,,,,,,,,,,,"",,,,,,,,,,"Volumetric",,,,,,,,,,0.000000,,,,,,,,,,0.000000,0.000000,,,,,,,,,,,,
"2FB19FA0","Nodes",1115588.419896,1672964.003643,1313.064347,"Default Known Flow Node",69.999969,0.579999,1000.000000,0.000000,"Known Flow",0.000000,0.000000,2.16999993085665e-07,40.000000,0.579999,1000.000000,0.000000,0.000000,13.000000,0.000000,0.515373,0.579999,,,,7.376169,7.376169,,16.800279,,,,,,903.822387,0.066146,0.000000,0.000000,0.000000,,-459.670013,1000.000000,,0.000000,0.000000,,,,0.047064,"SETFLOW",0.000000,0.997566,0.000000,,,,,"","",,,,7.376169,,0.000000,,0.000000,,,0.000000,0.000000,"",,,0.000000,,-1.000000,,0.000000,0.000000,-1.000000,-1.000000,,,,,,,,,,,"",,,,,,,,,,"Volumetric",,,,,,,,,,-0.036035,,,,,,,,,,-0.036035,-0.000864,,,,,,,,,,,,
"2FBA3A94","Nodes",1115566.370000,1673070.370000,1313.064347,"Default Known Flow Node",69.999969,0.579999,1000.000000,0.000000,"Known Flow",0.000000,0.000000,2.16999993085665e-07,40.000000,0.579999,1000.000000,0.000000,0.000000,13.000000,0.000000,0.515373,0.579999,,,,7.376585,7.376585,,16.800279,,,,,,903.822387,0.066146,0.000000,0.000000,0.000000,,-459.670013,1000.000000,,0.000000,0.000000,,,,0.047064,"UNDEFINED",0.000000,0.997566,0.000000,,,,,"","",,,,7.376585,,0.000000,,0.000000,,,0.000000,0.000000,"",,,0.000000,,-1.000000,,0.000000,0.000000,-1.000000,-1.000000,,,,,,,,,,,"",,,,,,,,,,"Volumetric",,,,,,,,,,0.000000,,,,,,,,,,0.000000,0.000000,,,,,,,,,,,,
"2FBAF770","Nodes",1115583.491224,1672962.684060,1313.064347,"Default Known Flow Node",69.999969,0.579999,1000.000000,0.000000,"Known Flow",0.000000,0.000000,2.16999993085665e-07,40.000000,0.579999,1000.000000,0.000000,0.000000,13.000000,0.000000,0.515373,0.579999,,,,7.376406,7.376406,,16.800279,,,,,,903.822387,0.066146,0.000000,0.000000,0.000000,,-459.670013,1000.000000,,0.000000,0.000000,,,,0.047064,"UNDEFINED",0.000000,0.997566,0.000000,,,,,"","",,,,7.376406,,0.000000,,0.000000,,,0.000000,0.000000,"",,,0.000000,"V21530",-1.000000,,0.000000,0.000000,0.000000,-1.000000,,,,,,,,,,,"",,,,,,,,,,"Volumetric",,,,,,,,,,0.000000,,,,,,,,,,0.000000,0.000000,,,,,,,,,,,,
"2FBA3A93","Nodes",1115579.220260,1672963.131207,1313.064347,"Default Known Flow Node",69.999969,0.579999,1000.000000,0.000000,"Known Flow",0.000000,0.000000,2.16999993085665e-07,40.000000,0.579999,1000.000000,0.000000,0.000000,13.000000,0.000000,0.515373,0.579999,,,,7.376596,7.376596,,16.800279,,,,,,903.822387,0.066146,0.000000,0.000000,0.000000,,-459.670013,1000.000000,,0.000000,0.000000,,,,0.047064,"UNDEFINED",0.000000,0.997566,0.000000,,,,,"","",,,,7.376596,,0.000000,,0.000000,,,0.000000,0.000000,"",,,0.000000,,-1.000000,,0.000000,0.000000,-1.000000,-1.000000,,,,,,,,,,,"",,,,,,,,,,"Volumetric",,,,,,,,,,0.000000,,,,,,,,,,0.000000,0.000000,,,,,,,,,,,,
"2FBA3A86","Nodes",1115609.870000,1672860.870000,1313.064347,"Default Known Flow Node",69.999969,0.579999,1000.000000,0.000000,"Known Flow",0.000000,0.000000,2.16999993085665e-07,40.000000,0.579999,1000.000000,0.000000,0.000000,13.000000,0.000000,0.515373,0.579999,,,,7.369038,7.369038,,16.800279,,,,,,903.822387,0.066146,0.000000,0.000000,0.000000,,-459.670013,1000.000000,,0.000000,0.000000,,,,0.047063,"UNDEFINED",0.000000,0.997566,0.000000,,,,,"","",,,,7.369038,,0.000000,,0.000000,,,0.000000,0.000000,"",,,0.000000,,-1.000000,,0.000000,0.000000,-1.000000,-1.000000,,,,,,,,,,,"",,,,,,,,,,"Volumetric",,,,,,,,,,0.000000,,,,,,,,,,0.000000,0.000000,,,,,,,,,,,,
"tghb","Nodes",1115678.000000,1672859.500000,1313.064347,"Default Known Flow Node",69.999969,0.579999,1000.000000,0.000000,"Known Flow",0.000000,0.000000,2.16999993085665e-07,40.000000,0.579999,1000.000000,0.000000,0.000000,13.000000,0.000000,0.515373,0.579999,,,,7.366454,7.366454,,16.800279,,,,,,903.822387,0.066146,0.000000,0.000000,0.000000,,-459.670013,1000.000000,,0.000000,0.000000,,,,0.047062,"UNDEFINED",0.000000,0.997566,0.000000,,,,,"","",,,,7.366454,,0.000000,,0.000000,,,0.000000,0.000000,"",,,0.000000,,-1.000000,,0.000000,0.000000,-1.000000,-1.000000,,,,,,,,,,,"",,,,,,,,,,"Volumetric",,,,,,,,,,0.000000,,,,,,,,,,0.000000,0.000000,,,,,,,,,,,,
"2FB2007C","Nodes",1116170.620000,1672985.500000,1313.064347,"Default Known Flow Node",69.999969,0.579999,1000.000000,0.000000,"Known Flow",0.000000,0.000000,2.16999993085665e-07,40.000000,0.579999,1000.000000,0.000000,0.000000,13.000000,0.000000,0.515373,0.579999,,,,7.356437,7.356437,,16.800279,,,,,,903.822387,0.066146,0.000000,0.000000,0.000000,,-459.670013,1000.000000,,0.000000,0.000000,,,,0.047061,"SETFLOW",0.000000,0.997566,0.000000,,,,,"","",,,,7.356437,,0.000000,,0.000000,,,0.000000,0.000000,"",,,0.000000,,-1.000000,,0.000000,0.000000,-1.000000,-1.000000,,,,,,,,,,,"",,,,,,,,,,"Volumetric",,,,,,,,,,-0.435707,,,,,,,,,,-0.435707,-0.010456,,,,,,,,,,,,
"2FBA6C25","Nodes",1116190.120000,1672990.250000,1313.064347,"Default Known Flow Node",69.999969,0.579999,1000.000000,0.000000,"Known Flow",0.000000,0.000000,2.16999993085665e-07,40.000000,0.579999,1000.000000,0.000000,0.000000,13.000000,0.000000,0.515373,0.579999,,,,7.356340,7.356340,,16.800279,,,,,,903.822387,0.066146,0.000000,0.000000,0.000000,,-459.670013,1000.000000,,0.000000,0.000000,,,,0.047061,"UNDEFINED",0.000000,0.997566,0.000000,,,,,"","",,,,7.356340,,0.000000,,0.000000,,,0.000000,0.000000,"",,,0.000000,,-1.000000,,0.000000,0.000000,-1.000000,-1.000000,,,,,,,,,,,"",,,,,,,,,,"Volumetric",,,,,,,,,,0.000000,,,,,,,,,,0.000000,0.000000,,,,,,,,,,,,
"2FBA2619","Nodes",1115885.000000,1672915.870000,1313.064347,"Default Known Flow Node",69.999969,0.579999,1000.000000,0.000000,"Known Flow",0.000000,0.000000,2.16999993085665e-07,40.000000,0.579999,1000.000000,0.000000,0.000000,13.000000,0.000000,0.515373,0.579999,,,,7.362222,7.362222,,16.800279,,,,,,903.822387,0.066146,0.000000,0.000000,0.000000,,-459.670013,1000.000000,,0.000000,0.000000,,,,0.047062,"UNDEFINED",0.000000,0.997566,0.000000,,,,,"","",,,,7.362222,,0.000000,,0.000000,,,0.000000,0.000000,"",,,0.000000,,-1.000000,,0.000000,0.000000,-1.000000,-1.000000,,,,,,,,,,,"",,,,,,,,,,"Volumetric",,,,,,,,,,0.000000,,,,,,,,,,0.000000,0.000000,,,,,,,,,,,,
"iohjn","Nodes",1115957.870000,1672895.750000,1313.064347,"Default Known Flow Node",69.999969,0.579999,1000.000000,0.000000,"Known Flow",0.000000,0.000000,2.16999993085665e-07,40.000000,0.579999,1000.000000,0.000000,0.000000,13.000000,0.000000,0.515373,0.579999,,,,7.362222,7.362222,,16.800279,,,,,,903.822387,0.066146,0.000000,0.000000,0.000000,,-459.670013,1000.000000,,0.000000,0.000000,,,,0.047062,"UNDEFINED",0.000000,0.997566,0.000000,,,,,"","",,,,7.362222,,0.000000,,0.000000,,,0.000000,0.000000,"",,,0.000000,,-1.000000,,0.000000,0.000000,-1.000000,-1.000000,,,,,,,,,,,"",,,,,,,,,,"Volumetric",,,,,,,,,,0.000000,,,,,,,,,,0.000000,0.000000,,,,,,,,,,,,
"2FBE22CC","Nodes",1115717.408625,1672581.455865,1313.064347,"Default Known Flow Node",69.999969,0.579999,1000.000000,0.000000,"Known Flow",0.000000,0.000000,2.16999993085665e-07,40.000000,0.579999,1000.000000,0.000000,0.000000,13.000000,0.000000,0.515373,0.579999,,,,7.368315,7.368315,,16.800279,,,,,,903.822387,0.066146,0.000000,0.000000,0.000000,,-459.670013,1000.000000,,0.000000,0.000000,,,,0.047063,"SETFLOW",0.000000,0.997566,0.000000,,,,,"","",,,,7.368315,,0.000000,,0.000000,,,0.000000,0.000000,"",,,0.000000,,-1.000000,,0.000000,0.000000,-1.000000,-1.000000,,,,,,,,,,,"",,,,,,,,,,"Volumetric",,,,,,,,,,-0.203828,,,,,,,,,,-0.203828,-0.004891,,,,,,,,,,,,
"2FBA2AB5","Nodes",1115688.657981,1672573.370617,1313.064347,"Default Known Flow Node",69.999969,0.579999,1000.000000,0.000000,"Known Flow",0.000000,0.000000,2.16999993085665e-07,40.000000,0.579999,1000.000000,0.000000,0.000000,13.000000,0.000000,0.515373,0.579999,,,,7.368690,7.368690,,16.800279,,,,,,903.822387,0.066146,0.000000,0.000000,0.000000,,-459.670013,1000.000000,,0.000000,0.000000,,,,0.047063,"UNDEFINED",0.000000,0.997566,0.000000,,,,,"","",,,,7.368690,,0.000000,,0.000000,,,0.000000,0.000000,"",,,0.000000,,-1.000000,,0.000000,0.000000,-1.000000,-1.000000,,,,,,,,,,,"",,,,,,,,,,"Volumetric",,,,,,,,,,0.000000,,,,,,,,,,0.000000,0.000000,,,,,,,,,,,,
"2FBA28E2","Nodes",1115674.749573,1672570.013487,1313.064347,"Default Known Flow Node",69.999969,0.579999,1000.000000,0.000000,"Known Flow",0.000000,0.000000,2.16999993085665e-07,40.000000,0.579999,1000.000000,0.000000,0.000000,13.000000,0.000000,0.515373,0.579999,,,,7.368740,7.368740,,16.800279,,,,,,903.822387,0.066146,0.000000,0.000000,0.000000,,-459.670013,1000.000000,,0.000000,0.000000,,,,0.047063,"UNDEFINED",0.000000,0.997566,0.000000,,,,,"","",,,,7.368740,,0.000000,,0.000000,,,0.000000,0.000000,"",,,0.000000,"V21026",-1.000000,,0.000000,0.000000,-1.000000,-1.000000,,,,,,,,,,,"",,,,,,,,,,"Volumetric",,,,,,,,,,0.000000,,,,,,,,,,0.000000,0.000000,,,,,,,,,,,,
"2FBAA812","Nodes",1115805.750000,1672049.120000,1313.064347,"Default Known Flow Node",69.999969,0.579999,1000.000000,0.000000,"Known Flow",0.000000,0.000000,2.16999993085665e-07,40.000000,0.579999,1000.000000,0.000000,0.000000,13.000000,0.000000,0.515373,0.579999,,,,7.409874,7.409874,,16.800279,,,,,,903.822387,0.066146,0.000000,0.000000,0.000000,,-459.670013,1000.000000,,0.000000,0.000000,,,,0.047067,"UNDEFINED",0.000000,0.997566,0.000000,,,,,"","",,,,7.409874,,0.000000,,0.000000,,,0.000000,0.000000,"",,,0.000000,,-1.000000,,0.000000,0.000000,-1.000000,-1.000000,,,,,,,,,,,"",,,,,,,,,,"Volumetric",,,,,,,,,,0.000000,,,,,,,,,,0.000000,0.000000,,,,,,,,,,,,
"2FBAA80F","Nodes",1115806.370000,1672046.750000,1313.064347,"Default Known Flow Node",69.999969,0.579999,1000.000000,0.000000,"Known Flow",0.000000,0.000000,2.16999993085665e-07,40.000000,0.579999,1000.000000,0.000000,0.000000,13.000000,0.000000,0.515373,0.579999,,,,7.411247,7.411247,,16.800279,,,,,,903.822387,0.066146,0.000000,0.000000,0.000000,,-459.670013,1000.000000,,0.000000,0.000000,,,,0.047068,"UNDEFINED",0.000000,0.997566,0.000000,,,,,"","",,,,7.411247,,0.000000,,0.000000,,,0.000000,0.000000,"",,,0.000000,,-1.000000,,0.000000,0.000000,-1.000000,-1.000000,,,,,,,,,,,"",,,,,,,,,,"Volumetric",,,,,,,,,,0.000000,,,,,,,,,,0.000000,0.000000,,,,,,,,,,,,
"onjy","Nodes",1115806.120000,1672061.370000,1313.064347,"Default Known Flow Node",69.999969,0.579999,1000.000000,0.000000,"Known Flow",0.000000,0.000000,2.16999993085665e-07,40.000000,0.579999,1000.000000,0.000000,0.000000,13.000000,0.000000,0.515373,0.579999,,,,7.407300,7.407300,,16.800279,,,,,,903.822387,0.066146,0.000000,0.000000,0.000000,,-459.670013,1000.000000,,0.000000,0.000000,,,,0.047067,"UNDEFINED",0.000000,0.997566,0.000000,,,,,"","",,,,7.407300,,0.000000,,0.000000,,,0.000000,0.000000,"",,,0.000000,,-1.000000,,0.000000,0.000000,-1.000000,-1.000000,,,,,,,,,,,"",,,,,,,,,,"Volumetric",,,,,,,,,,0.000000,,,,,,,,,,0.000000,0.000000,,,,,,,,,,,,
"ojky","Nodes",1115807.120000,1672061.370000,1313.064347,"Default Known Flow Node",69.999969,0.579999,1000.000000,0.000000,"Known Flow",0.000000,0.000000,2.16999993085665e-07,40.000000,0.579999,1000.000000,0.000000,0.000000,13.000000,0.000000,0.515373,0.579999,,,,7.407206,7.407206,,16.800279,,,,,,903.822387,0.066146,0.000000,0.000000,0.000000,,-459.670013,1000.000000,,0.000000,0.000000,,,,0.047067,"UNDEFINED",0.000000,0.997566,0.000000,,,,,"","",,,,7.407206,,0.000000,,0.000000,,,0.000000,0.000000,"",,,0.000000,,-1.000000,,0.000000,0.000000,-1.000000,-1.000000,,,,,,,,,,,"",,,,,,,,,,"Volumetric",,,,,,,,,,0.000000,,,,,,,,,,0.000000,0.000000,,,,,,,,,,,,
"2FBA8248","Nodes",1119992.250000,1669393.500000,1313.064347,"Default Known Flow Node",69.999969,0.579999,1000.000000,0.000000,"Known Flow",0.000000,0.000000,2.16999993085665e-07,40.000000,0.579999,1000.000000,0.000000,0.000000,13.000000,0.000000,0.515378,0.579999,,,,8.166926,8.166926,,16.800279,,,,,,903.822387,0.066146,0.000000,0.000000,0.000000,,-459.670013,1000.000000,,0.000000,0.000000,,,,0.047153,"UNDEFINED",0.000000,0.997562,0.000000,,,,,"","",,,,8.166926,,0.000000,,0.000000,,,0.000000,0.000000,"",,,0.000000,,-1.000000,,0.000000,0.000000,-1.000000,-1.000000,,,,,,,,,,,"",,,,,,,,,,"Volumetric",,,,,,,,,,0.000000,,,,,,,,,,0.000000,0.000000,,,,,,,,,,,,
"2FBA824B","Nodes",1119993.000000,1669397.500000,1313.064347,"Default Known Flow Node",69.999969,0.579999,1000.000000,0.000000,"Known Flow",0.000000,0.000000,2.16999993085665e-07,40.000000,0.579999,1000.000000,0.000000,0.000000,13.000000,0.000000,0.515378,0.579999,,,,8.195573,8.195573,,16.800279,,,,,,903.822387,0.066146,0.000000,0.000000,0.000000,,-459.670013,1000.000000,,0.000000,0.000000,,,,0.047157,"UNDEFINED",0.000000,0.997561,0.000000,,,,,"","",,,,8.195573,,0.000000,,0.000000,,,0.000000,0.000000,"",,,0.000000,,-1.000000,,0.000000,0.000000,-1.000000,-1.000000,,,,,,,,,,,"",,,,,,,,,,"Volumetric",,,,,,,,,,0.000000,,,,,,,,,,0.000000,0.000000,,,,,,,,,,,,
"0BEC48CA","Nodes",1119993.620000,1669401.500000,1313.064347,"Default Known Flow Node",69.999969,0.579999,1000.000000,0.000000,"Known Flow",0.000000,0.000000,2.16999993085665e-07,40.000000,0.579999,1000.000000,0.000000,0.000000,13.000000,0.000000,0.515378,0.579999,,,,8.209895,8.209895,,16.800279,,,,,,903.822387,0.066146,0.000000,0.000000,0.000000,,-459.670013,1000.000000,,0.000000,0.000000,,,,0.047158,"SETFLOW",0.000000,0.997561,0.000000,,,,,"","",,,,8.209895,,0.000000,,0.000000,,,0.000000,0.000000,"",,,0.000000,,-1.000000,,0.000000,0.000000,-1.000000,-1.000000,,,,,,,,,,,"",,,,,,,,,,"Volumetric",,,,,,,,,,-0.489628,,,,,,,,,,-0.489628,-0.011751,,,,,,,,,,,,
"0BEC5031","Nodes",1119209.620000,1670510.000000,1313.064347,"Default Known Flow Node",69.999969,0.579999,1000.000000,0.000000,"Known Flow",0.000000,0.000000,2.16999993085665e-07,40.000000,0.579999,1000.000000,0.000000,0.000000,13.000000,0.000000,0.515378,0.579999,,,,8.325067,8.325067,,16.800279,,,,,,903.822387,0.066146,0.000000,0.000000,0.000000,,-459.670013,1000.000000,,0.000000,0.000000,,,,0.047171,"UNDEFINED",0.000000,0.997561,0.000000,,,,,"","",,,,8.325067,,0.000000,,0.000000,,,0.000000,0.000000,"",,,0.000000,,-1.000000,,0.000000,0.000000,-1.000000,-1.000000,,,,,,,,,,,"",,,,,,,,,,"Volumetric",,,,,,,,,,0.000000,,,,,,,,,,0.000000,0.000000,,,,,,,,,,,,
"poik","Nodes",1119211.000000,1670517.620000,1313.064347,"Default Known Flow Node",69.999969,0.579999,1000.000000,0.000000,"Known Flow",0.000000,0.000000,2.16999993085665e-07,40.000000,0.579999,1000.000000,0.000000,0.000000,13.000000,0.000000,0.515378,0.579999,,,,8.325067,8.325067,,16.800279,,,,,,903.822387,0.066146,0.000000,0.000000,0.000000,,-459.670013,1000.000000,,0.000000,0.000000,,,,0.047171,"UNDEFINED",0.000000,0.997561,0.000000,,,,,"","",,,,8.325067,,0.000000,,0.000000,,,0.000000,0.000000,"",,,0.000000,,-1.000000,,0.000000,0.000000,-1.000000,-1.000000,,,,,,,,,,,"",,,,,,,,,,"Volumetric",,,,,,,,,,0.000000,,,,,,,,,,0.000000,0.000000,,,,,,,,,,,,
"0BEC5032","Nodes",1119227.500000,1670608.000000,1313.064347,"Default Known Flow Node",69.999969,0.579999,1000.000000,0.000000,"Known Flow",0.000000,0.000000,2.16999993085665e-07,40.000000,0.579999,1000.000000,0.000000,0.000000,13.000000,0.000000,0.515378,0.579999,,,,8.325067,8.325067,,16.800279,,,,,,903.822387,0.066146,0.000000,0.000000,0.000000,,-459.670013,1000.000000,,0.000000,0.000000,,,,0.047171,"UNDEFINED",0.000000,0.997561,0.000000,,,,,"","",,,,8.325067,,0.000000,,0.000000,,,0.000000,0.000000,"",,,0.000000,,-1.000000,,0.000000,0.000000,-1.000000,-1.000000,,,,,,,,,,,"",,,,,,,,,,"Volumetric",,,,,,,,,,0.000000,,,,,,,,,,0.000000,0.000000,,,,,,,,,,,,
"lio","Nodes",1119244.620000,1670502.000000,1313.064347,"Default Known Flow Node",69.999969,0.579999,1000.000000,0.000000,"Known Flow",0.000000,0.000000,2.16999993085665e-07,40.000000,0.579999,1000.000000,0.000000,0.000000,13.000000,0.000000,0.515378,0.579999,,,,8.325067,8.325067,,16.800279,,,,,,903.822387,0.066146,0.000000,0.000000,0.000000,,-459.670013,1000.000000,,0.000000,0.000000,,,,0.047171,"UNDEFINED",0.000000,0.997561,0.000000,,,,,"","",,,,8.325067,,0.000000,,0.000000,,,0.000000,0.000000,"",,,0.000000,,-1.000000,,0.000000,0.000000,-1.000000,-1.000000,,,,,,,,,,,"",,,,,,,,,,"Volumetric",,,,,,,,,,0.000000,,,,,,,,,,0.000000,0.000000,,,,,,,,,,,,
"tgv","Nodes",1119226.750000,1670506.120000,1313.064347,"Default Known Flow Node",69.999969,0.579999,1000.000000,0.000000,"Known Flow",0.000000,0.000000,2.16999993085665e-07,40.000000,0.579999,1000.000000,0.000000,0.000000,13.000000,0.000000,0.515378,0.579999,,,,8.325067,8.325067,,16.800279,,,,,,903.822387,0.066146,0.000000,0.000000,0.000000,,-459.670013,1000.000000,,0.000000,0.000000,,,,0.047171,"UNDEFINED",0.000000,0.997561,0.000000,,,,,"","",,,,8.325067,,0.000000,,0.000000,,,0.000000,0.000000,"",,,0.000000,,-1.000000,,0.000000,0.000000,-1.000000,-1.000000,,,,,,,,,,,"",,,,,,,,,,"Volumetric",,,,,,,,,,0.000000,,,,,,,,,,0.000000,0.000000,,,,,,,,,,,,
"tgxd","Nodes",1119216.000000,1670508.500000,1313.064347,"Default Known Flow Node",69.999969,0.579999,1000.000000,0.000000,"Known Flow",0.000000,0.000000,2.16999993085665e-07,40.000000,0.579999,1000.000000,0.000000,0.000000,13.000000,0.000000,0.515378,0.579999,,,,8.325067,8.325067,,16.800279,,,,,,903.822387,0.066146,0.000000,0.000000,0.000000,,-459.670013,1000.000000,,0.000000,0.000000,,,,0.047171,"UNDEFINED",0.000000,0.997561,0.000000,,,,,"","",,,,8.325067,,0.000000,,0.000000,,,0.000000,0.000000,"",,,0.000000,,-1.000000,,0.000000,0.000000,-1.000000,-1.000000,,,,,,,,,,,"",,,,,,,,,,"Volumetric",,,,,,,,,,0.000000,,,,,,,,,,0.000000,0.000000,,,,,,,,,,,,
"0BEC505C","Nodes",1118331.870000,1670363.250000,1313.064347,"Default Known Flow Node",69.999969,0.579999,1000.000000,0.000000,"Known Flow",0.000000,0.000000,2.16999993085665e-07,40.000000,0.579999,1000.000000,0.000000,0.000000,13.000000,0.000000,0.515368,0.579999,,,,6.540150,6.540150,,16.800279,,,,,,903.822387,0.066147,0.000000,0.000000,0.000000,,-459.670013,1000.000000,,0.000000,0.000000,,,,0.046969,"SETFLOW",0.000000,0.997571,0.000000,,,,,"","",,,,6.540150,,0.000000,,0.000000,,,0.000000,0.000000,"",,,0.000000,,-1.000000,,0.000000,0.000000,-1.000000,-1.000000,,,,,,,,,,,"",,,,,,,,,,"Volumetric",,,,,,,,,,-0.419377,,,,,,,,,,-0.419377,-0.010065,,,,,,,,,,,,
"dfg","Nodes",1118330.500000,1670356.620000,1313.064347,"Default Known Flow Node",69.999969,0.579999,1000.000000,0.000000,"Known Flow",0.000000,0.000000,2.16999993085665e-07,40.000000,0.579999,1000.000000,0.000000,0.000000,13.000000,0.000000,0.515368,0.579999,,,,6.540216,6.540216,,16.800279,,,,,,903.822387,0.066147,0.000000,0.000000,0.000000,,-459.670013,1000.000000,,0.000000,0.000000,,,,0.046969,"UNDEFINED",0.000000,0.997571,0.000000,,,,,"","",,,,6.540216,,0.000000,,0.000000,,,0.000000,0.000000,"",,,0.000000,,-1.000000,,0.000000,0.000000,-1.000000,-1.000000,,,,,,,,,,,"",,,,,,,,,,"Volumetric",,,,,,,,,,0.000000,,,,,,,,,,0.000000,0.000000,,,,,,,,,,,,
"edx","Nodes",1118333.750000,1670375.250000,1313.064347,"Default Known Flow Node",69.999969,0.579999,1000.000000,0.000000,"Known Flow",0.000000,0.000000,2.16999993085665e-07,40.000000,0.579999,1000.000000,0.000000,0.000000,13.000000,0.000000,0.515368,0.579999,,,,6.539780,6.539780,,16.800279,,,,,,903.822387,0.066147,0.000000,0.000000,0.000000,,-459.670013,1000.000000,,0.000000,0.000000,,,,0.046969,"UNDEFINED",0.000000,0.997571,0.000000,,,,,"","",,,,6.539780,,0.000000,,0.000000,,,0.000000,0.000000,"",,,0.000000,,-1.000000,,0.000000,0.000000,-1.000000,-1.000000,,,,,,,,,,,"",,,,,,,,,,"Volumetric",,,,,,,,,,0.000000,,,,,,,,,,0.000000,0.000000,,,,,,,,,,,,
"pp","Nodes",1118333.750000,1670366.620000,1313.064347,"Default Known Flow Node",69.999969,0.579999,1000.000000,0.000000,"Known Flow",0.000000,0.000000,2.16999993085665e-07,40.000000,0.579999,1000.000000,0.000000,0.000000,13.000000,0.000000,0.515368,0.579999,,,,6.539868,6.539868,,16.800279,,,,,,903.822387,0.066147,0.000000,0.000000,0.000000,,-459.670013,1000.000000,,0.000000,0.000000,,,,0.046969,"SETFLOW",0.000000,0.997571,0.000000,,,,,"","",,,,6.539868,,0.000000,,0.000000,,,0.000000,0.000000,"",,,0.000000,,-1.000000,,0.000000,0.000000,-1.000000,-1.000000,,,,,,,,,,,"",,,,,,,,,,"Volumetric",,,,,,,,,,-0.136237,,,,,,,,,,-0.136237,-0.003269,,,,,,,,,,,,
"xcv","Nodes",1118327.000000,1670364.120000,1313.064347,"Default Known Flow Node",69.999969,0.579999,1000.000000,0.000000,"Known Flow",0.000000,0.000000,2.16999993085665e-07,40.000000,0.579999,1000.000000,0.000000,0.000000,13.000000,0.000000,0.515368,0.579999,,,,6.540384,6.540384,,16.800279,,,,,,903.822387,0.066147,0.000000,0.000000,0.000000,,-459.670013,1000.000000,,0.000000,0.000000,,,,0.046969,"UNDEFINED",0.000000,0.997571,0.000000,,,,,"","",,,,6.540384,,0.000000,,0.000000,,,0.000000,0.000000,"",,,0.000000,,-1.000000,,0.000000,0.000000,-1.000000,-1.000000,,,,,,,,,,,"",,,,,,,,,,"Volumetric",,,,,,,,,,0.000000,,,,,,,,,,0.000000,0.000000,,,,,,,,,,,,
"eqc","Nodes",1118323.620000,1670364.870000,1313.064347,"Default Known Flow Node",69.999969,0.579999,1000.000000,0.000000,"Known Flow",0.000000,0.000000,2.16999993085665e-07,40.000000,0.579999,1000.000000,0.000000,0.000000,13.000000,0.000000,0.515368,0.579999,,,,6.540619,6.540619,,16.800279,,,,,,903.822387,0.066147,0.000000,0.000000,0.000000,,-459.670013,1000.000000,,0.000000,0.000000,,,,0.046969,"UNDEFINED",0.000000,0.997571,0.000000,,,,,"","",,,,6.540619,,0.000000,,0.000000,,,0.000000,0.000000,"",,,0.000000,,-1.000000,,0.000000,0.000000,-1.000000,-1.000000,,,,,,,,,,,"",,,,,,,,,,"Volumetric",,,,,,,,,,0.000000,,,,,,,,,,0.000000,0.000000,,,,,,,,,,,,
"2FBA2BF2","Nodes",1118320.000000,1670365.620000,1313.064347,"Default Known Flow Node",69.999969,0.579999,1000.000000,0.000000,"Known Flow",0.000000,0.000000,2.16999993085665e-07,40.000000,0.579999,1000.000000,0.000000,0.000000,13.000000,0.000000,0.515368,0.579999,,,,6.541439,6.541439,,16.800279,,,,,,903.822387,0.066147,0.000000,0.000000,0.000000,,-459.670013,1000.000000,,0.000000,0.000000,,,,0.046969,"UNDEFINED",0.000000,0.997571,0.000000,,,,,"","",,,,6.541439,,0.000000,,0.000000,,,0.000000,0.000000,"",,,0.000000,,-1.000000,,0.000000,0.000000,-1.000000,-1.000000,,,,,,,,,,,"",,,,,,,,,,"Volumetric",,,,,,,,,,0.000000,,,,,,,,,,0.000000,0.000000,,,,,,,,,,,,
"2FBAA17E","Nodes",1117168.994277,1667683.979505,1313.064347,"Default Known Flow Node",69.999969,0.579999,1000.000000,0.000000,"Known Flow",0.000000,0.000000,2.16999993085665e-07,40.000000,0.579999,1000.000000,0.000000,0.000000,13.000000,0.000000,0.515375,0.579999,,,,7.721823,7.721823,,16.800279,,,,,,903.822387,0.066146,0.000000,0.000000,0.000000,,-459.670013,1000.000000,,0.000000,0.000000,,,,0.047103,"SETFLOW",0.000000,0.997564,0.000000,,,,,"","",,,,7.721823,,0.000000,,0.000000,,,0.000000,0.000000,"",,,0.000000,,-1.000000,,0.000000,0.000000,-1.000000,-1.000000,,,,,,,,,,,"",,,,,,,,,,"Volumetric",,,,,,,,,,-0.042963,,,,,,,,,,-0.042963,-0.001031,,,,,,,,,,,,
"2FB9E820","Nodes",1117849.750000,1673433.000000,1313.064347,"Default Known Flow Node",69.999969,0.579999,1000.000000,0.000000,"Known Flow",0.000000,0.000000,2.16999993085665e-07,40.000000,0.579999,1000.000000,0.000000,0.000000,13.000000,0.000000,0.515374,0.579999,,,,7.603909,7.603909,,16.800279,,,,,,903.822387,0.066146,0.000000,0.000000,0.000000,,-459.670013,1000.000000,,0.000000,0.000000,,,,0.047089,"UNDEFINED",0.000000,0.997565,0.000000,,,,,"","",,,,7.603909,,0.000000,,0.000000,,,0.000000,0.000000,"",,,0.000000,,-1.000000,,0.000000,0.000000,-1.000000,-1.000000,,,,,,,,,,,"",,,,,,,,,,"Volumetric",,,,,,,,,,0.000000,,,,,,,,,,0.000000,0.000000,,,,,,,,,,,,
"0BEC4FD0","Nodes",1117885.620000,1673466.370000,1313.064347,"Default Known Flow Node",69.999969,0.579999,1000.000000,0.000000,"Known Flow",0.000000,0.000000,2.16999993085665e-07,40.000000,0.579999,1000.000000,0.000000,0.000000,13.000000,0.000000,0.515375,0.579999,,,,7.627936,7.627936,,16.800279,,,,,,903.822387,0.066146,0.000000,0.000000,0.000000,,-459.670013,1000.000000,,0.000000,0.000000,,,,0.047092,"SETFLOW",0.000000,0.997565,0.000000,,,,,"","",,,,7.627936,,0.000000,,0.000000,,,0.000000,0.000000,"",,,0.000000,,-1.000000,,0.000000,0.000000,-1.000000,-1.000000,,,,,,,,,,,"",,,,,,,,,,"Volumetric",,,,,,,,,,-0.298115,,,,,,,,,,-0.298115,-0.007154,,,,,,,,,,,,
"2FB9E81B","Nodes",1117907.370000,1673404.500000,1313.064347,"Default Known Flow Node",69.999969,0.579999,1000.000000,0.000000,"Known Flow",0.000000,0.000000,2.16999993085665e-07,40.000000,0.579999,1000.000000,0.000000,0.000000,13.000000,0.000000,0.515374,0.579999,,,,7.584571,7.584571,,16.800279,,,,,,903.822387,0.066146,0.000000,0.000000,0.000000,,-459.670013,1000.000000,,0.000000,0.000000,,,,0.047087,"UNDEFINED",0.000000,0.997565,0.000000,,,,,"","",,,,7.584571,,0.000000,,0.000000,,,0.000000,0.000000,"",,,0.000000,,-1.000000,,0.000000,0.000000,-1.000000,-1.000000,,,,,,,,,,,"",,,,,,,,,,"Volumetric",,,,,,,,,,0.000000,,,,,,,,,,0.000000,0.000000,,,,,,,,,,,,
"2FB9E821","Nodes",1117906.750000,1673406.620000,1313.064347,"Default Known Flow Node",69.999969,0.579999,1000.000000,0.000000,"Known Flow",0.000000,0.000000,2.16999993085665e-07,40.000000,0.579999,1000.000000,0.000000,0.000000,13.000000,0.000000,0.515374,0.579999,,,,7.585067,7.585067,,16.800279,,,,,,903.822387,0.066146,0.000000,0.000000,0.000000,,-459.670013,1000.000000,,0.000000,0.000000,,,,0.047087,"UNDEFINED",0.000000,0.997565,0.000000,,,,,"","",,,,7.585067,,0.000000,,0.000000,,,0.000000,0.000000,"",,,0.000000,,-1.000000,,0.000000,0.000000,-1.000000,-1.000000,,,,,,,,,,,"",,,,,,,,,,"Volumetric",,,,,,,,,,0.000000,,,,,,,,,,0.000000,0.000000,,,,,,,,,,,,
"2FB9E6F7","Nodes",1117881.000000,1673478.750000,1313.064347,"Default Known Flow Node",69.999969,0.579999,1000.000000,0.000000,"Known Flow",0.000000,0.000000,2.16999993085665e-07,40.000000,0.579999,1000.000000,0.000000,0.000000,13.000000,0.000000,0.515375,0.579999,,,,7.626144,7.626144,,16.800279,,,,,,903.822387,0.066146,0.000000,0.000000,0.000000,,-459.670013,1000.000000,,0.000000,0.000000,,,,0.047092,"SETFLOW",0.000000,0.997565,0.000000,,,,,"","",,,,7.626144,,0.000000,,0.000000,,,0.000000,0.000000,"",,,0.000000,,-1.000000,,0.000000,0.000000,-1.000000,-1.000000,,,,,,,,,,,"",,,,,,,,,,"Volumetric",,,,,,,,,,-0.140867,,,,,,,,,,-0.140867,-0.003380,,,,,,,,,,,,
"2FB9E6FB","Nodes",1117849.000000,1673564.620000,1313.064347,"Default Known Flow Node",69.999969,0.579999,1000.000000,0.000000,"Known Flow",0.000000,0.000000,2.16999993085665e-07,40.000000,0.579999,1000.000000,0.000000,0.000000,13.000000,0.000000,0.515375,0.579999,,,,7.617950,7.617950,,16.800279,,,,,,903.822387,0.066146,0.000000,0.000000,0.000000,,-459.670013,1000.000000,,0.000000,0.000000,,,,0.047091,"SETFLOW",0.000000,0.997565,0.000000,,,,,"","",,,,7.617950,,0.000000,,0.000000,,,0.000000,0.000000,"",,,0.000000,,-1.000000,,0.000000,0.000000,-1.000000,-1.000000,,,,,,,,,,,"",,,,,,,,,,"Volumetric",,,,,,,,,,-0.058312,,,,,,,,,,-0.058312,-0.001399,,,,,,,,,,,,
"2FB9E6F9","Nodes",1117847.750000,1673709.120000,1313.064347,"Default Known Flow Node",69.999969,0.579999,1000.000000,0.000000,"Known Flow",0.000000,0.000000,2.16999993085665e-07,40.000000,0.579999,1000.000000,0.000000,0.000000,13.000000,0.000000,0.515374,0.579999,,,,7.604463,7.604463,,16.800279,,,,,,903.822387,0.066146,0.000000,0.000000,0.000000,,-459.670013,1000.000000,,0.000000,0.000000,,,,0.047090,"UNDEFINED",0.000000,0.997565,0.000000,,,,,"","",,,,7.604463,,0.000000,,0.000000,,,0.000000,0.000000,"",,,0.000000,,-1.000000,,0.000000,0.000000,-1.000000,-1.000000,,,,,,,,,,,"",,,,,,,,,,"Volumetric",,,,,,,,,,0.000000,,,,,,,,,,0.000000,0.000000,,,,,,,,,,,,
"2FB9E6FE","Nodes",1117839.750000,1673707.000000,1313.064347,"Default Known Flow Node",69.999969,0.579999,1000.000000,0.000000,"Known Flow",0.000000,0.000000,2.16999993085665e-07,40.000000,0.579999,1000.000000,0.000000,0.000000,13.000000,0.000000,0.515374,0.579999,,,,7.604534,7.604534,,16.800279,,,,,,903.822387,0.066146,0.000000,0.000000,0.000000,,-459.670013,1000.000000,,0.000000,0.000000,,,,0.047090,"UNDEFINED",0.000000,0.997565,0.000000,,,,,"","",,,,7.604534,,0.000000,,0.000000,,,0.000000,0.000000,"",,,0.000000,,-1.000000,,0.000000,0.000000,-1.000000,-1.000000,,,,,,,,,,,"",,,,,,,,,,"Volumetric",,,,,,,,,,0.000000,,,,,,,,,,0.000000,0.000000,,,,,,,,,,,,
"2FB9E6FF","Nodes",1117781.750000,1673692.000000,1313.064347,"Default Known Flow Node",69.999969,0.579999,1000.000000,0.000000,"Known Flow",0.000000,0.000000,2.16999993085665e-07,40.000000,0.579999,1000.000000,0.000000,0.000000,13.000000,0.000000,0.515374,0.579999,,,,7.601712,7.601712,,16.800279,,,,,,903.822387,0.066146,0.000000,0.000000,0.000000,,-459.670013,1000.000000,,0.000000,0.000000,,,,0.047089,"UNDEFINED",0.000000,0.997565,0.000000,,,,,"","",,,,7.601712,,0.000000,,0.000000,,,0.000000,0.000000,"",,,0.000000,,-1.000000,,0.000000,0.000000,-1.000000,-1.000000,,,,,,,,,,,"",,,,,,,,,,"Volumetric",,,,,,,,,,0.000000,,,,,,,,,,0.000000,0.000000,,,,,,,,,,,,
"2FB9E6FA","Nodes",1117774.870000,1673690.250000,1313.064347,"Default Known Flow Node",69.999969,0.579999,1000.000000,0.000000,"Known Flow",0.000000,0.000000,2.16999993085665e-07,40.000000,0.579999,1000.000000,0.000000,0.000000,13.000000,0.000000,0.515374,0.579999,,,,7.599650,7.599650,,16.800279,,,,,,903.822387,0.066146,0.000000,0.000000,0.000000,,-459.670013,1000.000000,,0.000000,0.000000,,,,0.047089,"UNDEFINED",0.000000,0.997565,0.000000,,,,,"","",,,,7.599650,,0.000000,,0.000000,,,0.000000,0.000000,"",,,0.000000,,-1.000000,,0.000000,0.000000,-1.000000,-1.000000,,,,,,,,,,,"",,,,,,,,,,"Volumetric",,,,,,,,,,0.000000,,,,,,,,,,0.000000,0.000000,,,,,,,,,,,,
"he","Nodes",1117890.370000,1673468.000000,1313.064347,"Default Known Flow Node",69.999969,0.579999,1000.000000,0.000000,"Known Flow",0.000000,0.000000,2.16999993085665e-07,40.000000,0.579999,1000.000000,0.000000,0.000000,13.000000,0.000000,0.515375,0.579999,,,,7.631725,7.631725,,16.800279,,,,,,903.822387,0.066146,0.000000,0.000000,0.000000,,-459.670013,1000.000000,,0.000000,0.000000,,,,0.047093,"UNDEFINED",0.000000,0.997565,0.000000,,,,,"","",,,,7.631725,,0.000000,,0.000000,,,0.000000,0.000000,"",,,0.000000,,-1.000000,,0.000000,0.000000,-1.000000,-1.000000,,,,,,,,,,,"",,,,,,,,,,"Volumetric",,,,,,,,,,0.000000,,,,,,,,,,0.000000,0.000000,,,,,,,,,,,,
"rdv","Nodes",1117928.120000,1673457.500000,1313.064347,"Default Known Flow Node",69.999969,0.579999,1000.000000,0.000000,"Known Flow",0.000000,0.000000,2.16999993085665e-07,40.000000,0.579999,1000.000000,0.000000,0.000000,13.000000,0.000000,0.515375,0.579999,,,,7.680991,7.680991,,16.800279,,,,,,903.822387,0.066146,0.000000,0.000000,0.000000,,-459.670013,1000.000000,,0.000000,0.000000,,,,0.047098,"UNDEFINED",0.000000,0.997564,0.000000,,,,,"","",,,,7.680991,,0.000000,,0.000000,,,0.000000,0.000000,"",,,0.000000,,-1.000000,,0.000000,0.000000,-1.000000,-1.000000,,,,,,,,,,,"",,,,,,,,,,"Volumetric",,,,,,,,,,0.000000,,,,,,,,,,0.000000,0.000000,,,,,,,,,,,,
"hwe","Nodes",1117948.120000,1673452.000000,1313.064347,"Default Known Flow Node",69.999969,0.579999,1000.000000,0.000000,"Known Flow",0.000000,0.000000,2.16999993085665e-07,40.000000,0.579999,1000.000000,0.000000,0.000000,13.000000,0.000000,0.515375,0.579999,,,,7.697095,7.697095,,16.800279,,,,,,903.822387,0.066146,0.000000,0.000000,0.000000,,-459.670013,1000.000000,,0.000000,0.000000,,,,0.047100,"UNDEFINED",0.000000,0.997564,0.000000,,,,,"","",,,,7.697095,,0.000000,,0.000000,,,0.000000,0.000000,"",,,0.000000,,-1.000000,,0.000000,0.000000,-1.000000,-1.000000,,,,,,,,,,,"",,,,,,,,,,"Volumetric",,,,,,,,,,0.000000,,,,,,,,,,0.000000,0.000000,,,,,,,,,,,,
"2FBA3B5D","Nodes",1120187.217509,1670228.164670,1313.064347,"Default Known Flow Node",69.999969,0.579999,1000.000000,0.000000,"Known Flow",0.000000,0.000000,2.16999993085665e-07,40.000000,0.579999,1000.000000,0.000000,0.000000,13.000000,0.000000,0.515380,0.579999,,,,8.692501,8.692501,,16.800279,,,,,,903.822387,0.066145,0.000000,0.000000,0.000000,,-459.670013,1000.000000,,0.000000,0.000000,,,,0.047213,"UNDEFINED",0.000000,0.997558,0.000000,,,,,"","",,,,8.692501,,0.000000,,0.000000,,,0.000000,0.000000,"",,,0.000000,,-1.000000,,0.000000,0.000000,-1.000000,-1.000000,,,,,,,,,,,"",,,,,,,,,,"Volumetric",,,,,,,,,,0.000000,,,,,,,,,,0.000000,0.000000,,,,,,,,,,,,
"2FBA3B60","Nodes",1120197.625390,1670227.599652,1313.064347,"Default Known Flow Node",69.999969,0.579999,1000.000000,0.000000,"Known Flow",0.000000,0.000000,2.16999993085665e-07,40.000000,0.579999,1000.000000,0.000000,0.000000,13.000000,0.000000,0.515380,0.579999,,,,8.687252,8.687252,,16.800279,,,,,,903.822387,0.066145,0.000000,0.000000,0.000000,,-459.670013,1000.000000,,0.000000,0.000000,,,,0.047213,"UNDEFINED",0.000000,0.997559,0.000000,,,,,"","",,,,8.687252,,0.000000,,0.000000,,,0.000000,0.000000,"",,,0.000000,,-1.000000,,0.000000,0.000000,-1.000000,-1.000000,,,,,,,,,,,"",,,,,,,,,,"Volumetric",,,,,,,,,,0.000000,,,,,,,,,,0.000000,0.000000,,,,,,,,,,,,
"2FBA3B5E","Nodes",1120219.350807,1670232.257587,1313.064347,"Default Known Flow Node",69.999969,0.579999,1000.000000,0.000000,"Known Flow",0.000000,0.000000,2.16999993085665e-07,40.000000,0.579999,1000.000000,0.000000,0.000000,13.000000,0.000000,0.515380,0.579999,,,,8.683297,8.683297,,16.800279,,,,,,903.822387,0.066145,0.000000,0.000000,0.000000,,-459.670013,1000.000000,,0.000000,0.000000,,,,0.047212,"UNDEFINED",0.000000,0.997559,0.000000,,,,,"","",,,,8.683297,,0.000000,,0.000000,,,0.000000,0.000000,"",,,0.000000,,-1.000000,,0.000000,0.000000,-1.000000,-1.000000,,,,,,,,,,,"",,,,,,,,,,"Volumetric",,,,,,,,,,0.000000,,,,,,,,,,0.000000,0.000000,,,,,,,,,,,,
"2FBA3B61","Nodes",1120198.127065,1670224.537800,1313.064347,"Default Known Flow Node",69.999969,0.579999,1000.000000,0.000000,"Known Flow",0.000000,0.000000,2.16999993085665e-07,40.000000,0.579999,1000.000000,0.000000,0.000000,13.000000,0.000000,0.515380,0.579999,,,,8.686316,8.686316,,16.800279,,,,,,903.822387,0.066145,0.000000,0.000000,0.000000,,-459.670013,1000.000000,,0.000000,0.000000,,,,0.047212,"UNDEFINED",0.000000,0.997559,0.000000,,,,,"","",,,,8.686316,,0.000000,,0.000000,,,0.000000,0.000000,"",,,0.000000,,-1.000000,,0.000000,0.000000,-1.000000,-1.000000,,,,,,,,,,,"",,,,,,,,,,"Volumetric",,,,,,,,,,0.000000,,,,,,,,,,0.000000,0.000000,,,,,,,,,,,,
"2FBA3B68","Nodes",1120203.592042,1670191.467852,1313.064347,"Default Known Flow Node",69.999969,0.579999,1000.000000,0.000000,"Known Flow",0.000000,0.000000,2.16999993085665e-07,40.000000,0.579999,1000.000000,0.000000,0.000000,13.000000,0.000000,0.515380,0.579999,,,,8.668320,8.668320,,16.800279,,,,,,903.822387,0.066145,0.000000,0.000000,0.000000,,-459.670013,1000.000000,,0.000000,0.000000,,,,0.047210,"UNDEFINED",0.000000,0.997559,0.000000,,,,,"","",,,,8.668320,,0.000000,,0.000000,,,0.000000,0.000000,"",,,0.000000,"V22217",-1.000000,,0.000000,0.000000,-1.000000,-1.000000,,,,,,,,,,,"",,,,,,,,,,"Volumetric",,,,,,,,,,0.000000,,,,,,,,,,0.000000,0.000000,,,,,,,,,,,,
"2FBA3B67","Nodes",1120216.194063,1670214.598069,1313.064347,"Default Known Flow Node",69.999969,0.579999,1000.000000,0.000000,"Known Flow",0.000000,0.000000,2.16999993085665e-07,40.000000,0.579999,1000.000000,0.000000,0.000000,13.000000,0.000000,0.515380,0.579999,,,,8.679425,8.679425,,16.800279,,,,,,903.822387,0.066145,0.000000,0.000000,0.000000,,-459.670013,1000.000000,,0.000000,0.000000,,,,0.047212,"UNDEFINED",0.000000,0.997559,0.000000,,,,,"","",,,,8.679425,,0.000000,,0.000000,,,0.000000,0.000000,"",,,0.000000,,-1.000000,,0.000000,0.000000,-1.000000,-1.000000,,,,,,,,,,,"",,,,,,,,,,"Volumetric",,,,,,,,,,0.000000,,,,,,,,,,0.000000,0.000000,,,,,,,,,,,,
"2FBA3B64","Nodes",1120218.271710,1670214.987627,1313.064347,"Default Known Flow Node",69.999969,0.579999,1000.000000,0.000000,"Known Flow",0.000000,0.000000,2.16999993085665e-07,40.000000,0.579999,1000.000000,0.000000,0.000000,13.000000,0.000000,0.515380,0.579999,,,,8.679425,8.679425,,16.800279,,,,,,903.822387,0.066145,0.000000,0.000000,0.000000,,-459.670013,1000.000000,,0.000000,0.000000,,,,0.047212,"UNDEFINED",0.000000,0.997559,0.000000,,,,,"","",,,,8.679425,,0.000000,,0.000000,,,0.000000,0.000000,"",,,0.000000,,-1.000000,,0.000000,0.000000,-1.000000,-1.000000,,,,,,,,,,,"",,,,,,,,,,"Volumetric",,,,,,,,,,0.000000,,,,,,,,,,0.000000,0.000000,,,,,,,,,,,,
"2FBA940B","Nodes",1120231.013211,1670210.083310,1313.064347,"Default Known Flow Node",69.999969,0.579999,1000.000000,0.000000,"Known Flow",0.000000,0.000000,2.16999993085665e-07,40.000000,0.579999,1000.000000,0.000000,0.000000,13.000000,0.000000,0.515380,0.579999,,,,8.679422,8.679422,,16.800279,,,,,,903.822387,0.066145,0.000000,0.000000,0.000000,,-459.670013,1000.000000,,0.000000,0.000000,,,,0.047212,"UNDEFINED",0.000000,0.997559,0.000000,,,,,"","",,,,8.679422,,0.000000,,0.000000,,,0.000000,0.000000,"",,,0.000000,,-1.000000,,0.000000,0.000000,-1.000000,-1.000000,,,,,,,,,,,"",,,,,,,,,,"Volumetric",,,,,,,,,,0.000000,,,,,,,,,,0.000000,0.000000,,,,,,,,,,,,
"2FBA2B8B","Nodes",1118703.370000,1673604.250000,1313.064347,"Default Known Flow Node",69.999969,0.579999,1000.000000,0.000000,"Known Flow",0.000000,0.000000,2.16999993085665e-07,40.000000,0.579999,1000.000000,0.000000,0.000000,13.000000,0.000000,0.515382,0.579999,,,,8.886488,8.886488,,16.800279,,,,,,903.822387,0.066145,0.000000,0.000000,0.000000,,-459.670013,1000.000000,,0.000000,0.000000,,,,0.047235,"UNDEFINED",0.000000,0.997557,0.000000,,,,,"","",,,,8.886488,,0.000000,,0.000000,,,0.000000,0.000000,"",,,0.000000,,-1.000000,,0.000000,0.000000,-1.000000,-1.000000,,,,,,,,,,,"",,,,,,,,,,"Volumetric",,,,,,,,,,0.000000,,,,,,,,,,0.000000,0.000000,,,,,,,,,,,,
"2FBA2B88","Nodes",1118704.370000,1673614.370000,1313.064347,"Default Known Flow Node",69.999969,0.579999,1000.000000,0.000000,"Known Flow",0.000000,0.000000,2.16999993085665e-07,40.000000,0.579999,1000.000000,0.000000,0.000000,13.000000,0.000000,0.515382,0.579999,,,,8.889970,8.889970,,16.800279,,,,,,903.822387,0.066145,0.000000,0.000000,0.000000,,-459.670013,1000.000000,,0.000000,0.000000,,,,0.047236,"UNDEFINED",0.000000,0.997557,0.000000,,,,,"","",,,,8.889970,,0.000000,,0.000000,,,0.000000,0.000000,"",,,0.000000,,-1.000000,,0.000000,0.000000,-1.000000,-1.000000,,,,,,,,,,,"",,,,,,,,,,"Volumetric",,,,,,,,,,0.000000,,,,,,,,,,0.000000,0.000000,,,,,,,,,,,,
"2FBA2B87","Nodes",1118711.750000,1673632.750000,1313.064347,"Default Known Flow Node",69.999969,0.579999,1000.000000,0.000000,"Known Flow",0.000000,0.000000,2.16999993085665e-07,40.000000,0.579999,1000.000000,0.000000,0.000000,13.000000,0.000000,0.515382,0.579999,,,,8.900417,8.900417,,16.800279,,,,,,903.822387,0.066145,0.000000,0.000000,0.000000,,-459.670013,1000.000000,,0.000000,0.000000,,,,0.047237,"UNDEFINED",0.000000,0.997557,0.000000,,,,,"","",,,,8.900417,,0.000000,,0.000000,,,0.000000,0.000000,"",,,0.000000,,-1.000000,,0.000000,0.000000,-1.000000,-1.000000,,,,,,,,,,,"",,,,,,,,,,"Volumetric",,,,,,,,,,0.000000,,,,,,,,,,0.000000,0.000000,,,,,,,,,,,,
"2FBA2B89","Nodes",1118710.000000,1673639.000000,1313.064347,"Default Known Flow Node",69.999969,0.579999,1000.000000,0.000000,"Known Flow",0.000000,0.000000,2.16999993085665e-07,40.000000,0.579999,1000.000000,0.000000,0.000000,13.000000,0.000000,0.515382,0.579999,,,,8.902506,8.902506,,16.800279,,,,,,903.822387,0.066145,0.000000,0.000000,0.000000,,-459.670013,1000.000000,,0.000000,0.000000,,,,0.047237,"UNDEFINED",0.000000,0.997557,0.000000,,,,,"","",,,,8.902506,,0.000000,,0.000000,,,0.000000,0.000000,"",,,0.000000,,-1.000000,,0.000000,0.000000,-1.000000,-1.000000,,,,,,,,,,,"",,,,,,,,,,"Volumetric",,,,,,,,,,0.000000,,,,,,,,,,0.000000,0.000000,,,,,,,,,,,,
"2FBA2B8A","Nodes",1118712.620000,1673639.500000,1313.064347,"Default Known Flow Node",69.999969,0.579999,1000.000000,0.000000,"Known Flow",0.000000,0.000000,2.16999993085665e-07,40.000000,0.579999,1000.000000,0.000000,0.000000,13.000000,0.000000,0.515382,0.579999,,,,8.902506,8.902506,,16.800279,,,,,,903.822387,0.066145,0.000000,0.000000,0.000000,,-459.670013,1000.000000,,0.000000,0.000000,,,,0.047237,"UNDEFINED",0.000000,0.997557,0.000000,,,,,"","",,,,8.902506,,0.000000,,0.000000,,,0.000000,0.000000,"",,,0.000000,,-1.000000,,0.000000,0.000000,-1.000000,-1.000000,,,,,,,,,,,"",,,,,,,,,,"Volumetric",,,,,,,,,,0.000000,,,,,,,,,,0.000000,0.000000,,,,,,,,,,,,
"2FB9EE38","Nodes",1118711.000000,1673649.870000,1313.064347,"Default Known Flow Node",69.999969,0.579999,1000.000000,0.000000,"Known Flow",0.000000,0.000000,2.16999993085665e-07,40.000000,0.579999,1000.000000,0.000000,0.000000,13.000000,0.000000,0.515382,0.579999,,,,8.911104,8.911104,,16.800279,,,,,,903.822387,0.066145,0.000000,0.000000,0.000000,,-459.670013,1000.000000,,0.000000,0.000000,,,,0.047238,"UNDEFINED",0.000000,0.997557,0.000000,,,,,"","",,,,8.911104,,0.000000,,0.000000,,,0.000000,0.000000,"",,,0.000000,,-1.000000,,0.000000,0.000000,-1.000000,-1.000000,,,,,,,,,,,"",,,,,,,,,,"Volumetric",,,,,,,,,,0.000000,,,,,,,,,,0.000000,0.000000,,,,,,,,,,,,
"2FBA2B8C","Nodes",1118698.120000,1673603.370000,1313.064347,"Default Known Flow Node",69.999969,0.579999,1000.000000,0.000000,"Known Flow",0.000000,0.000000,2.16999993085665e-07,40.000000,0.579999,1000.000000,0.000000,0.000000,13.000000,0.000000,0.515382,0.579999,,,,8.886488,8.886488,,16.800279,,,,,,903.822387,0.066145,0.000000,0.000000,0.000000,,-459.670013,1000.000000,,0.000000,0.000000,,,,0.047235,"UNDEFINED",0.000000,0.997557,0.000000,,,,,"","",,,,8.886488,,0.000000,,0.000000,,,0.000000,0.000000,"",,,0.000000,,-1.000000,,0.000000,0.000000,-1.000000,-1.000000,,,,,,,,,,,"",,,,,,,,,,"Volumetric",,,,,,,,,,0.000000,,,,,,,,,,0.000000,0.000000,,,,,,,,,,,,
"2FBA9520","Nodes",1119757.000000,1673655.120000,1313.064347,"Default Known Flow Node",69.999969,0.579999,1000.000000,0.000000,"Known Flow",0.000000,0.000000,2.16999993085665e-07,40.000000,0.579999,1000.000000,0.000000,0.000000,13.000000,0.000000,0.515382,0.579999,,,,9.033416,9.033416,,16.800279,,,,,,903.822387,0.066145,0.000000,0.000000,0.000000,,-459.670013,1000.000000,,0.000000,0.000000,,,,0.047252,"UNDEFINED",0.000000,0.997556,0.000000,,,,,"","",,,,9.033416,,0.000000,,0.000000,,,0.000000,0.000000,"",,,0.000000,,-1.000000,,0.000000,0.000000,-1.000000,-1.000000,,,,,,,,,,,"",,,,,,,,,,"Volumetric",,,,,,,,,,0.000000,,,,,,,,,,0.000000,0.000000,,,,,,,,,,,,
"2FBA951F","Nodes",1119755.500000,1673654.370000,1313.064347,"Default Known Flow Node",69.999969,0.579999,1000.000000,0.000000,"Known Flow",0.000000,0.000000,2.16999993085665e-07,40.000000,0.579999,1000.000000,0.000000,0.000000,13.000000,0.000000,0.515382,0.579999,,,,9.023822,9.023822,,16.800279,,,,,,903.822387,0.066145,0.000000,0.000000,0.000000,,-459.670013,1000.000000,,0.000000,0.000000,,,,0.047251,"UNDEFINED",0.000000,0.997557,0.000000,,,,,"","",,,,9.023822,,0.000000,,0.000000,,,0.000000,0.000000,"",,,0.000000,,-1.000000,,0.000000,0.000000,-1.000000,-1.000000,,,,,,,,,,,"",,,,,,,,,,"Volumetric",,,,,,,,,,0.000000,,,,,,,,,,0.000000,0.000000,,,,,,,,,,,,
"2FBA9522","Nodes",1119754.000000,1673654.000000,1313.064347,"Default Known Flow Node",69.999969,0.579999,1000.000000,0.000000,"Known Flow",0.000000,0.000000,2.16999993085665e-07,40.000000,0.579999,1000.000000,0.000000,0.000000,13.000000,0.000000,0.515382,0.579999,,,,9.022604,9.022604,,16.800279,,,,,,903.822387,0.066145,0.000000,0.000000,0.000000,,-459.670013,1000.000000,,0.000000,0.000000,,,,0.047251,"UNDEFINED",0.000000,0.997557,0.000000,,,,,"","",,,,9.022604,,0.000000,,0.000000,,,0.000000,0.000000,"",,,0.000000,,-1.000000,,0.000000,0.000000,-1.000000,-1.000000,,,,,,,,,,,"",,,,,,,,,,"Volumetric",,,,,,,,,,0.000000,,,,,,,,,,0.000000,0.000000,,,,,,,,,,,,
"0BEC520C","Nodes",1119498.620000,1673584.620000,1313.064347,"Default Known Flow Node",69.999969,0.579999,1000.000000,0.000000,"Known Flow",0.000000,0.000000,2.16999993085665e-07,40.000000,0.579999,1000.000000,0.000000,0.000000,13.000000,0.000000,0.515382,0.579999,,,,8.925424,8.925424,,16.800279,,,,,,903.822387,0.066145,0.000000,0.000000,0.000000,,-459.670013,1000.000000,,0.000000,0.000000,,,,0.047240,"SETFLOW",0.000000,0.997557,0.000000,,,,,"","",,,,8.925424,,0.000000,,0.000000,,,0.000000,0.000000,"",,,0.000000,,-1.000000,,0.000000,0.000000,-1.000000,-1.000000,,,,,,,,,,,"",,,,,,,,,,"Volumetric",,,,,,,,,,-0.270597,,,,,,,,,,-0.270597,-0.006494,,,,,,,,,,,,
"1DD43536","Nodes",1118709.000000,1673643.120000,1313.064347,"Default Known Flow Node",69.999969,0.579999,1000.000000,0.000000,"Known Flow",0.000000,0.000000,2.16999993085665e-07,40.000000,0.579999,1000.000000,0.000000,0.000000,13.000000,0.000000,0.515382,0.579999,,,,8.905292,8.905292,,16.800279,,,,,,903.822387,0.066145,0.000000,0.000000,0.000000,,-459.670013,1000.000000,,0.000000,0.000000,,,,0.047237,"UNDEFINED",0.000000,0.997557,0.000000,,,,,"","",,,,8.905292,,0.000000,,0.000000,,,0.000000,0.000000,"",,,0.000000,,-1.000000,,0.000000,0.000000,-1.000000,-1.000000,,,,,,,,,,,"",,,,,,,,,,"Volumetric",,,,,,,,,,0.000000,,,,,,,,,,0.000000,0.000000,,,,,,,,,,,,
"2FB1B915","Nodes",1115646.121522,1678420.895432,1313.064347,"Default Known Flow Node",69.999969,0.579999,1000.000000,0.000000,"Known Flow",0.000000,0.000000,2.16999993085665e-07,40.000000,0.579999,1000.000000,0.000000,0.000000,13.000000,0.000000,0.515379,0.579999,,,,8.411477,8.411477,,16.800279,,,,,,903.822387,0.066146,0.000000,0.000000,0.000000,,-459.670013,1000.000000,,0.000000,0.000000,,,,0.047181,"SETFLOW",0.000000,0.997560,0.000000,,,,,"","",,,,8.411477,,0.000000,,0.000000,,,0.000000,0.000000,"",,,0.000000,,-1.000000,,0.000000,0.000000,-1.000000,-1.000000,,,,,,,,,,,"",,,,,,,,,,"Volumetric",,,,,,,,,,-0.005964,,,,,,,,,,-0.005964,-0.000143,,,,,,,,,,,,
"2FBA3BD0","Nodes",1115693.955321,1678423.749406,1313.064347,"Default Known Flow Node",69.999969,0.579999,1000.000000,0.000000,"Known Flow",0.000000,0.000000,2.16999993085665e-07,40.000000,0.579999,1000.000000,0.000000,0.000000,13.000000,0.000000,0.515379,0.579999,,,,8.411381,8.411381,,16.800279,,,,,,903.822387,0.066146,0.000000,0.000000,0.000000,,-459.670013,1000.000000,,0.000000,0.000000,,,,0.047181,"UNDEFINED",0.000000,0.997560,0.000000,,,,,"","",,,,8.411381,,0.000000,,0.000000,,,0.000000,0.000000,"",,,0.000000,,-1.000000,,0.000000,0.000000,-1.000000,-1.000000,,,,,,,,,,,"",,,,,,,,,,"Volumetric",,,,,,,,,,0.000000,,,,,,,,,,0.000000,0.000000,,,,,,,,,,,,
"2FBBE254","Nodes",1115681.058562,1678422.979929,1313.064347,"Default Known Flow Node",69.999969,0.579999,1000.000000,0.000000,"Known Flow",0.000000,0.000000,2.16999993085665e-07,40.000000,0.579999,1000.000000,0.000000,0.000000,13.000000,0.000000,0.515379,0.579999,,,,8.411401,8.411401,,16.800279,,,,,,903.822387,0.066146,0.000000,0.000000,0.000000,,-459.670013,1000.000000,,0.000000,0.000000,,,,0.047181,"UNDEFINED",0.000000,0.997560,0.000000,,,,,"","",,,,8.411401,,0.000000,,0.000000,,,0.000000,0.000000,"",,,0.000000,"V43582",-1.000000,,0.000000,0.000000,0.000000,-1.000000,,,,,,,,,,,"",,,,,,,,,,"Volumetric",,,,,,,,,,0.000000,,,,,,,,,,0.000000,0.000000,,,,,,,,,,,,
"2FBA3BCB","Nodes",1115611.811391,1678418.591774,1313.064347,"Default Known Flow Node",69.999969,0.579999,1000.000000,0.000000,"Known Flow",0.000000,0.000000,2.16999993085665e-07,40.000000,0.579999,1000.000000,0.000000,0.000000,13.000000,0.000000,0.515379,0.579999,,,,8.410206,8.410206,,16.800279,,,,,,903.822387,0.066146,0.000000,0.000000,0.000000,,-459.670013,1000.000000,,0.000000,0.000000,,,,0.047181,"UNDEFINED",0.000000,0.997560,0.000000,,,,,"","",,,,8.410206,,0.000000,,0.000000,,,0.000000,0.000000,"",,,0.000000,,-1.000000,,0.000000,0.000000,-1.000000,-1.000000,,,,,,,,,,,"",,,,,,,,,,"Volumetric",,,,,,,,,,0.000000,,,,,,,,,,0.000000,0.000000,,,,,,,,,,,,
"2FBA3BC8","Nodes",1115581.079208,1678420.474646,1313.064347,"Default Known Flow Node",69.999969,0.579999,1000.000000,0.000000,"Known Flow",0.000000,0.000000,2.16999993085665e-07,40.000000,0.579999,1000.000000,0.000000,0.000000,13.000000,0.000000,0.515379,0.579999,,,,8.421184,8.421184,,16.800279,,,,,,903.822387,0.066146,0.000000,0.000000,0.000000,,-459.670013,1000.000000,,0.000000,0.000000,,,,0.047182,"UNDEFINED",0.000000,0.997560,0.000000,,,,,"","",,,,8.421184,,0.000000,,0.000000,,,0.000000,0.000000,"",,,0.000000,,-1.000000,,0.000000,0.000000,-1.000000,-1.000000,,,,,,,,,,,"",,,,,,,,,,"Volumetric",,,,,,,,,,0.000000,,,,,,,,,,0.000000,0.000000,,,,,,,,,,,,
"2FBA3BD7","Nodes",1115644.189831,1678380.297648,1313.064347,"Default Known Flow Node",69.999969,0.579999,1000.000000,0.000000,"Known Flow",0.000000,0.000000,2.16999993085665e-07,40.000000,0.579999,1000.000000,0.000000,0.000000,13.000000,0.000000,0.515379,0.579999,,,,8.392999,8.392999,,16.800279,,,,,,903.822387,0.066146,0.000000,0.000000,0.000000,,-459.670013,1000.000000,,0.000000,0.000000,,,,0.047179,"UNDEFINED",0.000000,0.997560,0.000000,,,,,"","",,,,8.392999,,0.000000,,0.000000,,,0.000000,0.000000,"",,,0.000000,,-1.000000,,0.000000,0.000000,-1.000000,-1.000000,,,,,,,,,,,"",,,,,,,,,,"Volumetric",,,,,,,,,,0.000000,,,,,,,,,,0.000000,0.000000,,,,,,,,,,,,
"2FBA3BD6","Nodes",1115644.185165,1678377.332868,1313.064347,"Default Known Flow Node",69.999969,0.579999,1000.000000,0.000000,"Known Flow",0.000000,0.000000,2.16999993085665e-07,40.000000,0.579999,1000.000000,0.000000,0.000000,13.000000,0.000000,0.515379,0.579999,,,,8.392251,8.392251,,16.800279,,,,,,903.822387,0.066146,0.000000,0.000000,0.000000,,-459.670013,1000.000000,,0.000000,0.000000,,,,0.047179,"UNDEFINED",0.000000,0.997560,0.000000,,,,,"","",,,,8.392251,,0.000000,,0.000000,,,0.000000,0.000000,"",,,0.000000,,-1.000000,,0.000000,0.000000,-1.000000,-1.000000,,,,,,,,,,,"",,,,,,,,,,"Volumetric",,,,,,,,,,0.000000,,,,,,,,,,0.000000,0.000000,,,,,,,,,,,,
"0BEC5134","Nodes",1118788.620000,1673400.870000,1313.064347,"Default Known Flow Node",69.999969,0.579999,1000.000000,0.000000,"Known Flow",0.000000,0.000000,2.16999993085665e-07,40.000000,0.579999,1000.000000,0.000000,0.000000,13.000000,0.000000,0.515381,0.579999,,,,8.791099,8.791099,,16.800279,,,,,,903.822387,0.066145,0.000000,0.000000,0.000000,,-459.670013,1000.000000,,0.000000,0.000000,,,,0.047224,"SETFLOW",0.000000,0.997558,0.000000,,,,,"","",,,,8.791099,,0.000000,,0.000000,,,0.000000,0.000000,"",,,0.000000,,-1.000000,,0.000000,0.000000,-1.000000,-1.000000,,,,,,,,,,,"",,,,,,,,,,"Volumetric",,,,,,,,,,-1.704172,,,,,,,,,,-1.704172,-0.040900,,,,,,,,,,,,
"2FBA28BE","Nodes",1120272.957077,1671559.625181,1313.064347,"Default Known Flow Node",69.999969,0.579999,1000.000000,0.000000,"Known Flow",0.000000,0.000000,2.16999993085665e-07,40.000000,0.579999,1000.000000,0.000000,0.000000,13.000000,0.000000,0.515380,0.579999,,,,8.658082,8.658082,,16.800279,,,,,,903.822387,0.066145,0.000000,0.000000,0.000000,,-459.670013,1000.000000,,0.000000,0.000000,,,,0.047209,"UNDEFINED",0.000000,0.997559,0.000000,,,,,"","",,,,8.658082,,0.000000,,0.000000,,,0.000000,0.000000,"",,,0.000000,"V43079",-1.000000,,0.000000,0.000000,-1.000000,-1.000000,,,,,,,,,,,"",,,,,,,,,,"Volumetric",,,,,,,,,,0.000000,,,,,,,,,,0.000000,0.000000,,,,,,,,,,,,
"2FBAE40D","Nodes",1120272.282774,1671573.822775,1313.064347,"Default Known Flow Node",69.999969,0.579999,1000.000000,0.000000,"Known Flow",0.000000,0.000000,2.16999993085665e-07,40.000000,0.579999,1000.000000,0.000000,0.000000,13.000000,0.000000,0.515380,0.579999,,,,8.658200,8.658200,,16.800279,,,,,,903.822387,0.066145,0.000000,0.000000,0.000000,,-459.670013,1000.000000,,0.000000,0.000000,,,,0.047209,"UNDEFINED",0.000000,0.997559,0.000000,,,,,"","",,,,8.658200,,0.000000,,0.000000,,,0.000000,0.000000,"",,,0.000000,,-1.000000,,0.000000,0.000000,-1.000000,-1.000000,,,,,,,,,,,"",,,,,,,,,,"Volumetric",,,,,,,,,,0.000000,,,,,,,,,,0.000000,0.000000,,,,,,,,,,,,
"2FBA28BF","Nodes",1120272.029553,1671574.881414,1313.064347,"Default Known Flow Node",69.999969,0.579999,1000.000000,0.000000,"Known Flow",0.000000,0.000000,2.16999993085665e-07,40.000000,0.579999,1000.000000,0.000000,0.000000,13.000000,0.000000,0.515380,0.579999,,,,8.658206,8.658206,,16.800279,,,,,,903.822387,0.066145,0.000000,0.000000,0.000000,,-459.670013,1000.000000,,0.000000,0.000000,,,,0.047209,"UNDEFINED",0.000000,0.997559,0.000000,,,,,"","",,,,8.658206,,0.000000,,0.000000,,,0.000000,0.000000,"",,,0.000000,,-1.000000,,0.000000,0.000000,-1.000000,-1.000000,,,,,,,,,,,"",,,,,,,,,,"Volumetric",,,,,,,,,,0.000000,,,,,,,,,,0.000000,0.000000,,,,,,,,,,,,
"2FBAED6A","Nodes",1120271.782588,1671575.850630,1313.064347,"Default Known Flow Node",69.999969,0.579999,1000.000000,0.000000,"Known Flow",0.000000,0.000000,2.16999993085665e-07,40.000000,0.579999,1000.000000,0.000000,0.000000,13.000000,0.000000,0.515380,0.579999,,,,8.658214,8.658214,,16.800279,,,,,,903.822387,0.066145,0.000000,0.000000,0.000000,,-459.670013,1000.000000,,0.000000,0.000000,,,,0.047209,"UNDEFINED",0.000000,0.997559,0.000000,,,,,"","",,,,8.658214,,0.000000,,0.000000,,,0.000000,0.000000,"",,,0.000000,"V21553",-1.000000,,0.000000,0.000000,0.000000,-1.000000,,,,,,,,,,,"",,,,,,,,,,"Volumetric",,,,,,,,,,0.000000,,,,,,,,,,0.000000,0.000000,,,,,,,,,,,,
"2FBA3B3C","Nodes",1120668.600915,1670054.720541,1313.064347,"Default Known Flow Node",69.999969,0.579999,1000.000000,0.000000,"Known Flow",0.000000,0.000000,2.16999993085665e-07,40.000000,0.579999,1000.000000,0.000000,0.000000,13.000000,0.000000,0.515380,0.579999,,,,8.612092,8.612092,,16.800279,,,,,,903.822387,0.066145,0.000000,0.000000,0.000000,,-459.670013,1000.000000,,0.000000,0.000000,,,,0.047204,"SETFLOW",0.000000,0.997559,0.000000,,,,,"","",,,,8.612092,,0.000000,,0.000000,,,0.000000,0.000000,"",,,0.000000,,-1.000000,,0.000000,0.000000,-1.000000,-1.000000,,,,,,,,,,,"",,,,,,,,,,"Volumetric",,,,,,,,,,-0.241437,,,,,,,,,,-0.241437,-0.005794,,,,,,,,,,,,
"2FBA3B3A","Nodes",1120675.575772,1670003.545253,1313.064347,"Default Known Flow Node",69.999969,0.579999,1000.000000,0.000000,"Known Flow",0.000000,0.000000,2.16999993085665e-07,40.000000,0.579999,1000.000000,0.000000,0.000000,13.000000,0.000000,0.515380,0.579999,,,,8.607694,8.607694,,16.800279,,,,,,903.822387,0.066145,0.000000,0.000000,0.000000,,-459.670013,1000.000000,,0.000000,0.000000,,,,0.047203,"SETFLOW",0.000000,0.997559,0.000000,,,,,"","",,,,8.607694,,0.000000,,0.000000,,,0.000000,0.000000,"",,,0.000000,,-1.000000,,0.000000,0.000000,-1.000000,-1.000000,,,,,,,,,,,"",,,,,,,,,,"Volumetric",,,,,,,,,,-0.065846,,,,,,,,,,-0.065846,-0.001580,,,,,,,,,,,,
"2FBA3B3B","Nodes",1120670.147781,1669901.768332,1313.064347,"Default Known Flow Node",69.999969,0.579999,1000.000000,0.000000,"Known Flow",0.000000,0.000000,2.16999993085665e-07,40.000000,0.579999,1000.000000,0.000000,0.000000,13.000000,0.000000,0.515380,0.579999,,,,8.606030,8.606030,,16.800279,,,,,,903.822387,0.066145,0.000000,0.000000,0.000000,,-459.670013,1000.000000,,0.000000,0.000000,,,,0.047203,"SETFLOW",0.000000,0.997559,0.000000,,,,,"","",,,,8.606030,,0.000000,,0.000000,,,0.000000,0.000000,"",,,0.000000,,-1.000000,,0.000000,0.000000,-1.000000,-1.000000,,,,,,,,,,,"",,,,,,,,,,"Volumetric",,,,,,,,,,-0.273362,,,,,,,,,,-0.273362,-0.006560,,,,,,,,,,,,
"2FBA3B39","Nodes",1120740.063588,1670012.019813,1313.064347,"Default Known Flow Node",69.999969,0.579999,1000.000000,0.000000,"Known Flow",0.000000,0.000000,2.16999993085665e-07,40.000000,0.579999,1000.000000,0.000000,0.000000,13.000000,0.000000,0.515380,0.579999,,,,8.606807,8.606807,,16.800279,,,,,,903.822387,0.066145,0.000000,0.000000,0.000000,,-459.670013,1000.000000,,0.000000,0.000000,,,,0.047203,"SETFLOW",0.000000,0.997559,0.000000,,,,,"","",,,,8.606807,,0.000000,,0.000000,,,0.000000,0.000000,"",,,0.000000,,-1.000000,,0.000000,0.000000,-1.000000,-1.000000,,,,,,,,,,,"",,,,,,,,,,"Volumetric",,,,,,,,,,-0.235451,,,,,,,,,,-0.235451,-0.005650,,,,,,,,,,,,
"GR227","Nodes",1115751.750000,1668402.620000,1313.064347,"Default Known Node",69.999969,0.579999,1000.000000,0.000000,"Known Pressure/Flow",0.000000,0.000000,2.16999993085665e-07,40.000000,0.579999,1000.000000,0.000000,0.000000,13.000000,0.000000,0.515385,0.579999,,,,9.500000,9.500000,,16.800279,,,,,,903.822387,0.066145,0.000000,0.000000,0.000000,,-459.670013,1000.000000,,0.000000,0.000000,,,,0.047305,"UNDEFINED",0.000000,0.997554,0.000000,,,,,"","",,,,9.500000,,0.000000,,0.000000,,,0.000000,0.000000,"",,,0.000000,,-1.000000,,0.000000,0.000000,-1.000000,-1.000000,,,,,,,,,,,"",,,,,,,,,,"Volumetric",,,,,,,,,,0.000000,,,,,,,,,,0.000000,0.000000,,,,,,,,,,,,
"0BEC45A8","Nodes",1115770.138829,1668431.530294,1313.064347,"Default Known Flow Node",69.999969,0.579999,1000.000000,0.000000,"Known Flow",0.000000,0.000000,2.16999993085665e-07,40.000000,0.579999,1000.000000,0.000000,0.000000,13.000000,0.000000,0.515384,0.579999,,,,9.250797,9.250797,,16.800279,,,,,,903.822387,0.066145,0.000000,0.000000,0.000000,,-459.670013,1000.000000,,0.000000,0.000000,,,,0.047277,"UNDEFINED",0.000000,0.997555,0.000000,,,,,"","",,,,9.250797,,0.000000,,0.000000,,,0.000000,0.000000,"",,,0.000000,,-1.000000,,0.000000,0.000000,0.000000,-1.000000,,,,,,,,,,,"",,,,,,,,,,"Volumetric",,,,,,,,,,0.000000,,,,,,,,,,0.000000,0.000000,,,,,,,,,,,,
"2FBA9A0E","Nodes",1115771.749060,1668434.061844,1313.064347,"Default Known Flow Node",69.999969,0.579999,1000.000000,0.000000,"Known Flow",0.000000,0.000000,2.16999993085665e-07,40.000000,0.579999,1000.000000,0.000000,0.000000,13.000000,0.000000,0.515383,0.579999,,,,9.229428,9.229428,,16.800279,,,,,,903.822387,0.066145,0.000000,0.000000,0.000000,,-459.670013,1000.000000,,0.000000,0.000000,,,,0.047274,"UNDEFINED",0.000000,0.997555,0.000000,,,,,"","",,,,9.229428,,0.000000,,0.000000,,,0.000000,0.000000,"",,,0.000000,,-1.000000,,0.000000,0.000000,-1.000000,-1.000000,,,,,,,,,,,"",,,,,,,,,,"Volumetric",,,,,,,,,,0.000000,,,,,,,,,,0.000000,0.000000,,,,,,,,,,,,
"2FBA9A12","Nodes",1115791.663286,1668465.334958,1313.064347,"Default Known Flow Node",69.999969,0.579999,1000.000000,0.000000,"Known Flow",0.000000,0.000000,2.16999993085665e-07,40.000000,0.579999,1000.000000,0.000000,0.000000,13.000000,0.000000,0.515383,0.579999,,,,9.056721,9.056721,,16.800279,,,,,,903.822387,0.066145,0.000000,0.000000,0.000000,,-459.670013,1000.000000,,0.000000,0.000000,,,,0.047255,"UNDEFINED",0.000000,0.997556,0.000000,,,,,"","",,,,9.056721,,0.000000,,0.000000,,,0.000000,0.000000,"",,,0.000000,"V22191",-1.000000,,0.000000,0.000000,-1.000000,-1.000000,,,,,,,,,,,"",,,,,,,,,,"Volumetric",,,,,,,,,,0.000000,,,,,,,,,,0.000000,0.000000,,,,,,,,,,,,
"2FBA9A06","Nodes",1115894.603753,1668604.182044,1313.064347,"Default Known Flow Node",69.999969,0.579999,1000.000000,0.000000,"Known Flow",0.000000,0.000000,2.16999993085665e-07,40.000000,0.579999,1000.000000,0.000000,0.000000,13.000000,0.000000,0.515380,0.579999,,,,8.601458,8.601458,,16.800279,,,,,,903.822387,0.066145,0.000000,0.000000,0.000000,,-459.670013,1000.000000,,0.000000,0.000000,,,,0.047203,"SETFLOW",0.000000,0.997559,0.000000,,,,,"","",,,,8.601458,,0.000000,,0.000000,,,0.000000,0.000000,"",,,0.000000,,-1.000000,,0.000000,0.000000,-1.000000,-1.000000,,,,,,,,,,,"",,,,,,,,,,"Volumetric",,,,,,,,,,-0.012781,,,,,,,,,,-0.012781,-0.000306,,,,,,,,,,,,
"2FBF6833","Nodes",1115908.177073,1668595.081568,1313.064347,"Default Known Flow Node",69.999969,0.579999,1000.000000,0.000000,"Known Flow",0.000000,0.000000,2.16999993085665e-07,40.000000,0.579999,1000.000000,0.000000,0.000000,13.000000,0.000000,0.515380,0.579999,,,,8.590915,8.590915,,16.800279,,,,,,903.822387,0.066145,0.000000,0.000000,0.000000,,-459.670013,1000.000000,,0.000000,0.000000,,,,0.047202,"UNDEFINED",0.000000,0.997559,0.000000,,,,,"","",,,,8.590915,,0.000000,,0.000000,,,0.000000,0.000000,"",,,0.000000,"V78448",-1.000000,,0.000000,0.000000,-1.000000,-1.000000,,,,,,,,,,,"",,,,,,,,,,"Volumetric",,,,,,,,,,0.000000,,,,,,,,,,0.000000,0.000000,,,,,,,,,,,,
"2FBAA943","Nodes",1116935.620000,1673156.750000,1313.064347,"Default Known Flow Node",69.999969,0.579999,1000.000000,0.000000,"Known Flow",0.000000,0.000000,2.16999993085665e-07,40.000000,0.579999,1000.000000,0.000000,0.000000,13.000000,0.000000,0.515373,0.579999,,,,7.394276,7.394276,,16.800279,,,,,,903.822387,0.066146,0.000000,0.000000,0.000000,,-459.670013,1000.000000,,0.000000,0.000000,,,,0.047066,"UNDEFINED",0.000000,0.997566,0.000000,,,,,"","",,,,7.394276,,0.000000,,0.000000,,,0.000000,0.000000,"",,,0.000000,,-1.000000,,0.000000,0.000000,-1.000000,-1.000000,,,,,,,,,,,"",,,,,,,,,,"Volumetric",,,,,,,,,,0.000000,,,,,,,,,,0.000000,0.000000,,,,,,,,,,,,
"2FBAA946","Nodes",1116956.120000,1673162.120000,1313.064347,"Default Known Flow Node",69.999969,0.579999,1000.000000,0.000000,"Known Flow",0.000000,0.000000,2.16999993085665e-07,40.000000,0.579999,1000.000000,0.000000,0.000000,13.000000,0.000000,0.515373,0.579999,,,,7.394071,7.394071,,16.800279,,,,,,903.822387,0.066146,0.000000,0.000000,0.000000,,-459.670013,1000.000000,,0.000000,0.000000,,,,0.047066,"SETFLOW",0.000000,0.997566,0.000000,,,,,"","",,,,7.394071,,0.000000,,0.000000,,,0.000000,0.000000,"",,,0.000000,,-1.000000,,0.000000,0.000000,-1.000000,-1.000000,,,,,,,,,,,"",,,,,,,,,,"Volumetric",,,,,,,,,,-0.144471,,,,,,,,,,-0.144471,-0.003467,,,,,,,,,,,,
"2FBAA944","Nodes",1116923.870000,1673153.620000,1313.064347,"Default Known Flow Node",69.999969,0.579999,1000.000000,0.000000,"Known Flow",0.000000,0.000000,2.16999993085665e-07,40.000000,0.579999,1000.000000,0.000000,0.000000,13.000000,0.000000,0.515373,0.579999,,,,7.394259,7.394259,,16.800279,,,,,,903.822387,0.066146,0.000000,0.000000,0.000000,,-459.670013,1000.000000,,0.000000,0.000000,,,,0.047066,"SETFLOW",0.000000,0.997566,0.000000,,,,,"","",,,,7.394259,,0.000000,,0.000000,,,0.000000,0.000000,"",,,0.000000,,-1.000000,,0.000000,0.000000,-1.000000,-1.000000,,,,,,,,,,,"",,,,,,,,,,"Volumetric",,,,,,,,,,-0.144471,,,,,,,,,,-0.144471,-0.003467,,,,,,,,,,,,
"2FBAA93D","Nodes",1116910.250000,1673150.370000,1313.064347,"Default Known Flow Node",69.999969,0.579999,1000.000000,0.000000,"Known Flow",0.000000,0.000000,2.16999993085665e-07,40.000000,0.579999,1000.000000,0.000000,0.000000,13.000000,0.000000,0.515373,0.579999,,,,7.391442,7.391442,,16.800279,,,,,,903.822387,0.066146,0.000000,0.000000,0.000000,,-459.670013,1000.000000,,0.000000,0.000000,,,,0.047065,"SETFLOW",0.000000,0.997566,0.000000,,,,,"","",,,,7.391442,,0.000000,,0.000000,,,0.000000,0.000000,"",,,0.000000,,-1.000000,,0.000000,0.000000,-1.000000,-1.000000,,,,,,,,,,,"",,,,,,,,,,"Volumetric",,,,,,,,,,-0.144471,,,,,,,,,,-0.144471,-0.003467,,,,,,,,,,,,
"2FBAA93E","Nodes",1116975.370000,1673167.500000,1313.064347,"Default Known Flow Node",69.999969,0.579999,1000.000000,0.000000,"Known Flow",0.000000,0.000000,2.16999993085665e-07,40.000000,0.579999,1000.000000,0.000000,0.000000,13.000000,0.000000,0.515373,0.579999,,,,7.390929,7.390929,,16.800279,,,,,,903.822387,0.066146,0.000000,0.000000,0.000000,,-459.670013,1000.000000,,0.000000,0.000000,,,,0.047065,"SETFLOW",0.000000,0.997566,0.000000,,,,,"","",,,,7.390929,,0.000000,,0.000000,,,0.000000,0.000000,"",,,0.000000,,-1.000000,,0.000000,0.000000,-1.000000,-1.000000,,,,,,,,,,,"",,,,,,,,,,"Volumetric",,,,,,,,,,-0.144471,,,,,,,,,,-0.144471,-0.003467,,,,,,,,,,,,
"2FBAE521","Nodes",1115838.687330,1668514.630651,1313.064347,"Default Known Flow Node",69.999969,0.579999,1000.000000,0.000000,"Known Flow",0.000000,0.000000,2.16999993085665e-07,40.000000,0.579999,1000.000000,0.000000,0.000000,13.000000,0.000000,0.515381,0.579999,,,,8.817721,8.817721,,16.800279,,,,,,903.822387,0.066145,0.000000,0.000000,0.000000,,-459.670013,1000.000000,,0.000000,0.000000,,,,0.047227,"UNDEFINED",0.000000,0.997558,0.000000,,,,,"","",,,,8.817721,,0.000000,,0.000000,,,0.000000,0.000000,"",,,0.000000,,-1.000000,,0.000000,0.000000,-1.000000,-1.000000,,,,,,,,,,,"",,,,,,,,,,"Volumetric",,,,,,,,,,0.000000,,,,,,,,,,0.000000,0.000000,,,,,,,,,,,,
"2FBA9A03","Nodes",1115835.500000,1668516.750000,1313.064347,"Default Known Flow Node",69.999969,0.579999,1000.000000,0.000000,"Known Flow",0.000000,0.000000,2.16999993085665e-07,40.000000,0.579999,1000.000000,0.000000,0.000000,13.000000,0.000000,0.515381,0.579999,,,,8.815100,8.815100,,16.800279,,,,,,903.822387,0.066145,0.000000,0.000000,0.000000,,-459.670013,1000.000000,,0.000000,0.000000,,,,0.047227,"UNDEFINED",0.000000,0.997558,0.000000,,,,,"","",,,,8.815100,,0.000000,,0.000000,,,0.000000,0.000000,"",,,0.000000,,-1.000000,,0.000000,0.000000,-1.000000,-1.000000,,,,,,,,,,,"",,,,,,,,,,"Volumetric",,,,,,,,,,0.000000,,,,,,,,,,0.000000,0.000000,,,,,,,,,,,,
"2FBA3B23","Nodes",1115773.540570,1668476.561511,1313.064347,"Default Known Flow Node",69.999969,0.579999,1000.000000,0.000000,"Known Flow",0.000000,0.000000,2.16999993085665e-07,40.000000,0.579999,1000.000000,0.000000,0.000000,13.000000,0.000000,0.515381,0.579999,,,,8.729458,8.729458,,16.800279,,,,,,903.822387,0.066145,0.000000,0.000000,0.000000,,-459.670013,1000.000000,,0.000000,0.000000,,,,0.047217,"SETFLOW",0.000000,0.997558,0.000000,,,,,"","",,,,8.729458,,0.000000,,0.000000,,,0.000000,0.000000,"",,,0.000000,,-1.000000,,0.000000,0.000000,-1.000000,-1.000000,,,,,,,,,,,"",,,,,,,,,,"Volumetric",,,,,,,,,,-2.194122,,,,,,,,,,-2.194122,-0.052658,,,,,,,,,,,,
"2FBAA97B","Nodes",1120200.023346,1669277.331337,1313.064347,"Default Known Flow Node",69.999969,0.579999,1000.000000,0.000000,"Known Flow",0.000000,0.000000,2.16999993085665e-07,40.000000,0.579999,1000.000000,0.000000,0.000000,13.000000,0.000000,0.515379,0.579999,,,,8.403817,8.403817,,16.800279,,,,,,903.822387,0.066146,0.000000,0.000000,0.000000,,-459.670013,1000.000000,,0.000000,0.000000,,,,0.047180,"UNDEFINED",0.000000,0.997560,0.000000,,,,,"","",,,,8.403817,,0.000000,,0.000000,,,0.000000,0.000000,"",,,0.000000,,-1.000000,,0.000000,0.000000,-1.000000,-1.000000,,,,,,,,,,,"",,,,,,,,,,"Volumetric",,,,,,,,,,0.000000,,,,,,,,,,0.000000,0.000000,,,,,,,,,,,,
"0BF47B9C","Nodes",1120199.587933,1669164.590400,1313.064347,"Default Known Flow Node",69.999969,0.579999,1000.000000,0.000000,"Known Flow",0.000000,0.000000,2.16999993085665e-07,40.000000,0.579999,1000.000000,0.000000,0.000000,13.000000,0.000000,0.515379,0.579999,,,,8.395190,8.395190,,16.800279,,,,,,903.822387,0.066146,0.000000,0.000000,0.000000,,-459.670013,1000.000000,,0.000000,0.000000,,,,0.047179,"SETFLOW",0.000000,0.997560,0.000000,,,,,"","",,,,8.395190,,0.000000,,0.000000,,,0.000000,0.000000,"",,,0.000000,"146-13 Northern Blvd, Q= 5.268 mcfh, Firm",-1.000000,,0.000000,0.000000,0.000000,-1.000000,,,,,,,,,,,"",,,"",,,,,,,"Volumetric",,,"Volumetric",,,,,,,0.000000,,,-5.268000,,,,,,,0.000000,0.000000,,,,,,,,,,,,
"2FBA824C","Nodes",1120000.250000,1669401.120000,1313.064347,"Default Known Flow Node",69.999969,0.579999,1000.000000,0.000000,"Known Flow",0.000000,0.000000,2.16999993085665e-07,40.000000,0.579999,1000.000000,0.000000,0.000000,13.000000,0.000000,0.515378,0.579999,,,,8.229714,8.229714,,16.800279,,,,,,903.822387,0.066146,0.000000,0.000000,0.000000,,-459.670013,1000.000000,,0.000000,0.000000,,,,0.047161,"UNDEFINED",0.000000,0.997561,0.000000,,,,,"","",,,,8.229714,,0.000000,,0.000000,,,0.000000,0.000000,"",,,0.000000,,-1.000000,,0.000000,0.000000,-1.000000,-1.000000,,,,,,,,,,,"",,,,,,,,,,"Volumetric",,,,,,,,,,0.000000,,,,,,,,,,0.000000,0.000000,,,,,,,,,,,,
"2FBA8247","Nodes",1120000.870000,1669401.120000,1313.064347,"Default Known Flow Node",69.999969,0.579999,1000.000000,0.000000,"Known Flow",0.000000,0.000000,2.16999993085665e-07,40.000000,0.579999,1000.000000,0.000000,0.000000,13.000000,0.000000,0.515378,0.579999,,,,8.234117,8.234117,,16.800279,,,,,,903.822387,0.066146,0.000000,0.000000,0.000000,,-459.670013,1000.000000,,0.000000,0.000000,,,,0.047161,"UNDEFINED",0.000000,0.997561,0.000000,,,,,"","",,,,8.234117,,0.000000,,0.000000,,,0.000000,0.000000,"",,,0.000000,,-1.000000,,0.000000,0.000000,-1.000000,-1.000000,,,,,,,,,,,"",,,,,,,,,,"Volumetric",,,,,,,,,,0.000000,,,,,,,,,,0.000000,0.000000,,,,,,,,,,,,
"2FBB0C7E","Nodes",1118535.870000,1675436.620000,1313.064347,"Default Known Flow Node",69.999969,0.579999,1000.000000,0.000000,"Known Flow",0.000000,0.000000,2.16999993085665e-07,40.000000,0.579999,1000.000000,0.000000,0.000000,13.000000,0.000000,0.515377,0.579999,,,,7.988602,7.988602,,16.800279,,,,,,903.822387,0.066146,0.000000,0.000000,0.000000,,-459.670013,1000.000000,,0.000000,0.000000,,,,0.047133,"UNDEFINED",0.000000,0.997563,0.000000,,,,,"","",,,,7.988602,,0.000000,,0.000000,,,0.000000,0.000000,"",,,0.000000,,-1.000000,,0.000000,0.000000,-1.000000,-1.000000,,,,,,,,,,,"",,,,,,,,,,"Volumetric",,,,,,,,,,0.000000,,,,,,,,,,0.000000,0.000000,,,,,,,,,,,,
"2FBB0C7F","Nodes",1118540.120000,1675403.870000,1313.064347,"Default Known Flow Node",69.999969,0.579999,1000.000000,0.000000,"Known Flow",0.000000,0.000000,2.16999993085665e-07,40.000000,0.579999,1000.000000,0.000000,0.000000,13.000000,0.000000,0.515377,0.579999,,,,8.027357,8.027357,,16.800279,,,,,,903.822387,0.066146,0.000000,0.000000,0.000000,,-459.670013,1000.000000,,0.000000,0.000000,,,,0.047138,"SETFLOW",0.000000,0.997562,0.000000,,,,,"","",,,,8.027357,,0.000000,,0.000000,,,0.000000,0.000000,"",,,0.000000,,-1.000000,,0.000000,0.000000,-1.000000,-1.000000,,,,,,,,,,,"",,,,,,,,,,"Volumetric",,,,,,,,,,-0.026207,,,,,,,,,,-0.026207,-0.000628,,,,,,,,,,,,
"2FBB2A59","Nodes",1118199.870000,1677490.500000,1313.064347,"Default Known Flow Node",69.999969,0.579999,1000.000000,0.000000,"Known Flow",0.000000,0.000000,2.16999993085665e-07,40.000000,0.579999,1000.000000,0.000000,0.000000,13.000000,0.000000,0.515372,0.579999,,,,7.144493,7.144493,,16.800279,,,,,,903.822387,0.066146,0.000000,0.000000,0.000000,,-459.670013,1000.000000,,0.000000,0.000000,,,,0.047037,"UNDEFINED",0.000000,0.997568,0.000000,,,,,"","",,,,7.144493,,0.000000,,0.000000,,,0.000000,0.000000,"",,,0.000000,,-1.000000,,0.000000,0.000000,-1.000000,-1.000000,,,,,,,,,,,"",,,,,,,,,,"Volumetric",,,,,,,,,,0.000000,,,,,,,,,,0.000000,0.000000,,,,,,,,,,,,
"2FBB2A67","Nodes",1118202.370000,1677505.500000,1313.064347,"Default Known Flow Node",69.999969,0.579999,1000.000000,0.000000,"Known Flow",0.000000,0.000000,2.16999993085665e-07,40.000000,0.579999,1000.000000,0.000000,0.000000,13.000000,0.000000,0.515372,0.579999,,,,7.146694,7.146694,,16.800279,,,,,,903.822387,0.066146,0.000000,0.000000,0.000000,,-459.670013,1000.000000,,0.000000,0.000000,,,,0.047038,"UNDEFINED",0.000000,0.997568,0.000000,,,,,"","",,,,7.146694,,0.000000,,0.000000,,,0.000000,0.000000,"",,,0.000000,,-1.000000,,0.000000,0.000000,-1.000000,-1.000000,,,,,,,,,,,"",,,,,,,,,,"Volumetric",,,,,,,,,,0.000000,,,,,,,,,,0.000000,0.000000,,,,,,,,,,,,
"2FBB2A62","Nodes",1118193.250000,1677713.250000,1313.064347,"Default Known Flow Node",69.999969,0.579999,1000.000000,0.000000,"Known Flow",0.000000,0.000000,2.16999993085665e-07,40.000000,0.579999,1000.000000,0.000000,0.000000,13.000000,0.000000,0.515372,0.579999,,,,7.153238,7.153238,,16.800279,,,,,,903.822387,0.066146,0.000000,0.000000,0.000000,,-459.670013,1000.000000,,0.000000,0.000000,,,,0.047038,"UNDEFINED",0.000000,0.997568,0.000000,,,,,"","",,,,7.153238,,0.000000,,0.000000,,,0.000000,0.000000,"",,,0.000000,,-1.000000,,0.000000,0.000000,-1.000000,-1.000000,,,,,,,,,,,"",,,,,,,,,,"Volumetric",,,,,,,,,,0.000000,,,,,,,,,,0.000000,0.000000,,,,,,,,,,,,
"2FBB2A5F","Nodes",1118193.000000,1677724.620000,1313.064347,"Default Known Flow Node",69.999969,0.579999,1000.000000,0.000000,"Known Flow",0.000000,0.000000,2.16999993085665e-07,40.000000,0.579999,1000.000000,0.000000,0.000000,13.000000,0.000000,0.515372,0.579999,,,,7.153306,7.153306,,16.800279,,,,,,903.822387,0.066146,0.000000,0.000000,0.000000,,-459.670013,1000.000000,,0.000000,0.000000,,,,0.047038,"UNDEFINED",0.000000,0.997568,0.000000,,,,,"","",,,,7.153306,,0.000000,,0.000000,,,0.000000,0.000000,"",,,0.000000,,-1.000000,,0.000000,0.000000,-1.000000,-1.000000,,,,,,,,,,,"",,,,,,,,,,"Volumetric",,,,,,,,,,0.000000,,,,,,,,,,0.000000,0.000000,,,,,,,,,,,,
"2FBB252B","Nodes",1116750.870000,1672028.370000,1313.064347,"Default Known Flow Node",69.999969,0.579999,1000.000000,0.000000,"Known Flow",0.000000,0.000000,2.16999993085665e-07,40.000000,0.579999,1000.000000,0.000000,0.000000,13.000000,0.000000,0.515373,0.579999,,,,7.298697,7.298697,,16.800279,,,,,,903.822387,0.066146,0.000000,0.000000,0.000000,,-459.670013,1000.000000,,0.000000,0.000000,,,,0.047055,"SETFLOW",0.000000,0.997567,0.000000,,,,,"","",,,,7.298697,,0.000000,,0.000000,,,0.000000,0.000000,"",,,0.000000,,-1.000000,,0.000000,0.000000,-1.000000,-1.000000,,,,,,,,,,,"",,,,,,,,,,"Volumetric",,,,,,,,,,-0.125921,,,,,,,,,,-0.125921,-0.003022,,,,,,,,,,,,
"2FBB2519","Nodes",1120155.250000,1675933.620000,1313.064347,"Default Known Flow Node",69.999969,0.579999,1000.000000,0.000000,"Known Flow",0.000000,0.000000,2.16999993085665e-07,40.000000,0.579999,1000.000000,0.000000,0.000000,13.000000,0.000000,0.515376,0.579999,,,,7.853040,7.853040,,16.800279,,,,,,903.822387,0.066146,0.000000,0.000000,0.000000,,-459.670013,1000.000000,,0.000000,0.000000,,,,0.047118,"UNDEFINED",0.000000,0.997563,0.000000,,,,,"","",,,,7.853040,,0.000000,,0.000000,,,0.000000,0.000000,"",,,0.000000,,-1.000000,,0.000000,0.000000,-1.000000,-1.000000,,,,,,,,,,,"",,,,,,,,,,"Volumetric",,,,,,,,,,0.000000,,,,,,,,,,0.000000,0.000000,,,,,,,,,,,,
"2FBB250D","Nodes",1120146.500000,1675931.500000,1313.064347,"Default Known Flow Node",69.999969,0.579999,1000.000000,0.000000,"Known Flow",0.000000,0.000000,2.16999993085665e-07,40.000000,0.579999,1000.000000,0.000000,0.000000,13.000000,0.000000,0.515376,0.579999,,,,7.853299,7.853299,,16.800279,,,,,,903.822387,0.066146,0.000000,0.000000,0.000000,,-459.670013,1000.000000,,0.000000,0.000000,,,,0.047118,"UNDEFINED",0.000000,0.997563,0.000000,,,,,"","",,,,7.853299,,0.000000,,0.000000,,,0.000000,0.000000,"",,,0.000000,,-1.000000,,0.000000,0.000000,-1.000000,-1.000000,,,,,,,,,,,"",,,,,,,,,,"Volumetric",,,,,,,,,,0.000000,,,,,,,,,,0.000000,0.000000,,,,,,,,,,,,
"2FBB2517","Nodes",1120179.870000,1675961.120000,1313.064347,"Default Known Flow Node",69.999969,0.579999,1000.000000,0.000000,"Known Flow",0.000000,0.000000,2.16999993085665e-07,40.000000,0.579999,1000.000000,0.000000,0.000000,13.000000,0.000000,0.515376,0.579999,,,,7.849547,7.849547,,16.800279,,,,,,903.822387,0.066146,0.000000,0.000000,0.000000,,-459.670013,1000.000000,,0.000000,0.000000,,,,0.047117,"UNDEFINED",0.000000,0.997563,0.000000,,,,,"","",,,,7.849547,,0.000000,,0.000000,,,0.000000,0.000000,"",,,0.000000,,-1.000000,,0.000000,0.000000,-1.000000,-1.000000,,,,,,,,,,,"",,,,,,,,,,"Volumetric",,,,,,,,,,0.000000,,,,,,,,,,0.000000,0.000000,,,,,,,,,,,,
"2FBB250C","Nodes",1120178.370000,1675967.870000,1313.064347,"Default Known Flow Node",69.999969,0.579999,1000.000000,0.000000,"Known Flow",0.000000,0.000000,2.16999993085665e-07,40.000000,0.579999,1000.000000,0.000000,0.000000,13.000000,0.000000,0.515376,0.579999,,,,7.848277,7.848277,,16.800279,,,,,,903.822387,0.066146,0.000000,0.000000,0.000000,,-459.670013,1000.000000,,0.000000,0.000000,,,,0.047117,"UNDEFINED",0.000000,0.997563,0.000000,,,,,"","",,,,7.848277,,0.000000,,0.000000,,,0.000000,0.000000,"",,,0.000000,,-1.000000,,0.000000,0.000000,-1.000000,-1.000000,,,,,,,,,,,"",,,,,,,,,,"Volumetric",,,,,,,,,,0.000000,,,,,,,,,,0.000000,0.000000,,,,,,,,,,,,
"2FBB2558","Nodes",1121593.138574,1669935.386018,1313.064347,"Default Known Flow Node",69.999969,0.579999,1000.000000,0.000000,"Known Flow",0.000000,0.000000,2.16999993085665e-07,40.000000,0.579999,1000.000000,0.000000,0.000000,13.000000,0.000000,0.515380,0.579999,,,,8.649084,8.649084,,16.800279,,,,,,903.822387,0.066145,0.000000,0.000000,0.000000,,-459.670013,1000.000000,,0.000000,0.000000,,,,0.047208,"UNDEFINED",0.000000,0.997559,0.000000,,,,,"","",,,,8.649084,,0.000000,,0.000000,,,0.000000,0.000000,"",,,0.000000,,-1.000000,,0.000000,0.000000,-1.000000,-1.000000,,,,,,,,,,,"",,,,,,,,,,"Volumetric",,,,,,,,,,0.000000,,,,,,,,,,0.000000,0.000000,,,,,,,,,,,,
"2FBB255D","Nodes",1121934.500000,1669914.750000,1313.064347,"Default Known Flow Node",69.999969,0.579999,1000.000000,0.000000,"Known Flow",0.000000,0.000000,2.16999993085665e-07,40.000000,0.579999,1000.000000,0.000000,0.000000,13.000000,0.000000,0.515380,0.579999,,,,8.649968,8.649968,,16.800279,,,,,,903.822387,0.066145,0.000000,0.000000,0.000000,,-459.670013,1000.000000,,0.000000,0.000000,,,,0.047208,"UNDEFINED",0.000000,0.997559,0.000000,,,,,"","",,,,8.649968,,0.000000,,0.000000,,,0.000000,0.000000,"",,,0.000000,,-1.000000,,0.000000,0.000000,-1.000000,-1.000000,,,,,,,,,,,"",,,,,,,,,,"Volumetric",,,,,,,,,,0.000000,,,,,,,,,,0.000000,0.000000,,,,,,,,,,,,
"0BECA722","Nodes",1117102.370000,1676171.250000,1313.064347,"Default Known Flow Node",69.999969,0.579999,1000.000000,0.000000,"Known Flow",0.000000,0.000000,2.16999993085665e-07,40.000000,0.579999,1000.000000,0.000000,0.000000,13.000000,0.000000,0.515373,0.579999,,,,7.285058,7.285058,,16.800279,,,,,,903.822387,0.066146,0.000000,0.000000,0.000000,,-459.670013,1000.000000,,0.000000,0.000000,,,,0.047053,"UNDEFINED",0.000000,0.997567,0.000000,,,,,"","",,,,7.285058,,0.000000,,0.000000,,,0.000000,0.000000,"",,,0.000000,,-1.000000,,0.000000,0.000000,-1.000000,-1.000000,,,,,,,,,,,"",,,,,,,,,,"Volumetric",,,,,,,,,,0.000000,,,,,,,,,,0.000000,0.000000,,,,,,,,,,,,
"2FBB2450","Nodes",1117101.250000,1676189.870000,1313.064347,"Default Known Flow Node",69.999969,0.579999,1000.000000,0.000000,"Known Flow",0.000000,0.000000,2.16999993085665e-07,40.000000,0.579999,1000.000000,0.000000,0.000000,13.000000,0.000000,0.515373,0.579999,,,,7.285002,7.285002,,16.800279,,,,,,903.822387,0.066146,0.000000,0.000000,0.000000,,-459.670013,1000.000000,,0.000000,0.000000,,,,0.047053,"SETFLOW",0.000000,0.997567,0.000000,,,,,"","",,,,7.285002,,0.000000,,0.000000,,,0.000000,0.000000,"",,,0.000000,,-1.000000,,0.000000,0.000000,-1.000000,-1.000000,,,,,,,,,,,"",,,,,,,,,,"Volumetric",,,,,,,,,,-0.003275,,,,,,,,,,-0.003276,-0.000078,,,,,,,,,,,,
"2FBB244E","Nodes",1117173.000000,1676174.500000,1313.064347,"Default Known Flow Node",69.999969,0.579999,1000.000000,0.000000,"Known Flow",0.000000,0.000000,2.16999993085665e-07,40.000000,0.579999,1000.000000,0.000000,0.000000,13.000000,0.000000,0.515373,0.579999,,,,7.281748,7.281748,,16.800279,,,,,,903.822387,0.066146,0.000000,0.000000,0.000000,,-459.670013,1000.000000,,0.000000,0.000000,,,,0.047053,"SETFLOW",0.000000,0.997567,0.000000,,,,,"","",,,,7.281748,,0.000000,,0.000000,,,0.000000,0.000000,"",,,0.000000,,-1.000000,,0.000000,0.000000,-1.000000,-1.000000,,,,,,,,,,,"",,,,,,,,,,"Volumetric",,,,,,,,,,-0.000655,,,,,,,,,,-0.000655,-0.000015,,,,,,,,,,,,
"2FBB4008","Nodes",1117818.750000,1668889.750000,1313.064347,"Default Known Flow Node",69.999969,0.579999,1000.000000,0.000000,"Known Flow",0.000000,0.000000,2.16999993085665e-07,40.000000,0.579999,1000.000000,0.000000,0.000000,13.000000,0.000000,0.515376,0.579999,,,,7.897376,7.897376,,16.800279,,,,,,903.822387,0.066146,0.000000,0.000000,0.000000,,-459.670013,1000.000000,,0.000000,0.000000,,,,0.047123,"UNDEFINED",0.000000,0.997563,0.000000,,,,,"","",,,,7.897376,,0.000000,,0.000000,,,0.000000,0.000000,"",,,0.000000,,-1.000000,,0.000000,0.000000,-1.000000,-1.000000,,,,,,,,,,,"",,,,,,,,,,"Volumetric",,,,,,,,,,0.000000,,,,,,,,,,0.000000,0.000000,,,,,,,,,,,,
"2FBA3B32","Nodes",1117821.120000,1668887.500000,1313.064347,"Default Known Flow Node",69.999969,0.579999,1000.000000,0.000000,"Known Flow",0.000000,0.000000,2.16999993085665e-07,40.000000,0.579999,1000.000000,0.000000,0.000000,13.000000,0.000000,0.515376,0.579999,,,,7.900416,7.900416,,16.800279,,,,,,903.822387,0.066146,0.000000,0.000000,0.000000,,-459.670013,1000.000000,,0.000000,0.000000,,,,0.047123,"SETFLOW",0.000000,0.997563,0.000000,,,,,"","",,,,7.900416,,0.000000,,0.000000,,,0.000000,0.000000,"",,,0.000000,"42-05 Parsons Blvd, Q= 2.879 mcfh, Firm DONE",-1.000000,,0.000000,0.000000,-1.000000,-1.000000,,,,,,,,,,,,,,,,"",,,,,,,,,,"Volumetric",,,,,,,,,,-2.879000,,,,,-2.879000,-0.069096,,,,,,,,,,,,
"2FBBA004","Nodes",1120103.000000,1670344.250000,1313.064347,"Default Known Flow Node",69.999969,0.579999,1000.000000,0.000000,"Known Flow",0.000000,0.000000,2.16999993085665e-07,40.000000,0.579999,1000.000000,0.000000,0.000000,13.000000,0.000000,0.515381,0.579999,,,,8.768251,8.768251,,16.800279,,,,,,903.822387,0.066145,0.000000,0.000000,0.000000,,-459.670013,1000.000000,,0.000000,0.000000,,,,0.047222,"UNDEFINED",0.000000,0.997558,0.000000,,,,,"","",,,,8.768251,,0.000000,,0.000000,,,0.000000,0.000000,"",,,0.000000,,-1.000000,,0.000000,0.000000,-1.000000,-1.000000,,,,,,,,,,,"",,,,,,,,,,"Volumetric",,,,,,,,,,0.000000,,,,,,,,,,0.000000,0.000000,,,,,,,,,,,,
"2FBBA041","Nodes",1120066.500000,1670344.500000,1313.064347,"Default Known Flow Node",69.999969,0.579999,1000.000000,0.000000,"Known Flow",0.000000,0.000000,2.16999993085665e-07,40.000000,0.579999,1000.000000,0.000000,0.000000,13.000000,0.000000,0.515382,0.579999,,,,8.926064,8.926064,,16.800279,,,,,,903.822387,0.066145,0.000000,0.000000,0.000000,,-459.670013,1000.000000,,0.000000,0.000000,,,,0.047240,"UNDEFINED",0.000000,0.997557,0.000000,,,,,"","",,,,8.926064,,0.000000,,0.000000,,,0.000000,0.000000,"",,,0.000000,,-1.000000,,0.000000,0.000000,-1.000000,-1.000000,,,,,,,,,,,"",,,,,,,,,,"Volumetric",,,,,,,,,,0.000000,,,,,,,,,,0.000000,0.000000,,,,,,,,,,,,
"2FBBA007","Nodes",1120102.750000,1670345.870000,1313.064347,"Default Known Flow Node",69.999969,0.579999,1000.000000,0.000000,"Known Flow",0.000000,0.000000,2.16999993085665e-07,40.000000,0.579999,1000.000000,0.000000,0.000000,13.000000,0.000000,0.515381,0.579999,,,,8.768032,8.768032,,16.800279,,,,,,903.822387,0.066145,0.000000,0.000000,0.000000,,-459.670013,1000.000000,,0.000000,0.000000,,,,0.047222,"UNDEFINED",0.000000,0.997558,0.000000,,,,,"","",,,,8.768032,,0.000000,,0.000000,,,0.000000,0.000000,"",,,0.000000,,-1.000000,,0.000000,0.000000,-1.000000,-1.000000,,,,,,,,,,,"",,,,,,,,,,"Volumetric",,,,,,,,,,0.000000,,,,,,,,,,0.000000,0.000000,,,,,,,,,,,,
"2FBBA003","Nodes",1120099.414342,1670360.575629,1313.064347,"Default Known Flow Node",69.999969,0.579999,1000.000000,0.000000,"Known Flow",0.000000,0.000000,2.16999993085665e-07,40.000000,0.579999,1000.000000,0.000000,0.000000,13.000000,0.000000,0.515381,0.579999,,,,8.764752,8.764752,,16.800279,,,,,,903.822387,0.066145,0.000000,0.000000,0.000000,,-459.670013,1000.000000,,0.000000,0.000000,,,,0.047221,"SETFLOW",0.000000,0.997558,0.000000,,,,,"","",,,,8.764752,,0.000000,,0.000000,,,0.000000,0.000000,"",,,0.000000,"149-35 Northern Blvd, Q = 13.029 mcfh, Firm (S13-46651-Q) DONE",-1.000000,,0.000000,0.000000,-1.000000,-1.000000,,,,,,,,,,,,,,,,"",,,,,,,,,,"Volumetric",,,,,,,,,,-13.029000,,,,,-13.029000,-0.312696,,,,,,,,,,,,
"Q3No160","Nodes",1120098.319090,1670365.119090,1313.064347,"Default Known Flow Node",69.999969,0.579999,1000.000000,0.000000,"Known Flow",0.000000,0.000000,2.16999993085665e-07,40.000000,0.579999,1000.000000,0.000000,0.000000,13.000000,0.000000,0.515381,0.579999,,,,8.764297,8.764297,,16.800279,,,,,,903.822387,0.066145,0.000000,0.000000,0.000000,,-459.670013,1000.000000,,0.000000,0.000000,,,,0.047221,"UNDEFINED",0.000000,0.997558,0.000000,,,,,"","",,,,8.764297,,0.000000,,0.000000,,,0.000000,0.000000,"",,,0.000000,,-1.000000,,0.000000,0.000000,0.000000,-1.000000,,,,,,,,,,,"",,,,,,,,,,"Volumetric",,,,,,,,,,0.000000,,,,,,,,,,0.000000,0.000000,,,,,,,,,,,,
"2FB1A1D3","Nodes",1120108.870000,1670316.620000,1313.064347,"Default Known Flow Node",69.999969,0.579999,1000.000000,0.000000,"Known Flow",0.000000,0.000000,2.16999993085665e-07,40.000000,0.579999,1000.000000,0.000000,0.000000,13.000000,0.000000,0.515381,0.579999,,,,8.756364,8.756364,,16.800279,,,,,,903.822387,0.066145,0.000000,0.000000,0.000000,,-459.670013,1000.000000,,0.000000,0.000000,,,,0.047220,"SETFLOW",0.000000,0.997558,0.000000,,,,,"","",,,,8.756364,,0.000000,,0.000000,,,0.000000,0.000000,"",,,0.000000,,-1.000000,,0.000000,0.000000,-1.000000,-1.000000,,,,,,,,,,,"",,,,,,,,,,"Volumetric",,,,,,,,,,-0.020707,,,,,,,,,,-0.020707,-0.000496,,,,,,,,,,,,
"2FBBA002","Nodes",1120104.620000,1670336.870000,1313.064347,"Default Known Flow Node",69.999969,0.579999,1000.000000,0.000000,"Known Flow",0.000000,0.000000,2.16999993085665e-07,40.000000,0.579999,1000.000000,0.000000,0.000000,13.000000,0.000000,0.515381,0.579999,,,,8.764909,8.764909,,16.800279,,,,,,903.822387,0.066145,0.000000,0.000000,0.000000,,-459.670013,1000.000000,,0.000000,0.000000,,,,0.047221,"UNDEFINED",0.000000,0.997558,0.000000,,,,,"","",,,,8.764909,,0.000000,,0.000000,,,0.000000,0.000000,"",,,0.000000,,-1.000000,,0.000000,0.000000,-1.000000,-1.000000,,,,,,,,,,,"",,,,,,,,,,"Volumetric",,,,,,,,,,0.000000,,,,,,,,,,0.000000,0.000000,,,,,,,,,,,,
"2FBBA006","Nodes",1120103.750000,1670341.250000,1313.064347,"Default Known Flow Node",69.999969,0.579999,1000.000000,0.000000,"Known Flow",0.000000,0.000000,2.16999993085665e-07,40.000000,0.579999,1000.000000,0.000000,0.000000,13.000000,0.000000,0.515381,0.579999,,,,8.767773,8.767773,,16.800279,,,,,,903.822387,0.066145,0.000000,0.000000,0.000000,,-459.670013,1000.000000,,0.000000,0.000000,,,,0.047222,"UNDEFINED",0.000000,0.997558,0.000000,,,,,"","",,,,8.767773,,0.000000,,0.000000,,,0.000000,0.000000,"",,,0.000000,,-1.000000,,0.000000,0.000000,-1.000000,-1.000000,,,,,,,,,,,"",,,,,,,,,,"Volumetric",,,,,,,,,,0.000000,,,,,,,,,,0.000000,0.000000,,,,,,,,,,,,
"GR220","Nodes",1119986.000000,1670361.500000,1313.064347,"Default Known Node",69.999969,0.579999,1000.000000,0.000000,"Known Pressure/Flow",0.000000,0.000000,2.16999993085665e-07,40.000000,0.579999,1000.000000,0.000000,0.000000,13.000000,0.000000,0.515385,0.579999,,,,9.500000,9.500000,,16.800279,,,,,,903.822387,0.066145,0.000000,0.000000,0.000000,,-459.670013,1000.000000,,0.000000,0.000000,,,,0.047305,"UNDEFINED",0.000000,0.997554,0.000000,,,,,"","",,,,9.500000,,0.000000,,0.000000,,,0.000000,0.000000,"",,,0.000000,,-1.000000,,0.000000,0.000000,-1.000000,-1.000000,,,,,,,,,,,"",,,,,,,,,,"Volumetric",,,,,,,,,,0.000000,,,,,,,,,,0.000000,0.000000,,,,,,,,,,,,
"2FBB25BA","Nodes",1122338.750000,1669340.620000,1313.064347,"Default Known Flow Node",69.999969,0.579999,1000.000000,0.000000,"Known Flow",0.000000,0.000000,2.16999993085665e-07,40.000000,0.579999,1000.000000,0.000000,0.000000,13.000000,0.000000,0.515380,0.579999,,,,8.645091,8.645091,,16.800279,,,,,,903.822387,0.066145,0.000000,0.000000,0.000000,,-459.670013,1000.000000,,0.000000,0.000000,,,,0.047208,"UNDEFINED",0.000000,0.997559,0.000000,,,,,"","",,,,8.645091,,0.000000,,0.000000,,,0.000000,0.000000,"",,,0.000000,,-1.000000,,0.000000,0.000000,-1.000000,-1.000000,,,,,,,,,,,"",,,,,,,,,,"Volumetric",,,,,,,,,,0.000000,,,,,,,,,,0.000000,0.000000,,,,,,,,,,,,
"2FBB25BC","Nodes",1122342.250000,1669396.250000,1313.064347,"Default Known Flow Node",69.999969,0.579999,1000.000000,0.000000,"Known Flow",0.000000,0.000000,2.16999993085665e-07,40.000000,0.579999,1000.000000,0.000000,0.000000,13.000000,0.000000,0.515380,0.579999,,,,8.645352,8.645352,,16.800279,,,,,,903.822387,0.066145,0.000000,0.000000,0.000000,,-459.670013,1000.000000,,0.000000,0.000000,,,,0.047208,"UNDEFINED",0.000000,0.997559,0.000000,,,,,"","",,,,8.645352,,0.000000,,0.000000,,,0.000000,0.000000,"",,,0.000000,,-1.000000,,0.000000,0.000000,-1.000000,-1.000000,,,,,,,,,,,"",,,,,,,,,,"Volumetric",,,,,,,,,,0.000000,,,,,,,,,,0.000000,0.000000,,,,,,,,,,,,
"2FC11EB9","Nodes",1119164.272527,1669023.254360,1313.064347,"Default Known Flow Node",69.999969,0.579999,1000.000000,0.000000,"Known Flow",0.000000,0.000000,2.16999993085665e-07,40.000000,0.579999,1000.000000,0.000000,0.000000,13.000000,0.000000,0.515376,0.579999,,,,7.862243,7.862243,,16.800279,,,,,,903.822387,0.066146,0.000000,0.000000,0.000000,,-459.670013,1000.000000,,0.000000,0.000000,,,,0.047119,"UNDEFINED",0.000000,0.997563,0.000000,,,,,"","",,,,7.862243,,0.000000,,0.000000,,,0.000000,0.000000,"",,,0.000000,,-1.000000,,0.000000,0.000000,0.000000,-1.000000,,,,,,,,,,,"",,,,,,,,,,"Volumetric",,,,,,,,,,0.000000,,,,,,,,,,0.000000,0.000000,,,,,,,,,,,,
"2FBB3C01","Nodes",1119226.057079,1669366.587806,1313.064347,"Default Known Flow Node",69.999969,0.579999,1000.000000,0.000000,"Known Flow",0.000000,0.000000,2.16999993085665e-07,40.000000,0.579999,1000.000000,0.000000,0.000000,13.000000,0.000000,0.515377,0.579999,,,,7.986851,7.986851,,16.800279,,,,,,903.822387,0.066146,0.000000,0.000000,0.000000,,-459.670013,1000.000000,,0.000000,0.000000,,,,0.047133,"UNDEFINED",0.000000,0.997563,0.000000,,,,,"","",,,,7.986851,,0.000000,,0.000000,,,0.000000,0.000000,"",,,0.000000,,-1.000000,,0.000000,0.000000,-1.000000,-1.000000,,,,,,,,,,,"",,,,,,,,,,"Volumetric",,,,,,,,,,0.000000,,,,,,,,,,0.000000,0.000000,,,,,,,,,,,,
"2FBB3C00","Nodes",1119228.816956,1669381.161378,1313.064347,"Default Known Flow Node",69.999969,0.579999,1000.000000,0.000000,"Known Flow",0.000000,0.000000,2.16999993085665e-07,40.000000,0.579999,1000.000000,0.000000,0.000000,13.000000,0.000000,0.515377,0.579999,,,,7.993698,7.993698,,16.800279,,,,,,903.822387,0.066146,0.000000,0.000000,0.000000,,-459.670013,1000.000000,,0.000000,0.000000,,,,0.047134,"UNDEFINED",0.000000,0.997563,0.000000,,,,,"","",,,,7.993698,,0.000000,,0.000000,,,0.000000,0.000000,"",,,0.000000,,-1.000000,,0.000000,0.000000,-1.000000,-1.000000,,,,,,,,,,,"",,,,,,,,,,"Volumetric",,,,,,,,,,0.000000,,,,,,,,,,0.000000,0.000000,,,,,,,,,,,,
"2FBBA24C","Nodes",1116537.750000,1677423.370000,1313.064347,"Default Known Flow Node",69.999969,0.579999,1000.000000,0.000000,"Known Flow",0.000000,0.000000,2.16999993085665e-07,40.000000,0.579999,1000.000000,0.000000,0.000000,13.000000,0.000000,0.515373,0.579999,,,,7.378520,7.378520,,16.800279,,,,,,903.822387,0.066146,0.000000,0.000000,0.000000,,-459.670013,1000.000000,,0.000000,0.000000,,,,0.047064,"UNDEFINED",0.000000,0.997566,0.000000,,,,,"","",,,,7.378520,,0.000000,,0.000000,,,0.000000,0.000000,"",,,0.000000,,-1.000000,,0.000000,0.000000,-1.000000,-1.000000,,,,,,,,,,,"",,,,,,,,,,"Volumetric",,,,,,,,,,0.000000,,,,,,,,,,0.000000,0.000000,,,,,,,,,,,,
"2FBBA221","Nodes",1118859.750000,1669592.250000,1313.064347,"Default Known Flow Node",69.999969,0.579999,1000.000000,0.000000,"Known Flow",0.000000,0.000000,2.16999993085665e-07,40.000000,0.579999,1000.000000,0.000000,0.000000,13.000000,0.000000,0.515368,0.579999,,,,6.535707,6.535707,,16.800279,,,,,,903.822387,0.066147,0.000000,0.000000,0.000000,,-459.670013,1000.000000,,0.000000,0.000000,,,,0.046968,"UNDEFINED",0.000000,0.997571,0.000000,,,,,"","",,,,6.535707,,0.000000,,0.000000,,,0.000000,0.000000,"",,,0.000000,,-1.000000,,0.000000,0.000000,-1.000000,-1.000000,,,,,,,,,,,"",,,,,,,,,,"Volumetric",,,,,,,,,,0.000000,,,,,,,,,,0.000000,0.000000,,,,,,,,,,,,
"2FBBA223","Nodes",1118866.250000,1669628.000000,1313.064347,"Default Known Flow Node",69.999969,0.579999,1000.000000,0.000000,"Known Flow",0.000000,0.000000,2.16999993085665e-07,40.000000,0.579999,1000.000000,0.000000,0.000000,13.000000,0.000000,0.515368,0.579999,,,,6.527662,6.527662,,16.800279,,,,,,903.822387,0.066147,0.000000,0.000000,0.000000,,-459.670013,1000.000000,,0.000000,0.000000,,,,0.046967,"UNDEFINED",0.000000,0.997571,0.000000,,,,,"","",,,,6.527662,,0.000000,,0.000000,,,0.000000,0.000000,"",,,0.000000,,-1.000000,,0.000000,0.000000,-1.000000,-1.000000,,,,,,,,,,,"",,,,,,,,,,"Volumetric",,,,,,,,,,0.000000,,,,,,,,,,0.000000,0.000000,,,,,,,,,,,,
"2FBBA226","Nodes",1118870.120000,1669589.870000,1313.064347,"Default Known Flow Node",69.999969,0.579999,1000.000000,0.000000,"Known Flow",0.000000,0.000000,2.16999993085665e-07,40.000000,0.579999,1000.000000,0.000000,0.000000,13.000000,0.000000,0.515368,0.579999,,,,6.535707,6.535707,,16.800279,,,,,,903.822387,0.066147,0.000000,0.000000,0.000000,,-459.670013,1000.000000,,0.000000,0.000000,,,,0.046968,"UNDEFINED",0.000000,0.997571,0.000000,,,,,"","",,,,6.535707,,0.000000,,0.000000,,,0.000000,0.000000,"",,,0.000000,,-1.000000,,0.000000,0.000000,-1.000000,-1.000000,,,,,,,,,,,"",,,,,,,,,,"Volumetric",,,,,,,,,,0.000000,,,,,,,,,,0.000000,0.000000,,,,,,,,,,,,
"2FBBA222","Nodes",1119026.370000,1669561.620000,1313.064347,"Default Known Flow Node",69.999969,0.579999,1000.000000,0.000000,"Known Flow",0.000000,0.000000,2.16999993085665e-07,40.000000,0.579999,1000.000000,0.000000,0.000000,13.000000,0.000000,0.515368,0.579999,,,,6.535707,6.535707,,16.800279,,,,,,903.822387,0.066147,0.000000,0.000000,0.000000,,-459.670013,1000.000000,,0.000000,0.000000,,,,0.046968,"UNDEFINED",0.000000,0.997571,0.000000,,,,,"","",,,,6.535707,,0.000000,,0.000000,,,0.000000,0.000000,"",,,0.000000,,-1.000000,,0.000000,0.000000,-1.000000,-1.000000,,,,,,,,,,,"",,,,,,,,,,"Volumetric",,,,,,,,,,0.000000,,,,,,,,,,0.000000,0.000000,,,,,,,,,,,,
"2FBBA0E7","Nodes",1119017.500000,1670605.750000,1313.064347,"Default Known Flow Node",69.999969,0.579999,1000.000000,0.000000,"Known Flow",0.000000,0.000000,2.16999993085665e-07,40.000000,0.579999,1000.000000,0.000000,0.000000,13.000000,0.000000,0.515368,0.579999,,,,6.509186,6.509186,,16.800279,,,,,,903.822387,0.066147,0.000000,0.000000,0.000000,,-459.670013,1000.000000,,0.000000,0.000000,,,,0.046965,"UNDEFINED",0.000000,0.997571,0.000000,,,,,"","",,,,6.509186,,0.000000,,0.000000,,,0.000000,0.000000,"",,,0.000000,,-1.000000,,0.000000,0.000000,-1.000000,-1.000000,,,,,,,,,,,"",,,,,,,,,,"Volumetric",,,,,,,,,,0.000000,,,,,,,,,,0.000000,0.000000,,,,,,,,,,,,
"2FBBA0E8","Nodes",1119025.870000,1670650.750000,1313.064347,"Default Known Flow Node",69.999969,0.579999,1000.000000,0.000000,"Known Flow",0.000000,0.000000,2.16999993085665e-07,40.000000,0.579999,1000.000000,0.000000,0.000000,13.000000,0.000000,0.515368,0.579999,,,,6.509880,6.509880,,16.800279,,,,,,903.822387,0.066147,0.000000,0.000000,0.000000,,-459.670013,1000.000000,,0.000000,0.000000,,,,0.046965,"UNDEFINED",0.000000,0.997571,0.000000,,,,,"","",,,,6.509880,,0.000000,,0.000000,,,0.000000,0.000000,"",,,0.000000,,-1.000000,,0.000000,0.000000,-1.000000,-1.000000,,,,,,,,,,,"",,,,,,,,,,"Volumetric",,,,,,,,,,0.000000,,,,,,,,,,0.000000,0.000000,,,,,,,,,,,,
"Q3No131","Nodes",1120482.092949,1674671.351405,1313.064347,"Default Known Flow Node",69.999969,0.579999,1000.000000,0.000000,"Known Flow",0.000000,0.000000,2.16999993085665e-07,40.000000,0.579999,1000.000000,0.000000,0.000000,13.000000,0.000000,0.515380,0.579999,,,,8.567035,8.567035,,16.800279,,,,,,903.822387,0.066145,0.000000,0.000000,0.000000,,-459.670013,1000.000000,,0.000000,0.000000,,,,0.047199,"UNDEFINED",0.000000,0.997559,0.000000,,,,,"","",,,,8.567035,,0.000000,,0.000000,,,0.000000,0.000000,"",,,0.000000,,-1.000000,,0.000000,0.000000,0.000000,-1.000000,,,,,,,,,,,"",,,,,,,,,,"Volumetric",,,,,,,,,,0.000000,,,,,,,,,,0.000000,0.000000,,,,,,,,,,,,
"2FBA2C05","Nodes",1120478.620000,1674684.620000,1313.064347,"Default Known Flow Node",69.999969,0.579999,1000.000000,0.000000,"Known Flow",0.000000,0.000000,2.16999993085665e-07,40.000000,0.579999,1000.000000,0.000000,0.000000,13.000000,0.000000,0.515380,0.579999,,,,8.564788,8.564788,,16.800279,,,,,,903.822387,0.066145,0.000000,0.000000,0.000000,,-459.670013,1000.000000,,0.000000,0.000000,,,,0.047199,"UNDEFINED",0.000000,0.997559,0.000000,,,,,"","",,,,8.564788,,0.000000,,0.000000,,,0.000000,0.000000,"",,,0.000000,,-1.000000,,0.000000,0.000000,-1.000000,-1.000000,,,,,,,,,,,"",,,,,,,,,,"Volumetric",,,,,,,,,,0.000000,,,,,,,,,,0.000000,0.000000,,,,,,,,,,,,
"2FBBB46A","Nodes",1120455.120000,1674769.870000,1313.064347,"Default Known Flow Node",69.999969,0.579999,1000.000000,0.000000,"Known Flow",0.000000,0.000000,2.16999993085665e-07,40.000000,0.579999,1000.000000,0.000000,0.000000,13.000000,0.000000,0.515380,0.579999,,,,8.550499,8.550499,,16.800279,,,,,,903.822387,0.066145,0.000000,0.000000,0.000000,,-459.670013,1000.000000,,0.000000,0.000000,,,,0.047197,"UNDEFINED",0.000000,0.997559,0.000000,,,,,"","",,,,8.550499,,0.000000,,0.000000,,,0.000000,0.000000,"",,,0.000000,,-1.000000,,0.000000,0.000000,-1.000000,-1.000000,,,,,,,,,,,"",,,,,,,,,,"Volumetric",,,,,,,,,,0.000000,,,,,,,,,,0.000000,0.000000,,,,,,,,,,,,
"2FBB4007","Nodes",1117849.750000,1668860.750000,1313.064347,"Default Known Flow Node",69.999969,0.579999,1000.000000,0.000000,"Known Flow",0.000000,0.000000,2.16999993085665e-07,40.000000,0.579999,1000.000000,0.000000,0.000000,13.000000,0.000000,0.515376,0.579999,,,,7.937059,7.937059,,16.800279,,,,,,903.822387,0.066146,0.000000,0.000000,0.000000,,-459.670013,1000.000000,,0.000000,0.000000,,,,0.047127,"UNDEFINED",0.000000,0.997563,0.000000,,,,,"","",,,,7.937059,,0.000000,,0.000000,,,0.000000,0.000000,"",,,0.000000,,-1.000000,,0.000000,0.000000,-1.000000,-1.000000,,,,,,,,,,,"",,,,,,,,,,"Volumetric",,,,,,,,,,0.000000,,,,,,,,,,0.000000,0.000000,,,,,,,,,,,,
"2FBB0C24","Nodes",1117572.370000,1671015.750000,1313.064347,"Default Known Flow Node",69.999969,0.579999,1000.000000,0.000000,"Known Flow",0.000000,0.000000,2.16999993085665e-07,40.000000,0.579999,1000.000000,0.000000,0.000000,13.000000,0.000000,0.515370,0.579999,,,,6.739688,6.739688,,16.800279,,,,,,903.822387,0.066147,0.000000,0.000000,0.000000,,-459.670013,1000.000000,,0.000000,0.000000,,,,0.046991,"UNDEFINED",0.000000,0.997570,0.000000,,,,,"","",,,,6.739688,,0.000000,,0.000000,,,0.000000,0.000000,"",,,0.000000,,-1.000000,,0.000000,0.000000,-1.000000,-1.000000,,,,,,,,,,,"",,,,,,,,,,"Volumetric",,,,,,,,,,0.000000,,,,,,,,,,0.000000,0.000000,,,,,,,,,,,,
"2FBB0C23","Nodes",1117567.120000,1671010.120000,1313.064347,"Default Known Flow Node",69.999969,0.579999,1000.000000,0.000000,"Known Flow",0.000000,0.000000,2.16999993085665e-07,40.000000,0.579999,1000.000000,0.000000,0.000000,13.000000,0.000000,0.515370,0.579999,,,,6.741768,6.741768,,16.800279,,,,,,903.822387,0.066147,0.000000,0.000000,0.000000,,-459.670013,1000.000000,,0.000000,0.000000,,,,0.046991,"UNDEFINED",0.000000,0.997570,0.000000,,,,,"","",,,,6.741768,,0.000000,,0.000000,,,0.000000,0.000000,"",,,0.000000,,-1.000000,,0.000000,0.000000,-1.000000,-1.000000,,,,,,,,,,,"",,,,,,,,,,"Volumetric",,,,,,,,,,0.000000,,,,,,,,,,0.000000,0.000000,,,,,,,,,,,,
"2FBB0C22","Nodes",1117587.120000,1671128.750000,1313.064347,"Default Known Flow Node",69.999969,0.579999,1000.000000,0.000000,"Known Flow",0.000000,0.000000,2.16999993085665e-07,40.000000,0.579999,1000.000000,0.000000,0.000000,13.000000,0.000000,0.515370,0.579999,,,,6.733220,6.733220,,16.800279,,,,,,903.822387,0.066147,0.000000,0.000000,0.000000,,-459.670013,1000.000000,,0.000000,0.000000,,,,0.046991,"UNDEFINED",0.000000,0.997570,0.000000,,,,,"","",,,,6.733220,,0.000000,,0.000000,,,0.000000,0.000000,"",,,0.000000,,-1.000000,,0.000000,0.000000,-1.000000,-1.000000,,,,,,,,,,,"",,,,,,,,,,"Volumetric",,,,,,,,,,0.000000,,,,,,,,,,0.000000,0.000000,,,,,,,,,,,,
"2FBB0C25","Nodes",1117590.000000,1671121.000000,1313.064347,"Default Known Flow Node",69.999969,0.579999,1000.000000,0.000000,"Known Flow",0.000000,0.000000,2.16999993085665e-07,40.000000,0.579999,1000.000000,0.000000,0.000000,13.000000,0.000000,0.515370,0.579999,,,,6.735041,6.735041,,16.800279,,,,,,903.822387,0.066147,0.000000,0.000000,0.000000,,-459.670013,1000.000000,,0.000000,0.000000,,,,0.046991,"UNDEFINED",0.000000,0.997570,0.000000,,,,,"","",,,,6.735041,,0.000000,,0.000000,,,0.000000,0.000000,"",,,0.000000,,-1.000000,,0.000000,0.000000,-1.000000,-1.000000,,,,,,,,,,,"",,,,,,,,,,"Volumetric",,,,,,,,,,0.000000,,,,,,,,,,0.000000,0.000000,,,,,,,,,,,,
"2FB9EF8B","Nodes",1119581.255886,1671676.245957,1313.064347,"Default Known Flow Node",69.999969,0.579999,1000.000000,0.000000,"Known Flow",0.000000,0.000000,2.16999993085665e-07,40.000000,0.579999,1000.000000,0.000000,0.000000,13.000000,0.000000,0.515378,0.579999,,,,8.205887,8.205887,,16.800279,,,,,,903.822387,0.066146,0.000000,0.000000,0.000000,,-459.670013,1000.000000,,0.000000,0.000000,,,,0.047158,"UNDEFINED",0.000000,0.997561,0.000000,,,,,"","",,,,8.205887,,0.000000,,0.000000,,,0.000000,0.000000,"",,,0.000000,,-1.000000,,0.000000,0.000000,-1.000000,-1.000000,,,,,,,,,,,"",,,,,,,,,,"Volumetric",,,,,,,,,,0.000000,,,,,,,,,,0.000000,0.000000,,,,,,,,,,,,
"Q3No40","Nodes",1119566.251244,1671677.294068,1313.064347,"Default Known Flow Node",69.999969,0.579999,1000.000000,0.000000,"Known Flow",0.000000,0.000000,2.16999993085665e-07,40.000000,0.579999,1000.000000,0.000000,0.000000,13.000000,0.000000,0.515377,0.579999,,,,8.162981,8.162981,,16.800279,,,,,,903.822387,0.066146,0.000000,0.000000,0.000000,,-459.670013,1000.000000,,0.000000,0.000000,,,,0.047153,"UNDEFINED",0.000000,0.997562,0.000000,,,,,"","",,,,8.162981,,0.000000,,0.000000,,,0.000000,0.000000,"",,,0.000000,,-1.000000,,0.000000,0.000000,0.000000,-1.000000,,,,,,,,,,,"",,,,,,,,,,"Volumetric",,,,,,,,,,0.000000,,,,,,,,,,0.000000,0.000000,,,,,,,,,,,,
"2FB9EF8A","Nodes",1119597.308006,1671679.221643,1313.064347,"Default Known Flow Node",69.999969,0.579999,1000.000000,0.000000,"Known Flow",0.000000,0.000000,2.16999993085665e-07,40.000000,0.579999,1000.000000,0.000000,0.000000,13.000000,0.000000,0.515378,0.579999,,,,8.246700,8.246700,,16.800279,,,,,,903.822387,0.066146,0.000000,0.000000,0.000000,,-459.670013,1000.000000,,0.000000,0.000000,,,,0.047162,"SETFLOW",0.000000,0.997561,0.000000,,,,,"","",,,,8.246700,,0.000000,,0.000000,,,0.000000,0.000000,"",,,0.000000,"154-08 Northern Blvd, Q = -5 mcfh, AC = -5 mcfh, Firm",-1.000000,,0.000000,0.000000,-1.000000,-1.000000,,,,,,,,,,,"",,,"",,,,,,,"Volumetric",,,"Volumetric",,,,,,,0.000000,,,-5.000000,,,,,,,0.000000,0.000000,,,,,,,,,,,,
"2FBB4B14","Nodes",1117821.163226,1670943.476045,1313.064347,"Default Known Flow Node",69.999969,0.579999,1000.000000,0.000000,"Known Flow",0.000000,0.000000,2.16999993085665e-07,40.000000,0.579999,1000.000000,0.000000,0.000000,13.000000,0.000000,0.515369,0.579999,,,,6.609901,6.609901,,16.800279,,,,,,903.822387,0.066147,0.000000,0.000000,0.000000,,-459.670013,1000.000000,,0.000000,0.000000,,,,0.046977,"SETFLOW",0.000000,0.997571,0.000000,,,,,"","",,,,6.609901,,0.000000,,0.000000,,,0.000000,0.000000,"",,,0.000000,,-1.000000,,0.000000,0.000000,-1.000000,-1.000000,,,,,,,,,,,"",,,,,,,,,,"Volumetric",,,,,,,,,,-0.080589,,,,,,,,,,-0.080589,-0.001934,,,,,,,,,,,,
"Q3No225","Nodes",1117799.100409,1670820.150624,1313.064347,"Default Known Flow Node",69.999969,0.579999,1000.000000,0.000000,"Known Flow",0.000000,0.000000,2.16999993085665e-07,40.000000,0.579999,1000.000000,0.000000,0.000000,13.000000,0.000000,0.515369,0.579999,,,,6.608355,6.608355,,16.800279,,,,,,903.822387,0.066147,0.000000,0.000000,0.000000,,-459.670013,1000.000000,,0.000000,0.000000,,,,0.046976,"UNDEFINED",0.000000,0.997571,0.000000,,,,,"","",,,,6.608355,,0.000000,,0.000000,,,0.000000,0.000000,"",,,0.000000,,-1.000000,,0.000000,0.000000,0.000000,-1.000000,,,,,,,,,,,"",,,,,,,,,,"Volumetric",,,,,,,,,,0.000000,,,,,,,,,,0.000000,0.000000,,,,,,,,,,,,
"2FBB3C03","Nodes",1117842.000000,1671076.620000,1313.064347,"Default Known Flow Node",69.999969,0.579999,1000.000000,0.000000,"Known Flow",0.000000,0.000000,2.16999993085665e-07,40.000000,0.579999,1000.000000,0.000000,0.000000,13.000000,0.000000,0.515369,0.579999,,,,6.615919,6.615919,,16.800279,,,,,,903.822387,0.066147,0.000000,0.000000,0.000000,,-459.670013,1000.000000,,0.000000,0.000000,,,,0.046977,"UNDEFINED",0.000000,0.997571,0.000000,,,,,"","",,,,6.615919,,0.000000,,0.000000,,,0.000000,0.000000,"",,,0.000000,,-1.000000,,0.000000,0.000000,-1.000000,-1.000000,,,,,,,,,,,"",,,,,,,,,,"Volumetric",,,,,,,,,,0.000000,,,,,,,,,,0.000000,0.000000,,,,,,,,,,,,
"Q3No226","Nodes",1117821.893651,1670956.727358,1313.064347,"Default Known Flow Node",69.999969,0.579999,1000.000000,0.000000,"Known Flow",0.000000,0.000000,2.16999993085665e-07,40.000000,0.579999,1000.000000,0.000000,0.000000,13.000000,0.000000,0.515369,0.579999,,,,6.610428,6.610428,,16.800279,,,,,,903.822387,0.066147,0.000000,0.000000,0.000000,,-459.670013,1000.000000,,0.000000,0.000000,,,,0.046977,"UNDEFINED",0.000000,0.997571,0.000000,,,,,"","",,,,6.610428,,0.000000,,0.000000,,,0.000000,0.000000,"",,,0.000000,,-1.000000,,0.000000,0.000000,0.000000,-1.000000,,,,,,,,,,,"",,,,,,,,,,"Volumetric",,,,,,,,,,0.000000,,,,,,,,,,0.000000,0.000000,,,,,,,,,,,,
"2FB9BA79","Nodes",1117351.870000,1673334.870000,1313.064347,"Default Known Flow Node",69.999969,0.579999,1000.000000,0.000000,"Known Flow",0.000000,0.000000,2.16999993085665e-07,40.000000,0.579999,1000.000000,0.000000,0.000000,13.000000,0.000000,0.515374,0.579999,,,,7.483212,7.483212,,16.800279,,,,,,903.822387,0.066146,0.000000,0.000000,0.000000,,-459.670013,1000.000000,,0.000000,0.000000,,,,0.047076,"UNDEFINED",0.000000,0.997566,0.000000,,,,,"","",,,,7.483212,,0.000000,,0.000000,,,0.000000,0.000000,"",,,0.000000,,-1.000000,,0.000000,0.000000,-1.000000,-1.000000,,,,,,,,,,,"",,,,,,,,,,"Volumetric",,,,,,,,,,0.000000,,,,,,,,,,0.000000,0.000000,,,,,,,,,,,,
"2FB9BA7A","Nodes",1117352.370000,1673333.000000,1313.064347,"Default Known Flow Node",69.999969,0.579999,1000.000000,0.000000,"Known Flow",0.000000,0.000000,2.16999993085665e-07,40.000000,0.579999,1000.000000,0.000000,0.000000,13.000000,0.000000,0.515374,0.579999,,,,7.483136,7.483136,,16.800279,,,,,,903.822387,0.066146,0.000000,0.000000,0.000000,,-459.670013,1000.000000,,0.000000,0.000000,,,,0.047076,"UNDEFINED",0.000000,0.997566,0.000000,,,,,"","",,,,7.483136,,0.000000,,0.000000,,,0.000000,0.000000,"",,,0.000000,,-1.000000,,0.000000,0.000000,-1.000000,-1.000000,,,,,,,,,,,"",,,,,,,,,,"Volumetric",,,,,,,,,,0.000000,,,,,,,,,,0.000000,0.000000,,,,,,,,,,,,
"2FB9E831","Nodes",1117381.500000,1673324.120000,1313.064347,"Default Known Flow Node",69.999969,0.579999,1000.000000,0.000000,"Known Flow",0.000000,0.000000,2.16999993085665e-07,40.000000,0.579999,1000.000000,0.000000,0.000000,13.000000,0.000000,0.515374,0.579999,,,,7.492302,7.492302,,16.800279,,,,,,903.822387,0.066146,0.000000,0.000000,0.000000,,-459.670013,1000.000000,,0.000000,0.000000,,,,0.047077,"UNDEFINED",0.000000,0.997565,0.000000,,,,,"","",,,,7.492302,,0.000000,,0.000000,,,0.000000,0.000000,"",,,0.000000,,-1.000000,,0.000000,0.000000,-1.000000,-1.000000,,,,,,,,,,,"",,,,,,,,,,"Volumetric",,,,,,,,,,0.000000,,,,,,,,,,0.000000,0.000000,,,,,,,,,,,,
"0BECA6D6","Nodes",1117201.870000,1673265.750000,1313.064347,"Default Known Flow Node",69.999969,0.579999,1000.000000,0.000000,"Known Flow",0.000000,0.000000,2.16999993085665e-07,40.000000,0.579999,1000.000000,0.000000,0.000000,13.000000,0.000000,0.515373,0.579999,,,,7.433390,7.433390,,16.800279,,,,,,903.822387,0.066146,0.000000,0.000000,0.000000,,-459.670013,1000.000000,,0.000000,0.000000,,,,0.047070,"UNDEFINED",0.000000,0.997566,0.000000,,,,,"","",,,,7.433390,,0.000000,,0.000000,,,0.000000,0.000000,"",,,0.000000,,-1.000000,,0.000000,0.000000,-1.000000,-1.000000,,,,,,,,,,,"",,,,,,,,,,"Volumetric",,,,,,,,,,0.000000,,,,,,,,,,0.000000,0.000000,,,,,,,,,,,,
"2FBAE516","Nodes",1117228.370000,1673270.750000,1313.064347,"Default Known Flow Node",69.999969,0.579999,1000.000000,0.000000,"Known Flow",0.000000,0.000000,2.16999993085665e-07,40.000000,0.579999,1000.000000,0.000000,0.000000,13.000000,0.000000,0.515374,0.579999,,,,7.437027,7.437027,,16.800279,,,,,,903.822387,0.066146,0.000000,0.000000,0.000000,,-459.670013,1000.000000,,0.000000,0.000000,,,,0.047070,"UNDEFINED",0.000000,0.997566,0.000000,,,,,"","",,,,7.437027,,0.000000,,0.000000,,,0.000000,0.000000,"",,,0.000000,,-1.000000,,0.000000,0.000000,-1.000000,-1.000000,,,,,,,,,,,"",,,,,,,,,,"Volumetric",,,,,,,,,,0.000000,,,,,,,,,,0.000000,0.000000,,,,,,,,,,,,
"2FBB1010","Nodes",1117239.620000,1673272.870000,1313.064347,"Default Known Flow Node",69.999969,0.579999,1000.000000,0.000000,"Known Flow",0.000000,0.000000,2.16999993085665e-07,40.000000,0.579999,1000.000000,0.000000,0.000000,13.000000,0.000000,0.515374,0.579999,,,,7.438509,7.438509,,16.800279,,,,,,903.822387,0.066146,0.000000,0.000000,0.000000,,-459.670013,1000.000000,,0.000000,0.000000,,,,0.047071,"UNDEFINED",0.000000,0.997566,0.000000,,,,,"","",,,,7.438509,,0.000000,,0.000000,,,0.000000,0.000000,"",,,0.000000,,-1.000000,,0.000000,0.000000,-1.000000,-1.000000,,,,,,,,,,,"",,,,,,,,,,"Volumetric",,,,,,,,,,0.000000,,,,,,,,,,0.000000,0.000000,,,,,,,,,,,,
"2FB9E829","Nodes",1117284.000000,1673287.870000,1313.064347,"Default Known Flow Node",69.999969,0.579999,1000.000000,0.000000,"Known Flow",0.000000,0.000000,2.16999993085665e-07,40.000000,0.579999,1000.000000,0.000000,0.000000,13.000000,0.000000,0.515374,0.579999,,,,7.447584,7.447584,,16.800279,,,,,,903.822387,0.066146,0.000000,0.000000,0.000000,,-459.670013,1000.000000,,0.000000,0.000000,,,,0.047072,"UNDEFINED",0.000000,0.997566,0.000000,,,,,"","",,,,7.447584,,0.000000,,0.000000,,,0.000000,0.000000,"",,,0.000000,,-1.000000,,0.000000,0.000000,-1.000000,-1.000000,,,,,,,,,,,"",,,,,,,,,,"Volumetric",,,,,,,,,,0.000000,,,,,,,,,,0.000000,0.000000,,,,,,,,,,,,
"2FB9BA7B","Nodes",1117297.620000,1673291.250000,1313.064347,"Default Known Flow Node",69.999969,0.579999,1000.000000,0.000000,"Known Flow",0.000000,0.000000,2.16999993085665e-07,40.000000,0.579999,1000.000000,0.000000,0.000000,13.000000,0.000000,0.515374,0.579999,,,,7.450362,7.450362,,16.800279,,,,,,903.822387,0.066146,0.000000,0.000000,0.000000,,-459.670013,1000.000000,,0.000000,0.000000,,,,0.047072,"UNDEFINED",0.000000,0.997566,0.000000,,,,,"","",,,,7.450362,,0.000000,,0.000000,,,0.000000,0.000000,"",,,0.000000,,-1.000000,,0.000000,0.000000,-1.000000,-1.000000,,,,,,,,,,,"",,,,,,,,,,"Volumetric",,,,,,,,,,0.000000,,,,,,,,,,0.000000,0.000000,,,,,,,,,,,,
"0BEC4A45","Nodes",1122332.500000,1668199.370000,1313.064347,"Default Known Flow Node",69.999969,0.579999,1000.000000,0.000000,"Known Flow",0.000000,0.000000,2.16999993085665e-07,40.000000,0.579999,1000.000000,0.000000,0.000000,13.000000,0.000000,0.515380,0.579999,,,,8.608551,8.608551,,16.800279,,,,,,903.822387,0.066145,0.000000,0.000000,0.000000,,-459.670013,1000.000000,,0.000000,0.000000,,,,0.047204,"UNDEFINED",0.000000,0.997559,0.000000,,,,,"","",,,,8.608551,,0.000000,,0.000000,,,0.000000,0.000000,"",,,0.000000,,-1.000000,,0.000000,0.000000,-1.000000,-1.000000,,,,,,,,,,,"",,,,,,,,,,"Volumetric",,,,,,,,,,0.000000,,,,,,,,,,0.000000,0.000000,,,,,,,,,,,,
"2FBB32A6","Nodes",1117994.000000,1673166.750000,1313.064347,"Default Known Flow Node",69.999969,0.579999,1000.000000,0.000000,"Known Flow",0.000000,0.000000,2.16999993085665e-07,40.000000,0.579999,1000.000000,0.000000,0.000000,13.000000,0.000000,0.515374,0.579999,,,,7.534716,7.534716,,16.800279,,,,,,903.822387,0.066146,0.000000,0.000000,0.000000,,-459.670013,1000.000000,,0.000000,0.000000,,,,0.047082,"UNDEFINED",0.000000,0.997565,0.000000,,,,,"","",,,,7.534716,,0.000000,,0.000000,,,0.000000,0.000000,"",,,0.000000,,-1.000000,,0.000000,0.000000,-1.000000,-1.000000,,,,,,,,,,,"",,,,,,,,,,"Volumetric",,,,,,,,,,0.000000,,,,,,,,,,0.000000,0.000000,,,,,,,,,,,,
"2FBB32AB","Nodes",1117992.620000,1673170.370000,1313.064347,"Default Known Flow Node",69.999969,0.579999,1000.000000,0.000000,"Known Flow",0.000000,0.000000,2.16999993085665e-07,40.000000,0.579999,1000.000000,0.000000,0.000000,13.000000,0.000000,0.515374,0.579999,,,,7.536011,7.536011,,16.800279,,,,,,903.822387,0.066146,0.000000,0.000000,0.000000,,-459.670013,1000.000000,,0.000000,0.000000,,,,0.047082,"UNDEFINED",0.000000,0.997565,0.000000,,,,,"","",,,,7.536011,,0.000000,,0.000000,,,0.000000,0.000000,"",,,0.000000,,-1.000000,,0.000000,0.000000,-1.000000,-1.000000,,,,,,,,,,,"",,,,,,,,,,"Volumetric",,,,,,,,,,0.000000,,,,,,,,,,0.000000,0.000000,,,,,,,,,,,,
"2FBB32A7","Nodes",1117979.370000,1673204.750000,1313.064347,"Default Known Flow Node",69.999969,0.579999,1000.000000,0.000000,"Known Flow",0.000000,0.000000,2.16999993085665e-07,40.000000,0.579999,1000.000000,0.000000,0.000000,13.000000,0.000000,0.515374,0.579999,,,,7.552352,7.552352,,16.800279,,,,,,903.822387,0.066146,0.000000,0.000000,0.000000,,-459.670013,1000.000000,,0.000000,0.000000,,,,0.047084,"UNDEFINED",0.000000,0.997565,0.000000,,,,,"","",,,,7.552352,,0.000000,,0.000000,,,0.000000,0.000000,"",,,0.000000,,-1.000000,,0.000000,0.000000,-1.000000,-1.000000,,,,,,,,,,,"",,,,,,,,,,"Volumetric",,,,,,,,,,0.000000,,,,,,,,,,0.000000,0.000000,,,,,,,,,,,,
"2FBC4D55","Nodes",1117984.120000,1673191.870000,1313.064347,"Default Known Flow Node",69.999969,0.579999,1000.000000,0.000000,"Known Flow",0.000000,0.000000,2.16999993085665e-07,40.000000,0.579999,1000.000000,0.000000,0.000000,13.000000,0.000000,0.515374,0.579999,,,,7.545937,7.545937,,16.800279,,,,,,903.822387,0.066146,0.000000,0.000000,0.000000,,-459.670013,1000.000000,,0.000000,0.000000,,,,0.047083,"SETFLOW",0.000000,0.997565,0.000000,,,,,"","",,,,7.545937,,0.000000,,0.000000,,,0.000000,0.000000,"",,,0.000000,,-1.000000,,0.000000,0.000000,-1.000000,-1.000000,,,,,,,,,,,"",,,,,,,,,,"Volumetric",,,,,,,,,,-0.079279,,,,,,,,,,-0.079279,-0.001902,,,,,,,,,,,,
"2FBB32A9","Nodes",1117940.370000,1673185.870000,1313.064347,"Default Known Flow Node",69.999969,0.579999,1000.000000,0.000000,"Known Flow",0.000000,0.000000,2.16999993085665e-07,40.000000,0.579999,1000.000000,0.000000,0.000000,13.000000,0.000000,0.515374,0.579999,,,,7.508262,7.508262,,16.800279,,,,,,903.822387,0.066146,0.000000,0.000000,0.000000,,-459.670013,1000.000000,,0.000000,0.000000,,,,0.047079,"UNDEFINED",0.000000,0.997565,0.000000,,,,,"","",,,,7.508262,,0.000000,,0.000000,,,0.000000,0.000000,"",,,0.000000,,-1.000000,,0.000000,0.000000,-1.000000,-1.000000,,,,,,,,,,,"",,,,,,,,,,"Volumetric",,,,,,,,,,0.000000,,,,,,,,,,0.000000,0.000000,,,,,,,,,,,,
"2FBA2A53","Nodes",1117982.463132,1676230.934010,1313.064347,"Default Known Flow Node",69.999969,0.579999,1000.000000,0.000000,"Known Flow",0.000000,0.000000,2.16999993085665e-07,40.000000,0.579999,1000.000000,0.000000,0.000000,13.000000,0.000000,0.515372,0.579999,,,,7.200712,7.200712,,16.800279,,,,,,903.822387,0.066146,0.000000,0.000000,0.000000,,-459.670013,1000.000000,,0.000000,0.000000,,,,0.047044,"UNDEFINED",0.000000,0.997567,0.000000,,,,,"","",,,,7.200712,,0.000000,,0.000000,,,0.000000,0.000000,"",,,0.000000,,-1.000000,,0.000000,0.000000,-1.000000,-1.000000,,,,,,,,,,,"",,,,,,,,,,"Volumetric",,,,,,,,,,0.000000,,,,,,,,,,0.000000,0.000000,,,,,,,,,,,,
"2FBB32C1","Nodes",1114814.426518,1672929.201199,1313.064347,"Default Known Flow Node",69.999969,0.579999,1000.000000,0.000000,"Known Flow",0.000000,0.000000,2.16999993085665e-07,40.000000,0.579999,1000.000000,0.000000,0.000000,13.000000,0.000000,0.515373,0.579999,,,,7.389510,7.389510,,16.800279,,,,,,903.822387,0.066146,0.000000,0.000000,0.000000,,-459.670013,1000.000000,,0.000000,0.000000,,,,0.047065,"UNDEFINED",0.000000,0.997566,0.000000,,,,,"","",,,,7.389510,,0.000000,,0.000000,,,0.000000,0.000000,"",,,0.000000,"V48288",-1.000000,,0.000000,0.000000,-1.000000,-1.000000,,,,,,,,,,,"",,,,,,,,,,"Volumetric",,,,,,,,,,0.000000,,,,,,,,,,0.000000,0.000000,,,,,,,,,,,,
"2FC1A485","Nodes",1114813.088079,1672935.033196,1313.064347,"Default Known Flow Node",69.999969,0.579999,1000.000000,0.000000,"Known Flow",0.000000,0.000000,2.16999993085665e-07,40.000000,0.579999,1000.000000,0.000000,0.000000,13.000000,0.000000,0.515373,0.579999,,,,7.389191,7.389191,,16.800279,,,,,,903.822387,0.066146,0.000000,0.000000,0.000000,,-459.670013,1000.000000,,0.000000,0.000000,,,,0.047065,"UNDEFINED",0.000000,0.997566,0.000000,,,,,"","",,,,7.389191,,0.000000,,0.000000,,,0.000000,0.000000,"",,,0.000000,,-1.000000,,0.000000,0.000000,0.000000,-1.000000,,,,,,,,,,,"",,,,,,,,,,"Volumetric",,,,,,,,,,0.000000,,,,,,,,,,0.000000,0.000000,,,,,,,,,,,,
"2FBB32C8","Nodes",1114807.750000,1672902.620000,1313.064347,"Default Known Flow Node",69.999969,0.579999,1000.000000,0.000000,"Known Flow",0.000000,0.000000,2.16999993085665e-07,40.000000,0.579999,1000.000000,0.000000,0.000000,13.000000,0.000000,0.515373,0.579999,,,,7.390900,7.390900,,16.800279,,,,,,903.822387,0.066146,0.000000,0.000000,0.000000,,-459.670013,1000.000000,,0.000000,0.000000,,,,0.047065,"UNDEFINED",0.000000,0.997566,0.000000,,,,,"","",,,,7.390900,,0.000000,,0.000000,,,0.000000,0.000000,"",,,0.000000,"V48297",-1.000000,,0.000000,0.000000,-1.000000,-1.000000,,,,,,,,,,,"",,,,,,,,,,"Volumetric",,,,,,,,,,0.000000,,,,,,,,,,0.000000,0.000000,,,,,,,,,,,,
"2FBB32C6","Nodes",1114779.620000,1672895.620000,1313.064347,"Default Known Flow Node",69.999969,0.579999,1000.000000,0.000000,"Known Flow",0.000000,0.000000,2.16999993085665e-07,40.000000,0.579999,1000.000000,0.000000,0.000000,13.000000,0.000000,0.515373,0.579999,,,,7.391107,7.391107,,16.800279,,,,,,903.822387,0.066146,0.000000,0.000000,0.000000,,-459.670013,1000.000000,,0.000000,0.000000,,,,0.047065,"UNDEFINED",0.000000,0.997566,0.000000,,,,,"","",,,,7.391107,,0.000000,,0.000000,,,0.000000,0.000000,"",,,0.000000,,-1.000000,,0.000000,0.000000,-1.000000,-1.000000,,,,,,,,,,,"",,,,,,,,,,"Volumetric",,,,,,,,,,0.000000,,,,,,,,,,0.000000,0.000000,,,,,,,,,,,,
"2FBBC477","Nodes",1116284.370000,1676700.370000,1313.064347,"Default Known Flow Node",69.999969,0.579999,1000.000000,0.000000,"Known Flow",0.000000,0.000000,2.16999993085665e-07,40.000000,0.579999,1000.000000,0.000000,0.000000,13.000000,0.000000,0.515373,0.579999,,,,7.383544,7.383544,,16.800279,,,,,,903.822387,0.066146,0.000000,0.000000,0.000000,,-459.670013,1000.000000,,0.000000,0.000000,,,,0.047064,"UNDEFINED",0.000000,0.997566,0.000000,,,,,"","",,,,7.383544,,0.000000,,0.000000,,,0.000000,0.000000,"",,,0.000000,,-1.000000,,0.000000,0.000000,-1.000000,-1.000000,,,,,,,,,,,"",,,,,,,,,,"Volumetric",,,,,,,,,,0.000000,,,,,,,,,,0.000000,0.000000,,,,,,,,,,,,
"2FB195DD","Nodes",1115533.485830,1670445.739173,1313.064347,"Default Known Flow Node",69.999969,0.579999,1000.000000,0.000000,"Known Flow",0.000000,0.000000,2.16999993085665e-07,40.000000,0.579999,1000.000000,0.000000,0.000000,13.000000,0.000000,0.515374,0.579999,,,,7.524108,7.524108,,16.800279,,,,,,903.822387,0.066146,0.000000,0.000000,0.000000,,-459.670013,1000.000000,,0.000000,0.000000,,,,0.047080,"SETFLOW",0.000000,0.997565,0.000000,,,,,"","",,,,7.524108,,0.000000,,0.000000,,,0.000000,0.000000,"",,,0.000000,,-1.000000,,0.000000,0.000000,-1.000000,-1.000000,,,,,,,,,,,"",,,,,,,,,,"Volumetric",,,,,,,,,,-0.127589,,,,,,,,,,-0.127589,-0.003062,,,,,,,,,,,,
"2FBBBC86","Nodes",1117046.620000,1677690.750000,1313.064347,"Default Known Flow Node",69.999969,0.579999,1000.000000,0.000000,"Known Flow",0.000000,0.000000,2.16999993085665e-07,40.000000,0.579999,1000.000000,0.000000,0.000000,13.000000,0.000000,0.515373,0.579999,,,,7.293939,7.293939,,16.800279,,,,,,903.822387,0.066146,0.000000,0.000000,0.000000,,-459.670013,1000.000000,,0.000000,0.000000,,,,0.047054,"UNDEFINED",0.000000,0.997567,0.000000,,,,,"","",,,,7.293939,,0.000000,,0.000000,,,0.000000,0.000000,"",,,0.000000,,-1.000000,,0.000000,0.000000,-1.000000,-1.000000,,,,,,,,,,,"",,,,,,,,,,"Volumetric",,,,,,,,,,0.000000,,,,,,,,,,0.000000,0.000000,,,,,,,,,,,,
"2FB9C481","Nodes",1116718.561985,1678494.993901,1313.064347,"Default Known Flow Node",69.999969,0.579999,1000.000000,0.000000,"Known Flow",0.000000,0.000000,2.16999993085665e-07,40.000000,0.579999,1000.000000,0.000000,0.000000,13.000000,0.000000,0.515375,0.579999,,,,7.794428,7.794428,,16.800279,,,,,,903.822387,0.066146,0.000000,0.000000,0.000000,,-459.670013,1000.000000,,0.000000,0.000000,,,,0.047111,"SETFLOW",0.000000,0.997564,0.000000,,,,,"","",,,,7.794428,,0.000000,,0.000000,,,0.000000,0.000000,"",,,0.000000,"V20702",-1.000000,,0.000000,0.000000,-1.000000,-1.000000,,,,,,,,,,,"",,,,,,,,,,"Volumetric",,,,,,,,,,-0.015220,,,,,,,,,,-0.015220,-0.000365,,,,,,,,,,,,
"2FB9C47B","Nodes",1116766.192482,1678475.451926,1313.064347,"Default Known Flow Node",69.999969,0.579999,1000.000000,0.000000,"Known Flow",0.000000,0.000000,2.16999993085665e-07,40.000000,0.579999,1000.000000,0.000000,0.000000,13.000000,0.000000,0.515375,0.579999,,,,7.782776,7.782776,,16.800279,,,,,,903.822387,0.066146,0.000000,0.000000,0.000000,,-459.670013,1000.000000,,0.000000,0.000000,,,,0.047110,"UNDEFINED",0.000000,0.997564,0.000000,,,,,"","",,,,7.782776,,0.000000,,0.000000,,,0.000000,0.000000,"",,,0.000000,"V20703",-1.000000,,0.000000,0.000000,0.000000,-1.000000,,,,,,,,,,,"",,,,,,,,,,"Volumetric",,,,,,,,,,0.000000,,,,,,,,,,0.000000,0.000000,,,,,,,,,,,,
"2FB9C47A","Nodes",1116768.183061,1678475.645757,1313.064347,"Default Known Flow Node",69.999969,0.579999,1000.000000,0.000000,"Known Flow",0.000000,0.000000,2.16999993085665e-07,40.000000,0.579999,1000.000000,0.000000,0.000000,13.000000,0.000000,0.515375,0.579999,,,,7.782143,7.782143,,16.800279,,,,,,903.822387,0.066146,0.000000,0.000000,0.000000,,-459.670013,1000.000000,,0.000000,0.000000,,,,0.047110,"UNDEFINED",0.000000,0.997564,0.000000,,,,,"","",,,,7.782143,,0.000000,,0.000000,,,0.000000,0.000000,"",,,0.000000,,-1.000000,,0.000000,0.000000,-1.000000,-1.000000,,,,,,,,,,,"",,,,,,,,,,"Volumetric",,,,,,,,,,0.000000,,,,,,,,,,0.000000,0.000000,,,,,,,,,,,,
"2FBC2237","Nodes",1116582.750000,1676675.370000,1313.064347,"Default Known Flow Node",69.999969,0.579999,1000.000000,0.000000,"Known Flow",0.000000,0.000000,2.16999993085665e-07,40.000000,0.579999,1000.000000,0.000000,0.000000,13.000000,0.000000,0.515373,0.579999,,,,7.364926,7.364926,,16.800279,,,,,,903.822387,0.066146,0.000000,0.000000,0.000000,,-459.670013,1000.000000,,0.000000,0.000000,,,,0.047062,"UNDEFINED",0.000000,0.997566,0.000000,,,,,"","",,,,7.364926,,0.000000,,0.000000,,,0.000000,0.000000,"",,,0.000000,,-1.000000,,0.000000,0.000000,-1.000000,-1.000000,,,,,,,,,,,"",,,,,,,,,,"Volumetric",,,,,,,,,,0.000000,,,,,,,,,,0.000000,0.000000,,,,,,,,,,,,
"2FBBCA3F","Nodes",1116713.500000,1676678.000000,1313.064347,"Default Known Flow Node",69.999969,0.579999,1000.000000,0.000000,"Known Flow",0.000000,0.000000,2.16999993085665e-07,40.000000,0.579999,1000.000000,0.000000,0.000000,13.000000,0.000000,0.515373,0.579999,,,,7.326492,7.326492,,16.800279,,,,,,903.822387,0.066146,0.000000,0.000000,0.000000,,-459.670013,1000.000000,,0.000000,0.000000,,,,0.047058,"SETFLOW",0.000000,0.997566,0.000000,,,,,"","",,,,7.326492,,0.000000,,0.000000,,,0.000000,0.000000,"",,,0.000000,,-1.000000,,0.000000,0.000000,-1.000000,-1.000000,,,,,,,,,,,"",,,,,,,,,,"Volumetric",,,,,,,,,,-0.021283,,,,,,,,,,-0.021283,-0.000510,,,,,,,,,,,,
"2FBBDA2B","Nodes",1117978.639504,1676516.215633,1313.064347,"Default Known Flow Node",69.999969,0.579999,1000.000000,0.000000,"Known Flow",0.000000,0.000000,2.16999993085665e-07,40.000000,0.579999,1000.000000,0.000000,0.000000,13.000000,0.000000,0.515372,0.579999,,,,7.171720,7.171720,,16.800279,,,,,,903.822387,0.066146,0.000000,0.000000,0.000000,,-459.670013,1000.000000,,0.000000,0.000000,,,,0.047040,"UNDEFINED",0.000000,0.997567,0.000000,,,,,"","",,,,7.171720,,0.000000,,0.000000,,,0.000000,0.000000,"",,,0.000000,,-1.000000,,0.000000,0.000000,-1.000000,-1.000000,,,,,,,,,,,"",,,,,,,,,,"Volumetric",,,,,,,,,,0.000000,,,,,,,,,,0.000000,0.000000,,,,,,,,,,,,
"2FB24F4E","Nodes",1117977.250000,1676573.620000,1313.064347,"Default Known Flow Node",69.999969,0.579999,1000.000000,0.000000,"Known Flow",0.000000,0.000000,2.16999993085665e-07,40.000000,0.579999,1000.000000,0.000000,0.000000,13.000000,0.000000,0.515372,0.579999,,,,7.165504,7.165504,,16.800279,,,,,,903.822387,0.066146,0.000000,0.000000,0.000000,,-459.670013,1000.000000,,0.000000,0.000000,,,,0.047040,"SETFLOW",0.000000,0.997567,0.000000,,,,,"","",,,,7.165504,,0.000000,,0.000000,,,0.000000,0.000000,"",,,0.000000,,-1.000000,,0.000000,0.000000,-1.000000,-1.000000,,,,,,,,,,,"",,,,,,,,,,"Volumetric",,,,,,,,,,-0.154076,,,,,,,,,,-0.154076,-0.003697,,,,,,,,,,,,
"2FBBBCA4","Nodes",1117026.263411,1678477.604556,1313.064347,"Default Known Flow Node",69.999969,0.579999,1000.000000,0.000000,"Known Flow",0.000000,0.000000,2.16999993085665e-07,40.000000,0.579999,1000.000000,0.000000,0.000000,13.000000,0.000000,0.515375,0.579999,,,,7.700855,7.700855,,16.800279,,,,,,903.822387,0.066146,0.000000,0.000000,0.000000,,-459.670013,1000.000000,,0.000000,0.000000,,,,0.047100,"UNDEFINED",0.000000,0.997564,0.000000,,,,,"","",,,,7.700855,,0.000000,,0.000000,,,0.000000,0.000000,"",,,0.000000,,-1.000000,,0.000000,0.000000,0.000000,-1.000000,,,,,,,,,,,"",,,,,,,,,,"Volumetric",,,,,,,,,,0.000000,,,,,,,,,,0.000000,0.000000,,,,,,,,,,,,
"2FBBBCA9","Nodes",1117013.264288,1678477.446778,1313.064347,"Default Known Flow Node",69.999969,0.579999,1000.000000,0.000000,"Known Flow",0.000000,0.000000,2.16999993085665e-07,40.000000,0.579999,1000.000000,0.000000,0.000000,13.000000,0.000000,0.515375,0.579999,,,,7.704968,7.704968,,16.800279,,,,,,903.822387,0.066146,0.000000,0.000000,0.000000,,-459.670013,1000.000000,,0.000000,0.000000,,,,0.047101,"UNDEFINED",0.000000,0.997564,0.000000,,,,,"","",,,,7.704968,,0.000000,,0.000000,,,0.000000,0.000000,"",,,0.000000,"V48421",-1.000000,,0.000000,0.000000,0.000000,-1.000000,,,,,,,,,,,"",,,,,,,,,,"Volumetric",,,,,,,,,,0.000000,,,,,,,,,,0.000000,0.000000,,,,,,,,,,,,
"R3516","Nodes",1116353.679582,1677678.209016,1313.064347,"Default Known Flow Node",69.999969,0.579999,1000.000000,0.000000,"Known Flow",0.000000,0.000000,2.16999993085665e-07,40.000000,0.579999,1000.000000,0.000000,0.000000,13.000000,0.000000,0.515374,0.579999,,,,7.601433,7.601433,,16.800279,,,,,,903.822387,0.066146,0.000000,0.000000,0.000000,,-459.670013,1000.000000,,0.000000,0.000000,,,,0.047089,"UNDEFINED",0.000000,0.997565,0.000000,,,,,"","",,,,7.601433,,0.000000,,0.000000,,,0.000000,0.000000,"",,,0.000000,"193-02 Northern Blvd",-1.000000,,0.000000,0.000000,0.000000,-1.000000,,,,,,,,,,,"",,,,,,,,,,"Volumetric",,,,,,,,,,0.000000,,,,,,,,,,0.000000,0.000000,,,,,,,,,,,,
"2FBBC63D","Nodes",1115726.529581,1677645.042429,1313.064347,"Default Known Flow Node",69.999969,0.579999,1000.000000,0.000000,"Known Flow",0.000000,0.000000,2.16999993085665e-07,40.000000,0.579999,1000.000000,0.000000,0.000000,13.000000,0.000000,0.515376,0.579999,,,,7.971235,7.971235,,16.800279,,,,,,903.822387,0.066146,0.000000,0.000000,0.000000,,-459.670013,1000.000000,,0.000000,0.000000,,,,0.047131,"SETFLOW",0.000000,0.997563,0.000000,,,,,"","",,,,7.971235,,0.000000,,0.000000,,,0.000000,0.000000,"",,,0.000000,,-1.000000,,0.000000,0.000000,-1.000000,-1.000000,,,,,,,,,,,"",,,,,,,,,,"Volumetric",,,,,,,,,,-2.268175,,,,,,,,,,-2.268175,-0.054436,,,,,,,,,,,,
"2FBBC635","Nodes",1115684.203921,1677641.248543,1313.064347,"Default Known Flow Node",69.999969,0.579999,1000.000000,0.000000,"Known Flow",0.000000,0.000000,2.16999993085665e-07,40.000000,0.579999,1000.000000,0.000000,0.000000,13.000000,0.000000,0.515377,0.579999,,,,8.020275,8.020275,,16.800279,,,,,,903.822387,0.066146,0.000000,0.000000,0.000000,,-459.670013,1000.000000,,0.000000,0.000000,,,,0.047137,"UNDEFINED",0.000000,0.997562,0.000000,,,,,"","",,,,8.020275,,0.000000,,0.000000,,,0.000000,0.000000,"",,,0.000000,,-1.000000,,0.000000,0.000000,0.000000,-1.000000,,,,,,,,,,,"",,,,,,,,,,"Volumetric",,,,,,,,,,0.000000,,,,,,,,,,0.000000,0.000000,,,,,,,,,,,,
"2FB1A0B7","Nodes",1115679.929280,1677640.841774,1313.064347,"Default Known Flow Node",69.999969,0.579999,1000.000000,0.000000,"Known Flow",0.000000,0.000000,2.16999993085665e-07,40.000000,0.579999,1000.000000,0.000000,0.000000,13.000000,0.000000,0.515377,0.579999,,,,8.015437,8.015437,,16.800279,,,,,,903.822387,0.066146,0.000000,0.000000,0.000000,,-459.670013,1000.000000,,0.000000,0.000000,,,,0.047136,"SETFLOW",0.000000,0.997562,0.000000,,,,,"","",,,,8.015437,,0.000000,,0.000000,,,0.000000,0.000000,"",,,0.000000,,-1.000000,,0.000000,0.000000,-1.000000,-1.000000,,,,,,,,,,,"",,,,,,,,,,"Volumetric",,,,,,,,,,-0.152513,,,,,,,,,,-0.152513,-0.003660,,,,,,,,,,,,
"2FBBC63A","Nodes",1115669.557174,1677640.391725,1313.064347,"Default Known Flow Node",69.999969,0.579999,1000.000000,0.000000,"Known Flow",0.000000,0.000000,2.16999993085665e-07,40.000000,0.579999,1000.000000,0.000000,0.000000,13.000000,0.000000,0.515377,0.579999,,,,8.015431,8.015431,,16.800279,,,,,,903.822387,0.066146,0.000000,0.000000,0.000000,,-459.670013,1000.000000,,0.000000,0.000000,,,,0.047136,"UNDEFINED",0.000000,0.997562,0.000000,,,,,"","",,,,8.015431,,0.000000,,0.000000,,,0.000000,0.000000,"",,,0.000000,,-1.000000,,0.000000,0.000000,-1.000000,-1.000000,,,,,,,,,,,"",,,,,,,,,,"Volumetric",,,,,,,,,,0.000000,,,,,,,,,,0.000000,0.000000,,,,,,,,,,,,
"2FBBC633","Nodes",1115666.409925,1677641.961553,1313.064347,"Default Known Flow Node",69.999969,0.579999,1000.000000,0.000000,"Known Flow",0.000000,0.000000,2.16999993085665e-07,40.000000,0.579999,1000.000000,0.000000,0.000000,13.000000,0.000000,0.515377,0.579999,,,,8.015429,8.015429,,16.800279,,,,,,903.822387,0.066146,0.000000,0.000000,0.000000,,-459.670013,1000.000000,,0.000000,0.000000,,,,0.047136,"SETFLOW",0.000000,0.997562,0.000000,,,,,"","",,,,8.015429,,0.000000,,0.000000,,,0.000000,0.000000,"",,,0.000000,,-1.000000,,0.000000,0.000000,-1.000000,-1.000000,,,,,,,,,,,"",,,,,,,,,,"Volumetric",,,,,,,,,,-0.039653,,,,,,,,,,-0.039653,-0.000951,,,,,,,,,,,,
"2FBBC637","Nodes",1115680.290437,1677634.748891,1313.064347,"Default Known Flow Node",69.999969,0.579999,1000.000000,0.000000,"Known Flow",0.000000,0.000000,2.16999993085665e-07,40.000000,0.579999,1000.000000,0.000000,0.000000,13.000000,0.000000,0.515377,0.579999,,,,8.001478,8.001478,,16.800279,,,,,,903.822387,0.066146,0.000000,0.000000,0.000000,,-459.670013,1000.000000,,0.000000,0.000000,,,,0.047135,"UNDEFINED",0.000000,0.997563,0.000000,,,,,"","",,,,8.001478,,0.000000,,0.000000,,,0.000000,0.000000,"",,,0.000000,,-1.000000,,0.000000,0.000000,-1.000000,-1.000000,,,,,,,,,,,"",,,,,,,,,,"Volumetric",,,,,,,,,,0.000000,,,,,,,,,,0.000000,0.000000,,,,,,,,,,,,
"2FBBC631","Nodes",1115680.924714,1677614.161309,1313.064347,"Default Known Flow Node",69.999969,0.579999,1000.000000,0.000000,"Known Flow",0.000000,0.000000,2.16999993085665e-07,40.000000,0.579999,1000.000000,0.000000,0.000000,13.000000,0.000000,0.515376,0.579999,,,,7.975110,7.975110,,16.800279,,,,,,903.822387,0.066146,0.000000,0.000000,0.000000,,-459.670013,1000.000000,,0.000000,0.000000,,,,0.047132,"UNDEFINED",0.000000,0.997563,0.000000,,,,,"","",,,,7.975110,,0.000000,,0.000000,,,0.000000,0.000000,"",,,0.000000,,-1.000000,,0.000000,0.000000,-1.000000,-1.000000,,,,,,,,,,,"",,,,,,,,,,"Volumetric",,,,,,,,,,0.000000,,,,,,,,,,0.000000,0.000000,,,,,,,,,,,,
"Q3No971","Nodes",1120856.781898,1675291.093366,1313.064347,"Default Known Flow Node",69.999969,0.579999,1000.000000,0.000000,"Known Flow",0.000000,0.000000,2.16999993085665e-07,40.000000,0.579999,1000.000000,0.000000,0.000000,13.000000,0.000000,0.515379,0.579999,,,,8.417999,8.417999,,16.800279,,,,,,903.822387,0.066146,0.000000,0.000000,0.000000,,-459.670013,1000.000000,,0.000000,0.000000,,,,0.047182,"UNDEFINED",0.000000,0.997560,0.000000,,,,,"","",,,,8.417999,,0.000000,,0.000000,,,0.000000,0.000000,"",,,0.000000,,-1.000000,,0.000000,0.000000,0.000000,-1.000000,,,,,,,,,,,"",,,,,,,,,,"Volumetric",,,,,,,,,,0.000000,,,,,,,,,,0.000000,0.000000,,,,,,,,,,,,
"2FBBA31D","Nodes",1120835.912000,1675373.232297,1313.064347,"Default Known Flow Node",69.999969,0.579999,1000.000000,0.000000,"Known Flow",0.000000,0.000000,2.16999993085665e-07,40.000000,0.579999,1000.000000,0.000000,0.000000,13.000000,0.000000,0.515379,0.579999,,,,8.405294,8.405294,,16.800279,,,,,,903.822387,0.066146,0.000000,0.000000,0.000000,,-459.670013,1000.000000,,0.000000,0.000000,,,,0.047180,"UNDEFINED",0.000000,0.997560,0.000000,,,,,"","",,,,8.405294,,0.000000,,0.000000,,,0.000000,0.000000,"",,,0.000000,,-1.000000,,0.000000,0.000000,-1.000000,-1.000000,,,,,,,,,,,"",,,,,,,,,,"Volumetric",,,,,,,,,,0.000000,,,,,,,,,,0.000000,0.000000,,,,,,,,,,,,
"2FBBA31E","Nodes",1120825.292664,1675428.410077,1313.064347,"Default Known Flow Node",69.999969,0.579999,1000.000000,0.000000,"Known Flow",0.000000,0.000000,2.16999993085665e-07,40.000000,0.579999,1000.000000,0.000000,0.000000,13.000000,0.000000,0.515379,0.579999,,,,8.397021,8.397021,,16.800279,,,,,,903.822387,0.066146,0.000000,0.000000,0.000000,,-459.670013,1000.000000,,0.000000,0.000000,,,,0.047180,"UNDEFINED",0.000000,0.997560,0.000000,,,,,"","",,,,8.397021,,0.000000,,0.000000,,,0.000000,0.000000,"",,,0.000000,,-1.000000,,0.000000,0.000000,-1.000000,-1.000000,,,,,,,,,,,"",,,,,,,,,,"Volumetric",,,,,,,,,,0.000000,,,,,,,,,,0.000000,0.000000,,,,,,,,,,,,
"2FBBC663","Nodes",1114712.064964,1669365.788324,1313.064347,"Default Known Flow Node",69.999969,0.579999,1000.000000,0.000000,"Known Flow",0.000000,0.000000,2.16999993085665e-07,40.000000,0.579999,1000.000000,0.000000,0.000000,13.000000,0.000000,0.515375,0.579999,,,,7.645558,7.645558,,16.800279,,,,,,903.822387,0.066146,0.000000,0.000000,0.000000,,-459.670013,1000.000000,,0.000000,0.000000,,,,0.047094,"UNDEFINED",0.000000,0.997565,0.000000,,,,,"","",,,,7.645558,,0.000000,,0.000000,,,0.000000,0.000000,"",,,0.000000,"V49189",-1.000000,,0.000000,0.000000,-1.000000,-1.000000,,,,,,,,,,,"",,,,,,,,,,"Volumetric",,,,,,,,,,0.000000,,,,,,,,,,0.000000,0.000000,,,,,,,,,,,,
"2FBBC65A","Nodes",1114766.941071,1669366.004075,1313.064347,"Default Known Flow Node",69.999969,0.579999,1000.000000,0.000000,"Known Flow",0.000000,0.000000,2.16999993085665e-07,40.000000,0.579999,1000.000000,0.000000,0.000000,13.000000,0.000000,0.515375,0.579999,,,,7.677287,7.677287,,16.800279,,,,,,903.822387,0.066146,0.000000,0.000000,0.000000,,-459.670013,1000.000000,,0.000000,0.000000,,,,0.047098,"UNDEFINED",0.000000,0.997564,0.000000,,,,,"","",,,,7.677287,,0.000000,,0.000000,,,0.000000,0.000000,"",,,0.000000,,-1.000000,,0.000000,0.000000,-1.000000,-1.000000,,,,,,,,,,,"",,,,,,,,,,"Volumetric",,,,,,,,,,0.000000,,,,,,,,,,0.000000,0.000000,,,,,,,,,,,,
"0BEC451F","Nodes",1114746.261738,1669419.632116,1313.064347,"Default Known Flow Node",69.999969,0.579999,1000.000000,0.000000,"Known Flow",0.000000,0.000000,2.16999993085665e-07,40.000000,0.579999,1000.000000,0.000000,0.000000,13.000000,0.000000,0.515375,0.579999,,,,7.643998,7.643998,,16.800279,,,,,,903.822387,0.066146,0.000000,0.000000,0.000000,,-459.670013,1000.000000,,0.000000,0.000000,,,,0.047094,"UNDEFINED",0.000000,0.997565,0.000000,,,,,"","",,,,7.643998,,0.000000,,0.000000,,,0.000000,0.000000,"",,,0.000000,,-1.000000,,0.000000,0.000000,-1.000000,-1.000000,,,,,,,,,,,"",,,,,,,,,,"Volumetric",,,,,,,,,,0.000000,,,,,,,,,,0.000000,0.000000,,,,,,,,,,,,
"2FC1B6F5","Nodes",1114747.110696,1669421.443040,1313.064347,"Default Known Flow Node",69.999969,0.579999,1000.000000,0.000000,"Known Flow",0.000000,0.000000,2.16999993085665e-07,40.000000,0.579999,1000.000000,0.000000,0.000000,13.000000,0.000000,0.515375,0.579999,,,,7.643774,7.643774,,16.800279,,,,,,903.822387,0.066146,0.000000,0.000000,0.000000,,-459.670013,1000.000000,,0.000000,0.000000,,,,0.047094,"SETFLOW",0.000000,0.997565,0.000000,,,,,"","",,,,7.643774,,0.000000,,0.000000,,,0.000000,0.000000,"",,,0.000000,,-1.000000,,0.000000,0.000000,0.000000,-1.000000,,,,,,,,,,,"",,,,,,,,,,"Volumetric",,,,,,,,,,-0.149887,,,,,,,,,,-0.149887,-0.003597,,,,,,,,,,,,
"2FBBBCDC","Nodes",1121856.870000,1668148.370000,1313.064347,"Default Known Flow Node",69.999969,0.579999,1000.000000,0.000000,"Known Flow",0.000000,0.000000,2.16999993085665e-07,40.000000,0.579999,1000.000000,0.000000,0.000000,13.000000,0.000000,0.515380,0.579999,,,,8.691928,8.691928,,16.800279,,,,,,903.822387,0.066145,0.000000,0.000000,0.000000,,-459.670013,1000.000000,,0.000000,0.000000,,,,0.047213,"UNDEFINED",0.000000,0.997558,0.000000,,,,,"","",,,,8.691928,,0.000000,,0.000000,,,0.000000,0.000000,"",,,0.000000,,-1.000000,,0.000000,0.000000,-1.000000,-1.000000,,,,,,,,,,,"",,,,,,,,,,"Volumetric",,,,,,,,,,0.000000,,,,,,,,,,0.000000,0.000000,,,,,,,,,,,,
"2FBBBCDE","Nodes",1121856.870000,1668139.750000,1313.064347,"Default Known Flow Node",69.999969,0.579999,1000.000000,0.000000,"Known Flow",0.000000,0.000000,2.16999993085665e-07,40.000000,0.579999,1000.000000,0.000000,0.000000,13.000000,0.000000,0.515380,0.579999,,,,8.691923,8.691923,,16.800279,,,,,,903.822387,0.066145,0.000000,0.000000,0.000000,,-459.670013,1000.000000,,0.000000,0.000000,,,,0.047213,"UNDEFINED",0.000000,0.997558,0.000000,,,,,"","",,,,8.691923,,0.000000,,0.000000,,,0.000000,0.000000,"",,,0.000000,,-1.000000,,0.000000,0.000000,-1.000000,-1.000000,,,,,,,,,,,"",,,,,,,,,,"Volumetric",,,,,,,,,,0.000000,,,,,,,,,,0.000000,0.000000,,,,,,,,,,,,
"2FBBBCE0","Nodes",1121843.791533,1667836.433261,1313.064347,"Default Known Flow Node",69.999969,0.579999,1000.000000,0.000000,"Known Flow",0.000000,0.000000,2.16999993085665e-07,40.000000,0.579999,1000.000000,0.000000,0.000000,13.000000,0.000000,0.515380,0.579999,,,,8.691698,8.691698,,16.800279,,,,,,903.822387,0.066145,0.000000,0.000000,0.000000,,-459.670013,1000.000000,,0.000000,0.000000,,,,0.047213,"UNDEFINED",0.000000,0.997558,0.000000,,,,,"","",,,,8.691698,,0.000000,,0.000000,,,0.000000,0.000000,"",,,0.000000,"V49382",-1.000000,,0.000000,0.000000,-1.000000,-1.000000,,,,,,,,,,,"",,,,,,,,,,"Volumetric",,,,,,,,,,0.000000,,,,,,,,,,0.000000,0.000000,,,,,,,,,,,,
"2FBBBCDD","Nodes",1121845.324609,1667825.811234,1313.064347,"Default Known Flow Node",69.999969,0.579999,1000.000000,0.000000,"Known Flow",0.000000,0.000000,2.16999993085665e-07,40.000000,0.579999,1000.000000,0.000000,0.000000,13.000000,0.000000,0.515380,0.579999,,,,8.691689,8.691689,,16.800279,,,,,,903.822387,0.066145,0.000000,0.000000,0.000000,,-459.670013,1000.000000,,0.000000,0.000000,,,,0.047213,"UNDEFINED",0.000000,0.997558,0.000000,,,,,"","",,,,8.691689,,0.000000,,0.000000,,,0.000000,0.000000,"",,,0.000000,,-1.000000,,0.000000,0.000000,-1.000000,-1.000000,,,,,,,,,,,"",,,,,,,,,,"Volumetric",,,,,,,,,,0.000000,,,,,,,,,,0.000000,0.000000,,,,,,,,,,,,
"2FBBDA1D","Nodes",1119359.500000,1672465.250000,1313.064347,"Default Known Flow Node",69.999969,0.579999,1000.000000,0.000000,"Known Flow",0.000000,0.000000,2.16999993085665e-07,40.000000,0.579999,1000.000000,0.000000,0.000000,13.000000,0.000000,0.515381,0.579999,,,,8.720464,8.720464,,16.800279,,,,,,903.822387,0.066145,0.000000,0.000000,0.000000,,-459.670013,1000.000000,,0.000000,0.000000,,,,0.047216,"UNDEFINED",0.000000,0.997558,0.000000,,,,,"","",,,,8.720464,,0.000000,,0.000000,,,0.000000,0.000000,"",,,0.000000,,-1.000000,,0.000000,0.000000,-1.000000,-1.000000,,,,,,,,,,,"",,,,,,,,,,"Volumetric",,,,,,,,,,0.000000,,,,,,,,,,0.000000,0.000000,,,,,,,,,,,,
"2FBBDA1E","Nodes",1119361.750000,1672465.870000,1313.064347,"Default Known Flow Node",69.999969,0.579999,1000.000000,0.000000,"Known Flow",0.000000,0.000000,2.16999993085665e-07,40.000000,0.579999,1000.000000,0.000000,0.000000,13.000000,0.000000,0.515381,0.579999,,,,8.719873,8.719873,,16.800279,,,,,,903.822387,0.066145,0.000000,0.000000,0.000000,,-459.670013,1000.000000,,0.000000,0.000000,,,,0.047216,"SETFLOW",0.000000,0.997558,0.000000,,,,,"","",,,,8.719873,,0.000000,,0.000000,,,0.000000,0.000000,"",,,0.000000,,-1.000000,,0.000000,0.000000,-1.000000,-1.000000,,,,,,,,,,,"",,,,,,,,,,"Volumetric",,,,,,,,,,-0.028664,,,,,,,,,,-0.028664,-0.000687,,,,,,,,,,,,
"2FBBDA1C","Nodes",1119362.870000,1672466.120000,1313.064347,"Default Known Flow Node",69.999969,0.579999,1000.000000,0.000000,"Known Flow",0.000000,0.000000,2.16999993085665e-07,40.000000,0.579999,1000.000000,0.000000,0.000000,13.000000,0.000000,0.515381,0.579999,,,,8.719807,8.719807,,16.800279,,,,,,903.822387,0.066145,0.000000,0.000000,0.000000,,-459.670013,1000.000000,,0.000000,0.000000,,,,0.047216,"UNDEFINED",0.000000,0.997558,0.000000,,,,,"","",,,,8.719807,,0.000000,,0.000000,,,0.000000,0.000000,"",,,0.000000,,-1.000000,,0.000000,0.000000,-1.000000,-1.000000,,,,,,,,,,,"",,,,,,,,,,"Volumetric",,,,,,,,,,0.000000,,,,,,,,,,0.000000,0.000000,,,,,,,,,,,,
"0BEC51B5","Nodes",1119364.000000,1672466.370000,1313.064347,"Default Known Flow Node",69.999969,0.579999,1000.000000,0.000000,"Known Flow",0.000000,0.000000,2.16999993085665e-07,40.000000,0.579999,1000.000000,0.000000,0.000000,13.000000,0.000000,0.515381,0.579999,,,,8.719763,8.719763,,16.800279,,,,,,903.822387,0.066145,0.000000,0.000000,0.000000,,-459.670013,1000.000000,,0.000000,0.000000,,,,0.047216,"UNDEFINED",0.000000,0.997558,0.000000,,,,,"","",,,,8.719763,,0.000000,,0.000000,,,0.000000,0.000000,"",,,0.000000,,-1.000000,,0.000000,0.000000,-1.000000,-1.000000,,,,,,,,,,,"",,,,,,,,,,"Volumetric",,,,,,,,,,0.000000,,,,,,,,,,0.000000,0.000000,,,,,,,,,,,,
"2FBBDA1F","Nodes",1119449.870000,1672273.500000,1313.064347,"Default Known Flow Node",69.999969,0.579999,1000.000000,0.000000,"Known Flow",0.000000,0.000000,2.16999993085665e-07,40.000000,0.579999,1000.000000,0.000000,0.000000,13.000000,0.000000,0.515381,0.579999,,,,8.712408,8.712408,,16.800279,,,,,,903.822387,0.066145,0.000000,0.000000,0.000000,,-459.670013,1000.000000,,0.000000,0.000000,,,,0.047215,"SETFLOW",0.000000,0.997558,0.000000,,,,,"","",,,,8.712408,,0.000000,,0.000000,,,0.000000,0.000000,"",,,0.000000,"156-09 Northern Blvd, Firm (S09-35385-Q)",-1.000000,,0.000000,0.000000,-1.000000,-1.000000,,,,,,,,,,,,,,,,"",,,,,,,,,,"Volumetric",,,,,,,,,,-0.225899,,,,,-0.225899,-0.005421,,,,,,,,,,,,
"2FBC1645","Nodes",1118307.120000,1670368.120000,1313.064347,"Default Known Flow Node",69.999969,0.579999,1000.000000,0.000000,"Known Flow",0.000000,0.000000,2.16999993085665e-07,40.000000,0.579999,1000.000000,0.000000,0.000000,13.000000,0.000000,0.515369,0.579999,,,,6.572468,6.572468,,16.800279,,,,,,903.822387,0.066147,0.000000,0.000000,0.000000,,-459.670013,1000.000000,,0.000000,0.000000,,,,0.046972,"UNDEFINED",0.000000,0.997571,0.000000,,,,,"","",,,,6.572468,,0.000000,,0.000000,,,0.000000,0.000000,"",,,0.000000,,-1.000000,,0.000000,0.000000,-1.000000,-1.000000,,,,,,,,,,,"",,,,,,,,,,"Volumetric",,,,,,,,,,0.000000,,,,,,,,,,0.000000,0.000000,,,,,,,,,,,,
"0BEC4F50","Nodes",1118006.750000,1670429.620000,1313.064347,"Default Known Flow Node",69.999969,0.579999,1000.000000,0.000000,"Known Flow",0.000000,0.000000,2.16999993085665e-07,40.000000,0.579999,1000.000000,0.000000,0.000000,13.000000,0.000000,0.515369,0.579999,,,,6.617346,6.617346,,16.800279,,,,,,903.822387,0.066147,0.000000,0.000000,0.000000,,-459.670013,1000.000000,,0.000000,0.000000,,,,0.046977,"SETFLOW",0.000000,0.997571,0.000000,,,,,"","",,,,6.617346,,0.000000,,0.000000,,,0.000000,0.000000,"",,,0.000000,,-1.000000,,0.000000,0.000000,-1.000000,-1.000000,,,,,,,,,,,"",,,,,,,,,,"Volumetric",,,,,,,,,,-0.081963,,,,,,,,,,-0.081963,-0.001967,,,,,,,,,,,,
"2FBC1650","Nodes",1118016.250000,1670427.750000,1313.064347,"Default Known Flow Node",69.999969,0.579999,1000.000000,0.000000,"Known Flow",0.000000,0.000000,2.16999993085665e-07,40.000000,0.579999,1000.000000,0.000000,0.000000,13.000000,0.000000,0.515369,0.579999,,,,6.615714,6.615714,,16.800279,,,,,,903.822387,0.066147,0.000000,0.000000,0.000000,,-459.670013,1000.000000,,0.000000,0.000000,,,,0.046977,"UNDEFINED",0.000000,0.997571,0.000000,,,,,"","",,,,6.615714,,0.000000,,0.000000,,,0.000000,0.000000,"",,,0.000000,,-1.000000,,0.000000,0.000000,-1.000000,-1.000000,,,,,,,,,,,"",,,,,,,,,,"Volumetric",,,,,,,,,,0.000000,,,,,,,,,,0.000000,0.000000,,,,,,,,,,,,
"2FBC1646","Nodes",1117979.750000,1670271.120000,1313.064347,"Default Known Flow Node",69.999969,0.579999,1000.000000,0.000000,"Known Flow",0.000000,0.000000,2.16999993085665e-07,40.000000,0.579999,1000.000000,0.000000,0.000000,13.000000,0.000000,0.515369,0.579999,,,,6.619574,6.619574,,16.800279,,,,,,903.822387,0.066147,0.000000,0.000000,0.000000,,-459.670013,1000.000000,,0.000000,0.000000,,,,0.046978,"UNDEFINED",0.000000,0.997571,0.000000,,,,,"","",,,,6.619574,,0.000000,,0.000000,,,0.000000,0.000000,"",,,0.000000,,-1.000000,,0.000000,0.000000,-1.000000,-1.000000,,,,,,,,,,,"",,,,,,,,,,"Volumetric",,,,,,,,,,0.000000,,,,,,,,,,0.000000,0.000000,,,,,,,,,,,,
"2FBC1649","Nodes",1117981.250000,1670280.250000,1313.064347,"Default Known Flow Node",69.999969,0.579999,1000.000000,0.000000,"Known Flow",0.000000,0.000000,2.16999993085665e-07,40.000000,0.579999,1000.000000,0.000000,0.000000,13.000000,0.000000,0.515369,0.579999,,,,6.618229,6.618229,,16.800279,,,,,,903.822387,0.066147,0.000000,0.000000,0.000000,,-459.670013,1000.000000,,0.000000,0.000000,,,,0.046977,"UNDEFINED",0.000000,0.997571,0.000000,,,,,"","",,,,6.618229,,0.000000,,0.000000,,,0.000000,0.000000,"",,,0.000000,,-1.000000,,0.000000,0.000000,-1.000000,-1.000000,,,,,,,,,,,"",,,,,,,,,,"Volumetric",,,,,,,,,,0.000000,,,,,,,,,,0.000000,0.000000,,,,,,,,,,,,
"2FBC164D","Nodes",1117994.870000,1670359.620000,1313.064347,"Default Known Flow Node",69.999969,0.579999,1000.000000,0.000000,"Known Flow",0.000000,0.000000,2.16999993085665e-07,40.000000,0.579999,1000.000000,0.000000,0.000000,13.000000,0.000000,0.515369,0.579999,,,,6.617756,6.617756,,16.800279,,,,,,903.822387,0.066147,0.000000,0.000000,0.000000,,-459.670013,1000.000000,,0.000000,0.000000,,,,0.046977,"UNDEFINED",0.000000,0.997571,0.000000,,,,,"","",,,,6.617756,,0.000000,,0.000000,,,0.000000,0.000000,"",,,0.000000,,-1.000000,,0.000000,0.000000,-1.000000,-1.000000,,,,,,,,,,,"",,,,,,,,,,"Volumetric",,,,,,,,,,0.000000,,,,,,,,,,0.000000,0.000000,,,,,,,,,,,,
"2FBA6022","Nodes",1117902.933366,1669794.872329,1313.064347,"Default Known Flow Node",69.999969,0.579999,1000.000000,0.000000,"Known Flow",0.000000,0.000000,2.16999993085665e-07,40.000000,0.579999,1000.000000,0.000000,0.000000,13.000000,0.000000,0.515369,0.579999,,,,6.693342,6.693342,,16.800279,,,,,,903.822387,0.066147,0.000000,0.000000,0.000000,,-459.670013,1000.000000,,0.000000,0.000000,,,,0.046986,"UNDEFINED",0.000000,0.997570,0.000000,,,,,"","",,,,6.693342,,0.000000,,0.000000,,,0.000000,0.000000,"",,,0.000000,,-1.000000,,0.000000,0.000000,-1.000000,-1.000000,,,,,,,,,,,"",,,,,,,,,,"Volumetric",,,,,,,,,,0.000000,,,,,,,,,,0.000000,0.000000,,,,,,,,,,,,
"0BEC477E","Nodes",1117898.540007,1669766.620078,1313.064347,"Default Known Flow Node",69.999969,0.579999,1000.000000,0.000000,"Known Flow",0.000000,0.000000,2.16999993085665e-07,40.000000,0.579999,1000.000000,0.000000,0.000000,13.000000,0.000000,0.515369,0.579999,,,,6.695231,6.695231,,16.800279,,,,,,903.822387,0.066147,0.000000,0.000000,0.000000,,-459.670013,1000.000000,,0.000000,0.000000,,,,0.046986,"SETFLOW",0.000000,0.997570,0.000000,,,,,"","",,,,6.695231,,0.000000,,0.000000,,,0.000000,0.000000,"",,,0.000000,,-1.000000,,0.000000,0.000000,-1.000000,-1.000000,,,,,,,,,,,"",,,,,,,,,,"Volumetric",,,,,,,,,,-0.145816,,,,,,,,,,-0.145816,-0.003499,,,,,,,,,,,,
"2FBA6023","Nodes",1117903.812390,1669791.083245,1313.064347,"Default Known Flow Node",69.999969,0.579999,1000.000000,0.000000,"Known Flow",0.000000,0.000000,2.16999993085665e-07,40.000000,0.579999,1000.000000,0.000000,0.000000,13.000000,0.000000,0.515369,0.579999,,,,6.694284,6.694284,,16.800279,,,,,,903.822387,0.066147,0.000000,0.000000,0.000000,,-459.670013,1000.000000,,0.000000,0.000000,,,,0.046986,"UNDEFINED",0.000000,0.997570,0.000000,,,,,"","",,,,6.694284,,0.000000,,0.000000,,,0.000000,0.000000,"",,,0.000000,"V22060",-1.000000,,0.000000,0.000000,-1.000000,-1.000000,,,,,,,,,,,"",,,,,,,,,,"Volumetric",,,,,,,,,,0.000000,,,,,,,,,,0.000000,0.000000,,,,,,,,,,,,
"2FBB0BDB","Nodes",1117926.976201,1669762.569244,1313.064347,"Default Known Flow Node",69.999969,0.579999,1000.000000,0.000000,"Known Flow",0.000000,0.000000,2.16999993085665e-07,40.000000,0.579999,1000.000000,0.000000,0.000000,13.000000,0.000000,0.515369,0.579999,,,,6.695095,6.695095,,16.800279,,,,,,903.822387,0.066147,0.000000,0.000000,0.000000,,-459.670013,1000.000000,,0.000000,0.000000,,,,0.046986,"UNDEFINED",0.000000,0.997570,0.000000,,,,,"","",,,,6.695095,,0.000000,,0.000000,,,0.000000,0.000000,"",,,0.000000,"V21743",-1.000000,,0.000000,0.000000,0.000000,-1.000000,,,,,,,,,,,"",,,,,,,,,,"Volumetric",,,,,,,,,,0.000000,,,,,,,,,,0.000000,0.000000,,,,,,,,,,,,
"2FBA5016","Nodes",1117928.935409,1669762.167117,1313.064347,"Default Known Flow Node",69.999969,0.579999,1000.000000,0.000000,"Known Flow",0.000000,0.000000,2.16999993085665e-07,40.000000,0.579999,1000.000000,0.000000,0.000000,13.000000,0.000000,0.515369,0.579999,,,,6.695086,6.695086,,16.800279,,,,,,903.822387,0.066147,0.000000,0.000000,0.000000,,-459.670013,1000.000000,,0.000000,0.000000,,,,0.046986,"UNDEFINED",0.000000,0.997570,0.000000,,,,,"","",,,,6.695086,,0.000000,,0.000000,,,0.000000,0.000000,"",,,0.000000,,-1.000000,,0.000000,0.000000,-1.000000,-1.000000,,,,,,,,,,,"",,,,,,,,,,"Volumetric",,,,,,,,,,0.000000,,,,,,,,,,0.000000,0.000000,,,,,,,,,,,,
"2FBA5004","Nodes",1117925.010733,1669762.939927,1313.064347,"Default Known Flow Node",69.999969,0.579999,1000.000000,0.000000,"Known Flow",0.000000,0.000000,2.16999993085665e-07,40.000000,0.579999,1000.000000,0.000000,0.000000,13.000000,0.000000,0.515369,0.579999,,,,6.695105,6.695105,,16.800279,,,,,,903.822387,0.066147,0.000000,0.000000,0.000000,,-459.670013,1000.000000,,0.000000,0.000000,,,,0.046986,"UNDEFINED",0.000000,0.997570,0.000000,,,,,"","",,,,6.695105,,0.000000,,0.000000,,,0.000000,0.000000,"",,,0.000000,,-1.000000,,0.000000,0.000000,0.000000,-1.000000,,,,,,,,,,,"",,,,,,,,,,"Volumetric",,,,,,,,,,0.000000,,,,,,,,,,0.000000,0.000000,,,,,,,,,,,,
"2FBA6021","Nodes",1117871.750000,1669773.120000,1313.064347,"Default Known Flow Node",69.999969,0.579999,1000.000000,0.000000,"Known Flow",0.000000,0.000000,2.16999993085665e-07,40.000000,0.579999,1000.000000,0.000000,0.000000,13.000000,0.000000,0.515369,0.579999,,,,6.697296,6.697296,,16.800279,,,,,,903.822387,0.066147,0.000000,0.000000,0.000000,,-459.670013,1000.000000,,0.000000,0.000000,,,,0.046986,"UNDEFINED",0.000000,0.997570,0.000000,,,,,"","",,,,6.697296,,0.000000,,0.000000,,,0.000000,0.000000,"",,,0.000000,,-1.000000,,0.000000,0.000000,-1.000000,-1.000000,,,,,,,,,,,"",,,,,,,,,,"Volumetric",,,,,,,,,,0.000000,,,,,,,,,,0.000000,0.000000,,,,,,,,,,,,
"Q3No902","Nodes",1117660.902124,1669807.578319,1313.064347,"Default Known Flow Node",69.999969,0.579999,1000.000000,0.000000,"Known Flow",0.000000,0.000000,2.16999993085665e-07,40.000000,0.579999,1000.000000,0.000000,0.000000,13.000000,0.000000,0.515369,0.579999,,,,6.709329,6.709329,,16.800279,,,,,,903.822387,0.066147,0.000000,0.000000,0.000000,,-459.670013,1000.000000,,0.000000,0.000000,,,,0.046988,"UNDEFINED",0.000000,0.997570,0.000000,,,,,"","",,,,6.709329,,0.000000,,0.000000,,,0.000000,0.000000,"",,,0.000000,,-1.000000,,0.000000,0.000000,0.000000,-1.000000,,,,,,,,,,,"",,,,,,,,,,"Volumetric",,,,,,,,,,0.000000,,,,,,,,,,0.000000,0.000000,,,,,,,,,,,,
"2FBBA06E","Nodes",1117749.620000,1669797.250000,1313.064347,"Default Known Flow Node",69.999969,0.579999,1000.000000,0.000000,"Known Flow",0.000000,0.000000,2.16999993085665e-07,40.000000,0.579999,1000.000000,0.000000,0.000000,13.000000,0.000000,0.515369,0.579999,,,,6.703742,6.703742,,16.800279,,,,,,903.822387,0.066147,0.000000,0.000000,0.000000,,-459.670013,1000.000000,,0.000000,0.000000,,,,0.046987,"UNDEFINED",0.000000,0.997570,0.000000,,,,,"","",,,,6.703742,,0.000000,,0.000000,,,0.000000,0.000000,"",,,0.000000,,-1.000000,,0.000000,0.000000,-1.000000,-1.000000,,,,,,,,,,,"",,,,,,,,,,"Volumetric",,,,,,,,,,0.000000,,,,,,,,,,0.000000,0.000000,,,,,,,,,,,,
"2FBBB45B","Nodes",1117792.120000,1669751.750000,1313.064347,"Default Known Flow Node",69.999969,0.579999,1000.000000,0.000000,"Known Flow",0.000000,0.000000,2.16999993085665e-07,40.000000,0.579999,1000.000000,0.000000,0.000000,13.000000,0.000000,0.515369,0.579999,,,,6.703742,6.703742,,16.800279,,,,,,903.822387,0.066147,0.000000,0.000000,0.000000,,-459.670013,1000.000000,,0.000000,0.000000,,,,0.046987,"UNDEFINED",0.000000,0.997570,0.000000,,,,,"","",,,,6.703742,,0.000000,,0.000000,,,0.000000,0.000000,"",,,0.000000,,-1.000000,,0.000000,0.000000,-1.000000,-1.000000,,,,,,,,,,,"",,,,,,,,,,"Volumetric",,,,,,,,,,0.000000,,,,,,,,,,0.000000,0.000000,,,,,,,,,,,,
"2FBB2E71","Nodes",1122365.120000,1668960.500000,1313.064347,"Default Known Flow Node",69.999969,0.579999,1000.000000,0.000000,"Known Flow",0.000000,0.000000,2.16999993085665e-07,40.000000,0.579999,1000.000000,0.000000,0.000000,13.000000,0.000000,0.515380,0.579999,,,,8.639220,8.639220,,16.800279,,,,,,903.822387,0.066145,0.000000,0.000000,0.000000,,-459.670013,1000.000000,,0.000000,0.000000,,,,0.047207,"UNDEFINED",0.000000,0.997559,0.000000,,,,,"","",,,,8.639220,,0.000000,,0.000000,,,0.000000,0.000000,"",,,0.000000,,-1.000000,,0.000000,0.000000,-1.000000,-1.000000,,,,,,,,,,,"",,,,,,,,,,"Volumetric",,,,,,,,,,0.000000,,,,,,,,,,0.000000,0.000000,,,,,,,,,,,,
"2FBBC4A1","Nodes",1121523.250000,1669649.870000,1313.064347,"Default Known Flow Node",69.999969,0.579999,1000.000000,0.000000,"Known Flow",0.000000,0.000000,2.16999993085665e-07,40.000000,0.579999,1000.000000,0.000000,0.000000,13.000000,0.000000,0.515380,0.579999,,,,8.692132,8.692132,,16.800279,,,,,,903.822387,0.066145,0.000000,0.000000,0.000000,,-459.670013,1000.000000,,0.000000,0.000000,,,,0.047213,"UNDEFINED",0.000000,0.997558,0.000000,,,,,"","",,,,8.692132,,0.000000,,0.000000,,,0.000000,0.000000,"",,,0.000000,,-1.000000,,0.000000,0.000000,-1.000000,-1.000000,,,,,,,,,,,"",,,,,,,,,,"Volumetric",,,,,,,,,,0.000000,,,,,,,,,,0.000000,0.000000,,,,,,,,,,,,
"0BEC4A31","Nodes",1121529.620000,1669651.370000,1313.064347,"Default Known Flow Node",69.999969,0.579999,1000.000000,0.000000,"Known Flow",0.000000,0.000000,2.16999993085665e-07,40.000000,0.579999,1000.000000,0.000000,0.000000,13.000000,0.000000,0.515380,0.579999,,,,8.691707,8.691707,,16.800279,,,,,,903.822387,0.066145,0.000000,0.000000,0.000000,,-459.670013,1000.000000,,0.000000,0.000000,,,,0.047213,"SETFLOW",0.000000,0.997558,0.000000,,,,,"","",,,,8.691707,,0.000000,,0.000000,,,0.000000,0.000000,"",,,0.000000,,-1.000000,,0.000000,0.000000,-1.000000,-1.000000,,,,,,,,,,,"",,,,,,,,,,"Volumetric",,,,,,,,,,-0.015479,,,,,,,,,,-0.015479,-0.000371,,,,,,,,,,,,
"2FBBC4A6","Nodes",1121571.500000,1669656.870000,1313.064347,"Default Known Flow Node",69.999969,0.579999,1000.000000,0.000000,"Known Flow",0.000000,0.000000,2.16999993085665e-07,40.000000,0.579999,1000.000000,0.000000,0.000000,13.000000,0.000000,0.515380,0.579999,,,,8.686851,8.686851,,16.800279,,,,,,903.822387,0.066145,0.000000,0.000000,0.000000,,-459.670013,1000.000000,,0.000000,0.000000,,,,0.047212,"UNDEFINED",0.000000,0.997559,0.000000,,,,,"","",,,,8.686851,,0.000000,,0.000000,,,0.000000,0.000000,"",,,0.000000,,-1.000000,,0.000000,0.000000,-1.000000,-1.000000,,,,,,,,,,,"",,,,,,,,,,"Volumetric",,,,,,,,,,0.000000,,,,,,,,,,0.000000,0.000000,,,,,,,,,,,,
"2FBBC4A4","Nodes",1121905.750000,1669700.370000,1313.064347,"Default Known Flow Node",69.999969,0.579999,1000.000000,0.000000,"Known Flow",0.000000,0.000000,2.16999993085665e-07,40.000000,0.579999,1000.000000,0.000000,0.000000,13.000000,0.000000,0.515380,0.579999,,,,8.652035,8.652035,,16.800279,,,,,,903.822387,0.066145,0.000000,0.000000,0.000000,,-459.670013,1000.000000,,0.000000,0.000000,,,,0.047209,"UNDEFINED",0.000000,0.997559,0.000000,,,,,"","",,,,8.652035,,0.000000,,0.000000,,,0.000000,0.000000,"",,,0.000000,,-1.000000,,0.000000,0.000000,-1.000000,-1.000000,,,,,,,,,,,"",,,,,,,,,,"Volumetric",,,,,,,,,,0.000000,,,,,,,,,,0.000000,0.000000,,,,,,,,,,,,
"2FBBC4AA","Nodes",1121517.120000,1669638.000000,1313.064347,"Default Known Flow Node",69.999969,0.579999,1000.000000,0.000000,"Known Flow",0.000000,0.000000,2.16999993085665e-07,40.000000,0.579999,1000.000000,0.000000,0.000000,13.000000,0.000000,0.515380,0.579999,,,,8.690743,8.690743,,16.800279,,,,,,903.822387,0.066145,0.000000,0.000000,0.000000,,-459.670013,1000.000000,,0.000000,0.000000,,,,0.047213,"UNDEFINED",0.000000,0.997558,0.000000,,,,,"","",,,,8.690743,,0.000000,,0.000000,,,0.000000,0.000000,"",,,0.000000,,-1.000000,,0.000000,0.000000,-1.000000,-1.000000,,,,,,,,,,,"",,,,,,,,,,"Volumetric",,,,,,,,,,0.000000,,,,,,,,,,0.000000,0.000000,,,,,,,,,,,,
"2FBBC4A7","Nodes",1121529.370000,1669645.870000,1313.064347,"Default Known Flow Node",69.999969,0.579999,1000.000000,0.000000,"Known Flow",0.000000,0.000000,2.16999993085665e-07,40.000000,0.579999,1000.000000,0.000000,0.000000,13.000000,0.000000,0.515380,0.579999,,,,8.691546,8.691546,,16.800279,,,,,,903.822387,0.066145,0.000000,0.000000,0.000000,,-459.670013,1000.000000,,0.000000,0.000000,,,,0.047213,"UNDEFINED",0.000000,0.997558,0.000000,,,,,"","",,,,8.691546,,0.000000,,0.000000,,,0.000000,0.000000,"",,,0.000000,,-1.000000,,0.000000,0.000000,-1.000000,-1.000000,,,,,,,,,,,"",,,,,,,,,,"Volumetric",,,,,,,,,,0.000000,,,,,,,,,,0.000000,0.000000,,,,,,,,,,,,
"2FBA3B33","Nodes",1117807.870000,1668899.870000,1313.064347,"Default Known Flow Node",69.999969,0.579999,1000.000000,0.000000,"Known Flow",0.000000,0.000000,2.16999993085665e-07,40.000000,0.579999,1000.000000,0.000000,0.000000,13.000000,0.000000,0.515376,0.579999,,,,7.888257,7.888257,,16.800279,,,,,,903.822387,0.066146,0.000000,0.000000,0.000000,,-459.670013,1000.000000,,0.000000,0.000000,,,,0.047122,"UNDEFINED",0.000000,0.997563,0.000000,,,,,"","",,,,7.888257,,0.000000,,0.000000,,,0.000000,0.000000,"",,,0.000000,,-1.000000,,0.000000,0.000000,-1.000000,-1.000000,,,,,,,,,,,"",,,,,,,,,,"Volumetric",,,,,,,,,,0.000000,,,,,,,,,,0.000000,0.000000,,,,,,,,,,,,
"2FBB980F","Nodes",1118180.620000,1677973.370000,1313.064347,"Default Known Flow Node",69.999969,0.579999,1000.000000,0.000000,"Known Flow",0.000000,0.000000,2.16999993085665e-07,40.000000,0.579999,1000.000000,0.000000,0.000000,13.000000,0.000000,0.515372,0.579999,,,,7.163031,7.163031,,16.800279,,,,,,903.822387,0.066146,0.000000,0.000000,0.000000,,-459.670013,1000.000000,,0.000000,0.000000,,,,0.047039,"UNDEFINED",0.000000,0.997567,0.000000,,,,,"","",,,,7.163031,,0.000000,,0.000000,,,0.000000,0.000000,"",,,0.000000,,-1.000000,,0.000000,0.000000,-1.000000,-1.000000,,,,,,,,,,,"",,,,,,,,,,"Volumetric",,,,,,,,,,0.000000,,,,,,,,,,0.000000,0.000000,,,,,,,,,,,,
"2FBB9814","Nodes",1118173.620000,1677973.000000,1313.064347,"Default Known Flow Node",69.999969,0.579999,1000.000000,0.000000,"Known Flow",0.000000,0.000000,2.16999993085665e-07,40.000000,0.579999,1000.000000,0.000000,0.000000,13.000000,0.000000,0.515372,0.579999,,,,7.162997,7.162997,,16.800279,,,,,,903.822387,0.066146,0.000000,0.000000,0.000000,,-459.670013,1000.000000,,0.000000,0.000000,,,,0.047039,"UNDEFINED",0.000000,0.997567,0.000000,,,,,"","",,,,7.162997,,0.000000,,0.000000,,,0.000000,0.000000,"",,,0.000000,,-1.000000,,0.000000,0.000000,-1.000000,-1.000000,,,,,,,,,,,"",,,,,,,,,,"Volumetric",,,,,,,,,,0.000000,,,,,,,,,,0.000000,0.000000,,,,,,,,,,,,
"2FBB9813","Nodes",1118171.000000,1677972.870000,1313.064347,"Default Known Flow Node",69.999969,0.579999,1000.000000,0.000000,"Known Flow",0.000000,0.000000,2.16999993085665e-07,40.000000,0.579999,1000.000000,0.000000,0.000000,13.000000,0.000000,0.515372,0.579999,,,,7.162982,7.162982,,16.800279,,,,,,903.822387,0.066146,0.000000,0.000000,0.000000,,-459.670013,1000.000000,,0.000000,0.000000,,,,0.047039,"UNDEFINED",0.000000,0.997567,0.000000,,,,,"","",,,,7.162982,,0.000000,,0.000000,,,0.000000,0.000000,"",,,0.000000,,-1.000000,,0.000000,0.000000,-1.000000,-1.000000,,,,,,,,,,,"",,,,,,,,,,"Volumetric",,,,,,,,,,0.000000,,,,,,,,,,0.000000,0.000000,,,,,,,,,,,,
"2FBB9811","Nodes",1117974.620000,1677962.620000,1313.064347,"Default Known Flow Node",69.999969,0.579999,1000.000000,0.000000,"Known Flow",0.000000,0.000000,2.16999993085665e-07,40.000000,0.579999,1000.000000,0.000000,0.000000,13.000000,0.000000,0.515372,0.579999,,,,7.162012,7.162012,,16.800279,,,,,,903.822387,0.066146,0.000000,0.000000,0.000000,,-459.670013,1000.000000,,0.000000,0.000000,,,,0.047039,"UNDEFINED",0.000000,0.997567,0.000000,,,,,"","",,,,7.162012,,0.000000,,0.000000,,,0.000000,0.000000,"",,,0.000000,,-1.000000,,0.000000,0.000000,-1.000000,-1.000000,,,,,,,,,,,"",,,,,,,,,,"Volumetric",,,,,,,,,,0.000000,,,,,,,,,,0.000000,0.000000,,,,,,,,,,,,
"2FBB980E","Nodes",1117939.370000,1677961.120000,1313.064347,"Default Known Flow Node",69.999969,0.579999,1000.000000,0.000000,"Known Flow",0.000000,0.000000,2.16999993085665e-07,40.000000,0.579999,1000.000000,0.000000,0.000000,13.000000,0.000000,0.515372,0.579999,,,,7.161838,7.161838,,16.800279,,,,,,903.822387,0.066146,0.000000,0.000000,0.000000,,-459.670013,1000.000000,,0.000000,0.000000,,,,0.047039,"UNDEFINED",0.000000,0.997567,0.000000,,,,,"","",,,,7.161838,,0.000000,,0.000000,,,0.000000,0.000000,"",,,0.000000,,-1.000000,,0.000000,0.000000,-1.000000,-1.000000,,,,,,,,,,,"",,,,,,,,,,"Volumetric",,,,,,,,,,0.000000,,,,,,,,,,0.000000,0.000000,,,,,,,,,,,,
"2FBB980D","Nodes",1117937.250000,1677961.000000,1313.064347,"Default Known Flow Node",69.999969,0.579999,1000.000000,0.000000,"Known Flow",0.000000,0.000000,2.16999993085665e-07,40.000000,0.579999,1000.000000,0.000000,0.000000,13.000000,0.000000,0.515372,0.579999,,,,7.161814,7.161814,,16.800279,,,,,,903.822387,0.066146,0.000000,0.000000,0.000000,,-459.670013,1000.000000,,0.000000,0.000000,,,,0.047039,"UNDEFINED",0.000000,0.997567,0.000000,,,,,"","",,,,7.161814,,0.000000,,0.000000,,,0.000000,0.000000,"",,,0.000000,,-1.000000,,0.000000,0.000000,-1.000000,-1.000000,,,,,,,,,,,"",,,,,,,,,,"Volumetric",,,,,,,,,,0.000000,,,,,,,,,,0.000000,0.000000,,,,,,,,,,,,
"2FBC1E81","Nodes",1120110.000000,1670311.620000,1313.064347,"Default Known Flow Node",69.999969,0.579999,1000.000000,0.000000,"Known Flow",0.000000,0.000000,2.16999993085665e-07,40.000000,0.579999,1000.000000,0.000000,0.000000,13.000000,0.000000,0.515381,0.579999,,,,8.754331,8.754331,,16.800279,,,,,,903.822387,0.066145,0.000000,0.000000,0.000000,,-459.670013,1000.000000,,0.000000,0.000000,,,,0.047220,"UNDEFINED",0.000000,0.997558,0.000000,,,,,"","",,,,8.754331,,0.000000,,0.000000,,,0.000000,0.000000,"",,,0.000000,,-1.000000,,0.000000,0.000000,-1.000000,-1.000000,,,,,,,,,,,"",,,,,,,,,,"Volumetric",,,,,,,,,,0.000000,,,,,,,,,,0.000000,0.000000,,,,,,,,,,,,
"2FBC1E83","Nodes",1120065.500000,1670313.870000,1313.064347,"Default Known Flow Node",69.999969,0.579999,1000.000000,0.000000,"Known Flow",0.000000,0.000000,2.16999993085665e-07,40.000000,0.579999,1000.000000,0.000000,0.000000,13.000000,0.000000,0.515381,0.579999,,,,8.754331,8.754331,,16.800279,,,,,,903.822387,0.066145,0.000000,0.000000,0.000000,,-459.670013,1000.000000,,0.000000,0.000000,,,,0.047220,"UNDEFINED",0.000000,0.997558,0.000000,,,,,"","",,,,8.754331,,0.000000,,0.000000,,,0.000000,0.000000,"",,,0.000000,,-1.000000,,0.000000,0.000000,-1.000000,-1.000000,,,,,,,,,,,"",,,,,,,,,,"Volumetric",,,,,,,,,,0.000000,,,,,,,,,,0.000000,0.000000,,,,,,,,,,,,
"2FBC1E9B","Nodes",1120012.000000,1670325.370000,1313.064347,"Default Known Flow Node",69.999969,0.579999,1000.000000,0.000000,"Known Flow",0.000000,0.000000,2.16999993085665e-07,40.000000,0.579999,1000.000000,0.000000,0.000000,13.000000,0.000000,0.515381,0.579999,,,,8.754331,8.754331,,16.800279,,,,,,903.822387,0.066145,0.000000,0.000000,0.000000,,-459.670013,1000.000000,,0.000000,0.000000,,,,0.047220,"UNDEFINED",0.000000,0.997558,0.000000,,,,,"","",,,,8.754331,,0.000000,,0.000000,,,0.000000,0.000000,"",,,0.000000,,-1.000000,,0.000000,0.000000,-1.000000,-1.000000,,,,,,,,,,,"",,,,,,,,,,"Volumetric",,,,,,,,,,0.000000,,,,,,,,,,0.000000,0.000000,,,,,,,,,,,,
"2FBC1E85","Nodes",1119993.370000,1670329.370000,1313.064347,"Default Known Flow Node",69.999969,0.579999,1000.000000,0.000000,"Known Flow",0.000000,0.000000,2.16999993085665e-07,40.000000,0.579999,1000.000000,0.000000,0.000000,13.000000,0.000000,0.515381,0.579999,,,,8.754331,8.754331,,16.800279,,,,,,903.822387,0.066145,0.000000,0.000000,0.000000,,-459.670013,1000.000000,,0.000000,0.000000,,,,0.047220,"UNDEFINED",0.000000,0.997558,0.000000,,,,,"","",,,,8.754331,,0.000000,,0.000000,,,0.000000,0.000000,"",,,0.000000,,-1.000000,,0.000000,0.000000,-1.000000,-1.000000,,,,,,,,,,,"",,,,,,,,,,"Volumetric",,,,,,,,,,0.000000,,,,,,,,,,0.000000,0.000000,,,,,,,,,,,,
"2FBC1E82","Nodes",1119990.370000,1670329.750000,1313.064347,"Default Known Flow Node",69.999969,0.579999,1000.000000,0.000000,"Known Flow",0.000000,0.000000,2.16999993085665e-07,40.000000,0.579999,1000.000000,0.000000,0.000000,13.000000,0.000000,0.515381,0.579999,,,,8.754331,8.754331,,16.800279,,,,,,903.822387,0.066145,0.000000,0.000000,0.000000,,-459.670013,1000.000000,,0.000000,0.000000,,,,0.047220,"UNDEFINED",0.000000,0.997558,0.000000,,,,,"","",,,,8.754331,,0.000000,,0.000000,,,0.000000,0.000000,"",,,0.000000,,-1.000000,,0.000000,0.000000,-1.000000,-1.000000,,,,,,,,,,,"",,,,,,,,,,"Volumetric",,,,,,,,,,0.000000,,,,,,,,,,0.000000,0.000000,,,,,,,,,,,,
"2FBBB608","Nodes",1120195.620000,1675893.250000,1313.064347,"Default Known Flow Node",69.999969,0.579999,1000.000000,0.000000,"Known Flow",0.000000,0.000000,2.16999993085665e-07,40.000000,0.579999,1000.000000,0.000000,0.000000,13.000000,0.000000,0.515376,0.579999,,,,7.863409,7.863409,,16.800279,,,,,,903.822387,0.066146,0.000000,0.000000,0.000000,,-459.670013,1000.000000,,0.000000,0.000000,,,,0.047119,"UNDEFINED",0.000000,0.997563,0.000000,,,,,"","",,,,7.863409,,0.000000,,0.000000,,,0.000000,0.000000,"",,,0.000000,,-1.000000,,0.000000,0.000000,-1.000000,-1.000000,,,,,,,,,,,"",,,,,,,,,,"Volumetric",,,,,,,,,,0.000000,,,,,,,,,,0.000000,0.000000,,,,,,,,,,,,
"0BEC5EF7","Nodes",1119322.750000,1675733.250000,1313.064347,"Default Known Flow Node",69.999969,0.579999,1000.000000,0.000000,"Known Flow",0.000000,0.000000,2.16999993085665e-07,40.000000,0.579999,1000.000000,0.000000,0.000000,13.000000,0.000000,0.515376,0.579999,,,,7.889859,7.889859,,16.800279,,,,,,903.822387,0.066146,0.000000,0.000000,0.000000,,-459.670013,1000.000000,,0.000000,0.000000,,,,0.047122,"SETFLOW",0.000000,0.997563,0.000000,,,,,"","",,,,7.889859,,0.000000,,0.000000,,,0.000000,0.000000,"",,,0.000000,,-1.000000,,0.000000,0.000000,-1.000000,-1.000000,,,,,,,,,,,"",,,,,,,,,,"Volumetric",,,,,,,,,,-0.008353,,,,,,,,,,-0.008353,-0.000200,,,,,,,,,,,,
"2FBC3E12","Nodes",1119281.870000,1675725.000000,1313.064347,"Default Known Flow Node",69.999969,0.579999,1000.000000,0.000000,"Known Flow",0.000000,0.000000,2.16999993085665e-07,40.000000,0.579999,1000.000000,0.000000,0.000000,13.000000,0.000000,0.515376,0.579999,,,,7.891696,7.891696,,16.800279,,,,,,903.822387,0.066146,0.000000,0.000000,0.000000,,-459.670013,1000.000000,,0.000000,0.000000,,,,0.047122,"UNDEFINED",0.000000,0.997563,0.000000,,,,,"","",,,,7.891696,,0.000000,,0.000000,,,0.000000,0.000000,"",,,0.000000,,-1.000000,,0.000000,0.000000,-1.000000,-1.000000,,,,,,,,,,,"",,,,,,,,,,"Volumetric",,,,,,,,,,0.000000,,,,,,,,,,0.000000,0.000000,,,,,,,,,,,,
"0BEC5EF6","Nodes",1119281.120000,1675724.750000,1313.064347,"Default Known Flow Node",69.999969,0.579999,1000.000000,0.000000,"Known Flow",0.000000,0.000000,2.16999993085665e-07,40.000000,0.579999,1000.000000,0.000000,0.000000,13.000000,0.000000,0.515376,0.579999,,,,7.893055,7.893055,,16.800279,,,,,,903.822387,0.066146,0.000000,0.000000,0.000000,,-459.670013,1000.000000,,0.000000,0.000000,,,,0.047122,"UNDEFINED",0.000000,0.997563,0.000000,,,,,"","",,,,7.893055,,0.000000,,0.000000,,,0.000000,0.000000,"",,,0.000000,,-1.000000,,0.000000,0.000000,-1.000000,-1.000000,,,,,,,,,,,"",,,,,,,,,,"Volumetric",,,,,,,,,,0.000000,,,,,,,,,,0.000000,0.000000,,,,,,,,,,,,
"2FB82E95","Nodes",1119278.120000,1675725.870000,1313.064347,"Default Known Flow Node",69.999969,0.579999,1000.000000,0.000000,"Known Flow",0.000000,0.000000,2.16999993085665e-07,40.000000,0.579999,1000.000000,0.000000,0.000000,13.000000,0.000000,0.515376,0.579999,,,,7.895813,7.895813,,16.800279,,,,,,903.822387,0.066146,0.000000,0.000000,0.000000,,-459.670013,1000.000000,,0.000000,0.000000,,,,0.047123,"SETFLOW",0.000000,0.997563,0.000000,,,,,"","",,,,7.895813,,0.000000,,0.000000,,,0.000000,0.000000,"",,,0.000000,,-1.000000,,0.000000,0.000000,-1.000000,-1.000000,,,,,,,,,,,"",,,,,,,,,,"Volumetric",,,,,,,,,,-0.104668,,,,,,,,,,-0.104668,-0.002512,,,,,,,,,,,,
"2FBBC4DC","Nodes",1121415.620000,1675158.250000,1313.064347,"Default Known Flow Node",69.999969,0.579999,1000.000000,0.000000,"Known Flow",0.000000,0.000000,2.16999993085665e-07,40.000000,0.579999,1000.000000,0.000000,0.000000,13.000000,0.000000,0.515379,0.579999,,,,8.435728,8.435728,,16.800279,,,,,,903.822387,0.066146,0.000000,0.000000,0.000000,,-459.670013,1000.000000,,0.000000,0.000000,,,,0.047184,"UNDEFINED",0.000000,0.997560,0.000000,,,,,"","",,,,8.435728,,0.000000,,0.000000,,,0.000000,0.000000,"",,,0.000000,,-1.000000,,0.000000,0.000000,-1.000000,-1.000000,,,,,,,,,,,"",,,,,,,,,,"Volumetric",,,,,,,,,,0.000000,,,,,,,,,,0.000000,0.000000,,,,,,,,,,,,
"0BEC5F53","Nodes",1121296.370000,1675129.750000,1313.064347,"Default Known Flow Node",69.999969,0.579999,1000.000000,0.000000,"Known Flow",0.000000,0.000000,2.16999993085665e-07,40.000000,0.579999,1000.000000,0.000000,0.000000,13.000000,0.000000,0.515379,0.579999,,,,8.438903,8.438903,,16.800279,,,,,,903.822387,0.066146,0.000000,0.000000,0.000000,,-459.670013,1000.000000,,0.000000,0.000000,,,,0.047184,"UNDEFINED",0.000000,0.997560,0.000000,,,,,"","",,,,8.438903,,0.000000,,0.000000,,,0.000000,0.000000,"",,,0.000000,,-1.000000,,0.000000,0.000000,-1.000000,-1.000000,,,,,,,,,,,"",,,,,,,,,,"Volumetric",,,,,,,,,,0.000000,,,,,,,,,,0.000000,0.000000,,,,,,,,,,,,
"2FBBC4DD","Nodes",1121244.750000,1675117.370000,1313.064347,"Default Known Flow Node",69.999969,0.579999,1000.000000,0.000000,"Known Flow",0.000000,0.000000,2.16999993085665e-07,40.000000,0.579999,1000.000000,0.000000,0.000000,13.000000,0.000000,0.515379,0.579999,,,,8.440345,8.440345,,16.800279,,,,,,903.822387,0.066146,0.000000,0.000000,0.000000,,-459.670013,1000.000000,,0.000000,0.000000,,,,0.047184,"SETFLOW",0.000000,0.997560,0.000000,,,,,"","",,,,8.440345,,0.000000,,0.000000,,,0.000000,0.000000,"",,,0.000000,,-1.000000,,0.000000,0.000000,-1.000000,-1.000000,,,,,,,,,,,"",,,,,,,,,,"Volumetric",,,,,,,,,,-0.010054,,,,,,,,,,-0.010054,-0.000241,,,,,,,,,,,,
"2FBBC704","Nodes",1118615.000000,1677588.000000,1313.064347,"Default Known Flow Node",69.999969,0.579999,1000.000000,0.000000,"Known Flow",0.000000,0.000000,2.16999993085665e-07,40.000000,0.579999,1000.000000,0.000000,0.000000,13.000000,0.000000,0.515373,0.579999,,,,7.264125,7.264125,,16.800279,,,,,,903.822387,0.066146,0.000000,0.000000,0.000000,,-459.670013,1000.000000,,0.000000,0.000000,,,,0.047051,"UNDEFINED",0.000000,0.997567,0.000000,,,,,"","",,,,7.264125,,0.000000,,0.000000,,,0.000000,0.000000,"",,,0.000000,,-1.000000,,0.000000,0.000000,-1.000000,-1.000000,,,,,,,,,,,"",,,,,,,,,,"Volumetric",,,,,,,,,,0.000000,,,,,,,,,,0.000000,0.000000,,,,,,,,,,,,
"2FBBC705","Nodes",1118623.750000,1677653.870000,1313.064347,"Default Known Flow Node",69.999969,0.579999,1000.000000,0.000000,"Known Flow",0.000000,0.000000,2.16999993085665e-07,40.000000,0.579999,1000.000000,0.000000,0.000000,13.000000,0.000000,0.515373,0.579999,,,,7.264005,7.264005,,16.800279,,,,,,903.822387,0.066146,0.000000,0.000000,0.000000,,-459.670013,1000.000000,,0.000000,0.000000,,,,0.047051,"UNDEFINED",0.000000,0.997567,0.000000,,,,,"","",,,,7.264005,,0.000000,,0.000000,,,0.000000,0.000000,"",,,0.000000,,-1.000000,,0.000000,0.000000,-1.000000,-1.000000,,,,,,,,,,,"",,,,,,,,,,"Volumetric",,,,,,,,,,0.000000,,,,,,,,,,0.000000,0.000000,,,,,,,,,,,,
"2FBAA97A","Nodes",1120198.340533,1669127.358122,1313.064347,"Default Known Flow Node",69.999969,0.579999,1000.000000,0.000000,"Known Flow",0.000000,0.000000,2.16999993085665e-07,40.000000,0.579999,1000.000000,0.000000,0.000000,13.000000,0.000000,0.515379,0.579999,,,,8.392442,8.392442,,16.800279,,,,,,903.822387,0.066146,0.000000,0.000000,0.000000,,-459.670013,1000.000000,,0.000000,0.000000,,,,0.047179,"UNDEFINED",0.000000,0.997560,0.000000,,,,,"","",,,,8.392442,,0.000000,,0.000000,,,0.000000,0.000000,"",,,0.000000,,-1.000000,,0.000000,0.000000,-1.000000,-1.000000,,,,,,,,,,,"",,,,,,,,,,"Volumetric",,,,,,,,,,0.000000,,,,,,,,,,0.000000,0.000000,,,,,,,,,,,,
"2FBB9815","Nodes",1120197.984258,1669095.236992,1313.064347,"Default Known Flow Node",69.999969,0.579999,1000.000000,0.000000,"Known Flow",0.000000,0.000000,2.16999993085665e-07,40.000000,0.579999,1000.000000,0.000000,0.000000,13.000000,0.000000,0.515379,0.579999,,,,8.389998,8.389998,,16.800279,,,,,,903.822387,0.066146,0.000000,0.000000,0.000000,,-459.670013,1000.000000,,0.000000,0.000000,,,,0.047179,"UNDEFINED",0.000000,0.997560,0.000000,,,,,"","",,,,8.389998,,0.000000,,0.000000,,,0.000000,0.000000,"",,,0.000000,,-1.000000,,0.000000,0.000000,-1.000000,-1.000000,,,,,,,,,,,"",,,,,,,,,,"Volumetric",,,,,,,,,,0.000000,,,,,,,,,,0.000000,0.000000,,,,,,,,,,,,
"2FBC2240","Nodes",1118490.250000,1671751.250000,1313.064347,"Default Known Flow Node",69.999969,0.579999,1000.000000,0.000000,"Known Flow",0.000000,0.000000,2.16999993085665e-07,40.000000,0.579999,1000.000000,0.000000,0.000000,13.000000,0.000000,0.515368,0.579999,,,,6.427131,6.427131,,16.800279,,,,,,903.822387,0.066147,0.000000,0.000000,0.000000,,-459.670013,1000.000000,,0.000000,0.000000,,,,0.046956,"UNDEFINED",0.000000,0.997572,0.000000,,,,,"","",,,,6.427131,,0.000000,,0.000000,,,0.000000,0.000000,"",,,0.000000,,-1.000000,,0.000000,0.000000,-1.000000,-1.000000,,,,,,,,,,,"",,,,,,,,,,"Volumetric",,,,,,,,,,0.000000,,,,,,,,,,0.000000,0.000000,,,,,,,,,,,,
"2FBC223F","Nodes",1118479.370000,1671805.500000,1313.064347,"Default Known Flow Node",69.999969,0.579999,1000.000000,0.000000,"Known Flow",0.000000,0.000000,2.16999993085665e-07,40.000000,0.579999,1000.000000,0.000000,0.000000,13.000000,0.000000,0.515368,0.579999,,,,6.403622,6.403622,,16.800279,,,,,,903.822387,0.066147,0.000000,0.000000,0.000000,,-459.670013,1000.000000,,0.000000,0.000000,,,,0.046953,"UNDEFINED",0.000000,0.997572,0.000000,,,,,"","",,,,6.403622,,0.000000,,0.000000,,,0.000000,0.000000,"",,,0.000000,,-1.000000,,0.000000,0.000000,-1.000000,-1.000000,,,,,,,,,,,"",,,,,,,,,,"Volumetric",,,,,,,,,,0.000000,,,,,,,,,,0.000000,0.000000,,,,,,,,,,,,
"2FB82FF0","Nodes",1117897.250000,1668811.500000,1313.064347,"Default Known Flow Node",69.999969,0.579999,1000.000000,0.000000,"Known Flow",0.000000,0.000000,2.16999993085665e-07,40.000000,0.579999,1000.000000,0.000000,0.000000,13.000000,0.000000,0.515376,0.579999,,,,7.975580,7.975580,,16.800279,,,,,,903.822387,0.066146,0.000000,0.000000,0.000000,,-459.670013,1000.000000,,0.000000,0.000000,,,,0.047132,"UNDEFINED",0.000000,0.997563,0.000000,,,,,"","",,,,7.975580,,0.000000,,0.000000,,,0.000000,0.000000,"",,,0.000000,,-1.000000,,0.000000,0.000000,-1.000000,-1.000000,,,,,,,,,,,"",,,,,,,,,,"Volumetric",,,,,,,,,,0.000000,,,,,,,,,,0.000000,0.000000,,,,,,,,,,,,
"2FB90978","Nodes",1118353.500000,1668698.120000,1313.064347,"Default Known Flow Node",69.999969,0.579999,1000.000000,0.000000,"Known Flow",0.000000,0.000000,2.16999993085665e-07,40.000000,0.579999,1000.000000,0.000000,0.000000,13.000000,0.000000,0.515376,0.579999,,,,7.954696,7.954696,,16.800279,,,,,,903.822387,0.066146,0.000000,0.000000,0.000000,,-459.670013,1000.000000,,0.000000,0.000000,,,,0.047129,"UNDEFINED",0.000000,0.997563,0.000000,,,,,"","",,,,7.954696,,0.000000,,0.000000,,,0.000000,0.000000,"",,,0.000000,,-1.000000,,0.000000,0.000000,-1.000000,-1.000000,,,,,,,,,,,"",,,,,,,,,,"Volumetric",,,,,,,,,,0.000000,,,,,,,,,,0.000000,0.000000,,,,,,,,,,,,
"2FB90979","Nodes",1118362.750000,1668749.120000,1313.064347,"Default Known Flow Node",69.999969,0.579999,1000.000000,0.000000,"Known Flow",0.000000,0.000000,2.16999993085665e-07,40.000000,0.579999,1000.000000,0.000000,0.000000,13.000000,0.000000,0.515376,0.579999,,,,7.857240,7.857240,,16.800279,,,,,,903.822387,0.066146,0.000000,0.000000,0.000000,,-459.670013,1000.000000,,0.000000,0.000000,,,,0.047118,"UNDEFINED",0.000000,0.997563,0.000000,,,,,"","",,,,7.857240,,0.000000,,0.000000,,,0.000000,0.000000,"",,,0.000000,,-1.000000,,0.000000,0.000000,-1.000000,-1.000000,,,,,,,,,,,"",,,,,,,,,,"Volumetric",,,,,,,,,,0.000000,,,,,,,,,,0.000000,0.000000,,,,,,,,,,,,
"2FBBC75C","Nodes",1121079.870000,1674519.500000,1313.064347,"Default Known Flow Node",69.999969,0.579999,1000.000000,0.000000,"Known Flow",0.000000,0.000000,2.16999993085665e-07,40.000000,0.579999,1000.000000,0.000000,0.000000,13.000000,0.000000,0.515380,0.579999,,,,8.565682,8.565682,,16.800279,,,,,,903.822387,0.066145,0.000000,0.000000,0.000000,,-459.670013,1000.000000,,0.000000,0.000000,,,,0.047199,"SETFLOW",0.000000,0.997559,0.000000,,,,,"","",,,,8.565682,,0.000000,,0.000000,,,0.000000,0.000000,"",,,0.000000,,-1.000000,,0.000000,0.000000,-1.000000,-1.000000,,,,,,,,,,,"",,,,,,,,,,"Volumetric",,,,,,,,,,-0.008043,,,,,,,,,,-0.008043,-0.000193,,,,,,,,,,,,
"2FBC0A60","Nodes",1115788.000000,1670977.120000,1313.064347,"Default Known Flow Node",69.999969,0.579999,1000.000000,0.000000,"Known Flow",0.000000,0.000000,2.16999993085665e-07,40.000000,0.579999,1000.000000,0.000000,0.000000,13.000000,0.000000,0.515375,0.579999,,,,7.622764,7.622764,,16.800279,,,,,,903.822387,0.066146,0.000000,0.000000,0.000000,,-459.670013,1000.000000,,0.000000,0.000000,,,,0.047092,"UNDEFINED",0.000000,0.997565,0.000000,,,,,"","",,,,7.622764,,0.000000,,0.000000,,,0.000000,0.000000,"",,,0.000000,,-1.000000,,0.000000,0.000000,-1.000000,-1.000000,,,,,,,,,,,"",,,,,,,,,,"Volumetric",,,,,,,,,,0.000000,,,,,,,,,,0.000000,0.000000,,,,,,,,,,,,
"2FBC0A62","Nodes",1115788.620000,1670984.750000,1313.064347,"Default Known Flow Node",69.999969,0.579999,1000.000000,0.000000,"Known Flow",0.000000,0.000000,2.16999993085665e-07,40.000000,0.579999,1000.000000,0.000000,0.000000,13.000000,0.000000,0.515375,0.579999,,,,7.622860,7.622860,,16.800279,,,,,,903.822387,0.066146,0.000000,0.000000,0.000000,,-459.670013,1000.000000,,0.000000,0.000000,,,,0.047092,"UNDEFINED",0.000000,0.997565,0.000000,,,,,"","",,,,7.622860,,0.000000,,0.000000,,,0.000000,0.000000,"",,,0.000000,,-1.000000,,0.000000,0.000000,-1.000000,-1.000000,,,,,,,,,,,"",,,,,,,,,,"Volumetric",,,,,,,,,,0.000000,,,,,,,,,,0.000000,0.000000,,,,,,,,,,,,
"2FBC0A63","Nodes",1115769.500000,1671070.120000,1313.064347,"Default Known Flow Node",69.999969,0.579999,1000.000000,0.000000,"Known Flow",0.000000,0.000000,2.16999993085665e-07,40.000000,0.579999,1000.000000,0.000000,0.000000,13.000000,0.000000,0.515375,0.579999,,,,7.623109,7.623109,,16.800279,,,,,,903.822387,0.066146,0.000000,0.000000,0.000000,,-459.670013,1000.000000,,0.000000,0.000000,,,,0.047092,"UNDEFINED",0.000000,0.997565,0.000000,,,,,"","",,,,7.623109,,0.000000,,0.000000,,,0.000000,0.000000,"",,,0.000000,,-1.000000,,0.000000,0.000000,-1.000000,-1.000000,,,,,,,,,,,"",,,,,,,,,,"Volumetric",,,,,,,,,,0.000000,,,,,,,,,,0.000000,0.000000,,,,,,,,,,,,
"2FBC0A61","Nodes",1115764.870000,1671076.500000,1313.064347,"Default Known Flow Node",69.999969,0.579999,1000.000000,0.000000,"Known Flow",0.000000,0.000000,2.16999993085665e-07,40.000000,0.579999,1000.000000,0.000000,0.000000,13.000000,0.000000,0.515375,0.579999,,,,7.623218,7.623218,,16.800279,,,,,,903.822387,0.066146,0.000000,0.000000,0.000000,,-459.670013,1000.000000,,0.000000,0.000000,,,,0.047092,"UNDEFINED",0.000000,0.997565,0.000000,,,,,"","",,,,7.623218,,0.000000,,0.000000,,,0.000000,0.000000,"",,,0.000000,,-1.000000,,0.000000,0.000000,-1.000000,-1.000000,,,,,,,,,,,"",,,,,,,,,,"Volumetric",,,,,,,,,,0.000000,,,,,,,,,,0.000000,0.000000,,,,,,,,,,,,
"2FBB326B","Nodes",1114572.370000,1668226.370000,1313.064347,"Default Known Flow Node",69.999969,0.579999,1000.000000,0.000000,"Known Flow",0.000000,0.000000,2.16999993085665e-07,40.000000,0.579999,1000.000000,0.000000,0.000000,13.000000,0.000000,0.515375,0.579999,,,,7.769248,7.769248,,16.800279,,,,,,903.822387,0.066146,0.000000,0.000000,0.000000,,-459.670013,1000.000000,,0.000000,0.000000,,,,0.047108,"SETFLOW",0.000000,0.997564,0.000000,,,,,"","",,,,7.769248,,0.000000,,0.000000,,,0.000000,0.000000,"",,,0.000000,,-1.000000,,0.000000,0.000000,-1.000000,-1.000000,,,,,,,,,,,"",,,,,,,,,,"Volumetric",,,,,,,,,,-0.268631,,,,,,,,,,-0.268631,-0.006447,,,,,,,,,,,,
"2FBB326D","Nodes",1114598.120000,1668265.120000,1313.064347,"Default Known Flow Node",69.999969,0.579999,1000.000000,0.000000,"Known Flow",0.000000,0.000000,2.16999993085665e-07,40.000000,0.579999,1000.000000,0.000000,0.000000,13.000000,0.000000,0.515375,0.579999,,,,7.769418,7.769418,,16.800279,,,,,,903.822387,0.066146,0.000000,0.000000,0.000000,,-459.670013,1000.000000,,0.000000,0.000000,,,,0.047108,"UNDEFINED",0.000000,0.997564,0.000000,,,,,"","",,,,7.769418,,0.000000,,0.000000,,,0.000000,0.000000,"",,,0.000000,,-1.000000,,0.000000,0.000000,-1.000000,-1.000000,,,,,,,,,,,"",,,,,,,,,,"Volumetric",,,,,,,,,,0.000000,,,,,,,,,,0.000000,0.000000,,,,,,,,,,,,
"2FBB326E","Nodes",1114599.250000,1668266.870000,1313.064347,"Default Known Flow Node",69.999969,0.579999,1000.000000,0.000000,"Known Flow",0.000000,0.000000,2.16999993085665e-07,40.000000,0.579999,1000.000000,0.000000,0.000000,13.000000,0.000000,0.515375,0.579999,,,,7.769455,7.769455,,16.800279,,,,,,903.822387,0.066146,0.000000,0.000000,0.000000,,-459.670013,1000.000000,,0.000000,0.000000,,,,0.047108,"SETFLOW",0.000000,0.997564,0.000000,,,,,"","",,,,7.769455,,0.000000,,0.000000,,,0.000000,0.000000,"",,,0.000000,,-1.000000,,0.000000,0.000000,-1.000000,-1.000000,,,,,,,,,,,"",,,,,,,,,,"Volumetric",,,,,,,,,,-0.311219,,,,,,,,,,-0.311219,-0.007469,,,,,,,,,,,,
"0BEC44D1","Nodes",1114687.250000,1668398.870000,1313.064347,"Default Known Flow Node",69.999969,0.579999,1000.000000,0.000000,"Known Flow",0.000000,0.000000,2.16999993085665e-07,40.000000,0.579999,1000.000000,0.000000,0.000000,13.000000,0.000000,0.515375,0.579999,,,,7.781610,7.781610,,16.800279,,,,,,903.822387,0.066146,0.000000,0.000000,0.000000,,-459.670013,1000.000000,,0.000000,0.000000,,,,0.047110,"SETFLOW",0.000000,0.997564,0.000000,,,,,"","",,,,7.781610,,0.000000,,0.000000,,,0.000000,0.000000,"",,,0.000000,,-1.000000,,0.000000,0.000000,-1.000000,-1.000000,,,,,,,,,,,"",,,,,,,,,,"Volumetric",,,,,,,,,,-0.402947,,,,,,,,,,-0.402947,-0.009670,,,,,,,,,,,,
"0BEC5317","Nodes",1120697.750000,1673624.500000,1313.064347,"Default Known Flow Node",69.999969,0.579999,1000.000000,0.000000,"Known Flow",0.000000,0.000000,2.16999993085665e-07,40.000000,0.579999,1000.000000,0.000000,0.000000,13.000000,0.000000,0.515382,0.579999,,,,8.885906,8.885906,,16.800279,,,,,,903.822387,0.066145,0.000000,0.000000,0.000000,,-459.670013,1000.000000,,0.000000,0.000000,,,,0.047235,"UNDEFINED",0.000000,0.997557,0.000000,,,,,"","",,,,8.885906,,0.000000,,0.000000,,,0.000000,0.000000,"",,,0.000000,,-1.000000,,0.000000,0.000000,-1.000000,-1.000000,,,,,,,,,,,"",,,,,,,,,,"Volumetric",,,,,,,,,,0.000000,,,,,,,,,,0.000000,0.000000,,,,,,,,,,,,
"2FBC3E67","Nodes",1120681.098216,1669017.799150,1313.064347,"Default Known Flow Node",69.999969,0.579999,1000.000000,0.000000,"Known Flow",0.000000,0.000000,2.16999993085665e-07,40.000000,0.579999,1000.000000,0.000000,0.000000,13.000000,0.000000,0.515380,0.579999,,,,8.545546,8.545546,,16.800279,,,,,,903.822387,0.066145,0.000000,0.000000,0.000000,,-459.670013,1000.000000,,0.000000,0.000000,,,,0.047196,"UNDEFINED",0.000000,0.997559,0.000000,,,,,"","",,,,8.545546,,0.000000,,0.000000,,,0.000000,0.000000,"",,,0.000000,,-1.000000,,0.000000,0.000000,-1.000000,-1.000000,,,,,,,,,,,"",,,,,,,,,,"Volumetric",,,,,,,,,,0.000000,,,,,,,,,,0.000000,0.000000,,,,,,,,,,,,
"2FBC3E68","Nodes",1120673.935799,1669017.982379,1313.064347,"Default Known Flow Node",69.999969,0.579999,1000.000000,0.000000,"Known Flow",0.000000,0.000000,2.16999993085665e-07,40.000000,0.579999,1000.000000,0.000000,0.000000,13.000000,0.000000,0.515380,0.579999,,,,8.544559,8.544559,,16.800279,,,,,,903.822387,0.066145,0.000000,0.000000,0.000000,,-459.670013,1000.000000,,0.000000,0.000000,,,,0.047196,"UNDEFINED",0.000000,0.997559,0.000000,,,,,"","",,,,8.544559,,0.000000,,0.000000,,,0.000000,0.000000,"",,,0.000000,,-1.000000,,0.000000,0.000000,-1.000000,-1.000000,,,,,,,,,,,"",,,,,,,,,,"Volumetric",,,,,,,,,,0.000000,,,,,,,,,,0.000000,0.000000,,,,,,,,,,,,
"2FBC3E69","Nodes",1120672.980862,1669017.989228,1313.064347,"Default Known Flow Node",69.999969,0.579999,1000.000000,0.000000,"Known Flow",0.000000,0.000000,2.16999993085665e-07,40.000000,0.579999,1000.000000,0.000000,0.000000,13.000000,0.000000,0.515380,0.579999,,,,8.544157,8.544157,,16.800279,,,,,,903.822387,0.066145,0.000000,0.000000,0.000000,,-459.670013,1000.000000,,0.000000,0.000000,,,,0.047196,"UNDEFINED",0.000000,0.997559,0.000000,,,,,"","",,,,8.544157,,0.000000,,0.000000,,,0.000000,0.000000,"",,,0.000000,,-1.000000,,0.000000,0.000000,-1.000000,-1.000000,,,,,,,,,,,"",,,,,,,,,,"Volumetric",,,,,,,,,,0.000000,,,,,,,,,,0.000000,0.000000,,,,,,,,,,,,
"2FBC3E62","Nodes",1120666.908345,1669021.222550,1313.064347,"Default Known Flow Node",69.999969,0.579999,1000.000000,0.000000,"Known Flow",0.000000,0.000000,2.16999993085665e-07,40.000000,0.579999,1000.000000,0.000000,0.000000,13.000000,0.000000,0.515380,0.579999,,,,8.532815,8.532815,,16.800279,,,,,,903.822387,0.066145,0.000000,0.000000,0.000000,,-459.670013,1000.000000,,0.000000,0.000000,,,,0.047195,"UNDEFINED",0.000000,0.997559,0.000000,,,,,"","",,,,8.532815,,0.000000,,0.000000,,,0.000000,0.000000,"",,,0.000000,"V50943",-1.000000,,0.000000,0.000000,-1.000000,-1.000000,,,,,,,,,,,"",,,,,,,,,,"Volumetric",,,,,,,,,,0.000000,,,,,,,,,,0.000000,0.000000,,,,,,,,,,,,
"2FBC3E66","Nodes",1120625.072336,1669017.883016,1313.064347,"Default Known Flow Node",69.999969,0.579999,1000.000000,0.000000,"Known Flow",0.000000,0.000000,2.16999993085665e-07,40.000000,0.579999,1000.000000,0.000000,0.000000,13.000000,0.000000,0.515379,0.579999,,,,8.474422,8.474422,,16.800279,,,,,,903.822387,0.066146,0.000000,0.000000,0.000000,,-459.670013,1000.000000,,0.000000,0.000000,,,,0.047188,"UNDEFINED",0.000000,0.997560,0.000000,,,,,"","",,,,8.474422,,0.000000,,0.000000,,,0.000000,0.000000,"",,,0.000000,"144-45 35 Ave, Q = - 12.577 mcfh, Firm",-1.000000,,0.000000,0.000000,-1.000000,-1.000000,,,,,,,,,,,"",,,,,,,,,,"Volumetric",,,,,,,,,,0.000000,,,,,,,,,,0.000000,0.000000,,,,,,,,,,,,
"0BEC2235","Nodes",1120195.313049,1669033.365298,1313.064347,"Default Known Flow Node",69.999969,0.579999,1000.000000,0.000000,"Known Flow",0.000000,0.000000,2.16999993085665e-07,40.000000,0.579999,1000.000000,0.000000,0.000000,13.000000,0.000000,0.515379,0.579999,,,,8.384711,8.384711,,16.800279,,,,,,903.822387,0.066146,0.000000,0.000000,0.000000,,-459.670013,1000.000000,,0.000000,0.000000,,,,0.047178,"SETFLOW",0.000000,0.997560,0.000000,,,,,"","",,,,8.384711,,0.000000,,0.000000,,,0.000000,0.000000,"",,,0.000000,,-1.000000,,0.000000,0.000000,-1.000000,-1.000000,,,,,,,,,,,"",,,,,,,,,,"Volumetric",,,,,,,,,,-0.149631,,,,,,,,,,-0.149631,-0.003591,,,,,,,,,,,,
"2FBC4A07","Nodes",1120195.168191,1669011.236185,1313.064347,"Default Known Flow Node",69.999969,0.579999,1000.000000,0.000000,"Known Flow",0.000000,0.000000,2.16999993085665e-07,40.000000,0.579999,1000.000000,0.000000,0.000000,13.000000,0.000000,0.515379,0.579999,,,,8.375359,8.375359,,16.800279,,,,,,903.822387,0.066146,0.000000,0.000000,0.000000,,-459.670013,1000.000000,,0.000000,0.000000,,,,0.047177,"UNDEFINED",0.000000,0.997560,0.000000,,,,,"","",,,,8.375359,,0.000000,,0.000000,,,0.000000,0.000000,"",,,0.000000,"V83611",-1.000000,,0.000000,0.000000,-1.000000,-1.000000,,,,,,,,,,,"",,,,,,,,,,"Volumetric",,,,,,,,,,0.000000,,,,,,,,,,0.000000,0.000000,,,,,,,,,,,,
"2FBC4A0A","Nodes",1120198.328024,1669033.339907,1313.064347,"Default Known Flow Node",69.999969,0.579999,1000.000000,0.000000,"Known Flow",0.000000,0.000000,2.16999993085665e-07,40.000000,0.579999,1000.000000,0.000000,0.000000,13.000000,0.000000,0.515379,0.579999,,,,8.385332,8.385332,,16.800279,,,,,,903.822387,0.066146,0.000000,0.000000,0.000000,,-459.670013,1000.000000,,0.000000,0.000000,,,,0.047178,"UNDEFINED",0.000000,0.997560,0.000000,,,,,"","",,,,8.385332,,0.000000,,0.000000,,,0.000000,0.000000,"",,,0.000000,,-1.000000,,0.000000,0.000000,-1.000000,-1.000000,,,,,,,,,,,"",,,,,,,,,,"Volumetric",,,,,,,,,,0.000000,,,,,,,,,,0.000000,0.000000,,,,,,,,,,,,
"2FBD9C0A","Nodes",1120200.328040,1669033.311328,1313.064347,"Default Known Flow Node",69.999969,0.579999,1000.000000,0.000000,"Known Flow",0.000000,0.000000,2.16999993085665e-07,40.000000,0.579999,1000.000000,0.000000,0.000000,13.000000,0.000000,0.515379,0.579999,,,,8.385747,8.385747,,16.800279,,,,,,903.822387,0.066146,0.000000,0.000000,0.000000,,-459.670013,1000.000000,,0.000000,0.000000,,,,0.047178,"UNDEFINED",0.000000,0.997560,0.000000,,,,,"","",,,,8.385747,,0.000000,,0.000000,,,0.000000,0.000000,"",,,0.000000,,-1.000000,,0.000000,0.000000,0.000000,-1.000000,,,,,,,,,,,"",,,,,,,,,,"Volumetric",,,,,,,,,,0.000000,,,,,,,,,,0.000000,0.000000,,,,,,,,,,,,
"0BEC4F86","Nodes",1117374.250000,1671426.750000,1313.064347,"Default Known Flow Node",69.999969,0.579999,1000.000000,0.000000,"Known Flow",0.000000,0.000000,2.16999993085665e-07,40.000000,0.579999,1000.000000,0.000000,0.000000,13.000000,0.000000,0.515370,0.579999,,,,6.796925,6.796925,,16.800279,,,,,,903.822387,0.066147,0.000000,0.000000,0.000000,,-459.670013,1000.000000,,0.000000,0.000000,,,,0.046998,"SETFLOW",0.000000,0.997570,0.000000,,,,,"","",,,,6.796925,,0.000000,,0.000000,,,0.000000,0.000000,"",,,0.000000,,-1.000000,,0.000000,0.000000,-1.000000,-1.000000,,,,,,,,,,,"",,,,,,,,,,"Volumetric",,,,,,,,,,-0.038280,,,,,,,,,,-0.038280,-0.000918,,,,,,,,,,,,
"2FBBC778","Nodes",1117374.870000,1671430.870000,1313.064347,"Default Known Flow Node",69.999969,0.579999,1000.000000,0.000000,"Known Flow",0.000000,0.000000,2.16999993085665e-07,40.000000,0.579999,1000.000000,0.000000,0.000000,13.000000,0.000000,0.515370,0.579999,,,,6.797151,6.797151,,16.800279,,,,,,903.822387,0.066147,0.000000,0.000000,0.000000,,-459.670013,1000.000000,,0.000000,0.000000,,,,0.046998,"UNDEFINED",0.000000,0.997570,0.000000,,,,,"","",,,,6.797151,,0.000000,,0.000000,,,0.000000,0.000000,"",,,0.000000,,-1.000000,,0.000000,0.000000,-1.000000,-1.000000,,,,,,,,,,,"",,,,,,,,,,"Volumetric",,,,,,,,,,0.000000,,,,,,,,,,0.000000,0.000000,,,,,,,,,,,,
"2FB1C62D","Nodes",1115707.510733,1672421.853871,1313.064347,"Default Known Flow Node",69.999969,0.579999,1000.000000,0.000000,"Known Flow",0.000000,0.000000,2.16999993085665e-07,40.000000,0.579999,1000.000000,0.000000,0.000000,13.000000,0.000000,0.515373,0.579999,,,,7.369179,7.369179,,16.800279,,,,,,903.822387,0.066146,0.000000,0.000000,0.000000,,-459.670013,1000.000000,,0.000000,0.000000,,,,0.047063,"SETFLOW",0.000000,0.997566,0.000000,,,,,"","",,,,7.369179,,0.000000,,0.000000,,,0.000000,0.000000,"",,,0.000000,"160-02 46 Ave, Q= 1.71 mcfh, Firm DONE",-1.000000,,0.000000,0.000000,-1.000000,-1.000000,,,,,,,,,,,,,,,,"",,,,,,,,,,"Volumetric",,,,,,,,,,-1.710000,,,,,-1.710000,-0.041040,,,,,,,,,,,,
"2FBB9858","Nodes",1120630.370000,1668247.500000,1313.064347,"Default Known Flow Node",69.999969,0.579999,1000.000000,0.000000,"Known Flow",0.000000,0.000000,2.16999993085665e-07,40.000000,0.579999,1000.000000,0.000000,0.000000,13.000000,0.000000,0.515379,0.579999,,,,8.442493,8.442493,,16.800279,,,,,,903.822387,0.066146,0.000000,0.000000,0.000000,,-459.670013,1000.000000,,0.000000,0.000000,,,,0.047185,"UNDEFINED",0.000000,0.997560,0.000000,,,,,"","",,,,8.442493,,0.000000,,0.000000,,,0.000000,0.000000,"",,,0.000000,,-1.000000,,0.000000,0.000000,-1.000000,-1.000000,,,,,,,,,,,"",,,,,,,,,,"Volumetric",,,,,,,,,,0.000000,,,,,,,,,,0.000000,0.000000,,,,,,,,,,,,
"0BEC4F5D","Nodes",1117483.870000,1670497.120000,1313.064347,"Default Known Flow Node",69.999969,0.579999,1000.000000,0.000000,"Known Flow",0.000000,0.000000,2.16999993085665e-07,40.000000,0.579999,1000.000000,0.000000,0.000000,13.000000,0.000000,0.515370,0.579999,,,,6.764017,6.764017,,16.800279,,,,,,903.822387,0.066147,0.000000,0.000000,0.000000,,-459.670013,1000.000000,,0.000000,0.000000,,,,0.046994,"UNDEFINED",0.000000,0.997570,0.000000,,,,,"","",,,,6.764017,,0.000000,,0.000000,,,0.000000,0.000000,"",,,0.000000,"43-10 149 St, Q= 0.473 mcfh, Firm",-1.000000,,0.000000,0.000000,-1.000000,-1.000000,,,,,,,,,,,"",,,,,,,,,,"Volumetric",,,,,,,,,,0.000000,,,,,,,,,,0.000000,0.000000,,,,,,,,,,,,
"2FBC2270","Nodes",1117476.952065,1670480.521652,1313.064347,"Default Known Flow Node",69.999969,0.579999,1000.000000,0.000000,"Known Flow",0.000000,0.000000,2.16999993085665e-07,40.000000,0.579999,1000.000000,0.000000,0.000000,13.000000,0.000000,0.515370,0.579999,,,,6.769478,6.769478,,16.800279,,,,,,903.822387,0.066147,0.000000,0.000000,0.000000,,-459.670013,1000.000000,,0.000000,0.000000,,,,0.046995,"UNDEFINED",0.000000,0.997570,0.000000,,,,,"","",,,,6.769478,,0.000000,,0.000000,,,0.000000,0.000000,"",,,0.000000,,-1.000000,,0.000000,0.000000,-1.000000,-1.000000,,,,,,,,,,,"",,,,,,,,,,"Volumetric",,,,,,,,,,0.000000,,,,,,,,,,0.000000,0.000000,,,,,,,,,,,,
"2FBBC7A3","Nodes",1117476.518775,1670478.030236,1313.064347,"Default Known Flow Node",69.999969,0.579999,1000.000000,0.000000,"Known Flow",0.000000,0.000000,2.16999993085665e-07,40.000000,0.579999,1000.000000,0.000000,0.000000,13.000000,0.000000,0.515370,0.579999,,,,6.769738,6.769738,,16.800279,,,,,,903.822387,0.066147,0.000000,0.000000,0.000000,,-459.670013,1000.000000,,0.000000,0.000000,,,,0.046995,"UNDEFINED",0.000000,0.997570,0.000000,,,,,"","",,,,6.769738,,0.000000,,0.000000,,,0.000000,0.000000,"",,,0.000000,,-1.000000,,0.000000,0.000000,-1.000000,-1.000000,,,,,,,,,,,"",,,,,,,,,,"Volumetric",,,,,,,,,,0.000000,,,,,,,,,,0.000000,0.000000,,,,,,,,,,,,
"2FBC226B","Nodes",1117475.637934,1670472.106625,1313.064347,"Default Known Flow Node",69.999969,0.579999,1000.000000,0.000000,"Known Flow",0.000000,0.000000,2.16999993085665e-07,40.000000,0.579999,1000.000000,0.000000,0.000000,13.000000,0.000000,0.515370,0.579999,,,,6.771038,6.771038,,16.800279,,,,,,903.822387,0.066147,0.000000,0.000000,0.000000,,-459.670013,1000.000000,,0.000000,0.000000,,,,0.046995,"UNDEFINED",0.000000,0.997570,0.000000,,,,,"","",,,,6.771038,,0.000000,,0.000000,,,0.000000,0.000000,"",,,0.000000,,-1.000000,,0.000000,0.000000,-1.000000,-1.000000,,,,,,,,,,,"",,,,,,,,,,"Volumetric",,,,,,,,,,0.000000,,,,,,,,,,0.000000,0.000000,,,,,,,,,,,,
"2FBC2274","Nodes",1117492.870000,1670562.870000,1313.064347,"Default Known Flow Node",69.999969,0.579999,1000.000000,0.000000,"Known Flow",0.000000,0.000000,2.16999993085665e-07,40.000000,0.579999,1000.000000,0.000000,0.000000,13.000000,0.000000,0.515370,0.579999,,,,6.762279,6.762279,,16.800279,,,,,,903.822387,0.066147,0.000000,0.000000,0.000000,,-459.670013,1000.000000,,0.000000,0.000000,,,,0.046994,"UNDEFINED",0.000000,0.997570,0.000000,,,,,"","",,,,6.762279,,0.000000,,0.000000,,,0.000000,0.000000,"",,,0.000000,,-1.000000,,0.000000,0.000000,-1.000000,-1.000000,,,,,,,,,,,"",,,,,,,,,,"Volumetric",,,,,,,,,,0.000000,,,,,,,,,,0.000000,0.000000,,,,,,,,,,,,
"2FBC226F","Nodes",1117519.570899,1670489.685113,1313.064347,"Default Known Flow Node",69.999969,0.579999,1000.000000,0.000000,"Known Flow",0.000000,0.000000,2.16999993085665e-07,40.000000,0.579999,1000.000000,0.000000,0.000000,13.000000,0.000000,0.515370,0.579999,,,,6.735821,6.735821,,16.800279,,,,,,903.822387,0.066147,0.000000,0.000000,0.000000,,-459.670013,1000.000000,,0.000000,0.000000,,,,0.046991,"UNDEFINED",0.000000,0.997570,0.000000,,,,,"","",,,,6.735821,,0.000000,,0.000000,,,0.000000,0.000000,"",,,0.000000,,-1.000000,,0.000000,0.000000,-1.000000,-1.000000,,,,,,,,,,,"",,,,,,,,,,"Volumetric",,,,,,,,,,0.000000,,,,,,,,,,0.000000,0.000000,,,,,,,,,,,,
"Q3No217","Nodes",1117570.910014,1670486.664797,1313.064347,"Default Known Flow Node",69.999969,0.579999,1000.000000,0.000000,"Known Flow",0.000000,0.000000,2.16999993085665e-07,40.000000,0.579999,1000.000000,0.000000,0.000000,13.000000,0.000000,0.515369,0.579999,,,,6.700383,6.700383,,16.800279,,,,,,903.822387,0.066147,0.000000,0.000000,0.000000,,-459.670013,1000.000000,,0.000000,0.000000,,,,0.046987,"UNDEFINED",0.000000,0.997570,0.000000,,,,,"","",,,,6.700383,,0.000000,,0.000000,,,0.000000,0.000000,"",,,0.000000,,-1.000000,,0.000000,0.000000,0.000000,-1.000000,,,,,,,,,,,"",,,,,,,,,,"Volumetric",,,,,,,,,,0.000000,,,,,,,,,,0.000000,0.000000,,,,,,,,,,,,
"2FBC226D","Nodes",1117554.503859,1670488.681817,1313.064347,"Default Known Flow Node",69.999969,0.579999,1000.000000,0.000000,"Known Flow",0.000000,0.000000,2.16999993085665e-07,40.000000,0.579999,1000.000000,0.000000,0.000000,13.000000,0.000000,0.515369,0.579999,,,,6.707622,6.707622,,16.800279,,,,,,903.822387,0.066147,0.000000,0.000000,0.000000,,-459.670013,1000.000000,,0.000000,0.000000,,,,0.046988,"UNDEFINED",0.000000,0.997570,0.000000,,,,,"","",,,,6.707622,,0.000000,,0.000000,,,0.000000,0.000000,"",,,0.000000,,-1.000000,,0.000000,0.000000,-1.000000,-1.000000,,,,,,,,,,,"",,,,,,,,,,"Volumetric",,,,,,,,,,0.000000,,,,,,,,,,0.000000,0.000000,,,,,,,,,,,,
"2FBBC7A4","Nodes",1117526.835207,1670487.815652,1313.064347,"Default Known Flow Node",69.999969,0.579999,1000.000000,0.000000,"Known Flow",0.000000,0.000000,2.16999993085665e-07,40.000000,0.579999,1000.000000,0.000000,0.000000,13.000000,0.000000,0.515370,0.579999,,,,6.730486,6.730486,,16.800279,,,,,,903.822387,0.066147,0.000000,0.000000,0.000000,,-459.670013,1000.000000,,0.000000,0.000000,,,,0.046990,"UNDEFINED",0.000000,0.997570,0.000000,,,,,"","",,,,6.730486,,0.000000,,0.000000,,,0.000000,0.000000,"",,,0.000000,,-1.000000,,0.000000,0.000000,-1.000000,-1.000000,,,,,,,,,,,"",,,,,,,,,,"Volumetric",,,,,,,,,,0.000000,,,,,,,,,,0.000000,0.000000,,,,,,,,,,,,
"2FBB0C03","Nodes",1117368.120000,1670520.000000,1313.064347,"Default Known Flow Node",69.999969,0.579999,1000.000000,0.000000,"Known Flow",0.000000,0.000000,2.16999993085665e-07,40.000000,0.579999,1000.000000,0.000000,0.000000,13.000000,0.000000,0.515370,0.579999,,,,6.804788,6.804788,,16.800279,,,,,,903.822387,0.066147,0.000000,0.000000,0.000000,,-459.670013,1000.000000,,0.000000,0.000000,,,,0.046999,"UNDEFINED",0.000000,0.997570,0.000000,,,,,"","",,,,6.804788,,0.000000,,0.000000,,,0.000000,0.000000,"",,,0.000000,,-1.000000,,0.000000,0.000000,-1.000000,-1.000000,,,,,,,,,,,"",,,,,,,,,,"Volumetric",,,,,,,,,,0.000000,,,,,,,,,,0.000000,0.000000,,,,,,,,,,,,
"2FBB0C01","Nodes",1117363.870000,1670518.870000,1313.064347,"Default Known Flow Node",69.999969,0.579999,1000.000000,0.000000,"Known Flow",0.000000,0.000000,2.16999993085665e-07,40.000000,0.579999,1000.000000,0.000000,0.000000,13.000000,0.000000,0.515370,0.579999,,,,6.815945,6.815945,,16.800279,,,,,,903.822387,0.066147,0.000000,0.000000,0.000000,,-459.670013,1000.000000,,0.000000,0.000000,,,,0.047000,"SETFLOW",0.000000,0.997569,0.000000,,,,,"","",,,,6.815945,,0.000000,,0.000000,,,0.000000,0.000000,"",,,0.000000,,-1.000000,,0.000000,0.000000,-1.000000,-1.000000,,,,,,,,,,,"",,,,,,,,,,"Volumetric",,,,,,,,,,-0.029213,,,,,,,,,,-0.029213,-0.000701,,,,,,,,,,,,
"2FBC2273","Nodes",1117480.000000,1670497.870000,1313.064347,"Default Known Flow Node",69.999969,0.579999,1000.000000,0.000000,"Known Flow",0.000000,0.000000,2.16999993085665e-07,40.000000,0.579999,1000.000000,0.000000,0.000000,13.000000,0.000000,0.515370,0.579999,,,,6.764790,6.764790,,16.800279,,,,,,903.822387,0.066147,0.000000,0.000000,0.000000,,-459.670013,1000.000000,,0.000000,0.000000,,,,0.046994,"UNDEFINED",0.000000,0.997570,0.000000,,,,,"","",,,,6.764790,,0.000000,,0.000000,,,0.000000,0.000000,"",,,0.000000,,-1.000000,,0.000000,0.000000,-1.000000,-1.000000,,,,,,,,,,,"",,,,,,,,,,"Volumetric",,,,,,,,,,0.000000,,,,,,,,,,0.000000,0.000000,,,,,,,,,,,,
"2FBC4E54","Nodes",1116517.250000,1673041.250000,1313.064347,"Default Known Flow Node",69.999969,0.579999,1000.000000,0.000000,"Known Flow",0.000000,0.000000,2.16999993085665e-07,40.000000,0.579999,1000.000000,0.000000,0.000000,13.000000,0.000000,0.515373,0.579999,,,,7.373105,7.373105,,16.800279,,,,,,903.822387,0.066146,0.000000,0.000000,0.000000,,-459.670013,1000.000000,,0.000000,0.000000,,,,0.047063,"UNDEFINED",0.000000,0.997566,0.000000,,,,,"","",,,,7.373105,,0.000000,,0.000000,,,0.000000,0.000000,"",,,0.000000,,-1.000000,,0.000000,0.000000,-1.000000,-1.000000,,,,,,,,,,,"",,,,,,,,,,"Volumetric",,,,,,,,,,0.000000,,,,,,,,,,0.000000,0.000000,,,,,,,,,,,,
"2FBE8C05","Nodes",1116559.382809,1672842.223184,1313.064347,"Default Known Flow Node",69.999969,0.579999,1000.000000,0.000000,"Known Flow",0.000000,0.000000,2.16999993085665e-07,40.000000,0.579999,1000.000000,0.000000,0.000000,13.000000,0.000000,0.515373,0.579999,,,,7.372168,7.372168,,16.800279,,,,,,903.822387,0.066146,0.000000,0.000000,0.000000,,-459.670013,1000.000000,,0.000000,0.000000,,,,0.047063,"UNDEFINED",0.000000,0.997566,0.000000,,,,,"","",,,,7.372168,,0.000000,,0.000000,,,0.000000,0.000000,"",,,0.000000,"V72708",-1.000000,,0.000000,0.000000,0.000000,-1.000000,,,,,,,,,,,"",,,,,,,,,,"Volumetric",,,,,,,,,,0.000000,,,,,,,,,,0.000000,0.000000,,,,,,,,,,,,
"2FBC4E5B","Nodes",1116515.620000,1673047.250000,1313.064347,"Default Known Flow Node",69.999969,0.579999,1000.000000,0.000000,"Known Flow",0.000000,0.000000,2.16999993085665e-07,40.000000,0.579999,1000.000000,0.000000,0.000000,13.000000,0.000000,0.515373,0.579999,,,,7.373133,7.373133,,16.800279,,,,,,903.822387,0.066146,0.000000,0.000000,0.000000,,-459.670013,1000.000000,,0.000000,0.000000,,,,0.047063,"UNDEFINED",0.000000,0.997566,0.000000,,,,,"","",,,,7.373133,,0.000000,,0.000000,,,0.000000,0.000000,"",,,0.000000,,-1.000000,,0.000000,0.000000,-1.000000,-1.000000,,,,,,,,,,,"",,,,,,,,,,"Volumetric",,,,,,,,,,0.000000,,,,,,,,,,0.000000,0.000000,,,,,,,,,,,,
"0BECA6D5","Nodes",1116884.870000,1673178.750000,1313.064347,"Default Known Flow Node",69.999969,0.579999,1000.000000,0.000000,"Known Flow",0.000000,0.000000,2.16999993085665e-07,40.000000,0.579999,1000.000000,0.000000,0.000000,13.000000,0.000000,0.515373,0.579999,,,,7.395518,7.395518,,16.800279,,,,,,903.822387,0.066146,0.000000,0.000000,0.000000,,-459.670013,1000.000000,,0.000000,0.000000,,,,0.047066,"UNDEFINED",0.000000,0.997566,0.000000,,,,,"","",,,,7.395518,,0.000000,,0.000000,,,0.000000,0.000000,"",,,0.000000,,-1.000000,,0.000000,0.000000,-1.000000,-1.000000,,,,,,,,,,,"",,,,,,,,,,"Volumetric",,,,,,,,,,0.000000,,,,,,,,,,0.000000,0.000000,,,,,,,,,,,,
"2FBC4E50","Nodes",1116782.620000,1673151.000000,1313.064347,"Default Known Flow Node",69.999969,0.579999,1000.000000,0.000000,"Known Flow",0.000000,0.000000,2.16999993085665e-07,40.000000,0.579999,1000.000000,0.000000,0.000000,13.000000,0.000000,0.515373,0.579999,,,,7.391169,7.391169,,16.800279,,,,,,903.822387,0.066146,0.000000,0.000000,0.000000,,-459.670013,1000.000000,,0.000000,0.000000,,,,0.047065,"UNDEFINED",0.000000,0.997566,0.000000,,,,,"","",,,,7.391169,,0.000000,,0.000000,,,0.000000,0.000000,"",,,0.000000,,-1.000000,,0.000000,0.000000,-1.000000,-1.000000,,,,,,,,,,,"",,,,,,,,,,"Volumetric",,,,,,,,,,0.000000,,,,,,,,,,0.000000,0.000000,,,,,,,,,,,,
"2FBC4E5C","Nodes",1116527.620000,1673082.000000,1313.064347,"Default Known Flow Node",69.999969,0.579999,1000.000000,0.000000,"Known Flow",0.000000,0.000000,2.16999993085665e-07,40.000000,0.579999,1000.000000,0.000000,0.000000,13.000000,0.000000,0.515373,0.579999,,,,7.375499,7.375499,,16.800279,,,,,,903.822387,0.066146,0.000000,0.000000,0.000000,,-459.670013,1000.000000,,0.000000,0.000000,,,,0.047063,"UNDEFINED",0.000000,0.997566,0.000000,,,,,"","",,,,7.375499,,0.000000,,0.000000,,,0.000000,0.000000,"",,,0.000000,,-1.000000,,0.000000,0.000000,-1.000000,-1.000000,,,,,,,,,,,"",,,,,,,,,,"Volumetric",,,,,,,,,,0.000000,,,,,,,,,,0.000000,0.000000,,,,,,,,,,,,
"2FBC4E5E","Nodes",1116508.870000,1673076.870000,1313.064347,"Default Known Flow Node",69.999969,0.579999,1000.000000,0.000000,"Known Flow",0.000000,0.000000,2.16999993085665e-07,40.000000,0.579999,1000.000000,0.000000,0.000000,13.000000,0.000000,0.515373,0.579999,,,,7.373310,7.373310,,16.800279,,,,,,903.822387,0.066146,0.000000,0.000000,0.000000,,-459.670013,1000.000000,,0.000000,0.000000,,,,0.047063,"UNDEFINED",0.000000,0.997566,0.000000,,,,,"","",,,,7.373310,,0.000000,,0.000000,,,0.000000,0.000000,"",,,0.000000,,-1.000000,,0.000000,0.000000,-1.000000,-1.000000,,,,,,,,,,,"",,,,,,,,,,"Volumetric",,,,,,,,,,0.000000,,,,,,,,,,0.000000,0.000000,,,,,,,,,,,,
"0BECA6C8","Nodes",1116500.870000,1673106.370000,1313.064347,"Default Known Flow Node",69.999969,0.579999,1000.000000,0.000000,"Known Flow",0.000000,0.000000,2.16999993085665e-07,40.000000,0.579999,1000.000000,0.000000,0.000000,13.000000,0.000000,0.515373,0.579999,,,,7.382826,7.382826,,16.800279,,,,,,903.822387,0.066146,0.000000,0.000000,0.000000,,-459.670013,1000.000000,,0.000000,0.000000,,,,0.047064,"UNDEFINED",0.000000,0.997566,0.000000,,,,,"","",,,,7.382826,,0.000000,,0.000000,,,0.000000,0.000000,"",,,0.000000,,-1.000000,,0.000000,0.000000,-1.000000,-1.000000,,,,,,,,,,,"",,,,,,,,,,"Volumetric",,,,,,,,,,0.000000,,,,,,,,,,0.000000,0.000000,,,,,,,,,,,,
"2FBC4E57","Nodes",1116507.120000,1673076.370000,1313.064347,"Default Known Flow Node",69.999969,0.579999,1000.000000,0.000000,"Known Flow",0.000000,0.000000,2.16999993085665e-07,40.000000,0.579999,1000.000000,0.000000,0.000000,13.000000,0.000000,0.515373,0.579999,,,,7.372969,7.372969,,16.800279,,,,,,903.822387,0.066146,0.000000,0.000000,0.000000,,-459.670013,1000.000000,,0.000000,0.000000,,,,0.047063,"UNDEFINED",0.000000,0.997566,0.000000,,,,,"","",,,,7.372969,,0.000000,,0.000000,,,0.000000,0.000000,"",,,0.000000,,-1.000000,,0.000000,0.000000,-1.000000,-1.000000,,,,,,,,,,,"",,,,,,,,,,"Volumetric",,,,,,,,,,0.000000,,,,,,,,,,0.000000,0.000000,,,,,,,,,,,,
"2FBC4E56","Nodes",1116491.120000,1673072.000000,1313.064347,"Default Known Flow Node",69.999969,0.579999,1000.000000,0.000000,"Known Flow",0.000000,0.000000,2.16999993085665e-07,40.000000,0.579999,1000.000000,0.000000,0.000000,13.000000,0.000000,0.515373,0.579999,,,,7.354692,7.354692,,16.800279,,,,,,903.822387,0.066146,0.000000,0.000000,0.000000,,-459.670013,1000.000000,,0.000000,0.000000,,,,0.047061,"SETFLOW",0.000000,0.997566,0.000000,,,,,"","",,,,7.354692,,0.000000,,0.000000,,,0.000000,0.000000,"",,,0.000000,"45-15 162 St, Q = -7.688 mcfh (AC only) Firm DONE",-1.000000,,0.000000,0.000000,-1.000000,-1.000000,,,,,,,,,,,,,,,,"",,,,,,,,,,"Volumetric",,,,,,,,,,-7.688000,,,,,-7.688000,-0.184512,,,,,,,,,,,,
"2FBA2617","Nodes",1115889.500000,1672917.000000,1313.064347,"Default Known Flow Node",69.999969,0.579999,1000.000000,0.000000,"Known Flow",0.000000,0.000000,2.16999993085665e-07,40.000000,0.579999,1000.000000,0.000000,0.000000,13.000000,0.000000,0.515373,0.579999,,,,7.362081,7.362081,,16.800279,,,,,,903.822387,0.066146,0.000000,0.000000,0.000000,,-459.670013,1000.000000,,0.000000,0.000000,,,,0.047062,"UNDEFINED",0.000000,0.997566,0.000000,,,,,"","",,,,7.362081,,0.000000,,0.000000,,,0.000000,0.000000,"",,,0.000000,,-1.000000,,0.000000,0.000000,-1.000000,-1.000000,,,,,,,,,,,"",,,,,,,,,,"Volumetric",,,,,,,,,,0.000000,,,,,,,,,,0.000000,0.000000,,,,,,,,,,,,
"2FBBC7D1","Nodes",1117602.000000,1671360.120000,1313.064347,"Default Known Flow Node",69.999969,0.579999,1000.000000,0.000000,"Known Flow",0.000000,0.000000,2.16999993085665e-07,40.000000,0.579999,1000.000000,0.000000,0.000000,13.000000,0.000000,0.515370,0.579999,,,,6.735581,6.735581,,16.800279,,,,,,903.822387,0.066147,0.000000,0.000000,0.000000,,-459.670013,1000.000000,,0.000000,0.000000,,,,0.046991,"UNDEFINED",0.000000,0.997570,0.000000,,,,,"","",,,,6.735581,,0.000000,,0.000000,,,0.000000,0.000000,"",,,0.000000,,-1.000000,,0.000000,0.000000,-1.000000,-1.000000,,,,,,,,,,,"",,,,,,,,,,"Volumetric",,,,,,,,,,0.000000,,,,,,,,,,0.000000,0.000000,,,,,,,,,,,,
"2FBBC7C7","Nodes",1117621.870000,1671324.620000,1313.064347,"Default Known Flow Node",69.999969,0.579999,1000.000000,0.000000,"Known Flow",0.000000,0.000000,2.16999993085665e-07,40.000000,0.579999,1000.000000,0.000000,0.000000,13.000000,0.000000,0.515370,0.579999,,,,6.725894,6.725894,,16.800279,,,,,,903.822387,0.066147,0.000000,0.000000,0.000000,,-459.670013,1000.000000,,0.000000,0.000000,,,,0.046990,"UNDEFINED",0.000000,0.997570,0.000000,,,,,"","",,,,6.725894,,0.000000,,0.000000,,,0.000000,0.000000,"",,,0.000000,,-1.000000,,0.000000,0.000000,-1.000000,-1.000000,,,,,,,,,,,"",,,,,,,,,,"Volumetric",,,,,,,,,,0.000000,,,,,,,,,,0.000000,0.000000,,,,,,,,,,,,
"2FBBA236","Nodes",1117860.250000,1671280.620000,1313.064347,"Default Known Flow Node",69.999969,0.579999,1000.000000,0.000000,"Known Flow",0.000000,0.000000,2.16999993085665e-07,40.000000,0.579999,1000.000000,0.000000,0.000000,13.000000,0.000000,0.515369,0.579999,,,,6.664856,6.664856,,16.800279,,,,,,903.822387,0.066147,0.000000,0.000000,0.000000,,-459.670013,1000.000000,,0.000000,0.000000,,,,0.046983,"UNDEFINED",0.000000,0.997570,0.000000,,,,,"","",,,,6.664856,,0.000000,,0.000000,,,0.000000,0.000000,"",,,0.000000,,-1.000000,,0.000000,0.000000,-1.000000,-1.000000,,,,,,,,,,,"",,,,,,,,,,"Volumetric",,,,,,,,,,0.000000,,,,,,,,,,0.000000,0.000000,,,,,,,,,,,,
"2FBC265F","Nodes",1117124.500000,1671420.000000,1313.064347,"Default Known Flow Node",69.999969,0.579999,1000.000000,0.000000,"Known Flow",0.000000,0.000000,2.16999993085665e-07,40.000000,0.579999,1000.000000,0.000000,0.000000,13.000000,0.000000,0.515370,0.579999,,,,6.840895,6.840895,,16.800279,,,,,,903.822387,0.066147,0.000000,0.000000,0.000000,,-459.670013,1000.000000,,0.000000,0.000000,,,,0.047003,"UNDEFINED",0.000000,0.997569,0.000000,,,,,"","",,,,6.840895,,0.000000,,0.000000,,,0.000000,0.000000,"",,,0.000000,,-1.000000,,0.000000,0.000000,-1.000000,-1.000000,,,,,,,,,,,"",,,,,,,,,,"Volumetric",,,,,,,,,,0.000000,,,,,,,,,,0.000000,0.000000,,,,,,,,,,,,
"2FB1B610","Nodes",1117110.500000,1671422.620000,1313.064347,"Default Known Flow Node",69.999969,0.579999,1000.000000,0.000000,"Known Flow",0.000000,0.000000,2.16999993085665e-07,40.000000,0.579999,1000.000000,0.000000,0.000000,13.000000,0.000000,0.515370,0.579999,,,,6.843019,6.843019,,16.800279,,,,,,903.822387,0.066147,0.000000,0.000000,0.000000,,-459.670013,1000.000000,,0.000000,0.000000,,,,0.047003,"SETFLOW",0.000000,0.997569,0.000000,,,,,"","",,,,6.843019,,0.000000,,0.000000,,,0.000000,0.000000,"",,,0.000000,,-1.000000,,0.000000,0.000000,-1.000000,-1.000000,,,,,,,,,,,"",,,,,,,,,,"Volumetric",,,,,,,,,,-0.051879,,,,,,,,,,-0.051879,-0.001245,,,,,,,,,,,,
"2FBC2657","Nodes",1117108.500000,1671412.370000,1313.064347,"Default Known Flow Node",69.999969,0.579999,1000.000000,0.000000,"Known Flow",0.000000,0.000000,2.16999993085665e-07,40.000000,0.579999,1000.000000,0.000000,0.000000,13.000000,0.000000,0.515370,0.579999,,,,6.843178,6.843178,,16.800279,,,,,,903.822387,0.066147,0.000000,0.000000,0.000000,,-459.670013,1000.000000,,0.000000,0.000000,,,,0.047003,"UNDEFINED",0.000000,0.997569,0.000000,,,,,"","",,,,6.843178,,0.000000,,0.000000,,,0.000000,0.000000,"",,,0.000000,,-1.000000,,0.000000,0.000000,-1.000000,-1.000000,,,,,,,,,,,"",,,,,,,,,,"Volumetric",,,,,,,,,,0.000000,,,,,,,,,,0.000000,0.000000,,,,,,,,,,,,
"2FBC2656","Nodes",1117107.870000,1671408.620000,1313.064347,"Default Known Flow Node",69.999969,0.579999,1000.000000,0.000000,"Known Flow",0.000000,0.000000,2.16999993085665e-07,40.000000,0.579999,1000.000000,0.000000,0.000000,13.000000,0.000000,0.515370,0.579999,,,,6.843456,6.843456,,16.800279,,,,,,903.822387,0.066147,0.000000,0.000000,0.000000,,-459.670013,1000.000000,,0.000000,0.000000,,,,0.047003,"UNDEFINED",0.000000,0.997569,0.000000,,,,,"","",,,,6.843456,,0.000000,,0.000000,,,0.000000,0.000000,"",,,0.000000,,-1.000000,,0.000000,0.000000,-1.000000,-1.000000,,,,,,,,,,,"",,,,,,,,,,"Volumetric",,,,,,,,,,0.000000,,,,,,,,,,0.000000,0.000000,,,,,,,,,,,,
"2FBBC7BD","Nodes",1115909.000000,1678454.250000,1313.064347,"Default Known Flow Node",69.999969,0.579999,1000.000000,0.000000,"Known Flow",0.000000,0.000000,2.16999993085665e-07,40.000000,0.579999,1000.000000,0.000000,0.000000,13.000000,0.000000,0.515379,0.579999,,,,8.367467,8.367467,,16.800279,,,,,,903.822387,0.066146,0.000000,0.000000,0.000000,,-459.670013,1000.000000,,0.000000,0.000000,,,,0.047176,"UNDEFINED",0.000000,0.997560,0.000000,,,,,"","",,,,8.367467,,0.000000,,0.000000,,,0.000000,0.000000,"",,,0.000000,,-1.000000,,0.000000,0.000000,-1.000000,-1.000000,,,,,,,,,,,"",,,,,,,,,,"Volumetric",,,,,,,,,,0.000000,,,,,,,,,,0.000000,0.000000,,,,,,,,,,,,
"2FBBC7C0","Nodes",1115909.620000,1678457.370000,1313.064347,"Default Known Flow Node",69.999969,0.579999,1000.000000,0.000000,"Known Flow",0.000000,0.000000,2.16999993085665e-07,40.000000,0.579999,1000.000000,0.000000,0.000000,13.000000,0.000000,0.515379,0.579999,,,,8.369156,8.369156,,16.800279,,,,,,903.822387,0.066146,0.000000,0.000000,0.000000,,-459.670013,1000.000000,,0.000000,0.000000,,,,0.047176,"UNDEFINED",0.000000,0.997560,0.000000,,,,,"","",,,,8.369156,,0.000000,,0.000000,,,0.000000,0.000000,"",,,0.000000,,-1.000000,,0.000000,0.000000,-1.000000,-1.000000,,,,,,,,,,,"",,,,,,,,,,"Volumetric",,,,,,,,,,0.000000,,,,,,,,,,0.000000,0.000000,,,,,,,,,,,,
"2FBBC7BE","Nodes",1115910.000000,1678459.120000,1313.064347,"Default Known Flow Node",69.999969,0.579999,1000.000000,0.000000,"Known Flow",0.000000,0.000000,2.16999993085665e-07,40.000000,0.579999,1000.000000,0.000000,0.000000,13.000000,0.000000,0.515379,0.579999,,,,8.369336,8.369336,,16.800279,,,,,,903.822387,0.066146,0.000000,0.000000,0.000000,,-459.670013,1000.000000,,0.000000,0.000000,,,,0.047176,"UNDEFINED",0.000000,0.997560,0.000000,,,,,"","",,,,8.369336,,0.000000,,0.000000,,,0.000000,0.000000,"",,,0.000000,,-1.000000,,0.000000,0.000000,-1.000000,-1.000000,,,,,,,,,,,"",,,,,,,,,,"Volumetric",,,,,,,,,,0.000000,,,,,,,,,,0.000000,0.000000,,,,,,,,,,,,
"0BEC50E7","Nodes",1118375.750000,1673570.750000,1313.064347,"Default Known Flow Node",69.999969,0.579999,1000.000000,0.000000,"Known Flow",0.000000,0.000000,2.16999993085665e-07,40.000000,0.579999,1000.000000,0.000000,0.000000,13.000000,0.000000,0.515378,0.579999,,,,8.246489,8.246489,,16.800279,,,,,,903.822387,0.066146,0.000000,0.000000,0.000000,,-459.670013,1000.000000,,0.000000,0.000000,,,,0.047162,"SETFLOW",0.000000,0.997561,0.000000,,,,,"","",,,,8.246489,,0.000000,,0.000000,,,0.000000,0.000000,"",,,0.000000,,-1.000000,,0.000000,0.000000,-1.000000,-1.000000,,,,,,,,,,,"",,,,,,,,,,"Volumetric",,,,,,,,,,-0.017035,,,,,,,,,,-0.017035,-0.000408,,,,,,,,,,,,
"2FB9C5DC","Nodes",1118341.750000,1673561.870000,1313.064347,"Default Known Flow Node",69.999969,0.579999,1000.000000,0.000000,"Known Flow",0.000000,0.000000,2.16999993085665e-07,40.000000,0.579999,1000.000000,0.000000,0.000000,13.000000,0.000000,0.515377,0.579999,,,,8.163326,8.163326,,16.800279,,,,,,903.822387,0.066146,0.000000,0.000000,0.000000,,-459.670013,1000.000000,,0.000000,0.000000,,,,0.047153,"UNDEFINED",0.000000,0.997562,0.000000,,,,,"","",,,,8.163326,,0.000000,,0.000000,,,0.000000,0.000000,"",,,0.000000,,-1.000000,,0.000000,0.000000,-1.000000,-1.000000,,,,,,,,,,,"",,,,,,,,,,"Volumetric",,,,,,,,,,0.000000,,,,,,,,,,0.000000,0.000000,,,,,,,,,,,,
"2FBC4C07","Nodes",1118377.250000,1673571.120000,1313.064347,"Default Known Flow Node",69.999969,0.579999,1000.000000,0.000000,"Known Flow",0.000000,0.000000,2.16999993085665e-07,40.000000,0.579999,1000.000000,0.000000,0.000000,13.000000,0.000000,0.515378,0.579999,,,,8.248624,8.248624,,16.800279,,,,,,903.822387,0.066146,0.000000,0.000000,0.000000,,-459.670013,1000.000000,,0.000000,0.000000,,,,0.047163,"UNDEFINED",0.000000,0.997561,0.000000,,,,,"","",,,,8.248624,,0.000000,,0.000000,,,0.000000,0.000000,"",,,0.000000,,-1.000000,,0.000000,0.000000,-1.000000,-1.000000,,,,,,,,,,,"",,,,,,,,,,"Volumetric",,,,,,,,,,0.000000,,,,,,,,,,0.000000,0.000000,,,,,,,,,,,,
"2FBC4C08","Nodes",1118379.000000,1673571.620000,1313.064347,"Default Known Flow Node",69.999969,0.579999,1000.000000,0.000000,"Known Flow",0.000000,0.000000,2.16999993085665e-07,40.000000,0.579999,1000.000000,0.000000,0.000000,13.000000,0.000000,0.515378,0.579999,,,,8.250759,8.250759,,16.800279,,,,,,903.822387,0.066146,0.000000,0.000000,0.000000,,-459.670013,1000.000000,,0.000000,0.000000,,,,0.047163,"UNDEFINED",0.000000,0.997561,0.000000,,,,,"","",,,,8.250759,,0.000000,,0.000000,,,0.000000,0.000000,"",,,0.000000,,-1.000000,,0.000000,0.000000,-1.000000,-1.000000,,,,,,,,,,,"",,,,,,,,,,"Volumetric",,,,,,,,,,0.000000,,,,,,,,,,0.000000,0.000000,,,,,,,,,,,,
"2FBC4C0A","Nodes",1118377.750000,1673569.120000,1313.064347,"Default Known Flow Node",69.999969,0.579999,1000.000000,0.000000,"Known Flow",0.000000,0.000000,2.16999993085665e-07,40.000000,0.579999,1000.000000,0.000000,0.000000,13.000000,0.000000,0.515378,0.579999,,,,8.248624,8.248624,,16.800279,,,,,,903.822387,0.066146,0.000000,0.000000,0.000000,,-459.670013,1000.000000,,0.000000,0.000000,,,,0.047163,"UNDEFINED",0.000000,0.997561,0.000000,,,,,"","",,,,8.248624,,0.000000,,0.000000,,,0.000000,0.000000,"",,,0.000000,,-1.000000,,0.000000,0.000000,-1.000000,-1.000000,,,,,,,,,,,"",,,,,,,,,,"Volumetric",,,,,,,,,,0.000000,,,,,,,,,,0.000000,0.000000,,,,,,,,,,,,
"2FBC4C02","Nodes",1118388.870000,1673534.000000,1313.064347,"Default Known Flow Node",69.999969,0.579999,1000.000000,0.000000,"Known Flow",0.000000,0.000000,2.16999993085665e-07,40.000000,0.579999,1000.000000,0.000000,0.000000,13.000000,0.000000,0.515378,0.579999,,,,8.248624,8.248624,,16.800279,,,,,,903.822387,0.066146,0.000000,0.000000,0.000000,,-459.670013,1000.000000,,0.000000,0.000000,,,,0.047163,"UNDEFINED",0.000000,0.997561,0.000000,,,,,"","",,,,8.248624,,0.000000,,0.000000,,,0.000000,0.000000,"",,,0.000000,,-1.000000,,0.000000,0.000000,-1.000000,-1.000000,,,,,,,,,,,"",,,,,,,,,,"Volumetric",,,,,,,,,,0.000000,,,,,,,,,,0.000000,0.000000,,,,,,,,,,,,
"2FBC4C04","Nodes",1118372.750000,1673529.750000,1313.064347,"Default Known Flow Node",69.999969,0.579999,1000.000000,0.000000,"Known Flow",0.000000,0.000000,2.16999993085665e-07,40.000000,0.579999,1000.000000,0.000000,0.000000,13.000000,0.000000,0.515378,0.579999,,,,8.248624,8.248624,,16.800279,,,,,,903.822387,0.066146,0.000000,0.000000,0.000000,,-459.670013,1000.000000,,0.000000,0.000000,,,,0.047163,"UNDEFINED",0.000000,0.997561,0.000000,,,,,"","",,,,8.248624,,0.000000,,0.000000,,,0.000000,0.000000,"",,,0.000000,,-1.000000,,0.000000,0.000000,-1.000000,-1.000000,,,,,,,,,,,"",,,,,,,,,,"Volumetric",,,,,,,,,,0.000000,,,,,,,,,,0.000000,0.000000,,,,,,,,,,,,
"2FBC4C03","Nodes",1118448.250000,1673552.120000,1313.064347,"Default Known Flow Node",69.999969,0.579999,1000.000000,0.000000,"Known Flow",0.000000,0.000000,2.16999993085665e-07,40.000000,0.579999,1000.000000,0.000000,0.000000,13.000000,0.000000,0.515378,0.579999,,,,8.248624,8.248624,,16.800279,,,,,,903.822387,0.066146,0.000000,0.000000,0.000000,,-459.670013,1000.000000,,0.000000,0.000000,,,,0.047163,"UNDEFINED",0.000000,0.997561,0.000000,,,,,"","",,,,8.248624,,0.000000,,0.000000,,,0.000000,0.000000,"",,,0.000000,,-1.000000,,0.000000,0.000000,-1.000000,-1.000000,,,,,,,,,,,"",,,,,,,,,,"Volumetric",,,,,,,,,,0.000000,,,,,,,,,,0.000000,0.000000,,,,,,,,,,,,
"2FBC1FEC","Nodes",1118501.813102,1676339.033125,1313.064347,"Default Known Flow Node",69.999969,0.579999,1000.000000,0.000000,"Known Flow",0.000000,0.000000,2.16999993085665e-07,40.000000,0.579999,1000.000000,0.000000,0.000000,13.000000,0.000000,0.515373,0.579999,,,,7.322769,7.322769,,16.800279,,,,,,903.822387,0.066146,0.000000,0.000000,0.000000,,-459.670013,1000.000000,,0.000000,0.000000,,,,0.047058,"UNDEFINED",0.000000,0.997566,0.000000,,,,,"","",,,,7.322769,,0.000000,,0.000000,,,0.000000,0.000000,"",,,0.000000,,-1.000000,,0.000000,0.000000,-1.000000,-1.000000,,,,,,,,,,,"",,,,,,,,,,"Volumetric",,,,,,,,,,0.000000,,,,,,,,,,0.000000,0.000000,,,,,,,,,,,,
"2FBC1FF1","Nodes",1118489.166459,1676335.809475,1313.064347,"Default Known Flow Node",69.999969,0.579999,1000.000000,0.000000,"Known Flow",0.000000,0.000000,2.16999993085665e-07,40.000000,0.579999,1000.000000,0.000000,0.000000,13.000000,0.000000,0.515373,0.579999,,,,7.320659,7.320659,,16.800279,,,,,,903.822387,0.066146,0.000000,0.000000,0.000000,,-459.670013,1000.000000,,0.000000,0.000000,,,,0.047057,"UNDEFINED",0.000000,0.997566,0.000000,,,,,"","",,,,7.320659,,0.000000,,0.000000,,,0.000000,0.000000,"",,,0.000000,,-1.000000,,0.000000,0.000000,-1.000000,-1.000000,,,,,,,,,,,"",,,,,,,,,,"Volumetric",,,,,,,,,,0.000000,,,,,,,,,,0.000000,0.000000,,,,,,,,,,,,
"0BEC5D32","Nodes",1117995.000000,1676211.500000,1313.064347,"Default Known Flow Node",69.999969,0.579999,1000.000000,0.000000,"Known Flow",0.000000,0.000000,2.16999993085665e-07,40.000000,0.579999,1000.000000,0.000000,0.000000,13.000000,0.000000,0.515372,0.579999,,,,7.212639,7.212639,,16.800279,,,,,,903.822387,0.066146,0.000000,0.000000,0.000000,,-459.670013,1000.000000,,0.000000,0.000000,,,,0.047045,"SETFLOW",0.000000,0.997567,0.000000,,,,,"","",,,,7.212639,,0.000000,,0.000000,,,0.000000,0.000000,"",,,0.000000,,-1.000000,,0.000000,0.000000,-1.000000,-1.000000,,,,,,,,,,,"",,,,,,,,,,"Volumetric",,,,,,,,,,-0.122112,,,,,,,,,,-0.122112,-0.002930,,,,,,,,,,,,
"2FBC1FF2","Nodes",1117990.500000,1676210.750000,1313.064347,"Default Known Flow Node",69.999969,0.579999,1000.000000,0.000000,"Known Flow",0.000000,0.000000,2.16999993085665e-07,40.000000,0.579999,1000.000000,0.000000,0.000000,13.000000,0.000000,0.515372,0.579999,,,,7.212053,7.212053,,16.800279,,,,,,903.822387,0.066146,0.000000,0.000000,0.000000,,-459.670013,1000.000000,,0.000000,0.000000,,,,0.047045,"UNDEFINED",0.000000,0.997567,0.000000,,,,,"","",,,,7.212053,,0.000000,,0.000000,,,0.000000,0.000000,"",,,0.000000,,-1.000000,,0.000000,0.000000,-1.000000,-1.000000,,,,,,,,,,,"",,,,,,,,,,"Volumetric",,,,,,,,,,0.000000,,,,,,,,,,0.000000,0.000000,,,,,,,,,,,,
"2FBC1F96","Nodes",1119649.695062,1671695.588831,1313.064347,"Default Known Flow Node",69.999969,0.579999,1000.000000,0.000000,"Known Flow",0.000000,0.000000,2.16999993085665e-07,40.000000,0.579999,1000.000000,0.000000,0.000000,13.000000,0.000000,0.515379,0.579999,,,,8.381115,8.381115,,16.800279,,,,,,903.822387,0.066146,0.000000,0.000000,0.000000,,-459.670013,1000.000000,,0.000000,0.000000,,,,0.047178,"UNDEFINED",0.000000,0.997560,0.000000,,,,,"","",,,,8.381115,,0.000000,,0.000000,,,0.000000,0.000000,"",,,0.000000,,-1.000000,,0.000000,0.000000,-1.000000,-1.000000,,,,,,,,,,,"",,,,,,,,,,"Volumetric",,,,,,,,,,0.000000,,,,,,,,,,0.000000,0.000000,,,,,,,,,,,,
"2FBC1F97","Nodes",1119652.085401,1671696.343675,1313.064347,"Default Known Flow Node",69.999969,0.579999,1000.000000,0.000000,"Known Flow",0.000000,0.000000,2.16999993085665e-07,40.000000,0.579999,1000.000000,0.000000,0.000000,13.000000,0.000000,0.515379,0.579999,,,,8.390714,8.390714,,16.800279,,,,,,903.822387,0.066146,0.000000,0.000000,0.000000,,-459.670013,1000.000000,,0.000000,0.000000,,,,0.047179,"SETFLOW",0.000000,0.997560,0.000000,,,,,"","",,,,8.390714,,0.000000,,0.000000,,,0.000000,0.000000,"",,,0.000000,"153-18 Northern Blvd, Q = -2.38 mcfh, Firm (S10-44991-Q)",-1.000000,,0.000000,0.000000,-1.000000,-1.000000,,,,,,,,,,,,,,,,"",,,,,,,,,,"Volumetric",,,,,,,,,,-0.623608,,,,,-0.623608,-0.014966,,,,,,,,,,,,
"2FBC1F95","Nodes",1119654.538644,1671696.972712,1313.064347,"Default Known Flow Node",69.999969,0.579999,1000.000000,0.000000,"Known Flow",0.000000,0.000000,2.16999993085665e-07,40.000000,0.579999,1000.000000,0.000000,0.000000,13.000000,0.000000,0.515379,0.579999,,,,8.396953,8.396953,,16.800279,,,,,,903.822387,0.066146,0.000000,0.000000,0.000000,,-459.670013,1000.000000,,0.000000,0.000000,,,,0.047180,"UNDEFINED",0.000000,0.997560,0.000000,,,,,"","",,,,8.396953,,0.000000,,0.000000,,,0.000000,0.000000,"",,,0.000000,,-1.000000,,0.000000,0.000000,-1.000000,-1.000000,,,,,,,,,,,"",,,,,,,,,,"Volumetric",,,,,,,,,,0.000000,,,,,,,,,,0.000000,0.000000,,,,,,,,,,,,
"2FBC542F","Nodes",1120215.120000,1671814.500000,1313.064347,"Default Known Flow Node",69.999969,0.579999,1000.000000,0.000000,"Known Flow",0.000000,0.000000,2.16999993085665e-07,40.000000,0.579999,1000.000000,0.000000,0.000000,13.000000,0.000000,0.515380,0.579999,,,,8.679178,8.679178,,16.800279,,,,,,903.822387,0.066145,0.000000,0.000000,0.000000,,-459.670013,1000.000000,,0.000000,0.000000,,,,0.047212,"UNDEFINED",0.000000,0.997559,0.000000,,,,,"","",,,,8.679178,,0.000000,,0.000000,,,0.000000,0.000000,"",,,0.000000,,-1.000000,,0.000000,0.000000,-1.000000,-1.000000,,,,,,,,,,,"",,,,,,,,,,"Volumetric",,,,,,,,,,0.000000,,,,,,,,,,0.000000,0.000000,,,,,,,,,,,,
"2FBC542A","Nodes",1120216.000000,1671810.620000,1313.064347,"Default Known Flow Node",69.999969,0.579999,1000.000000,0.000000,"Known Flow",0.000000,0.000000,2.16999993085665e-07,40.000000,0.579999,1000.000000,0.000000,0.000000,13.000000,0.000000,0.515380,0.579999,,,,8.679089,8.679089,,16.800279,,,,,,903.822387,0.066145,0.000000,0.000000,0.000000,,-459.670013,1000.000000,,0.000000,0.000000,,,,0.047212,"UNDEFINED",0.000000,0.997559,0.000000,,,,,"","",,,,8.679089,,0.000000,,0.000000,,,0.000000,0.000000,"",,,0.000000,,-1.000000,,0.000000,0.000000,-1.000000,-1.000000,,,,,,,,,,,"",,,,,,,,,,"Volumetric",,,,,,,,,,0.000000,,,,,,,,,,0.000000,0.000000,,,,,,,,,,,,
"2FBC5420","Nodes",1120217.750000,1671803.000000,1313.064347,"Default Known Flow Node",69.999969,0.579999,1000.000000,0.000000,"Known Flow",0.000000,0.000000,2.16999993085665e-07,40.000000,0.579999,1000.000000,0.000000,0.000000,13.000000,0.000000,0.515380,0.579999,,,,8.677979,8.677979,,16.800279,,,,,,903.822387,0.066145,0.000000,0.000000,0.000000,,-459.670013,1000.000000,,0.000000,0.000000,,,,0.047211,"UNDEFINED",0.000000,0.997559,0.000000,,,,,"","",,,,8.677979,,0.000000,,0.000000,,,0.000000,0.000000,"",,,0.000000,,-1.000000,,0.000000,0.000000,-1.000000,-1.000000,,,,,,,,,,,"",,,,,,,,,,"Volumetric",,,,,,,,,,0.000000,,,,,,,,,,0.000000,0.000000,,,,,,,,,,,,
"2FBC5427","Nodes",1120199.370000,1671881.250000,1313.064347,"Default Known Flow Node",69.999969,0.579999,1000.000000,0.000000,"Known Flow",0.000000,0.000000,2.16999993085665e-07,40.000000,0.579999,1000.000000,0.000000,0.000000,13.000000,0.000000,0.515380,0.579999,,,,8.680477,8.680477,,16.800279,,,,,,903.822387,0.066145,0.000000,0.000000,0.000000,,-459.670013,1000.000000,,0.000000,0.000000,,,,0.047212,"UNDEFINED",0.000000,0.997559,0.000000,,,,,"","",,,,8.680477,,0.000000,,0.000000,,,0.000000,0.000000,"",,,0.000000,,-1.000000,,0.000000,0.000000,-1.000000,-1.000000,,,,,,,,,,,"",,,,,,,,,,"Volumetric",,,,,,,,,,0.000000,,,,,,,,,,0.000000,0.000000,,,,,,,,,,,,
"2FBC542E","Nodes",1120197.120000,1671890.620000,1313.064347,"Default Known Flow Node",69.999969,0.579999,1000.000000,0.000000,"Known Flow",0.000000,0.000000,2.16999993085665e-07,40.000000,0.579999,1000.000000,0.000000,0.000000,13.000000,0.000000,0.515380,0.579999,,,,8.680548,8.680548,,16.800279,,,,,,903.822387,0.066145,0.000000,0.000000,0.000000,,-459.670013,1000.000000,,0.000000,0.000000,,,,0.047212,"UNDEFINED",0.000000,0.997559,0.000000,,,,,"","",,,,8.680548,,0.000000,,0.000000,,,0.000000,0.000000,"",,,0.000000,,-1.000000,,0.000000,0.000000,-1.000000,-1.000000,,,,,,,,,,,"",,,,,,,,,,"Volumetric",,,,,,,,,,0.000000,,,,,,,,,,0.000000,0.000000,,,,,,,,,,,,
"2FBC5421","Nodes",1120192.840288,1671898.632767,1313.064347,"Default Known Flow Node",69.999969,0.579999,1000.000000,0.000000,"Known Flow",0.000000,0.000000,2.16999993085665e-07,40.000000,0.579999,1000.000000,0.000000,0.000000,13.000000,0.000000,0.515380,0.579999,,,,8.681074,8.681074,,16.800279,,,,,,903.822387,0.066145,0.000000,0.000000,0.000000,,-459.670013,1000.000000,,0.000000,0.000000,,,,0.047212,"UNDEFINED",0.000000,0.997559,0.000000,,,,,"","",,,,8.681074,,0.000000,,0.000000,,,0.000000,0.000000,"",,,0.000000,,-1.000000,,0.000000,0.000000,-1.000000,-1.000000,,,,,,,,,,,"",,,,,,,,,,"Volumetric",,,,,,,,,,0.000000,,,,,,,,,,0.000000,0.000000,,,,,,,,,,,,
"2FBC542B","Nodes",1120169.750000,1671850.750000,1313.064347,"Default Known Flow Node",69.999969,0.579999,1000.000000,0.000000,"Known Flow",0.000000,0.000000,2.16999993085665e-07,40.000000,0.579999,1000.000000,0.000000,0.000000,13.000000,0.000000,0.515380,0.579999,,,,8.680565,8.680565,,16.800279,,,,,,903.822387,0.066145,0.000000,0.000000,0.000000,,-459.670013,1000.000000,,0.000000,0.000000,,,,0.047212,"UNDEFINED",0.000000,0.997559,0.000000,,,,,"","",,,,8.680565,,0.000000,,0.000000,,,0.000000,0.000000,"",,,0.000000,,-1.000000,,0.000000,0.000000,-1.000000,-1.000000,,,,,,,,,,,"",,,,,,,,,,"Volumetric",,,,,,,,,,0.000000,,,,,,,,,,0.000000,0.000000,,,,,,,,,,,,
"2FBC5424","Nodes",1120574.500000,1671947.620000,1313.064347,"Default Known Flow Node",69.999969,0.579999,1000.000000,0.000000,"Known Flow",0.000000,0.000000,2.16999993085665e-07,40.000000,0.579999,1000.000000,0.000000,0.000000,13.000000,0.000000,0.515380,0.579999,,,,8.679546,8.679546,,16.800279,,,,,,903.822387,0.066145,0.000000,0.000000,0.000000,,-459.670013,1000.000000,,0.000000,0.000000,,,,0.047212,"UNDEFINED",0.000000,0.997559,0.000000,,,,,"","",,,,8.679546,,0.000000,,0.000000,,,0.000000,0.000000,"",,,0.000000,,-1.000000,,0.000000,0.000000,-1.000000,-1.000000,,,,,,,,,,,"",,,,,,,,,,"Volumetric",,,,,,,,,,0.000000,,,,,,,,,,0.000000,0.000000,,,,,,,,,,,,
"2FBC4E3E","Nodes",1119116.750000,1672940.250000,1313.064347,"Default Known Flow Node",69.999969,0.579999,1000.000000,0.000000,"Known Flow",0.000000,0.000000,2.16999993085665e-07,40.000000,0.579999,1000.000000,0.000000,0.000000,13.000000,0.000000,0.515381,0.579999,,,,8.769762,8.769762,,16.800279,,,,,,903.822387,0.066145,0.000000,0.000000,0.000000,,-459.670013,1000.000000,,0.000000,0.000000,,,,0.047222,"UNDEFINED",0.000000,0.997558,0.000000,,,,,"","",,,,8.769762,,0.000000,,0.000000,,,0.000000,0.000000,"",,,0.000000,,-1.000000,,0.000000,0.000000,-1.000000,-1.000000,,,,,,,,,,,"",,,,,,,,,,"Volumetric",,,,,,,,,,0.000000,,,,,,,,,,0.000000,0.000000,,,,,,,,,,,,
"0BEC5133","Nodes",1119261.500000,1672981.370000,1313.064347,"Default Known Flow Node",69.999969,0.579999,1000.000000,0.000000,"Known Flow",0.000000,0.000000,2.16999993085665e-07,40.000000,0.579999,1000.000000,0.000000,0.000000,13.000000,0.000000,0.515381,0.579999,,,,8.770385,8.770385,,16.800279,,,,,,903.822387,0.066145,0.000000,0.000000,0.000000,,-459.670013,1000.000000,,0.000000,0.000000,,,,0.047222,"SETFLOW",0.000000,0.997558,0.000000,,,,,"","",,,,8.770385,,0.000000,,0.000000,,,0.000000,0.000000,"",,,0.000000,,-1.000000,,0.000000,0.000000,-1.000000,-1.000000,,,,,,,,,,,"",,,,,,,,,,"Volumetric",,,,,,,,,,-0.074528,,,,,,,,,,-0.074528,-0.001788,,,,,,,,,,,,
"0BEC5214","Nodes",1119620.370000,1673078.120000,1313.064347,"Default Known Flow Node",69.999969,0.579999,1000.000000,0.000000,"Known Flow",0.000000,0.000000,2.16999993085665e-07,40.000000,0.579999,1000.000000,0.000000,0.000000,13.000000,0.000000,0.515381,0.579999,,,,8.772271,8.772271,,16.800279,,,,,,903.822387,0.066145,0.000000,0.000000,0.000000,,-459.670013,1000.000000,,0.000000,0.000000,,,,0.047222,"SETFLOW",0.000000,0.997558,0.000000,,,,,"","",,,,8.772271,,0.000000,,0.000000,,,0.000000,0.000000,"",,,0.000000,,-1.000000,,0.000000,0.000000,-1.000000,-1.000000,,,,,,,,,,,"",,,,,,,,,,"Volumetric",,,,,,,,,,-0.077313,,,,,,,,,,-0.077313,-0.001855,,,,,,,,,,,,
"2FBC1FD1","Nodes",1119855.000000,1673139.500000,1313.064347,"Default Known Flow Node",69.999969,0.579999,1000.000000,0.000000,"Known Flow",0.000000,0.000000,2.16999993085665e-07,40.000000,0.579999,1000.000000,0.000000,0.000000,13.000000,0.000000,0.515381,0.579999,,,,8.773943,8.773943,,16.800279,,,,,,903.822387,0.066145,0.000000,0.000000,0.000000,,-459.670013,1000.000000,,0.000000,0.000000,,,,0.047222,"UNDEFINED",0.000000,0.997558,0.000000,,,,,"","",,,,8.773943,,0.000000,,0.000000,,,0.000000,0.000000,"",,,0.000000,,-1.000000,,0.000000,0.000000,-1.000000,-1.000000,,,,,,,,,,,"",,,,,,,,,,"Volumetric",,,,,,,,,,0.000000,,,,,,,,,,0.000000,0.000000,,,,,,,,,,,,
"2FBC1FCF","Nodes",1119872.000000,1673143.250000,1313.064347,"Default Known Flow Node",69.999969,0.579999,1000.000000,0.000000,"Known Flow",0.000000,0.000000,2.16999993085665e-07,40.000000,0.579999,1000.000000,0.000000,0.000000,13.000000,0.000000,0.515381,0.579999,,,,8.774060,8.774060,,16.800279,,,,,,903.822387,0.066145,0.000000,0.000000,0.000000,,-459.670013,1000.000000,,0.000000,0.000000,,,,0.047222,"UNDEFINED",0.000000,0.997558,0.000000,,,,,"","",,,,8.774060,,0.000000,,0.000000,,,0.000000,0.000000,"",,,0.000000,,-1.000000,,0.000000,0.000000,-1.000000,-1.000000,,,,,,,,,,,"",,,,,,,,,,"Volumetric",,,,,,,,,,0.000000,,,,,,,,,,0.000000,0.000000,,,,,,,,,,,,
"0BEC5F56","Nodes",1120351.120000,1675435.870000,1313.064347,"Default Known Flow Node",69.999969,0.579999,1000.000000,0.000000,"Known Flow",0.000000,0.000000,2.16999993085665e-07,40.000000,0.579999,1000.000000,0.000000,0.000000,13.000000,0.000000,0.515378,0.579999,,,,8.319637,8.319637,,16.800279,,,,,,903.822387,0.066146,0.000000,0.000000,0.000000,,-459.670013,1000.000000,,0.000000,0.000000,,,,0.047171,"UNDEFINED",0.000000,0.997561,0.000000,,,,,"","",,,,8.319637,,0.000000,,0.000000,,,0.000000,0.000000,"",,,0.000000,,-1.000000,,0.000000,0.000000,-1.000000,-1.000000,,,,,,,,,,,"",,,,,,,,,,"Volumetric",,,,,,,,,,0.000000,,,,,,,,,,0.000000,0.000000,,,,,,,,,,,,
"2FBC4CAF","Nodes",1120328.500000,1675430.500000,1313.064347,"Default Known Flow Node",69.999969,0.579999,1000.000000,0.000000,"Known Flow",0.000000,0.000000,2.16999993085665e-07,40.000000,0.579999,1000.000000,0.000000,0.000000,13.000000,0.000000,0.515378,0.579999,,,,8.313700,8.313700,,16.800279,,,,,,903.822387,0.066146,0.000000,0.000000,0.000000,,-459.670013,1000.000000,,0.000000,0.000000,,,,0.047170,"UNDEFINED",0.000000,0.997561,0.000000,,,,,"","",,,,8.313700,,0.000000,,0.000000,,,0.000000,0.000000,"",,,0.000000,,-1.000000,,0.000000,0.000000,-1.000000,-1.000000,,,,,,,,,,,"",,,,,,,,,,"Volumetric",,,,,,,,,,0.000000,,,,,,,,,,0.000000,0.000000,,,,,,,,,,,,
"2FBC4CB4","Nodes",1120331.870000,1675431.250000,1313.064347,"Default Known Flow Node",69.999969,0.579999,1000.000000,0.000000,"Known Flow",0.000000,0.000000,2.16999993085665e-07,40.000000,0.579999,1000.000000,0.000000,0.000000,13.000000,0.000000,0.515378,0.579999,,,,8.316861,8.316861,,16.800279,,,,,,903.822387,0.066146,0.000000,0.000000,0.000000,,-459.670013,1000.000000,,0.000000,0.000000,,,,0.047170,"UNDEFINED",0.000000,0.997561,0.000000,,,,,"","",,,,8.316861,,0.000000,,0.000000,,,0.000000,0.000000,"",,,0.000000,,-1.000000,,0.000000,0.000000,-1.000000,-1.000000,,,,,,,,,,,"",,,,,,,,,,"Volumetric",,,,,,,,,,0.000000,,,,,,,,,,0.000000,0.000000,,,,,,,,,,,,
"2FBBC752","Nodes",1120715.870000,1675805.370000,1313.064347,"Default Known Flow Node",69.999969,0.579999,1000.000000,0.000000,"Known Flow",0.000000,0.000000,2.16999993085665e-07,40.000000,0.579999,1000.000000,0.000000,0.000000,13.000000,0.000000,0.515376,0.579999,,,,7.884156,7.884156,,16.800279,,,,,,903.822387,0.066146,0.000000,0.000000,0.000000,,-459.670013,1000.000000,,0.000000,0.000000,,,,0.047121,"UNDEFINED",0.000000,0.997563,0.000000,,,,,"","",,,,7.884156,,0.000000,,0.000000,,,0.000000,0.000000,"",,,0.000000,,-1.000000,,0.000000,0.000000,-1.000000,-1.000000,,,,,,,,,,,"",,,,,,,,,,"Volumetric",,,,,,,,,,0.000000,,,,,,,,,,0.000000,0.000000,,,,,,,,,,,,
"2FBBC754","Nodes",1120300.620000,1675699.620000,1313.064347,"Default Known Flow Node",69.999969,0.579999,1000.000000,0.000000,"Known Flow",0.000000,0.000000,2.16999993085665e-07,40.000000,0.579999,1000.000000,0.000000,0.000000,13.000000,0.000000,0.515377,0.579999,,,,8.014026,8.014026,,16.800279,,,,,,903.822387,0.066146,0.000000,0.000000,0.000000,,-459.670013,1000.000000,,0.000000,0.000000,,,,0.047136,"SETFLOW",0.000000,0.997562,0.000000,,,,,"","",,,,8.014026,,0.000000,,0.000000,,,0.000000,0.000000,"",,,0.000000,,-1.000000,,0.000000,0.000000,-1.000000,-1.000000,,,,,,,,,,,"",,,,,,,,,,"Volumetric",,,,,,,,,,-0.004679,,,,,,,,,,-0.004679,-0.000112,,,,,,,,,,,,
"0BEC5F11","Nodes",1120282.870000,1675695.000000,1313.064347,"Default Known Flow Node",69.999969,0.579999,1000.000000,0.000000,"Known Flow",0.000000,0.000000,2.16999993085665e-07,40.000000,0.579999,1000.000000,0.000000,0.000000,13.000000,0.000000,0.515377,0.579999,,,,8.019148,8.019148,,16.800279,,,,,,903.822387,0.066146,0.000000,0.000000,0.000000,,-459.670013,1000.000000,,0.000000,0.000000,,,,0.047137,"UNDEFINED",0.000000,0.997562,0.000000,,,,,"","",,,,8.019148,,0.000000,,0.000000,,,0.000000,0.000000,"",,,0.000000,,-1.000000,,0.000000,0.000000,-1.000000,-1.000000,,,,,,,,,,,"",,,,,,,,,,"Volumetric",,,,,,,,,,0.000000,,,,,,,,,,0.000000,0.000000,,,,,,,,,,,,
"2FBBC751","Nodes",1120251.500000,1675686.870000,1313.064347,"Default Known Flow Node",69.999969,0.579999,1000.000000,0.000000,"Known Flow",0.000000,0.000000,2.16999993085665e-07,40.000000,0.579999,1000.000000,0.000000,0.000000,13.000000,0.000000,0.515377,0.579999,,,,8.027886,8.027886,,16.800279,,,,,,903.822387,0.066146,0.000000,0.000000,0.000000,,-459.670013,1000.000000,,0.000000,0.000000,,,,0.047138,"UNDEFINED",0.000000,0.997562,0.000000,,,,,"","",,,,8.027886,,0.000000,,0.000000,,,0.000000,0.000000,"",,,0.000000,,-1.000000,,0.000000,0.000000,-1.000000,-1.000000,,,,,,,,,,,"",,,,,,,,,,"Volumetric",,,,,,,,,,0.000000,,,,,,,,,,0.000000,0.000000,,,,,,,,,,,,
"2FBC4E98","Nodes",1117053.870000,1676168.370000,1313.064347,"Default Known Flow Node",69.999969,0.579999,1000.000000,0.000000,"Known Flow",0.000000,0.000000,2.16999993085665e-07,40.000000,0.579999,1000.000000,0.000000,0.000000,13.000000,0.000000,0.515373,0.579999,,,,7.287936,7.287936,,16.800279,,,,,,903.822387,0.066146,0.000000,0.000000,0.000000,,-459.670013,1000.000000,,0.000000,0.000000,,,,0.047054,"SETFLOW",0.000000,0.997567,0.000000,,,,,"","",,,,7.287936,,0.000000,,0.000000,,,0.000000,0.000000,"",,,0.000000,,-1.000000,,0.000000,0.000000,-1.000000,-1.000000,,,,,,,,,,,"",,,,,,,,,,"Volumetric",,,,,,,,,,-0.003275,,,,,,,,,,-0.003276,-0.000078,,,,,,,,,,,,
"2FBB2452","Nodes",1117072.000000,1676169.500000,1313.064347,"Default Known Flow Node",69.999969,0.579999,1000.000000,0.000000,"Known Flow",0.000000,0.000000,2.16999993085665e-07,40.000000,0.579999,1000.000000,0.000000,0.000000,13.000000,0.000000,0.515373,0.579999,,,,7.286731,7.286731,,16.800279,,,,,,903.822387,0.066146,0.000000,0.000000,0.000000,,-459.670013,1000.000000,,0.000000,0.000000,,,,0.047053,"UNDEFINED",0.000000,0.997567,0.000000,,,,,"","",,,,7.286731,,0.000000,,0.000000,,,0.000000,0.000000,"",,,0.000000,,-1.000000,,0.000000,0.000000,-1.000000,-1.000000,,,,,,,,,,,"",,,,,,,,,,"Volumetric",,,,,,,,,,0.000000,,,,,,,,,,0.000000,0.000000,,,,,,,,,,,,
"2FBC4CBD","Nodes",1122022.250000,1675606.250000,1313.064347,"Default Known Flow Node",69.999969,0.579999,1000.000000,0.000000,"Known Flow",0.000000,0.000000,2.16999993085665e-07,40.000000,0.579999,1000.000000,0.000000,0.000000,13.000000,0.000000,0.515379,0.579999,,,,8.339407,8.339407,,16.800279,,,,,,903.822387,0.066146,0.000000,0.000000,0.000000,,-459.670013,1000.000000,,0.000000,0.000000,,,,0.047173,"UNDEFINED",0.000000,0.997561,0.000000,,,,,"","",,,,8.339407,,0.000000,,0.000000,,,0.000000,0.000000,"",,,0.000000,,-1.000000,,0.000000,0.000000,-1.000000,-1.000000,,,,,,,,,,,"",,,,,,,,,,"Volumetric",,,,,,,,,,0.000000,,,,,,,,,,0.000000,0.000000,,,,,,,,,,,,
"2FBC4CCD","Nodes",1122024.620000,1675595.250000,1313.064347,"Default Known Flow Node",69.999969,0.579999,1000.000000,0.000000,"Known Flow",0.000000,0.000000,2.16999993085665e-07,40.000000,0.579999,1000.000000,0.000000,0.000000,13.000000,0.000000,0.515379,0.579999,,,,8.339825,8.339825,,16.800279,,,,,,903.822387,0.066146,0.000000,0.000000,0.000000,,-459.670013,1000.000000,,0.000000,0.000000,,,,0.047173,"UNDEFINED",0.000000,0.997561,0.000000,,,,,"","",,,,8.339825,,0.000000,,0.000000,,,0.000000,0.000000,"",,,0.000000,,-1.000000,,0.000000,0.000000,-1.000000,-1.000000,,,,,,,,,,,"",,,,,,,,,,"Volumetric",,,,,,,,,,0.000000,,,,,,,,,,0.000000,0.000000,,,,,,,,,,,,
"2FBC4CC4","Nodes",1122036.620000,1675544.620000,1313.064347,"Default Known Flow Node",69.999969,0.579999,1000.000000,0.000000,"Known Flow",0.000000,0.000000,2.16999993085665e-07,40.000000,0.579999,1000.000000,0.000000,0.000000,13.000000,0.000000,0.515379,0.579999,,,,8.342930,8.342930,,16.800279,,,,,,903.822387,0.066146,0.000000,0.000000,0.000000,,-459.670013,1000.000000,,0.000000,0.000000,,,,0.047173,"UNDEFINED",0.000000,0.997561,0.000000,,,,,"","",,,,8.342930,,0.000000,,0.000000,,,0.000000,0.000000,"",,,0.000000,,-1.000000,,0.000000,0.000000,-1.000000,-1.000000,,,,,,,,,,,"",,,,,,,,,,"Volumetric",,,,,,,,,,0.000000,,,,,,,,,,0.000000,0.000000,,,,,,,,,,,,
"2FBC4CCB","Nodes",1122027.870000,1675575.500000,1313.064347,"Default Known Flow Node",69.999969,0.579999,1000.000000,0.000000,"Known Flow",0.000000,0.000000,2.16999993085665e-07,40.000000,0.579999,1000.000000,0.000000,0.000000,13.000000,0.000000,0.515379,0.579999,,,,8.340439,8.340439,,16.800279,,,,,,903.822387,0.066146,0.000000,0.000000,0.000000,,-459.670013,1000.000000,,0.000000,0.000000,,,,0.047173,"UNDEFINED",0.000000,0.997561,0.000000,,,,,"","",,,,8.340439,,0.000000,,0.000000,,,0.000000,0.000000,"",,,0.000000,,-1.000000,,0.000000,0.000000,-1.000000,-1.000000,,,,,,,,,,,"",,,,,,,,,,"Volumetric",,,,,,,,,,0.000000,,,,,,,,,,0.000000,0.000000,,,,,,,,,,,,
"2FBC4CBC","Nodes",1122022.500000,1675574.250000,1313.064347,"Default Known Flow Node",69.999969,0.579999,1000.000000,0.000000,"Known Flow",0.000000,0.000000,2.16999993085665e-07,40.000000,0.579999,1000.000000,0.000000,0.000000,13.000000,0.000000,0.515379,0.579999,,,,8.340462,8.340462,,16.800279,,,,,,903.822387,0.066146,0.000000,0.000000,0.000000,,-459.670013,1000.000000,,0.000000,0.000000,,,,0.047173,"UNDEFINED",0.000000,0.997561,0.000000,,,,,"","",,,,8.340462,,0.000000,,0.000000,,,0.000000,0.000000,"",,,0.000000,,-1.000000,,0.000000,0.000000,-1.000000,-1.000000,,,,,,,,,,,"",,,,,,,,,,"Volumetric",,,,,,,,,,0.000000,,,,,,,,,,0.000000,0.000000,,,,,,,,,,,,
"2FBC4CBE","Nodes",1122266.258042,1675684.502533,1313.064347,"Default Known Flow Node",69.999969,0.579999,1000.000000,0.000000,"Known Flow",0.000000,0.000000,2.16999993085665e-07,40.000000,0.579999,1000.000000,0.000000,0.000000,13.000000,0.000000,0.515378,0.579999,,,,8.329712,8.329712,,16.800279,,,,,,903.822387,0.066146,0.000000,0.000000,0.000000,,-459.670013,1000.000000,,0.000000,0.000000,,,,0.047172,"UNDEFINED",0.000000,0.997561,0.000000,,,,,"","",,,,8.329712,,0.000000,,0.000000,,,0.000000,0.000000,"",,,0.000000,,-1.000000,,0.000000,0.000000,-1.000000,-1.000000,,,,,,,,,,,"",,,,,,,,,,"Volumetric",,,,,,,,,,0.000000,,,,,,,,,,0.000000,0.000000,,,,,,,,,,,,
"2FBC4C49","Nodes",1119741.370000,1670086.120000,1313.064347,"Default Known Flow Node",69.999969,0.579999,1000.000000,0.000000,"Known Flow",0.000000,0.000000,2.16999993085665e-07,40.000000,0.579999,1000.000000,0.000000,0.000000,13.000000,0.000000,0.515378,0.579999,,,,8.272016,8.272016,,16.800279,,,,,,903.822387,0.066146,0.000000,0.000000,0.000000,,-459.670013,1000.000000,,0.000000,0.000000,,,,0.047165,"UNDEFINED",0.000000,0.997561,0.000000,,,,,"","",,,,8.272016,,0.000000,,0.000000,,,0.000000,0.000000,"",,,0.000000,,-1.000000,,0.000000,0.000000,-1.000000,-1.000000,,,,,,,,,,,"",,,,,,,,,,"Volumetric",,,,,,,,,,0.000000,,,,,,,,,,0.000000,0.000000,,,,,,,,,,,,
"2FBC4C4A","Nodes",1119417.620000,1670150.120000,1313.064347,"Default Known Flow Node",69.999969,0.579999,1000.000000,0.000000,"Known Flow",0.000000,0.000000,2.16999993085665e-07,40.000000,0.579999,1000.000000,0.000000,0.000000,13.000000,0.000000,0.515378,0.579999,,,,8.241628,8.241628,,16.800279,,,,,,903.822387,0.066146,0.000000,0.000000,0.000000,,-459.670013,1000.000000,,0.000000,0.000000,,,,0.047162,"UNDEFINED",0.000000,0.997561,0.000000,,,,,"","",,,,8.241628,,0.000000,,0.000000,,,0.000000,0.000000,"",,,0.000000,,-1.000000,,0.000000,0.000000,-1.000000,-1.000000,,,,,,,,,,,"",,,,,,,,,,"Volumetric",,,,,,,,,,0.000000,,,,,,,,,,0.000000,0.000000,,,,,,,,,,,,
"0BEC515B","Nodes",1119426.250000,1670142.620000,1313.064347,"Default Known Flow Node",69.999969,0.579999,1000.000000,0.000000,"Known Flow",0.000000,0.000000,2.16999993085665e-07,40.000000,0.579999,1000.000000,0.000000,0.000000,13.000000,0.000000,0.515378,0.579999,,,,8.241675,8.241675,,16.800279,,,,,,903.822387,0.066146,0.000000,0.000000,0.000000,,-459.670013,1000.000000,,0.000000,0.000000,,,,0.047162,"SETFLOW",0.000000,0.997561,0.000000,,,,,"","",,,,8.241675,,0.000000,,0.000000,,,0.000000,0.000000,"",,,0.000000,,-1.000000,,0.000000,0.000000,-1.000000,-1.000000,,,,,,,,,,,"",,,,,,,,,,"Volumetric",,,,,,,,,,-1.338731,,,,,,,,,,-1.338731,-0.032129,,,,,,,,,,,,
"2FB8DE8A","Nodes",1121329.870000,1673238.370000,1313.064347,"Default Known Flow Node",69.999969,0.579999,1000.000000,0.000000,"Known Flow",0.000000,0.000000,2.16999993085665e-07,40.000000,0.579999,1000.000000,0.000000,0.000000,13.000000,0.000000,0.515381,0.579999,,,,8.703572,8.703572,,16.800279,,,,,,903.822387,0.066145,0.000000,0.000000,0.000000,,-459.670013,1000.000000,,0.000000,0.000000,,,,0.047214,"UNDEFINED",0.000000,0.997558,0.000000,,,,,"","",,,,8.703572,,0.000000,,0.000000,,,0.000000,0.000000,"",,,0.000000,,-1.000000,,0.000000,0.000000,-1.000000,-1.000000,,,,,,,,,,,"",,,,,,,,,,"Volumetric",,,,,,,,,,0.000000,,,,,,,,,,0.000000,0.000000,,,,,,,,,,,,
"2FBC541D","Nodes",1121329.000000,1673241.500000,1313.064347,"Default Known Flow Node",69.999969,0.579999,1000.000000,0.000000,"Known Flow",0.000000,0.000000,2.16999993085665e-07,40.000000,0.579999,1000.000000,0.000000,0.000000,13.000000,0.000000,0.515381,0.579999,,,,8.703582,8.703582,,16.800279,,,,,,903.822387,0.066145,0.000000,0.000000,0.000000,,-459.670013,1000.000000,,0.000000,0.000000,,,,0.047214,"UNDEFINED",0.000000,0.997558,0.000000,,,,,"","",,,,8.703582,,0.000000,,0.000000,,,0.000000,0.000000,"",,,0.000000,,-1.000000,,0.000000,0.000000,-1.000000,-1.000000,,,,,,,,,,,"",,,,,,,,,,"Volumetric",,,,,,,,,,0.000000,,,,,,,,,,0.000000,0.000000,,,,,,,,,,,,
"0BEC530E","Nodes",1121021.500000,1673162.620000,1313.064347,"Default Known Flow Node",69.999969,0.579999,1000.000000,0.000000,"Known Flow",0.000000,0.000000,2.16999993085665e-07,40.000000,0.579999,1000.000000,0.000000,0.000000,13.000000,0.000000,0.515381,0.579999,,,,8.704469,8.704469,,16.800279,,,,,,903.822387,0.066145,0.000000,0.000000,0.000000,,-459.670013,1000.000000,,0.000000,0.000000,,,,0.047214,"SETFLOW",0.000000,0.997558,0.000000,,,,,"","",,,,8.704469,,0.000000,,0.000000,,,0.000000,0.000000,"",,,0.000000,,-1.000000,,0.000000,0.000000,-1.000000,-1.000000,,,,,,,,,,,"",,,,,,,,,,"Volumetric",,,,,,,,,,-0.013922,,,,,,,,,,-0.013922,-0.000334,,,,,,,,,,,,
"2FBC541A","Nodes",1121016.870000,1673161.500000,1313.064347,"Default Known Flow Node",69.999969,0.579999,1000.000000,0.000000,"Known Flow",0.000000,0.000000,2.16999993085665e-07,40.000000,0.579999,1000.000000,0.000000,0.000000,13.000000,0.000000,0.515381,0.579999,,,,8.705053,8.705053,,16.800279,,,,,,903.822387,0.066145,0.000000,0.000000,0.000000,,-459.670013,1000.000000,,0.000000,0.000000,,,,0.047215,"UNDEFINED",0.000000,0.997558,0.000000,,,,,"","",,,,8.705053,,0.000000,,0.000000,,,0.000000,0.000000,"",,,0.000000,,-1.000000,,0.000000,0.000000,-1.000000,-1.000000,,,,,,,,,,,"",,,,,,,,,,"Volumetric",,,,,,,,,,0.000000,,,,,,,,,,0.000000,0.000000,,,,,,,,,,,,
"2FBC4E3B","Nodes",1115414.500000,1669540.620000,1313.064347,"Default Known Flow Node",69.999969,0.579999,1000.000000,0.000000,"Known Flow",0.000000,0.000000,2.16999993085665e-07,40.000000,0.579999,1000.000000,0.000000,0.000000,13.000000,0.000000,0.515375,0.579999,,,,7.713415,7.713415,,16.800279,,,,,,903.822387,0.066146,0.000000,0.000000,0.000000,,-459.670013,1000.000000,,0.000000,0.000000,,,,0.047102,"UNDEFINED",0.000000,0.997564,0.000000,,,,,"","",,,,7.713415,,0.000000,,0.000000,,,0.000000,0.000000,"",,,0.000000,,-1.000000,,0.000000,0.000000,-1.000000,-1.000000,,,,,,,,,,,"",,,,,,,,,,"Volumetric",,,,,,,,,,0.000000,,,,,,,,,,0.000000,0.000000,,,,,,,,,,,,
"2FBC4E3C","Nodes",1115412.870000,1669541.620000,1313.064347,"Default Known Flow Node",69.999969,0.579999,1000.000000,0.000000,"Known Flow",0.000000,0.000000,2.16999993085665e-07,40.000000,0.579999,1000.000000,0.000000,0.000000,13.000000,0.000000,0.515375,0.579999,,,,7.711386,7.711386,,16.800279,,,,,,903.822387,0.066146,0.000000,0.000000,0.000000,,-459.670013,1000.000000,,0.000000,0.000000,,,,0.047102,"SETFLOW",0.000000,0.997564,0.000000,,,,,"","",,,,7.711386,,0.000000,,0.000000,,,0.000000,0.000000,"",,,0.000000,,-1.000000,,0.000000,0.000000,-1.000000,-1.000000,,,,,,,,,,,"",,,,,,,,,,"Volumetric",,,,,,,,,,-0.127589,,,,,,,,,,-0.127589,-0.003062,,,,,,,,,,,,
"2FBC22BB","Nodes",1116109.620000,1670400.870000,1313.064347,"Default Known Flow Node",69.999969,0.579999,1000.000000,0.000000,"Known Flow",0.000000,0.000000,2.16999993085665e-07,40.000000,0.579999,1000.000000,0.000000,0.000000,13.000000,0.000000,0.515374,0.579999,,,,7.599515,7.599515,,16.800279,,,,,,903.822387,0.066146,0.000000,0.000000,0.000000,,-459.670013,1000.000000,,0.000000,0.000000,,,,0.047089,"UNDEFINED",0.000000,0.997565,0.000000,,,,,"","",,,,7.599515,,0.000000,,0.000000,,,0.000000,0.000000,"",,,0.000000,,-1.000000,,0.000000,0.000000,-1.000000,-1.000000,,,,,,,,,,,"",,,,,,,,,,"Volumetric",,,,,,,,,,0.000000,,,,,,,,,,0.000000,0.000000,,,,,,,,,,,,
"2FBC22BC","Nodes",1116104.750000,1670393.620000,1313.064347,"Default Known Flow Node",69.999969,0.579999,1000.000000,0.000000,"Known Flow",0.000000,0.000000,2.16999993085665e-07,40.000000,0.579999,1000.000000,0.000000,0.000000,13.000000,0.000000,0.515374,0.579999,,,,7.599488,7.599488,,16.800279,,,,,,903.822387,0.066146,0.000000,0.000000,0.000000,,-459.670013,1000.000000,,0.000000,0.000000,,,,0.047089,"UNDEFINED",0.000000,0.997565,0.000000,,,,,"","",,,,7.599488,,0.000000,,0.000000,,,0.000000,0.000000,"",,,0.000000,,-1.000000,,0.000000,0.000000,-1.000000,-1.000000,,,,,,,,,,,"",,,,,,,,,,"Volumetric",,,,,,,,,,0.000000,,,,,,,,,,0.000000,0.000000,,,,,,,,,,,,
"2FB146F2","Nodes",1115864.120000,1670041.620000,1313.064347,"Default Known Flow Node",69.999969,0.579999,1000.000000,0.000000,"Known Flow",0.000000,0.000000,2.16999993085665e-07,40.000000,0.579999,1000.000000,0.000000,0.000000,13.000000,0.000000,0.515374,0.579999,,,,7.598711,7.598711,,16.800279,,,,,,903.822387,0.066146,0.000000,0.000000,0.000000,,-459.670013,1000.000000,,0.000000,0.000000,,,,0.047089,"UNDEFINED",0.000000,0.997565,0.000000,,,,,"","",,,,7.598711,,0.000000,,0.000000,,,0.000000,0.000000,"",,,0.000000,,-1.000000,,0.000000,0.000000,-1.000000,-1.000000,,,,,,,,,,,"",,,,,,,,,,"Volumetric",,,,,,,,,,0.000000,,,,,,,,,,0.000000,0.000000,,,,,,,,,,,,
"2FBA28CC","Nodes",1118995.370000,1670230.250000,1313.064347,"Default Known Flow Node",69.999969,0.579999,1000.000000,0.000000,"Known Flow",0.000000,0.000000,2.16999993085665e-07,40.000000,0.579999,1000.000000,0.000000,0.000000,13.000000,0.000000,0.515368,0.579999,,,,6.493471,6.493471,,16.800279,,,,,,903.822387,0.066147,0.000000,0.000000,0.000000,,-459.670013,1000.000000,,0.000000,0.000000,,,,0.046963,"UNDEFINED",0.000000,0.997571,0.000000,,,,,"","",,,,6.493471,,0.000000,,0.000000,,,0.000000,0.000000,"",,,0.000000,,-1.000000,,0.000000,0.000000,-1.000000,-1.000000,,,,,,,,,,,"",,,,,,,,,,"Volumetric",,,,,,,,,,0.000000,,,,,,,,,,0.000000,0.000000,,,,,,,,,,,,
"0BEC503C","Nodes",1119064.620000,1670217.620000,1313.064347,"Default Known Flow Node",69.999969,0.579999,1000.000000,0.000000,"Known Flow",0.000000,0.000000,2.16999993085665e-07,40.000000,0.579999,1000.000000,0.000000,0.000000,13.000000,0.000000,0.515368,0.579999,,,,6.493471,6.493471,,16.800279,,,,,,903.822387,0.066147,0.000000,0.000000,0.000000,,-459.670013,1000.000000,,0.000000,0.000000,,,,0.046963,"UNDEFINED",0.000000,0.997571,0.000000,,,,,"","",,,,6.493471,,0.000000,,0.000000,,,0.000000,0.000000,"",,,0.000000,,-1.000000,,0.000000,0.000000,-1.000000,-1.000000,,,,,,,,,,,"",,,,,,,,,,"Volumetric",,,,,,,,,,0.000000,,,,,,,,,,0.000000,0.000000,,,,,,,,,,,,
"2FBA28CE","Nodes",1118997.620000,1670229.750000,1313.064347,"Default Known Flow Node",69.999969,0.579999,1000.000000,0.000000,"Known Flow",0.000000,0.000000,2.16999993085665e-07,40.000000,0.579999,1000.000000,0.000000,0.000000,13.000000,0.000000,0.515368,0.579999,,,,6.493471,6.493471,,16.800279,,,,,,903.822387,0.066147,0.000000,0.000000,0.000000,,-459.670013,1000.000000,,0.000000,0.000000,,,,0.046963,"UNDEFINED",0.000000,0.997571,0.000000,,,,,"","",,,,6.493471,,0.000000,,0.000000,,,0.000000,0.000000,"",,,0.000000,,-1.000000,,0.000000,0.000000,-1.000000,-1.000000,,,,,,,,,,,"",,,,,,,,,,"Volumetric",,,,,,,,,,0.000000,,,,,,,,,,0.000000,0.000000,,,,,,,,,,,,
"2FBC4ECE","Nodes",1118958.120000,1678595.500000,1313.064347,"Default Known Flow Node",69.999969,0.579999,1000.000000,0.000000,"Known Flow",0.000000,0.000000,2.16999993085665e-07,40.000000,0.579999,1000.000000,0.000000,0.000000,13.000000,0.000000,0.515372,0.579999,,,,7.211201,7.211201,,16.800279,,,,,,903.822387,0.066146,0.000000,0.000000,0.000000,,-459.670013,1000.000000,,0.000000,0.000000,,,,0.047045,"UNDEFINED",0.000000,0.997567,0.000000,,,,,"","",,,,7.211201,,0.000000,,0.000000,,,0.000000,0.000000,"",,,0.000000,,-1.000000,,0.000000,0.000000,-1.000000,-1.000000,,,,,,,,,,,"",,,,,,,,,,"Volumetric",,,,,,,,,,0.000000,,,,,,,,,,0.000000,0.000000,,,,,,,,,,,,
"2FB9EF27","Nodes",1119603.390217,1674152.504223,1313.064347,"Default Known Flow Node",69.999969,0.579999,1000.000000,0.000000,"Known Flow",0.000000,0.000000,2.16999993085665e-07,40.000000,0.579999,1000.000000,0.000000,0.000000,13.000000,0.000000,0.515383,0.579999,,,,9.187944,9.187944,,16.800279,,,,,,903.822387,0.066145,0.000000,0.000000,0.000000,,-459.670013,1000.000000,,0.000000,0.000000,,,,0.047269,"UNDEFINED",0.000000,0.997556,0.000000,,,,,"","",,,,9.187944,,0.000000,,0.000000,,,0.000000,0.000000,"",,,0.000000,,-1.000000,,0.000000,0.000000,-1.000000,-1.000000,,,,,,,,,,,"",,,,,,,,,,"Volumetric",,,,,,,,,,0.000000,,,,,,,,,,0.000000,0.000000,,,,,,,,,,,,
"2FB9EF35","Nodes",1119608.617027,1674164.209333,1313.064347,"Default Known Flow Node",69.999969,0.579999,1000.000000,0.000000,"Known Flow",0.000000,0.000000,2.16999993085665e-07,40.000000,0.579999,1000.000000,0.000000,0.000000,13.000000,0.000000,0.515383,0.579999,,,,9.191093,9.191093,,16.800279,,,,,,903.822387,0.066145,0.000000,0.000000,0.000000,,-459.670013,1000.000000,,0.000000,0.000000,,,,0.047270,"UNDEFINED",0.000000,0.997556,0.000000,,,,,"","",,,,9.191093,,0.000000,,0.000000,,,0.000000,0.000000,"",,,0.000000,,-1.000000,,0.000000,0.000000,-1.000000,-1.000000,,,,,,,,,,,"",,,,,,,,,,"Volumetric",,,,,,,,,,0.000000,,,,,,,,,,0.000000,0.000000,,,,,,,,,,,,
"2FB9EF37","Nodes",1119623.598096,1674174.092421,1313.064347,"Default Known Flow Node",69.999969,0.579999,1000.000000,0.000000,"Known Flow",0.000000,0.000000,2.16999993085665e-07,40.000000,0.579999,1000.000000,0.000000,0.000000,13.000000,0.000000,0.515383,0.579999,,,,9.199640,9.199640,,16.800279,,,,,,903.822387,0.066145,0.000000,0.000000,0.000000,,-459.670013,1000.000000,,0.000000,0.000000,,,,0.047271,"UNDEFINED",0.000000,0.997555,0.000000,,,,,"","",,,,9.199640,,0.000000,,0.000000,,,0.000000,0.000000,"",,,0.000000,,-1.000000,,0.000000,0.000000,-1.000000,-1.000000,,,,,,,,,,,"",,,,,,,,,,"Volumetric",,,,,,,,,,0.000000,,,,,,,,,,0.000000,0.000000,,,,,,,,,,,,
"2FB24F41","Nodes",1119627.094906,1674174.975826,1313.064347,"Default Known Flow Node",69.999969,0.579999,1000.000000,0.000000,"Known Flow",0.000000,0.000000,2.16999993085665e-07,40.000000,0.579999,1000.000000,0.000000,0.000000,13.000000,0.000000,0.515383,0.579999,,,,9.201439,9.201439,,16.800279,,,,,,903.822387,0.066145,0.000000,0.000000,0.000000,,-459.670013,1000.000000,,0.000000,0.000000,,,,0.047271,"SETFLOW",0.000000,0.997555,0.000000,,,,,"","",,,,9.201439,,0.000000,,0.000000,,,0.000000,0.000000,"",,,0.000000,,-1.000000,,0.000000,0.000000,-1.000000,-1.000000,,,,,,,,,,,"",,,,,,,,,,"Volumetric",,,,,,,,,,-0.028828,,,,,,,,,,-0.028828,-0.000691,,,,,,,,,,,,
"2FB9EF28","Nodes",1119701.104647,1674186.553360,1313.064347,"Default Known Flow Node",69.999969,0.579999,1000.000000,0.000000,"Known Flow",0.000000,0.000000,2.16999993085665e-07,40.000000,0.579999,1000.000000,0.000000,0.000000,13.000000,0.000000,0.515383,0.579999,,,,9.158307,9.158307,,16.800279,,,,,,903.822387,0.066145,0.000000,0.000000,0.000000,,-459.670013,1000.000000,,0.000000,0.000000,,,,0.047266,"UNDEFINED",0.000000,0.997556,0.000000,,,,,"","",,,,9.158307,,0.000000,,0.000000,,,0.000000,0.000000,"",,,0.000000,,-1.000000,,0.000000,0.000000,-1.000000,-1.000000,,,,,,,,,,,"",,,,,,,,,,"Volumetric",,,,,,,,,,0.000000,,,,,,,,,,0.000000,0.000000,,,,,,,,,,,,
"2FB9EF3A","Nodes",1119620.133648,1674205.633281,1313.064347,"Default Known Flow Node",69.999969,0.579999,1000.000000,0.000000,"Known Flow",0.000000,0.000000,2.16999993085665e-07,40.000000,0.579999,1000.000000,0.000000,0.000000,13.000000,0.000000,0.515383,0.579999,,,,9.171575,9.171575,,16.800279,,,,,,903.822387,0.066145,0.000000,0.000000,0.000000,,-459.670013,1000.000000,,0.000000,0.000000,,,,0.047268,"UNDEFINED",0.000000,0.997556,0.000000,,,,,"","",,,,9.171575,,0.000000,,0.000000,,,0.000000,0.000000,"",,,0.000000,,-1.000000,,0.000000,0.000000,-1.000000,-1.000000,,,,,,,,,,,"",,,,,,,,,,"Volumetric",,,,,,,,,,0.000000,,,,,,,,,,0.000000,0.000000,,,,,,,,,,,,
"2FB9EF34","Nodes",1119625.475331,1674182.153488,1313.064347,"Default Known Flow Node",69.999969,0.579999,1000.000000,0.000000,"Known Flow",0.000000,0.000000,2.16999993085665e-07,40.000000,0.579999,1000.000000,0.000000,0.000000,13.000000,0.000000,0.515383,0.579999,,,,9.194024,9.194024,,16.800279,,,,,,903.822387,0.066145,0.000000,0.000000,0.000000,,-459.670013,1000.000000,,0.000000,0.000000,,,,0.047270,"UNDEFINED",0.000000,0.997556,0.000000,,,,,"","",,,,9.194024,,0.000000,,0.000000,,,0.000000,0.000000,"",,,0.000000,,-1.000000,,0.000000,0.000000,-1.000000,-1.000000,,,,,,,,,,,"",,,,,,,,,,"Volumetric",,,,,,,,,,0.000000,,,,,,,,,,0.000000,0.000000,,,,,,,,,,,,
"2FB9EF3C","Nodes",1119685.889623,1674196.104892,1313.064347,"Default Known Flow Node",69.999969,0.579999,1000.000000,0.000000,"Known Flow",0.000000,0.000000,2.16999993085665e-07,40.000000,0.579999,1000.000000,0.000000,0.000000,13.000000,0.000000,0.515383,0.579999,,,,9.167029,9.167029,,16.800279,,,,,,903.822387,0.066145,0.000000,0.000000,0.000000,,-459.670013,1000.000000,,0.000000,0.000000,,,,0.047267,"UNDEFINED",0.000000,0.997556,0.000000,,,,,"","",,,,9.167029,,0.000000,,0.000000,,,0.000000,0.000000,"",,,0.000000,,-1.000000,,0.000000,0.000000,-1.000000,-1.000000,,,,,,,,,,,"",,,,,,,,,,"Volumetric",,,,,,,,,,0.000000,,,,,,,,,,0.000000,0.000000,,,,,,,,,,,,
"2FB9E6A3","Nodes",1119649.885651,1674187.803976,1313.064347,"Default Known Flow Node",69.999969,0.579999,1000.000000,0.000000,"Known Flow",0.000000,0.000000,2.16999993085665e-07,40.000000,0.579999,1000.000000,0.000000,0.000000,13.000000,0.000000,0.515383,0.579999,,,,9.183226,9.183226,,16.800279,,,,,,903.822387,0.066145,0.000000,0.000000,0.000000,,-459.670013,1000.000000,,0.000000,0.000000,,,,0.047269,"UNDEFINED",0.000000,0.997556,0.000000,,,,,"","",,,,9.183226,,0.000000,,0.000000,,,0.000000,0.000000,"",,,0.000000,,-1.000000,,0.000000,0.000000,-1.000000,-1.000000,,,,,,,,,,,"",,,,,,,,,,"Volumetric",,,,,,,,,,0.000000,,,,,,,,,,0.000000,0.000000,,,,,,,,,,,,
"2FB9E6A2","Nodes",1119637.231995,1674184.950226,1313.064347,"Default Known Flow Node",69.999969,0.579999,1000.000000,0.000000,"Known Flow",0.000000,0.000000,2.16999993085665e-07,40.000000,0.579999,1000.000000,0.000000,0.000000,13.000000,0.000000,0.515383,0.579999,,,,9.189456,9.189456,,16.800279,,,,,,903.822387,0.066145,0.000000,0.000000,0.000000,,-459.670013,1000.000000,,0.000000,0.000000,,,,0.047270,"UNDEFINED",0.000000,0.997556,0.000000,,,,,"","",,,,9.189456,,0.000000,,0.000000,,,0.000000,0.000000,"",,,0.000000,,-1.000000,,0.000000,0.000000,-1.000000,-1.000000,,,,,,,,,,,"",,,,,,,,,,"Volumetric",,,,,,,,,,0.000000,,,,,,,,,,0.000000,0.000000,,,,,,,,,,,,
"2FBA9409","Nodes",1120235.040664,1670210.942515,1313.064347,"Default Known Flow Node",69.999969,0.579999,1000.000000,0.000000,"Known Flow",0.000000,0.000000,2.16999993085665e-07,40.000000,0.579999,1000.000000,0.000000,0.000000,13.000000,0.000000,0.515380,0.579999,,,,8.679420,8.679420,,16.800279,,,,,,903.822387,0.066145,0.000000,0.000000,0.000000,,-459.670013,1000.000000,,0.000000,0.000000,,,,0.047212,"UNDEFINED",0.000000,0.997559,0.000000,,,,,"","",,,,8.679420,,0.000000,,0.000000,,,0.000000,0.000000,"",,,0.000000,,-1.000000,,0.000000,0.000000,-1.000000,-1.000000,,,,,,,,,,,"",,,,,,,,,,"Volumetric",,,,,,,,,,0.000000,,,,,,,,,,0.000000,0.000000,,,,,,,,,,,,
"0BEC5193","Nodes",1120256.119799,1670213.663211,1313.064347,"Default Known Flow Node",69.999969,0.579999,1000.000000,0.000000,"Known Flow",0.000000,0.000000,2.16999993085665e-07,40.000000,0.579999,1000.000000,0.000000,0.000000,13.000000,0.000000,0.515380,0.579999,,,,8.679408,8.679408,,16.800279,,,,,,903.822387,0.066145,0.000000,0.000000,0.000000,,-459.670013,1000.000000,,0.000000,0.000000,,,,0.047212,"SETFLOW",0.000000,0.997559,0.000000,,,,,"","",,,,8.679408,,0.000000,,0.000000,,,0.000000,0.000000,"",,,0.000000,,-1.000000,,0.000000,0.000000,-1.000000,-1.000000,,,,,,,,,,,"",,,,,,,,,,"Volumetric",,,,,,,,,,-0.011223,,,,,,,,,,-0.011223,-0.000269,,,,,,,,,,,,
"2FBB64F5","Nodes",1120238.019470,1670211.303900,1313.064347,"Default Known Flow Node",69.999969,0.579999,1000.000000,0.000000,"Known Flow",0.000000,0.000000,2.16999993085665e-07,40.000000,0.579999,1000.000000,0.000000,0.000000,13.000000,0.000000,0.515380,0.579999,,,,8.679418,8.679418,,16.800279,,,,,,903.822387,0.066145,0.000000,0.000000,0.000000,,-459.670013,1000.000000,,0.000000,0.000000,,,,0.047212,"UNDEFINED",0.000000,0.997559,0.000000,,,,,"","",,,,8.679418,,0.000000,,0.000000,,,0.000000,0.000000,"",,,0.000000,,-1.000000,,0.000000,0.000000,0.000000,-1.000000,,,,,,,,,,,"",,,,,,,,,,"Volumetric",,,,,,,,,,0.000000,,,,,,,,,,0.000000,0.000000,,,,,,,,,,,,
"2FBC5472","Nodes",1120560.870000,1670262.500000,1313.064347,"Default Known Flow Node",69.999969,0.579999,1000.000000,0.000000,"Known Flow",0.000000,0.000000,2.16999993085665e-07,40.000000,0.579999,1000.000000,0.000000,0.000000,13.000000,0.000000,0.515380,0.579999,,,,8.635572,8.635572,,16.800279,,,,,,903.822387,0.066145,0.000000,0.000000,0.000000,,-459.670013,1000.000000,,0.000000,0.000000,,,,0.047207,"UNDEFINED",0.000000,0.997559,0.000000,,,,,"","",,,,8.635572,,0.000000,,0.000000,,,0.000000,0.000000,"",,,0.000000,,-1.000000,,0.000000,0.000000,-1.000000,-1.000000,,,,,,,,,,,"",,,,,,,,,,"Volumetric",,,,,,,,,,0.000000,,,,,,,,,,0.000000,0.000000,,,,,,,,,,,,
"0BEC6036","Nodes",1122230.429002,1676436.129382,1313.064347,"Default Known Flow Node",69.999969,0.579999,1000.000000,0.000000,"Known Flow",0.000000,0.000000,2.16999993085665e-07,40.000000,0.579999,1000.000000,0.000000,0.000000,13.000000,0.000000,0.515378,0.579999,,,,8.274959,8.274959,,16.800279,,,,,,903.822387,0.066146,0.000000,0.000000,0.000000,,-459.670013,1000.000000,,0.000000,0.000000,,,,0.047166,"UNDEFINED",0.000000,0.997561,0.000000,,,,,"","",,,,8.274959,,0.000000,,0.000000,,,0.000000,0.000000,"",,,0.000000,,-1.000000,,0.000000,0.000000,-1.000000,-1.000000,,,,,,,,,,,"",,,,,,,,,,"Volumetric",,,,,,,,,,0.000000,,,,,,,,,,0.000000,0.000000,,,,,,,,,,,,
"0BEC6035","Nodes",1122231.764668,1676430.900842,1313.064347,"Default Known Flow Node",69.999969,0.579999,1000.000000,0.000000,"Known Flow",0.000000,0.000000,2.16999993085665e-07,40.000000,0.579999,1000.000000,0.000000,0.000000,13.000000,0.000000,0.515378,0.579999,,,,8.275008,8.275008,,16.800279,,,,,,903.822387,0.066146,0.000000,0.000000,0.000000,,-459.670013,1000.000000,,0.000000,0.000000,,,,0.047166,"UNDEFINED",0.000000,0.997561,0.000000,,,,,"","",,,,8.275008,,0.000000,,0.000000,,,0.000000,0.000000,"",,,0.000000,,-1.000000,,0.000000,0.000000,-1.000000,-1.000000,,,,,,,,,,,"",,,,,,,,,,"Volumetric",,,,,,,,,,0.000000,,,,,,,,,,0.000000,0.000000,,,,,,,,,,,,
"2FB24FE7","Nodes",1122248.551203,1676364.623693,1313.064347,"Default Known Flow Node",69.999969,0.579999,1000.000000,0.000000,"Known Flow",0.000000,0.000000,2.16999993085665e-07,40.000000,0.579999,1000.000000,0.000000,0.000000,13.000000,0.000000,0.515378,0.579999,,,,8.275946,8.275946,,16.800279,,,,,,903.822387,0.066146,0.000000,0.000000,0.000000,,-459.670013,1000.000000,,0.000000,0.000000,,,,0.047166,"UNDEFINED",0.000000,0.997561,0.000000,,,,,"","",,,,8.275946,,0.000000,,0.000000,,,0.000000,0.000000,"",,,0.000000,,-1.000000,,0.000000,0.000000,-1.000000,-1.000000,,,,,,,,,,,"",,,,,,,,,,"Volumetric",,,,,,,,,,0.000000,,,,,,,,,,0.000000,0.000000,,,,,,,,,,,,
"2FB24FE5","Nodes",1122222.334444,1676439.548614,1313.064347,"Default Known Flow Node",69.999969,0.579999,1000.000000,0.000000,"Known Flow",0.000000,0.000000,2.16999993085665e-07,40.000000,0.579999,1000.000000,0.000000,0.000000,13.000000,0.000000,0.515378,0.579999,,,,8.243661,8.243661,,16.800279,,,,,,903.822387,0.066146,0.000000,0.000000,0.000000,,-459.670013,1000.000000,,0.000000,0.000000,,,,0.047162,"UNDEFINED",0.000000,0.997561,0.000000,,,,,"","",,,,8.243661,,0.000000,,0.000000,,,0.000000,0.000000,"",,,0.000000,,-1.000000,,0.000000,0.000000,-1.000000,-1.000000,,,,,,,,,,,"",,,,,,,,,,"Volumetric",,,,,,,,,,0.000000,,,,,,,,,,0.000000,0.000000,,,,,,,,,,,,
"0BEC603A","Nodes",1122236.728242,1676442.827608,1313.064347,"Default Known Flow Node",69.999969,0.579999,1000.000000,0.000000,"Known Flow",0.000000,0.000000,2.16999993085665e-07,40.000000,0.579999,1000.000000,0.000000,0.000000,13.000000,0.000000,0.515378,0.579999,,,,8.244847,8.244847,,16.800279,,,,,,903.822387,0.066146,0.000000,0.000000,0.000000,,-459.670013,1000.000000,,0.000000,0.000000,,,,0.047162,"UNDEFINED",0.000000,0.997561,0.000000,,,,,"","",,,,8.244847,,0.000000,,0.000000,,,0.000000,0.000000,"",,,0.000000,,-1.000000,,0.000000,0.000000,-1.000000,-1.000000,,,,,,,,,,,"",,,,,,,,,,"Volumetric",,,,,,,,,,0.000000,,,,,,,,,,0.000000,0.000000,,,,,,,,,,,,
"2FB24FE6","Nodes",1122319.750000,1676461.620000,1313.064347,"Default Known Flow Node",69.999969,0.579999,1000.000000,0.000000,"Known Flow",0.000000,0.000000,2.16999993085665e-07,40.000000,0.579999,1000.000000,0.000000,0.000000,13.000000,0.000000,0.515378,0.579999,,,,8.225092,8.225092,,16.800279,,,,,,903.822387,0.066146,0.000000,0.000000,0.000000,,-459.670013,1000.000000,,0.000000,0.000000,,,,0.047160,"UNDEFINED",0.000000,0.997561,0.000000,,,,,"","",,,,8.225092,,0.000000,,0.000000,,,0.000000,0.000000,"",,,0.000000,,-1.000000,,0.000000,0.000000,-1.000000,-1.000000,,,,,,,,,,,"",,,,,,,,,,"Volumetric",,,,,,,,,,0.000000,,,,,,,,,,0.000000,0.000000,,,,,,,,,,,,
"0BEC6081","Nodes",1122378.870000,1676474.370000,1313.064347,"Default Known Flow Node",69.999969,0.579999,1000.000000,0.000000,"Known Flow",0.000000,0.000000,2.16999993085665e-07,40.000000,0.579999,1000.000000,0.000000,0.000000,13.000000,0.000000,0.515378,0.579999,,,,8.206287,8.206287,,16.800279,,,,,,903.822387,0.066146,0.000000,0.000000,0.000000,,-459.670013,1000.000000,,0.000000,0.000000,,,,0.047158,"UNDEFINED",0.000000,0.997561,0.000000,,,,,"","",,,,8.206287,,0.000000,,0.000000,,,0.000000,0.000000,"",,,0.000000,,-1.000000,,0.000000,0.000000,-1.000000,-1.000000,,,,,,,,,,,"",,,,,,,,,,"Volumetric",,,,,,,,,,0.000000,,,,,,,,,,0.000000,0.000000,,,,,,,,,,,,
"0BEC603D","Nodes",1122251.437277,1676440.986010,1313.064347,"Default Known Flow Node",69.999969,0.579999,1000.000000,0.000000,"Known Flow",0.000000,0.000000,2.16999993085665e-07,40.000000,0.579999,1000.000000,0.000000,0.000000,13.000000,0.000000,0.515378,0.579999,,,,8.248881,8.248881,,16.800279,,,,,,903.822387,0.066146,0.000000,0.000000,0.000000,,-459.670013,1000.000000,,0.000000,0.000000,,,,0.047163,"UNDEFINED",0.000000,0.997561,0.000000,,,,,"","",,,,8.248881,,0.000000,,0.000000,,,0.000000,0.000000,"",,,0.000000,,-1.000000,,0.000000,0.000000,-1.000000,-1.000000,,,,,,,,,,,"",,,,,,,,,,"Volumetric",,,,,,,,,,0.000000,,,,,,,,,,0.000000,0.000000,,,,,,,,,,,,
"0BEC603F","Nodes",1122252.423797,1676436.124398,1313.064347,"Default Known Flow Node",69.999969,0.579999,1000.000000,0.000000,"Known Flow",0.000000,0.000000,2.16999993085665e-07,40.000000,0.579999,1000.000000,0.000000,0.000000,13.000000,0.000000,0.515378,0.579999,,,,8.249725,8.249725,,16.800279,,,,,,903.822387,0.066146,0.000000,0.000000,0.000000,,-459.670013,1000.000000,,0.000000,0.000000,,,,0.047163,"UNDEFINED",0.000000,0.997561,0.000000,,,,,"","",,,,8.249725,,0.000000,,0.000000,,,0.000000,0.000000,"",,,0.000000,,-1.000000,,0.000000,0.000000,-1.000000,-1.000000,,,,,,,,,,,"",,,,,,,,,,"Volumetric",,,,,,,,,,0.000000,,,,,,,,,,0.000000,0.000000,,,,,,,,,,,,
"0BEC603E","Nodes",1122253.268249,1676433.253260,1313.064347,"Default Known Flow Node",69.999969,0.579999,1000.000000,0.000000,"Known Flow",0.000000,0.000000,2.16999993085665e-07,40.000000,0.579999,1000.000000,0.000000,0.000000,13.000000,0.000000,0.515378,0.579999,,,,8.249725,8.249725,,16.800279,,,,,,903.822387,0.066146,0.000000,0.000000,0.000000,,-459.670013,1000.000000,,0.000000,0.000000,,,,0.047163,"UNDEFINED",0.000000,0.997561,0.000000,,,,,"","",,,,8.249725,,0.000000,,0.000000,,,0.000000,0.000000,"",,,0.000000,,-1.000000,,0.000000,0.000000,-1.000000,-1.000000,,,,,,,,,,,"",,,,,,,,,,"Volumetric",,,,,,,,,,0.000000,,,,,,,,,,0.000000,0.000000,,,,,,,,,,,,
"0BEC6041","Nodes",1122235.401161,1676437.277965,1313.064347,"Default Known Flow Node",69.999969,0.579999,1000.000000,0.000000,"Known Flow",0.000000,0.000000,2.16999993085665e-07,40.000000,0.579999,1000.000000,0.000000,0.000000,13.000000,0.000000,0.515378,0.579999,,,,8.268751,8.268751,,16.800279,,,,,,903.822387,0.066146,0.000000,0.000000,0.000000,,-459.670013,1000.000000,,0.000000,0.000000,,,,0.047165,"UNDEFINED",0.000000,0.997561,0.000000,,,,,"","",,,,8.268751,,0.000000,,0.000000,,,0.000000,0.000000,"",,,0.000000,"V13435",-1.000000,,0.000000,0.000000,-1.000000,-1.000000,,,,,,,,,,,"",,,,,,,,,,"Volumetric",,,,,,,,,,0.000000,,,,,,,,,,0.000000,0.000000,,,,,,,,,,,,
"0BEC6042","Nodes",1122236.546046,1676432.145692,1313.064347,"Default Known Flow Node",69.999969,0.579999,1000.000000,0.000000,"Known Flow",0.000000,0.000000,2.16999993085665e-07,40.000000,0.579999,1000.000000,0.000000,0.000000,13.000000,0.000000,0.515378,0.579999,,,,8.268988,8.268988,,16.800279,,,,,,903.822387,0.066146,0.000000,0.000000,0.000000,,-459.670013,1000.000000,,0.000000,0.000000,,,,0.047165,"UNDEFINED",0.000000,0.997561,0.000000,,,,,"","",,,,8.268988,,0.000000,,0.000000,,,0.000000,0.000000,"",,,0.000000,"V13434",-1.000000,,0.000000,0.000000,-1.000000,-1.000000,,,,,,,,,,,"",,,,,,,,,,"Volumetric",,,,,,,,,,0.000000,,,,,,,,,,0.000000,0.000000,,,,,,,,,,,,
"2FB24FC1","Nodes",1118514.750000,1675524.870000,1313.064347,"Default Known Flow Node",69.999969,0.579999,1000.000000,0.000000,"Known Flow",0.000000,0.000000,2.16999993085665e-07,40.000000,0.579999,1000.000000,0.000000,0.000000,13.000000,0.000000,0.515376,0.579999,,,,7.918778,7.918778,,16.800279,,,,,,903.822387,0.066146,0.000000,0.000000,0.000000,,-459.670013,1000.000000,,0.000000,0.000000,,,,0.047125,"UNDEFINED",0.000000,0.997563,0.000000,,,,,"","",,,,7.918778,,0.000000,,0.000000,,,0.000000,0.000000,"",,,0.000000,,-1.000000,,0.000000,0.000000,-1.000000,-1.000000,,,,,,,,,,,"",,,,,,,,,,"Volumetric",,,,,,,,,,0.000000,,,,,,,,,,0.000000,0.000000,,,,,,,,,,,,
"0BEC5E87","Nodes",1118500.250000,1675521.500000,1313.064347,"Default Known Flow Node",69.999969,0.579999,1000.000000,0.000000,"Known Flow",0.000000,0.000000,2.16999993085665e-07,40.000000,0.579999,1000.000000,0.000000,0.000000,13.000000,0.000000,0.515376,0.579999,,,,7.918699,7.918699,,16.800279,,,,,,903.822387,0.066146,0.000000,0.000000,0.000000,,-459.670013,1000.000000,,0.000000,0.000000,,,,0.047125,"UNDEFINED",0.000000,0.997563,0.000000,,,,,"","",,,,7.918699,,0.000000,,0.000000,,,0.000000,0.000000,"",,,0.000000,,-1.000000,,0.000000,0.000000,-1.000000,-1.000000,,,,,,,,,,,"",,,,,,,,,,"Volumetric",,,,,,,,,,0.000000,,,,,,,,,,0.000000,0.000000,,,,,,,,,,,,
"0BEC5E89","Nodes",1118495.370000,1675520.370000,1313.064347,"Default Known Flow Node",69.999969,0.579999,1000.000000,0.000000,"Known Flow",0.000000,0.000000,2.16999993085665e-07,40.000000,0.579999,1000.000000,0.000000,0.000000,13.000000,0.000000,0.515376,0.579999,,,,7.918674,7.918674,,16.800279,,,,,,903.822387,0.066146,0.000000,0.000000,0.000000,,-459.670013,1000.000000,,0.000000,0.000000,,,,0.047125,"UNDEFINED",0.000000,0.997563,0.000000,,,,,"","",,,,7.918674,,0.000000,,0.000000,,,0.000000,0.000000,"",,,0.000000,,-1.000000,,0.000000,0.000000,-1.000000,-1.000000,,,,,,,,,,,"",,,,,,,,,,"Volumetric",,,,,,,,,,0.000000,,,,,,,,,,0.000000,0.000000,,,,,,,,,,,,
"2FB24FC2","Nodes",1118477.120000,1675516.250000,1313.064347,"Default Known Flow Node",69.999969,0.579999,1000.000000,0.000000,"Known Flow",0.000000,0.000000,2.16999993085665e-07,40.000000,0.579999,1000.000000,0.000000,0.000000,13.000000,0.000000,0.515376,0.579999,,,,7.918574,7.918574,,16.800279,,,,,,903.822387,0.066146,0.000000,0.000000,0.000000,,-459.670013,1000.000000,,0.000000,0.000000,,,,0.047125,"UNDEFINED",0.000000,0.997563,0.000000,,,,,"","",,,,7.918574,,0.000000,,0.000000,,,0.000000,0.000000,"",,,0.000000,,-1.000000,,0.000000,0.000000,-1.000000,-1.000000,,,,,,,,,,,"",,,,,,,,,,"Volumetric",,,,,,,,,,0.000000,,,,,,,,,,0.000000,0.000000,,,,,,,,,,,,
"2FBC263A","Nodes",1119378.250000,1667603.250000,1313.064347,"Default Known Flow Node",69.999969,0.579999,1000.000000,0.000000,"Known Flow",0.000000,0.000000,2.16999993085665e-07,40.000000,0.579999,1000.000000,0.000000,0.000000,13.000000,0.000000,0.515369,0.579999,,,,6.616964,6.616964,,16.800279,,,,,,903.822387,0.066147,0.000000,0.000000,0.000000,,-459.670013,1000.000000,,0.000000,0.000000,,,,0.046977,"UNDEFINED",0.000000,0.997571,0.000000,,,,,"","",,,,6.616964,,0.000000,,0.000000,,,0.000000,0.000000,"",,,0.000000,,-1.000000,,0.000000,0.000000,-1.000000,-1.000000,,,,,,,,,,,"",,,,,,,,,,"Volumetric",,,,,,,,,,0.000000,,,,,,,,,,0.000000,0.000000,,,,,,,,,,,,
"2FBC5502","Nodes",1117869.620000,1673714.750000,1313.064347,"Default Known Flow Node",69.999969,0.579999,1000.000000,0.000000,"Known Flow",0.000000,0.000000,2.16999993085665e-07,40.000000,0.579999,1000.000000,0.000000,0.000000,13.000000,0.000000,0.515374,0.579999,,,,7.604329,7.604329,,16.800279,,,,,,903.822387,0.066146,0.000000,0.000000,0.000000,,-459.670013,1000.000000,,0.000000,0.000000,,,,0.047089,"UNDEFINED",0.000000,0.997565,0.000000,,,,,"","",,,,7.604329,,0.000000,,0.000000,,,0.000000,0.000000,"",,,0.000000,,-1.000000,,0.000000,0.000000,-1.000000,-1.000000,,,,,,,,,,,"",,,,,,,,,,"Volumetric",,,,,,,,,,0.000000,,,,,,,,,,0.000000,0.000000,,,,,,,,,,,,
"2FBC5504","Nodes",1117871.750000,1673715.250000,1313.064347,"Default Known Flow Node",69.999969,0.579999,1000.000000,0.000000,"Known Flow",0.000000,0.000000,2.16999993085665e-07,40.000000,0.579999,1000.000000,0.000000,0.000000,13.000000,0.000000,0.515374,0.579999,,,,7.604315,7.604315,,16.800279,,,,,,903.822387,0.066146,0.000000,0.000000,0.000000,,-459.670013,1000.000000,,0.000000,0.000000,,,,0.047089,"UNDEFINED",0.000000,0.997565,0.000000,,,,,"","",,,,7.604315,,0.000000,,0.000000,,,0.000000,0.000000,"",,,0.000000,,-1.000000,,0.000000,0.000000,-1.000000,-1.000000,,,,,,,,,,,"",,,,,,,,,,"Volumetric",,,,,,,,,,0.000000,,,,,,,,,,0.000000,0.000000,,,,,,,,,,,,
"2FBC5503","Nodes",1117872.750000,1673715.500000,1313.064347,"Default Known Flow Node",69.999969,0.579999,1000.000000,0.000000,"Known Flow",0.000000,0.000000,2.16999993085665e-07,40.000000,0.579999,1000.000000,0.000000,0.000000,13.000000,0.000000,0.515374,0.579999,,,,7.604308,7.604308,,16.800279,,,,,,903.822387,0.066146,0.000000,0.000000,0.000000,,-459.670013,1000.000000,,0.000000,0.000000,,,,0.047089,"UNDEFINED",0.000000,0.997565,0.000000,,,,,"","",,,,7.604308,,0.000000,,0.000000,,,0.000000,0.000000,"",,,0.000000,,-1.000000,,0.000000,0.000000,-1.000000,-1.000000,,,,,,,,,,,"",,,,,,,,,,"Volumetric",,,,,,,,,,0.000000,,,,,,,,,,0.000000,0.000000,,,,,,,,,,,,
"2FBC5441","Nodes",1118196.750000,1673799.620000,1313.064347,"Default Known Flow Node",69.999969,0.579999,1000.000000,0.000000,"Known Flow",0.000000,0.000000,2.16999993085665e-07,40.000000,0.579999,1000.000000,0.000000,0.000000,13.000000,0.000000,0.515374,0.579999,,,,7.603108,7.603108,,16.800279,,,,,,903.822387,0.066146,0.000000,0.000000,0.000000,,-459.670013,1000.000000,,0.000000,0.000000,,,,0.047089,"UNDEFINED",0.000000,0.997565,0.000000,,,,,"","",,,,7.603108,,0.000000,,0.000000,,,0.000000,0.000000,"",,,0.000000,,-1.000000,,0.000000,0.000000,-1.000000,-1.000000,,,,,,,,,,,"",,,,,,,,,,"Volumetric",,,,,,,,,,0.000000,,,,,,,,,,0.000000,0.000000,,,,,,,,,,,,
"2FBC5440","Nodes",1118210.870000,1673803.370000,1313.064347,"Default Known Flow Node",69.999969,0.579999,1000.000000,0.000000,"Known Flow",0.000000,0.000000,2.16999993085665e-07,40.000000,0.579999,1000.000000,0.000000,0.000000,13.000000,0.000000,0.515374,0.579999,,,,7.603108,7.603108,,16.800279,,,,,,903.822387,0.066146,0.000000,0.000000,0.000000,,-459.670013,1000.000000,,0.000000,0.000000,,,,0.047089,"UNDEFINED",0.000000,0.997565,0.000000,,,,,"","",,,,7.603108,,0.000000,,0.000000,,,0.000000,0.000000,"",,,0.000000,,-1.000000,,0.000000,0.000000,-1.000000,-1.000000,,,,,,,,,,,"",,,,,,,,,,"Volumetric",,,,,,,,,,0.000000,,,,,,,,,,0.000000,0.000000,,,,,,,,,,,,
"2FBC4ED0","Nodes",1115497.120000,1676405.120000,1313.064347,"Default Known Flow Node",69.999969,0.579999,1000.000000,0.000000,"Known Flow",0.000000,0.000000,2.16999993085665e-07,40.000000,0.579999,1000.000000,0.000000,0.000000,13.000000,0.000000,0.515374,0.579999,,,,7.536513,7.536513,,16.800279,,,,,,903.822387,0.066146,0.000000,0.000000,0.000000,,-459.670013,1000.000000,,0.000000,0.000000,,,,0.047082,"UNDEFINED",0.000000,0.997565,0.000000,,,,,"","",,,,7.536513,,0.000000,,0.000000,,,0.000000,0.000000,"",,,0.000000,,-1.000000,,0.000000,0.000000,-1.000000,-1.000000,,,,,,,,,,,"",,,,,,,,,,"Volumetric",,,,,,,,,,0.000000,,,,,,,,,,0.000000,0.000000,,,,,,,,,,,,
"2FBC4ECF","Nodes",1115202.500000,1676395.870000,1313.064347,"Default Known Flow Node",69.999969,0.579999,1000.000000,0.000000,"Known Flow",0.000000,0.000000,2.16999993085665e-07,40.000000,0.579999,1000.000000,0.000000,0.000000,13.000000,0.000000,0.515374,0.579999,,,,7.530640,7.530640,,16.800279,,,,,,903.822387,0.066146,0.000000,0.000000,0.000000,,-459.670013,1000.000000,,0.000000,0.000000,,,,0.047081,"UNDEFINED",0.000000,0.997565,0.000000,,,,,"","",,,,7.530640,,0.000000,,0.000000,,,0.000000,0.000000,"",,,0.000000,,-1.000000,,0.000000,0.000000,-1.000000,-1.000000,,,,,,,,,,,"",,,,,,,,,,"Volumetric",,,,,,,,,,0.000000,,,,,,,,,,0.000000,0.000000,,,,,,,,,,,,
"2FBC5551","Nodes",1121659.500000,1676030.000000,1313.064347,"Default Known Flow Node",69.999969,0.579999,1000.000000,0.000000,"Known Flow",0.000000,0.000000,2.16999993085665e-07,40.000000,0.579999,1000.000000,0.000000,0.000000,13.000000,0.000000,0.515377,0.579999,,,,8.106941,8.106941,,16.800279,,,,,,903.822387,0.066146,0.000000,0.000000,0.000000,,-459.670013,1000.000000,,0.000000,0.000000,,,,0.047147,"UNDEFINED",0.000000,0.997562,0.000000,,,,,"","",,,,8.106941,,0.000000,,0.000000,,,0.000000,0.000000,"",,,0.000000,,-1.000000,,0.000000,0.000000,-1.000000,-1.000000,,,,,,,,,,,"",,,,,,,,,,"Volumetric",,,,,,,,,,0.000000,,,,,,,,,,0.000000,0.000000,,,,,,,,,,,,
"2FBC554F","Nodes",1121452.870000,1675988.000000,1313.064347,"Default Known Flow Node",69.999969,0.579999,1000.000000,0.000000,"Known Flow",0.000000,0.000000,2.16999993085665e-07,40.000000,0.579999,1000.000000,0.000000,0.000000,13.000000,0.000000,0.515377,0.579999,,,,8.078474,8.078474,,16.800279,,,,,,903.822387,0.066146,0.000000,0.000000,0.000000,,-459.670013,1000.000000,,0.000000,0.000000,,,,0.047143,"UNDEFINED",0.000000,0.997562,0.000000,,,,,"","",,,,8.078474,,0.000000,,0.000000,,,0.000000,0.000000,"",,,0.000000,,-1.000000,,0.000000,0.000000,-1.000000,-1.000000,,,,,,,,,,,"",,,,,,,,,,"Volumetric",,,,,,,,,,0.000000,,,,,,,,,,0.000000,0.000000,,,,,,,,,,,,
"2FBC5550","Nodes",1121417.370000,1675980.750000,1313.064347,"Default Known Flow Node",69.999969,0.579999,1000.000000,0.000000,"Known Flow",0.000000,0.000000,2.16999993085665e-07,40.000000,0.579999,1000.000000,0.000000,0.000000,13.000000,0.000000,0.515377,0.579999,,,,8.073617,8.073617,,16.800279,,,,,,903.822387,0.066146,0.000000,0.000000,0.000000,,-459.670013,1000.000000,,0.000000,0.000000,,,,0.047143,"UNDEFINED",0.000000,0.997562,0.000000,,,,,"","",,,,8.073617,,0.000000,,0.000000,,,0.000000,0.000000,"",,,0.000000,,-1.000000,,0.000000,0.000000,-1.000000,-1.000000,,,,,,,,,,,"",,,,,,,,,,"Volumetric",,,,,,,,,,0.000000,,,,,,,,,,0.000000,0.000000,,,,,,,,,,,,
"2FBC554D","Nodes",1121406.370000,1675978.500000,1313.064347,"Default Known Flow Node",69.999969,0.579999,1000.000000,0.000000,"Known Flow",0.000000,0.000000,2.16999993085665e-07,40.000000,0.579999,1000.000000,0.000000,0.000000,13.000000,0.000000,0.515377,0.579999,,,,8.064318,8.064318,,16.800279,,,,,,903.822387,0.066146,0.000000,0.000000,0.000000,,-459.670013,1000.000000,,0.000000,0.000000,,,,0.047142,"UNDEFINED",0.000000,0.997562,0.000000,,,,,"","",,,,8.064318,,0.000000,,0.000000,,,0.000000,0.000000,"",,,0.000000,,-1.000000,,0.000000,0.000000,-1.000000,-1.000000,,,,,,,,,,,"",,,,,,,,,,"Volumetric",,,,,,,,,,0.000000,,,,,,,,,,0.000000,0.000000,,,,,,,,,,,,
"2FBC4FCF","Nodes",1118649.250000,1668376.250000,1313.064347,"Default Known Flow Node",69.999969,0.579999,1000.000000,0.000000,"Known Flow",0.000000,0.000000,2.16999993085665e-07,40.000000,0.579999,1000.000000,0.000000,0.000000,13.000000,0.000000,0.515373,0.579999,,,,7.267637,7.267637,,16.800279,,,,,,903.822387,0.066146,0.000000,0.000000,0.000000,,-459.670013,1000.000000,,0.000000,0.000000,,,,0.047051,"UNDEFINED",0.000000,0.997567,0.000000,,,,,"","",,,,7.267637,,0.000000,,0.000000,,,0.000000,0.000000,"",,,0.000000,,-1.000000,,0.000000,0.000000,-1.000000,-1.000000,,,,,,,,,,,"",,,,,,,,,,"Volumetric",,,,,,,,,,0.000000,,,,,,,,,,0.000000,0.000000,,,,,,,,,,,,
"2FBC4FCE","Nodes",1118643.620000,1668362.000000,1313.064347,"Default Known Flow Node",69.999969,0.579999,1000.000000,0.000000,"Known Flow",0.000000,0.000000,2.16999993085665e-07,40.000000,0.579999,1000.000000,0.000000,0.000000,13.000000,0.000000,0.515372,0.579999,,,,7.214777,7.214777,,16.800279,,,,,,903.822387,0.066146,0.000000,0.000000,0.000000,,-459.670013,1000.000000,,0.000000,0.000000,,,,0.047045,"UNDEFINED",0.000000,0.997567,0.000000,,,,,"","",,,,7.214777,,0.000000,,0.000000,,,0.000000,0.000000,"",,,0.000000,,-1.000000,,0.000000,0.000000,-1.000000,-1.000000,,,,,,,,,,,"",,,,,,,,,,"Volumetric",,,,,,,,,,0.000000,,,,,,,,,,0.000000,0.000000,,,,,,,,,,,,
"2FBC5C42","Nodes",1118852.620000,1677525.500000,1313.064347,"Default Known Flow Node",69.999969,0.579999,1000.000000,0.000000,"Known Flow",0.000000,0.000000,2.16999993085665e-07,40.000000,0.579999,1000.000000,0.000000,0.000000,13.000000,0.000000,0.515373,0.579999,,,,7.342102,7.342102,,16.800279,,,,,,903.822387,0.066146,0.000000,0.000000,0.000000,,-459.670013,1000.000000,,0.000000,0.000000,,,,0.047060,"UNDEFINED",0.000000,0.997566,0.000000,,,,,"","",,,,7.342102,,0.000000,,0.000000,,,0.000000,0.000000,"",,,0.000000,,-1.000000,,0.000000,0.000000,-1.000000,-1.000000,,,,,,,,,,,"",,,,,,,,,,"Volumetric",,,,,,,,,,0.000000,,,,,,,,,,0.000000,0.000000,,,,,,,,,,,,
"2FBC6A10","Nodes",1118836.120000,1677521.500000,1313.064347,"Default Known Flow Node",69.999969,0.579999,1000.000000,0.000000,"Known Flow",0.000000,0.000000,2.16999993085665e-07,40.000000,0.579999,1000.000000,0.000000,0.000000,13.000000,0.000000,0.515373,0.579999,,,,7.337619,7.337619,,16.800279,,,,,,903.822387,0.066146,0.000000,0.000000,0.000000,,-459.670013,1000.000000,,0.000000,0.000000,,,,0.047059,"UNDEFINED",0.000000,0.997566,0.000000,,,,,"","",,,,7.337619,,0.000000,,0.000000,,,0.000000,0.000000,"",,,0.000000,,-1.000000,,0.000000,0.000000,-1.000000,-1.000000,,,,,,,,,,,"",,,,,,,,,,"Volumetric",,,,,,,,,,0.000000,,,,,,,,,,0.000000,0.000000,,,,,,,,,,,,
"2FBC6A05","Nodes",1118605.120000,1677514.120000,1313.064347,"Default Known Flow Node",69.999969,0.579999,1000.000000,0.000000,"Known Flow",0.000000,0.000000,2.16999993085665e-07,40.000000,0.579999,1000.000000,0.000000,0.000000,13.000000,0.000000,0.515373,0.579999,,,,7.264284,7.264284,,16.800279,,,,,,903.822387,0.066146,0.000000,0.000000,0.000000,,-459.670013,1000.000000,,0.000000,0.000000,,,,0.047051,"UNDEFINED",0.000000,0.997567,0.000000,,,,,"","",,,,7.264284,,0.000000,,0.000000,,,0.000000,0.000000,"",,,0.000000,"V79971",-1.000000,,0.000000,0.000000,-1.000000,-1.000000,,,,,,,,,,,"",,,,,,,,,,"Volumetric",,,,,,,,,,0.000000,,,,,,,,,,0.000000,0.000000,,,,,,,,,,,,
"2FBC6A0E","Nodes",1118634.620000,1677479.750000,1313.064347,"Default Known Flow Node",69.999969,0.579999,1000.000000,0.000000,"Known Flow",0.000000,0.000000,2.16999993085665e-07,40.000000,0.579999,1000.000000,0.000000,0.000000,13.000000,0.000000,0.515373,0.579999,,,,7.282760,7.282760,,16.800279,,,,,,903.822387,0.066146,0.000000,0.000000,0.000000,,-459.670013,1000.000000,,0.000000,0.000000,,,,0.047053,"SETFLOW",0.000000,0.997567,0.000000,,,,,"","",,,,7.282760,,0.000000,,0.000000,,,0.000000,0.000000,"",,,0.000000,,-1.000000,,0.000000,0.000000,-1.000000,-1.000000,,,,,,,,,,,"",,,,,,,,,,"Volumetric",,,,,,,,,,-0.366830,,,,,,,,,,-0.366830,-0.008803,,,,,,,,,,,,
"2FBC6A0B","Nodes",1118610.620000,1677496.500000,1313.064347,"Default Known Flow Node",69.999969,0.579999,1000.000000,0.000000,"Known Flow",0.000000,0.000000,2.16999993085665e-07,40.000000,0.579999,1000.000000,0.000000,0.000000,13.000000,0.000000,0.515373,0.579999,,,,7.275379,7.275379,,16.800279,,,,,,903.822387,0.066146,0.000000,0.000000,0.000000,,-459.670013,1000.000000,,0.000000,0.000000,,,,0.047052,"SETFLOW",0.000000,0.997567,0.000000,,,,,"","",,,,7.275379,,0.000000,,0.000000,,,0.000000,0.000000,"",,,0.000000,,-1.000000,,0.000000,0.000000,-1.000000,-1.000000,,,,,,,,,,,"",,,,,,,,,,"Volumetric",,,,,,,,,,-0.435136,,,,,,,,,,-0.435136,-0.010443,,,,,,,,,,,,
"2FBC6A07","Nodes",1118575.000000,1677487.870000,1313.064347,"Default Known Flow Node",69.999969,0.579999,1000.000000,0.000000,"Known Flow",0.000000,0.000000,2.16999993085665e-07,40.000000,0.579999,1000.000000,0.000000,0.000000,13.000000,0.000000,0.515372,0.579999,,,,7.240030,7.240030,,16.800279,,,,,,903.822387,0.066146,0.000000,0.000000,0.000000,,-459.670013,1000.000000,,0.000000,0.000000,,,,0.047048,"UNDEFINED",0.000000,0.997567,0.000000,,,,,"","",,,,7.240030,,0.000000,,0.000000,,,0.000000,0.000000,"",,,0.000000,,-1.000000,,0.000000,0.000000,-1.000000,-1.000000,,,,,,,,,,,"",,,,,,,,,,"Volumetric",,,,,,,,,,0.000000,,,,,,,,,,0.000000,0.000000,,,,,,,,,,,,
"2FBC6A0D","Nodes",1118584.500000,1677488.500000,1313.064347,"Default Known Flow Node",69.999969,0.579999,1000.000000,0.000000,"Known Flow",0.000000,0.000000,2.16999993085665e-07,40.000000,0.579999,1000.000000,0.000000,0.000000,13.000000,0.000000,0.515372,0.579999,,,,7.244250,7.244250,,16.800279,,,,,,903.822387,0.066146,0.000000,0.000000,0.000000,,-459.670013,1000.000000,,0.000000,0.000000,,,,0.047049,"SETFLOW",0.000000,0.997567,0.000000,,,,,"","",,,,7.244250,,0.000000,,0.000000,,,0.000000,0.000000,"",,,0.000000,"V52562",-1.000000,,0.000000,0.000000,-1.000000,-1.000000,,,,,,,,,,,"",,,,,,,,,,"Volumetric",,,,,,,,,,-1.327545,,,,,,,,,,-1.327545,-0.031861,,,,,,,,,,,,
"0BEC6139","Nodes",1122466.250000,1676042.000000,1313.064347,"Default Known Flow Node",69.999969,0.579999,1000.000000,0.000000,"Known Flow",0.000000,0.000000,2.16999993085665e-07,40.000000,0.579999,1000.000000,0.000000,0.000000,13.000000,0.000000,0.515379,0.579999,,,,8.392153,8.392153,,16.800279,,,,,,903.822387,0.066146,0.000000,0.000000,0.000000,,-459.670013,1000.000000,,0.000000,0.000000,,,,0.047179,"UNDEFINED",0.000000,0.997560,0.000000,,,,,"","",,,,8.392153,,0.000000,,0.000000,,,0.000000,0.000000,"",,,0.000000,,-1.000000,,0.000000,0.000000,-1.000000,-1.000000,,,,,,,,,,,"",,,,,,,,,,"Volumetric",,,,,,,,,,0.000000,,,,,,,,,,0.000000,0.000000,,,,,,,,,,,,
"2FBB0A1E","Nodes",1116668.120000,1667902.750000,1313.064347,"Default Known Flow Node",69.999969,0.579999,1000.000000,0.000000,"Known Flow",0.000000,0.000000,2.16999993085665e-07,40.000000,0.579999,1000.000000,0.000000,0.000000,13.000000,0.000000,0.515375,0.579999,,,,7.649039,7.649039,,16.800279,,,,,,903.822387,0.066146,0.000000,0.000000,0.000000,,-459.670013,1000.000000,,0.000000,0.000000,,,,0.047095,"UNDEFINED",0.000000,0.997565,0.000000,,,,,"","",,,,7.649039,,0.000000,,0.000000,,,0.000000,0.000000,"",,,0.000000,,-1.000000,,0.000000,0.000000,-1.000000,-1.000000,,,,,,,,,,,"",,,,,,,,,,"Volumetric",,,,,,,,,,0.000000,,,,,,,,,,0.000000,0.000000,,,,,,,,,,,,
"2FBC55F0","Nodes",1116587.500000,1667778.000000,1313.064347,"Default Known Flow Node",69.999969,0.579999,1000.000000,0.000000,"Known Flow",0.000000,0.000000,2.16999993085665e-07,40.000000,0.579999,1000.000000,0.000000,0.000000,13.000000,0.000000,0.515375,0.579999,,,,7.622796,7.622796,,16.800279,,,,,,903.822387,0.066146,0.000000,0.000000,0.000000,,-459.670013,1000.000000,,0.000000,0.000000,,,,0.047092,"UNDEFINED",0.000000,0.997565,0.000000,,,,,"","",,,,7.622796,,0.000000,,0.000000,,,0.000000,0.000000,"",,,0.000000,,-1.000000,,0.000000,0.000000,-1.000000,-1.000000,,,,,,,,,,,"",,,,,,,,,,"Volumetric",,,,,,,,,,0.000000,,,,,,,,,,0.000000,0.000000,,,,,,,,,,,,
"2FBC55EF","Nodes",1116566.620000,1667745.620000,1313.064347,"Default Known Flow Node",69.999969,0.579999,1000.000000,0.000000,"Known Flow",0.000000,0.000000,2.16999993085665e-07,40.000000,0.579999,1000.000000,0.000000,0.000000,13.000000,0.000000,0.515374,0.579999,,,,7.613561,7.613561,,16.800279,,,,,,903.822387,0.066146,0.000000,0.000000,0.000000,,-459.670013,1000.000000,,0.000000,0.000000,,,,0.047091,"UNDEFINED",0.000000,0.997565,0.000000,,,,,"","",,,,7.613561,,0.000000,,0.000000,,,0.000000,0.000000,"",,,0.000000,,-1.000000,,0.000000,0.000000,-1.000000,-1.000000,,,,,,,,,,,"",,,,,,,,,,"Volumetric",,,,,,,,,,0.000000,,,,,,,,,,0.000000,0.000000,,,,,,,,,,,,
"2FBB252E","Nodes",1116756.750000,1672030.000000,1313.064347,"Default Known Flow Node",69.999969,0.579999,1000.000000,0.000000,"Known Flow",0.000000,0.000000,2.16999993085665e-07,40.000000,0.579999,1000.000000,0.000000,0.000000,13.000000,0.000000,0.515373,0.579999,,,,7.298566,7.298566,,16.800279,,,,,,903.822387,0.066146,0.000000,0.000000,0.000000,,-459.670013,1000.000000,,0.000000,0.000000,,,,0.047055,"UNDEFINED",0.000000,0.997567,0.000000,,,,,"","",,,,7.298566,,0.000000,,0.000000,,,0.000000,0.000000,"",,,0.000000,,-1.000000,,0.000000,0.000000,-1.000000,-1.000000,,,,,,,,,,,"",,,,,,,,,,"Volumetric",,,,,,,,,,0.000000,,,,,,,,,,0.000000,0.000000,,,,,,,,,,,,
"2FBB2527","Nodes",1116754.120000,1672014.120000,1313.064347,"Default Known Flow Node",69.999969,0.579999,1000.000000,0.000000,"Known Flow",0.000000,0.000000,2.16999993085665e-07,40.000000,0.579999,1000.000000,0.000000,0.000000,13.000000,0.000000,0.515373,0.579999,,,,7.295543,7.295543,,16.800279,,,,,,903.822387,0.066146,0.000000,0.000000,0.000000,,-459.670013,1000.000000,,0.000000,0.000000,,,,0.047054,"UNDEFINED",0.000000,0.997567,0.000000,,,,,"","",,,,7.295543,,0.000000,,0.000000,,,0.000000,0.000000,"",,,0.000000,,-1.000000,,0.000000,0.000000,-1.000000,-1.000000,,,,,,,,,,,"",,,,,,,,,,"Volumetric",,,,,,,,,,0.000000,,,,,,,,,,0.000000,0.000000,,,,,,,,,,,,
"2FBB252C","Nodes",1116751.750000,1672024.500000,1313.064347,"Default Known Flow Node",69.999969,0.579999,1000.000000,0.000000,"Known Flow",0.000000,0.000000,2.16999993085665e-07,40.000000,0.579999,1000.000000,0.000000,0.000000,13.000000,0.000000,0.515373,0.579999,,,,7.297796,7.297796,,16.800279,,,,,,903.822387,0.066146,0.000000,0.000000,0.000000,,-459.670013,1000.000000,,0.000000,0.000000,,,,0.047055,"UNDEFINED",0.000000,0.997567,0.000000,,,,,"","",,,,7.297796,,0.000000,,0.000000,,,0.000000,0.000000,"",,,0.000000,,-1.000000,,0.000000,0.000000,-1.000000,-1.000000,,,,,,,,,,,"",,,,,,,,,,"Volumetric",,,,,,,,,,0.000000,,,,,,,,,,0.000000,0.000000,,,,,,,,,,,,
"2FBDDCFE","Nodes",1116763.000000,1671975.750000,1313.064347,"Default Known Flow Node",69.999969,0.579999,1000.000000,0.000000,"Known Flow",0.000000,0.000000,2.16999993085665e-07,40.000000,0.579999,1000.000000,0.000000,0.000000,13.000000,0.000000,0.515373,0.579999,,,,7.286755,7.286755,,16.800279,,,,,,903.822387,0.066146,0.000000,0.000000,0.000000,,-459.670013,1000.000000,,0.000000,0.000000,,,,0.047053,"UNDEFINED",0.000000,0.997567,0.000000,,,,,"","",,,,7.286755,,0.000000,,0.000000,,,0.000000,0.000000,"",,,0.000000,,-1.000000,,0.000000,0.000000,-1.000000,-1.000000,,,,,,,,,,,"",,,,,,,,,,"Volumetric",,,,,,,,,,0.000000,,,,,,,,,,0.000000,0.000000,,,,,,,,,,,,
"2FBC4F4D","Nodes",1121180.620000,1677220.620000,1313.064347,"Default Known Flow Node",69.999969,0.579999,1000.000000,0.000000,"Known Flow",0.000000,0.000000,2.16999993085665e-07,40.000000,0.579999,1000.000000,0.000000,0.000000,13.000000,0.000000,0.515374,0.579999,,,,7.503831,7.503831,,16.800279,,,,,,903.822387,0.066146,0.000000,0.000000,0.000000,,-459.670013,1000.000000,,0.000000,0.000000,,,,0.047078,"UNDEFINED",0.000000,0.997565,0.000000,,,,,"","",,,,7.503831,,0.000000,,0.000000,,,0.000000,0.000000,"",,,0.000000,,-1.000000,,0.000000,0.000000,-1.000000,-1.000000,,,,,,,,,,,"",,,,,,,,,,"Volumetric",,,,,,,,,,0.000000,,,,,,,,,,0.000000,0.000000,,,,,,,,,,,,
"2FBC4F5C","Nodes",1121175.870000,1677219.500000,1313.064347,"Default Known Flow Node",69.999969,0.579999,1000.000000,0.000000,"Known Flow",0.000000,0.000000,2.16999993085665e-07,40.000000,0.579999,1000.000000,0.000000,0.000000,13.000000,0.000000,0.515374,0.579999,,,,7.501428,7.501428,,16.800279,,,,,,903.822387,0.066146,0.000000,0.000000,0.000000,,-459.670013,1000.000000,,0.000000,0.000000,,,,0.047078,"UNDEFINED",0.000000,0.997565,0.000000,,,,,"","",,,,7.501428,,0.000000,,0.000000,,,0.000000,0.000000,"",,,0.000000,,-1.000000,,0.000000,0.000000,-1.000000,-1.000000,,,,,,,,,,,"",,,,,,,,,,"Volumetric",,,,,,,,,,0.000000,,,,,,,,,,0.000000,0.000000,,,,,,,,,,,,
"2FBC4F5B","Nodes",1121165.500000,1677217.120000,1313.064347,"Default Known Flow Node",69.999969,0.579999,1000.000000,0.000000,"Known Flow",0.000000,0.000000,2.16999993085665e-07,40.000000,0.579999,1000.000000,0.000000,0.000000,13.000000,0.000000,0.515374,0.579999,,,,7.500504,7.500504,,16.800279,,,,,,903.822387,0.066146,0.000000,0.000000,0.000000,,-459.670013,1000.000000,,0.000000,0.000000,,,,0.047078,"UNDEFINED",0.000000,0.997565,0.000000,,,,,"","",,,,7.500504,,0.000000,,0.000000,,,0.000000,0.000000,"",,,0.000000,,-1.000000,,0.000000,0.000000,-1.000000,-1.000000,,,,,,,,,,,"",,,,,,,,,,"Volumetric",,,,,,,,,,0.000000,,,,,,,,,,0.000000,0.000000,,,,,,,,,,,,
"2FBC4F59","Nodes",1121159.870000,1677215.750000,1313.064347,"Default Known Flow Node",69.999969,0.579999,1000.000000,0.000000,"Known Flow",0.000000,0.000000,2.16999993085665e-07,40.000000,0.579999,1000.000000,0.000000,0.000000,13.000000,0.000000,0.515374,0.579999,,,,7.500394,7.500394,,16.800279,,,,,,903.822387,0.066146,0.000000,0.000000,0.000000,,-459.670013,1000.000000,,0.000000,0.000000,,,,0.047078,"UNDEFINED",0.000000,0.997565,0.000000,,,,,"","",,,,7.500394,,0.000000,,0.000000,,,0.000000,0.000000,"",,,0.000000,,-1.000000,,0.000000,0.000000,-1.000000,-1.000000,,,,,,,,,,,"",,,,,,,,,,"Volumetric",,,,,,,,,,0.000000,,,,,,,,,,0.000000,0.000000,,,,,,,,,,,,
"2FBC4F4E","Nodes",1121123.370000,1677179.370000,1313.064347,"Default Known Flow Node",69.999969,0.579999,1000.000000,0.000000,"Known Flow",0.000000,0.000000,2.16999993085665e-07,40.000000,0.579999,1000.000000,0.000000,0.000000,13.000000,0.000000,0.515374,0.579999,,,,7.501424,7.501424,,16.800279,,,,,,903.822387,0.066146,0.000000,0.000000,0.000000,,-459.670013,1000.000000,,0.000000,0.000000,,,,0.047078,"UNDEFINED",0.000000,0.997565,0.000000,,,,,"","",,,,7.501424,,0.000000,,0.000000,,,0.000000,0.000000,"",,,0.000000,,-1.000000,,0.000000,0.000000,-1.000000,-1.000000,,,,,,,,,,,"",,,,,,,,,,"Volumetric",,,,,,,,,,0.000000,,,,,,,,,,0.000000,0.000000,,,,,,,,,,,,
"2FBC4F58","Nodes",1121120.120000,1677192.120000,1313.064347,"Default Known Flow Node",69.999969,0.579999,1000.000000,0.000000,"Known Flow",0.000000,0.000000,2.16999993085665e-07,40.000000,0.579999,1000.000000,0.000000,0.000000,13.000000,0.000000,0.515374,0.579999,,,,7.500082,7.500082,,16.800279,,,,,,903.822387,0.066146,0.000000,0.000000,0.000000,,-459.670013,1000.000000,,0.000000,0.000000,,,,0.047078,"SETFLOW",0.000000,0.997565,0.000000,,,,,"","",,,,7.500082,,0.000000,,0.000000,,,0.000000,0.000000,"",,,0.000000,,-1.000000,,0.000000,0.000000,-1.000000,-1.000000,,,,,,,,,,,"",,,,,,,,,,"Volumetric",,,,,,,,,,-1.683995,,,,,,,,,,-1.683995,-0.040415,,,,,,,,,,,,
"2FBC4F52","Nodes",1121098.620000,1677266.120000,1313.064347,"Default Known Flow Node",69.999969,0.579999,1000.000000,0.000000,"Known Flow",0.000000,0.000000,2.16999993085665e-07,40.000000,0.579999,1000.000000,0.000000,0.000000,13.000000,0.000000,0.515374,0.579999,,,,7.495701,7.495701,,16.800279,,,,,,903.822387,0.066146,0.000000,0.000000,0.000000,,-459.670013,1000.000000,,0.000000,0.000000,,,,0.047077,"UNDEFINED",0.000000,0.997565,0.000000,,,,,"","",,,,7.495701,,0.000000,,0.000000,,,0.000000,0.000000,"",,,0.000000,,-1.000000,,0.000000,0.000000,-1.000000,-1.000000,,,,,,,,,,,"",,,,,,,,,,"Volumetric",,,,,,,,,,0.000000,,,,,,,,,,0.000000,0.000000,,,,,,,,,,,,
"2FBC4F53","Nodes",1121099.250000,1677271.870000,1313.064347,"Default Known Flow Node",69.999969,0.579999,1000.000000,0.000000,"Known Flow",0.000000,0.000000,2.16999993085665e-07,40.000000,0.579999,1000.000000,0.000000,0.000000,13.000000,0.000000,0.515374,0.579999,,,,7.496221,7.496221,,16.800279,,,,,,903.822387,0.066146,0.000000,0.000000,0.000000,,-459.670013,1000.000000,,0.000000,0.000000,,,,0.047077,"UNDEFINED",0.000000,0.997565,0.000000,,,,,"","",,,,7.496221,,0.000000,,0.000000,,,0.000000,0.000000,"",,,0.000000,,-1.000000,,0.000000,0.000000,-1.000000,-1.000000,,,,,,,,,,,"",,,,,,,,,,"Volumetric",,,,,,,,,,0.000000,,,,,,,,,,0.000000,0.000000,,,,,,,,,,,,
"2FBC4F54","Nodes",1121100.000000,1677278.870000,1313.064347,"Default Known Flow Node",69.999969,0.579999,1000.000000,0.000000,"Known Flow",0.000000,0.000000,2.16999993085665e-07,40.000000,0.579999,1000.000000,0.000000,0.000000,13.000000,0.000000,0.515374,0.579999,,,,7.496317,7.496317,,16.800279,,,,,,903.822387,0.066146,0.000000,0.000000,0.000000,,-459.670013,1000.000000,,0.000000,0.000000,,,,0.047077,"UNDEFINED",0.000000,0.997565,0.000000,,,,,"","",,,,7.496317,,0.000000,,0.000000,,,0.000000,0.000000,"",,,0.000000,,-1.000000,,0.000000,0.000000,-1.000000,-1.000000,,,,,,,,,,,"",,,,,,,,,,"Volumetric",,,,,,,,,,0.000000,,,,,,,,,,0.000000,0.000000,,,,,,,,,,,,
"2FBC4F4C","Nodes",1121101.870000,1677295.000000,1313.064347,"Default Known Flow Node",69.999969,0.579999,1000.000000,0.000000,"Known Flow",0.000000,0.000000,2.16999993085665e-07,40.000000,0.579999,1000.000000,0.000000,0.000000,13.000000,0.000000,0.515374,0.579999,,,,7.497705,7.497705,,16.800279,,,,,,903.822387,0.066146,0.000000,0.000000,0.000000,,-459.670013,1000.000000,,0.000000,0.000000,,,,0.047077,"UNDEFINED",0.000000,0.997565,0.000000,,,,,"","",,,,7.497705,,0.000000,,0.000000,,,0.000000,0.000000,"",,,0.000000,,-1.000000,,0.000000,0.000000,-1.000000,-1.000000,,,,,,,,,,,"",,,,,,,,,,"Volumetric",,,,,,,,,,0.000000,,,,,,,,,,0.000000,0.000000,,,,,,,,,,,,
"2FBC4F45","Nodes",1120800.000000,1677179.620000,1313.064347,"Default Known Flow Node",69.999969,0.579999,1000.000000,0.000000,"Known Flow",0.000000,0.000000,2.16999993085665e-07,40.000000,0.579999,1000.000000,0.000000,0.000000,13.000000,0.000000,0.515373,0.579999,,,,7.395728,7.395728,,16.800279,,,,,,903.822387,0.066146,0.000000,0.000000,0.000000,,-459.670013,1000.000000,,0.000000,0.000000,,,,0.047066,"UNDEFINED",0.000000,0.997566,0.000000,,,,,"","",,,,7.395728,,0.000000,,0.000000,,,0.000000,0.000000,"",,,0.000000,,-1.000000,,0.000000,0.000000,-1.000000,-1.000000,,,,,,,,,,,"",,,,,,,,,,"Volumetric",,,,,,,,,,0.000000,,,,,,,,,,0.000000,0.000000,,,,,,,,,,,,
"2FBC4F4B","Nodes",1120808.000000,1677171.620000,1313.064347,"Default Known Flow Node",69.999969,0.579999,1000.000000,0.000000,"Known Flow",0.000000,0.000000,2.16999993085665e-07,40.000000,0.579999,1000.000000,0.000000,0.000000,13.000000,0.000000,0.515373,0.579999,,,,7.400685,7.400685,,16.800279,,,,,,903.822387,0.066146,0.000000,0.000000,0.000000,,-459.670013,1000.000000,,0.000000,0.000000,,,,0.047066,"UNDEFINED",0.000000,0.997566,0.000000,,,,,"","",,,,7.400685,,0.000000,,0.000000,,,0.000000,0.000000,"",,,0.000000,,-1.000000,,0.000000,0.000000,-1.000000,-1.000000,,,,,,,,,,,"",,,,,,,,,,"Volumetric",,,,,,,,,,0.000000,,,,,,,,,,0.000000,0.000000,,,,,,,,,,,,
"2FBC641A","Nodes",1117259.214603,1674661.880391,1313.064347,"Default Known Flow Node",69.999969,0.579999,1000.000000,0.000000,"Known Flow",0.000000,0.000000,2.16999993085665e-07,40.000000,0.579999,1000.000000,0.000000,0.000000,13.000000,0.000000,0.515375,0.579999,,,,7.677315,7.677315,,16.800279,,,,,,903.822387,0.066146,0.000000,0.000000,0.000000,,-459.670013,1000.000000,,0.000000,0.000000,,,,0.047098,"UNDEFINED",0.000000,0.997564,0.000000,,,,,"","",,,,7.677315,,0.000000,,0.000000,,,0.000000,0.000000,"",,,0.000000,,-1.000000,,0.000000,0.000000,-1.000000,-1.000000,,,,,,,,,,,"",,,,,,,,,,"Volumetric",,,,,,,,,,0.000000,,,,,,,,,,0.000000,0.000000,,,,,,,,,,,,
"2FBC641C","Nodes",1117265.095686,1674661.272287,1313.064347,"Default Known Flow Node",69.999969,0.579999,1000.000000,0.000000,"Known Flow",0.000000,0.000000,2.16999993085665e-07,40.000000,0.579999,1000.000000,0.000000,0.000000,13.000000,0.000000,0.515375,0.579999,,,,7.658189,7.658189,,16.800279,,,,,,903.822387,0.066146,0.000000,0.000000,0.000000,,-459.670013,1000.000000,,0.000000,0.000000,,,,0.047096,"UNDEFINED",0.000000,0.997565,0.000000,,,,,"","",,,,7.658189,,0.000000,,0.000000,,,0.000000,0.000000,"",,,0.000000,,-1.000000,,0.000000,0.000000,-1.000000,-1.000000,,,,,,,,,,,"",,,,,,,,,,"Volumetric",,,,,,,,,,0.000000,,,,,,,,,,0.000000,0.000000,,,,,,,,,,,,
"2FBC641B","Nodes",1117266.315663,1674661.585219,1313.064347,"Default Known Flow Node",69.999969,0.579999,1000.000000,0.000000,"Known Flow",0.000000,0.000000,2.16999993085665e-07,40.000000,0.579999,1000.000000,0.000000,0.000000,13.000000,0.000000,0.515375,0.579999,,,,7.655000,7.655000,,16.800279,,,,,,903.822387,0.066146,0.000000,0.000000,0.000000,,-459.670013,1000.000000,,0.000000,0.000000,,,,0.047095,"UNDEFINED",0.000000,0.997565,0.000000,,,,,"","",,,,7.655000,,0.000000,,0.000000,,,0.000000,0.000000,"",,,0.000000,,-1.000000,,0.000000,0.000000,-1.000000,-1.000000,,,,,,,,,,,"",,,,,,,,,,"Volumetric",,,,,,,,,,0.000000,,,,,,,,,,0.000000,0.000000,,,,,,,,,,,,
"2FBC55D0","Nodes",1117350.692518,1674683.489028,1313.064347,"Default Known Flow Node",69.999969,0.579999,1000.000000,0.000000,"Known Flow",0.000000,0.000000,2.16999993085665e-07,40.000000,0.579999,1000.000000,0.000000,0.000000,13.000000,0.000000,0.515374,0.579999,,,,7.610596,7.610596,,16.800279,,,,,,903.822387,0.066146,0.000000,0.000000,0.000000,,-459.670013,1000.000000,,0.000000,0.000000,,,,0.047090,"UNDEFINED",0.000000,0.997565,0.000000,,,,,"","",,,,7.610596,,0.000000,,0.000000,,,0.000000,0.000000,"",,,0.000000,,-1.000000,,0.000000,0.000000,-1.000000,-1.000000,,,,,,,,,,,"",,,,,,,,,,"Volumetric",,,,,,,,,,0.000000,,,,,,,,,,0.000000,0.000000,,,,,,,,,,,,
"2FBC55CB","Nodes",1117355.172096,1674684.598385,1313.064347,"Default Known Flow Node",69.999969,0.579999,1000.000000,0.000000,"Known Flow",0.000000,0.000000,2.16999993085665e-07,40.000000,0.579999,1000.000000,0.000000,0.000000,13.000000,0.000000,0.515374,0.579999,,,,7.608578,7.608578,,16.800279,,,,,,903.822387,0.066146,0.000000,0.000000,0.000000,,-459.670013,1000.000000,,0.000000,0.000000,,,,0.047090,"UNDEFINED",0.000000,0.997565,0.000000,,,,,"","",,,,7.608578,,0.000000,,0.000000,,,0.000000,0.000000,"",,,0.000000,"V52358",-1.000000,,0.000000,0.000000,-1.000000,-1.000000,,,,,,,,,,,"",,,,,,,,,,"Volumetric",,,,,,,,,,0.000000,,,,,,,,,,0.000000,0.000000,,,,,,,,,,,,
"2FBC55CF","Nodes",1117385.061335,1674706.817097,1313.064347,"Default Known Flow Node",69.999969,0.579999,1000.000000,0.000000,"Known Flow",0.000000,0.000000,2.16999993085665e-07,40.000000,0.579999,1000.000000,0.000000,0.000000,13.000000,0.000000,0.515374,0.579999,,,,7.587699,7.587699,,16.800279,,,,,,903.822387,0.066146,0.000000,0.000000,0.000000,,-459.670013,1000.000000,,0.000000,0.000000,,,,0.047088,"UNDEFINED",0.000000,0.997565,0.000000,,,,,"","",,,,7.587699,,0.000000,,0.000000,,,0.000000,0.000000,"",,,0.000000,,-1.000000,,0.000000,0.000000,-1.000000,-1.000000,,,,,,,,,,,"",,,,,,,,,,"Volumetric",,,,,,,,,,0.000000,,,,,,,,,,0.000000,0.000000,,,,,,,,,,,,
"2FBC55CA","Nodes",1117387.999918,1674698.723952,1313.064347,"Default Known Flow Node",69.999969,0.579999,1000.000000,0.000000,"Known Flow",0.000000,0.000000,2.16999993085665e-07,40.000000,0.579999,1000.000000,0.000000,0.000000,13.000000,0.000000,0.515374,0.579999,,,,7.589024,7.589024,,16.800279,,,,,,903.822387,0.066146,0.000000,0.000000,0.000000,,-459.670013,1000.000000,,0.000000,0.000000,,,,0.047088,"UNDEFINED",0.000000,0.997565,0.000000,,,,,"","",,,,7.589024,,0.000000,,0.000000,,,0.000000,0.000000,"",,,0.000000,,-1.000000,,0.000000,0.000000,-1.000000,-1.000000,,,,,,,,,,,"",,,,,,,,,,"Volumetric",,,,,,,,,,0.000000,,,,,,,,,,0.000000,0.000000,,,,,,,,,,,,
"2FBC55CE","Nodes",1117473.750000,1674713.500000,1313.064347,"Default Known Flow Node",69.999969,0.579999,1000.000000,0.000000,"Known Flow",0.000000,0.000000,2.16999993085665e-07,40.000000,0.579999,1000.000000,0.000000,0.000000,13.000000,0.000000,0.515374,0.579999,,,,7.589372,7.589372,,16.800279,,,,,,903.822387,0.066146,0.000000,0.000000,0.000000,,-459.670013,1000.000000,,0.000000,0.000000,,,,0.047088,"UNDEFINED",0.000000,0.997565,0.000000,,,,,"","",,,,7.589372,,0.000000,,0.000000,,,0.000000,0.000000,"",,,0.000000,,-1.000000,,0.000000,0.000000,-1.000000,-1.000000,,,,,,,,,,,"",,,,,,,,,,"Volumetric",,,,,,,,,,0.000000,,,,,,,,,,0.000000,0.000000,,,,,,,,,,,,
"2FBC6416","Nodes",1121132.750000,1676452.120000,1313.064347,"Default Known Flow Node",69.999969,0.579999,1000.000000,0.000000,"Known Flow",0.000000,0.000000,2.16999993085665e-07,40.000000,0.579999,1000.000000,0.000000,0.000000,13.000000,0.000000,0.515374,0.579999,,,,7.612987,7.612987,,16.800279,,,,,,903.822387,0.066146,0.000000,0.000000,0.000000,,-459.670013,1000.000000,,0.000000,0.000000,,,,0.047090,"UNDEFINED",0.000000,0.997565,0.000000,,,,,"","",,,,7.612987,,0.000000,,0.000000,,,0.000000,0.000000,"",,,0.000000,,-1.000000,,0.000000,0.000000,-1.000000,-1.000000,,,,,,,,,,,"",,,,,,,,,,"Volumetric",,,,,,,,,,0.000000,,,,,,,,,,0.000000,0.000000,,,,,,,,,,,,
"0BEC5F66","Nodes",1121269.870000,1676487.370000,1313.064347,"Default Known Flow Node",69.999969,0.579999,1000.000000,0.000000,"Known Flow",0.000000,0.000000,2.16999993085665e-07,40.000000,0.579999,1000.000000,0.000000,0.000000,13.000000,0.000000,0.515374,0.579999,,,,7.613001,7.613001,,16.800279,,,,,,903.822387,0.066146,0.000000,0.000000,0.000000,,-459.670013,1000.000000,,0.000000,0.000000,,,,0.047090,"UNDEFINED",0.000000,0.997565,0.000000,,,,,"","",,,,7.613001,,0.000000,,0.000000,,,0.000000,0.000000,"",,,0.000000,,-1.000000,,0.000000,0.000000,-1.000000,-1.000000,,,,,,,,,,,"",,,,,,,,,,"Volumetric",,,,,,,,,,0.000000,,,,,,,,,,0.000000,0.000000,,,,,,,,,,,,
"2FBC6417","Nodes",1121281.250000,1676490.250000,1313.064347,"Default Known Flow Node",69.999969,0.579999,1000.000000,0.000000,"Known Flow",0.000000,0.000000,2.16999993085665e-07,40.000000,0.579999,1000.000000,0.000000,0.000000,13.000000,0.000000,0.515374,0.579999,,,,7.613002,7.613002,,16.800279,,,,,,903.822387,0.066146,0.000000,0.000000,0.000000,,-459.670013,1000.000000,,0.000000,0.000000,,,,0.047090,"UNDEFINED",0.000000,0.997565,0.000000,,,,,"","",,,,7.613002,,0.000000,,0.000000,,,0.000000,0.000000,"",,,0.000000,,-1.000000,,0.000000,0.000000,-1.000000,-1.000000,,,,,,,,,,,"",,,,,,,,,,"Volumetric",,,,,,,,,,0.000000,,,,,,,,,,0.000000,0.000000,,,,,,,,,,,,
"2FBB168A","Nodes",1117188.500000,1673947.120000,1313.064347,"Default Known Flow Node",69.999969,0.579999,1000.000000,0.000000,"Known Flow",0.000000,0.000000,2.16999993085665e-07,40.000000,0.579999,1000.000000,0.000000,0.000000,13.000000,0.000000,0.515374,0.579999,,,,7.571831,7.571831,,16.800279,,,,,,903.822387,0.066146,0.000000,0.000000,0.000000,,-459.670013,1000.000000,,0.000000,0.000000,,,,0.047086,"UNDEFINED",0.000000,0.997565,0.000000,,,,,"","",,,,7.571831,,0.000000,,0.000000,,,0.000000,0.000000,"",,,0.000000,,-1.000000,,0.000000,0.000000,-1.000000,-1.000000,,,,,,,,,,,"",,,,,,,,,,"Volumetric",,,,,,,,,,0.000000,,,,,,,,,,0.000000,0.000000,,,,,,,,,,,,
"0BECA6AA","Nodes",1117159.500000,1674079.120000,1313.064347,"Default Known Flow Node",69.999969,0.579999,1000.000000,0.000000,"Known Flow",0.000000,0.000000,2.16999993085665e-07,40.000000,0.579999,1000.000000,0.000000,0.000000,13.000000,0.000000,0.515374,0.579999,,,,7.570102,7.570102,,16.800279,,,,,,903.822387,0.066146,0.000000,0.000000,0.000000,,-459.670013,1000.000000,,0.000000,0.000000,,,,0.047086,"UNDEFINED",0.000000,0.997565,0.000000,,,,,"","",,,,7.570102,,0.000000,,0.000000,,,0.000000,0.000000,"",,,0.000000,,-1.000000,,0.000000,0.000000,-1.000000,-1.000000,,,,,,,,,,,"",,,,,,,,,,"Volumetric",,,,,,,,,,0.000000,,,,,,,,,,0.000000,0.000000,,,,,,,,,,,,
"2FBB168E","Nodes",1117170.870000,1674029.620000,1313.064347,"Default Known Flow Node",69.999969,0.579999,1000.000000,0.000000,"Known Flow",0.000000,0.000000,2.16999993085665e-07,40.000000,0.579999,1000.000000,0.000000,0.000000,13.000000,0.000000,0.515374,0.579999,,,,7.570763,7.570763,,16.800279,,,,,,903.822387,0.066146,0.000000,0.000000,0.000000,,-459.670013,1000.000000,,0.000000,0.000000,,,,0.047086,"UNDEFINED",0.000000,0.997565,0.000000,,,,,"","",,,,7.570763,,0.000000,,0.000000,,,0.000000,0.000000,"",,,0.000000,,-1.000000,,0.000000,0.000000,-1.000000,-1.000000,,,,,,,,,,,"",,,,,,,,,,"Volumetric",,,,,,,,,,0.000000,,,,,,,,,,0.000000,0.000000,,,,,,,,,,,,
"2FB9BE1D","Nodes",1117195.750000,1674085.120000,1313.064347,"Default Known Flow Node",69.999969,0.579999,1000.000000,0.000000,"Known Flow",0.000000,0.000000,2.16999993085665e-07,40.000000,0.579999,1000.000000,0.000000,0.000000,13.000000,0.000000,0.515374,0.579999,,,,7.571757,7.571757,,16.800279,,,,,,903.822387,0.066146,0.000000,0.000000,0.000000,,-459.670013,1000.000000,,0.000000,0.000000,,,,0.047086,"SETFLOW",0.000000,0.997565,0.000000,,,,,"","",,,,7.571757,,0.000000,,0.000000,,,0.000000,0.000000,"",,,0.000000,,-1.000000,,0.000000,0.000000,-1.000000,-1.000000,,,,,,,,,,,"",,,,,,,,,,"Volumetric",,,,,,,,,,-0.009213,,,,,,,,,,-0.009213,-0.000221,,,,,,,,,,,,
"2FBB168D","Nodes",1117186.370000,1674084.500000,1313.064347,"Default Known Flow Node",69.999969,0.579999,1000.000000,0.000000,"Known Flow",0.000000,0.000000,2.16999993085665e-07,40.000000,0.579999,1000.000000,0.000000,0.000000,13.000000,0.000000,0.515374,0.579999,,,,7.571364,7.571364,,16.800279,,,,,,903.822387,0.066146,0.000000,0.000000,0.000000,,-459.670013,1000.000000,,0.000000,0.000000,,,,0.047086,"UNDEFINED",0.000000,0.997565,0.000000,,,,,"","",,,,7.571364,,0.000000,,0.000000,,,0.000000,0.000000,"",,,0.000000,,-1.000000,,0.000000,0.000000,-1.000000,-1.000000,,,,,,,,,,,"",,,,,,,,,,"Volumetric",,,,,,,,,,0.000000,,,,,,,,,,0.000000,0.000000,,,,,,,,,,,,
"0BECA6AE","Nodes",1117129.370000,1674067.750000,1313.064347,"Default Known Flow Node",69.999969,0.579999,1000.000000,0.000000,"Known Flow",0.000000,0.000000,2.16999993085665e-07,40.000000,0.579999,1000.000000,0.000000,0.000000,13.000000,0.000000,0.515374,0.579999,,,,7.567364,7.567364,,16.800279,,,,,,903.822387,0.066146,0.000000,0.000000,0.000000,,-459.670013,1000.000000,,0.000000,0.000000,,,,0.047085,"SETFLOW",0.000000,0.997565,0.000000,,,,,"","",,,,7.567364,,0.000000,,0.000000,,,0.000000,0.000000,"",,,0.000000,,-1.000000,,0.000000,0.000000,-1.000000,-1.000000,,,,,,,,,,,"",,,,,,,,,,"Volumetric",,,,,,,,,,-0.020270,,,,,,,,,,-0.020270,-0.000486,,,,,,,,,,,,
"2FBB168B","Nodes",1117049.750000,1674048.370000,1313.064347,"Default Known Flow Node",69.999969,0.579999,1000.000000,0.000000,"Known Flow",0.000000,0.000000,2.16999993085665e-07,40.000000,0.579999,1000.000000,0.000000,0.000000,13.000000,0.000000,0.515374,0.579999,,,,7.560389,7.560389,,16.800279,,,,,,903.822387,0.066146,0.000000,0.000000,0.000000,,-459.670013,1000.000000,,0.000000,0.000000,,,,0.047085,"SETFLOW",0.000000,0.997565,0.000000,,,,,"","",,,,7.560389,,0.000000,,0.000000,,,0.000000,0.000000,"",,,0.000000,,-1.000000,,0.000000,0.000000,-1.000000,-1.000000,,,,,,,,,,,"",,,,,,,,,,"Volumetric",,,,,,,,,,-1.066951,,,,,,,,,,-1.066951,-0.025606,,,,,,,,,,,,
"2FB9C49A","Nodes",1116792.370000,1671271.370000,1313.064347,"Default Known Flow Node",69.999969,0.579999,1000.000000,0.000000,"Known Flow",0.000000,0.000000,2.16999993085665e-07,40.000000,0.579999,1000.000000,0.000000,0.000000,13.000000,0.000000,0.515373,0.579999,,,,7.278502,7.278502,,16.800279,,,,,,903.822387,0.066146,0.000000,0.000000,0.000000,,-459.670013,1000.000000,,0.000000,0.000000,,,,0.047052,"UNDEFINED",0.000000,0.997567,0.000000,,,,,"","",,,,7.278502,,0.000000,,0.000000,,,0.000000,0.000000,"",,,0.000000,,-1.000000,,0.000000,0.000000,-1.000000,-1.000000,,,,,,,,,,,"",,,,,,,,,,"Volumetric",,,,,,,,,,0.000000,,,,,,,,,,0.000000,0.000000,,,,,,,,,,,,
"2FB9C49B","Nodes",1116804.250000,1671349.870000,1313.064347,"Default Known Flow Node",69.999969,0.579999,1000.000000,0.000000,"Known Flow",0.000000,0.000000,2.16999993085665e-07,40.000000,0.579999,1000.000000,0.000000,0.000000,13.000000,0.000000,0.515373,0.579999,,,,7.264827,7.264827,,16.800279,,,,,,903.822387,0.066146,0.000000,0.000000,0.000000,,-459.670013,1000.000000,,0.000000,0.000000,,,,0.047051,"UNDEFINED",0.000000,0.997567,0.000000,,,,,"","",,,,7.264827,,0.000000,,0.000000,,,0.000000,0.000000,"",,,0.000000,,-1.000000,,0.000000,0.000000,-1.000000,-1.000000,,,,,,,,,,,"",,,,,,,,,,"Volumetric",,,,,,,,,,0.000000,,,,,,,,,,0.000000,0.000000,,,,,,,,,,,,
"2FB200A0","Nodes",1116809.000000,1671379.370000,1313.064347,"Default Known Flow Node",69.999969,0.579999,1000.000000,0.000000,"Known Flow",0.000000,0.000000,2.16999993085665e-07,40.000000,0.579999,1000.000000,0.000000,0.000000,13.000000,0.000000,0.515372,0.579999,,,,7.261057,7.261057,,16.800279,,,,,,903.822387,0.066146,0.000000,0.000000,0.000000,,-459.670013,1000.000000,,0.000000,0.000000,,,,0.047050,"UNDEFINED",0.000000,0.997567,0.000000,,,,,"","",,,,7.261057,,0.000000,,0.000000,,,0.000000,0.000000,"",,,0.000000,,-1.000000,,0.000000,0.000000,-1.000000,-1.000000,,,,,,,,,,,"",,,,,,,,,,"Volumetric",,,,,,,,,,0.000000,,,,,,,,,,0.000000,0.000000,,,,,,,,,,,,
"2FBC4FFD","Nodes",1116813.179598,1671408.196783,1313.064347,"Default Known Flow Node",69.999969,0.579999,1000.000000,0.000000,"Known Flow",0.000000,0.000000,2.16999993085665e-07,40.000000,0.579999,1000.000000,0.000000,0.000000,13.000000,0.000000,0.515372,0.579999,,,,7.257413,7.257413,,16.800279,,,,,,903.822387,0.066146,0.000000,0.000000,0.000000,,-459.670013,1000.000000,,0.000000,0.000000,,,,0.047050,"UNDEFINED",0.000000,0.997567,0.000000,,,,,"","",,,,7.257413,,0.000000,,0.000000,,,0.000000,0.000000,"",,,0.000000,,-1.000000,,0.000000,0.000000,-1.000000,-1.000000,,,,,,,,,,,"",,,,,,,,,,"Volumetric",,,,,,,,,,0.000000,,,,,,,,,,0.000000,0.000000,,,,,,,,,,,,
"2FBC4FFF","Nodes",1116824.635712,1671466.330999,1313.064347,"Default Known Flow Node",69.999969,0.579999,1000.000000,0.000000,"Known Flow",0.000000,0.000000,2.16999993085665e-07,40.000000,0.579999,1000.000000,0.000000,0.000000,13.000000,0.000000,0.515372,0.579999,,,,7.247199,7.247199,,16.800279,,,,,,903.822387,0.066146,0.000000,0.000000,0.000000,,-459.670013,1000.000000,,0.000000,0.000000,,,,0.047049,"UNDEFINED",0.000000,0.997567,0.000000,,,,,"","",,,,7.247199,,0.000000,,0.000000,,,0.000000,0.000000,"",,,0.000000,"V52714",-1.000000,,0.000000,0.000000,-1.000000,-1.000000,,,,,,,,,,,"",,,,,,,,,,"Volumetric",,,,,,,,,,0.000000,,,,,,,,,,0.000000,0.000000,,,,,,,,,,,,
"2FBC4FFC","Nodes",1116824.028089,1671474.771392,1313.064347,"Default Known Flow Node",69.999969,0.579999,1000.000000,0.000000,"Known Flow",0.000000,0.000000,2.16999993085665e-07,40.000000,0.579999,1000.000000,0.000000,0.000000,13.000000,0.000000,0.515372,0.579999,,,,7.245642,7.245642,,16.800279,,,,,,903.822387,0.066146,0.000000,0.000000,0.000000,,-459.670013,1000.000000,,0.000000,0.000000,,,,0.047049,"UNDEFINED",0.000000,0.997567,0.000000,,,,,"","",,,,7.245642,,0.000000,,0.000000,,,0.000000,0.000000,"",,,0.000000,,-1.000000,,0.000000,0.000000,-1.000000,-1.000000,,,,,,,,,,,"",,,,,,,,,,"Volumetric",,,,,,,,,,0.000000,,,,,,,,,,0.000000,0.000000,,,,,,,,,,,,
"2FBB16A1","Nodes",1117111.003559,1676931.810997,1313.064347,"Default Known Flow Node",69.999969,0.579999,1000.000000,0.000000,"Known Flow",0.000000,0.000000,2.16999993085665e-07,40.000000,0.579999,1000.000000,0.000000,0.000000,13.000000,0.000000,0.515372,0.579999,,,,7.187483,7.187483,,16.800279,,,,,,903.822387,0.066146,0.000000,0.000000,0.000000,,-459.670013,1000.000000,,0.000000,0.000000,,,,0.047042,"UNDEFINED",0.000000,0.997567,0.000000,,,,,"","",,,,7.187483,,0.000000,,0.000000,,,0.000000,0.000000,"",,,0.000000,"V52724",-1.000000,,0.000000,0.000000,-1.000000,-1.000000,,,,,,,,,,,"",,,,,,,,,,"Volumetric",,,,,,,,,,0.000000,,,,,,,,,,0.000000,0.000000,,,,,,,,,,,,
"2FBD9186","Nodes",1117118.135591,1676932.060498,1313.064347,"Default Known Flow Node",69.999969,0.579999,1000.000000,0.000000,"Known Flow",0.000000,0.000000,2.16999993085665e-07,40.000000,0.579999,1000.000000,0.000000,0.000000,13.000000,0.000000,0.515372,0.579999,,,,7.187053,7.187053,,16.800279,,,,,,903.822387,0.066146,0.000000,0.000000,0.000000,,-459.670013,1000.000000,,0.000000,0.000000,,,,0.047042,"UNDEFINED",0.000000,0.997567,0.000000,,,,,"","",,,,7.187053,,0.000000,,0.000000,,,0.000000,0.000000,"",,,0.000000,,-1.000000,,0.000000,0.000000,-1.000000,-1.000000,,,,,,,,,,,"",,,,,,,,,,"Volumetric",,,,,,,,,,0.000000,,,,,,,,,,0.000000,0.000000,,,,,,,,,,,,
"2FBB1697","Nodes",1117071.120000,1676895.620000,1313.064347,"Default Known Flow Node",69.999969,0.579999,1000.000000,0.000000,"Known Flow",0.000000,0.000000,2.16999993085665e-07,40.000000,0.579999,1000.000000,0.000000,0.000000,13.000000,0.000000,0.515372,0.579999,,,,7.193028,7.193028,,16.800279,,,,,,903.822387,0.066146,0.000000,0.000000,0.000000,,-459.670013,1000.000000,,0.000000,0.000000,,,,0.047043,"UNDEFINED",0.000000,0.997567,0.000000,,,,,"","",,,,7.193028,,0.000000,,0.000000,,,0.000000,0.000000,"",,,0.000000,,-1.000000,,0.000000,0.000000,-1.000000,-1.000000,,,,,,,,,,,"",,,,,,,,,,"Volumetric",,,,,,,,,,0.000000,,,,,,,,,,0.000000,0.000000,,,,,,,,,,,,
"2FBBCA3E","Nodes",1117076.870000,1676690.620000,1313.064347,"Default Known Flow Node",69.999969,0.579999,1000.000000,0.000000,"Known Flow",0.000000,0.000000,2.16999993085665e-07,40.000000,0.579999,1000.000000,0.000000,0.000000,13.000000,0.000000,0.515373,0.579999,,,,7.283068,7.283068,,16.800279,,,,,,903.822387,0.066146,0.000000,0.000000,0.000000,,-459.670013,1000.000000,,0.000000,0.000000,,,,0.047053,"UNDEFINED",0.000000,0.997567,0.000000,,,,,"","",,,,7.283068,,0.000000,,0.000000,,,0.000000,0.000000,"",,,0.000000,,-1.000000,,0.000000,0.000000,-1.000000,-1.000000,,,,,,,,,,,"",,,,,,,,,,"Volumetric",,,,,,,,,,0.000000,,,,,,,,,,0.000000,0.000000,,,,,,,,,,,,
"2FBB1696","Nodes",1117046.196865,1676931.517588,1313.064347,"Default Known Flow Node",69.999969,0.579999,1000.000000,0.000000,"Known Flow",0.000000,0.000000,2.16999993085665e-07,40.000000,0.579999,1000.000000,0.000000,0.000000,13.000000,0.000000,0.515372,0.579999,,,,7.192950,7.192950,,16.800279,,,,,,903.822387,0.066146,0.000000,0.000000,0.000000,,-459.670013,1000.000000,,0.000000,0.000000,,,,0.047043,"UNDEFINED",0.000000,0.997567,0.000000,,,,,"","",,,,7.192950,,0.000000,,0.000000,,,0.000000,0.000000,"",,,0.000000,,-1.000000,,0.000000,0.000000,-1.000000,-1.000000,,,,,,,,,,,"",,,,,,,,,,"Volumetric",,,,,,,,,,0.000000,,,,,,,,,,0.000000,0.000000,,,,,,,,,,,,
"2FBB169D","Nodes",1117049.179390,1676931.683133,1313.064347,"Default Known Flow Node",69.999969,0.579999,1000.000000,0.000000,"Known Flow",0.000000,0.000000,2.16999993085665e-07,40.000000,0.579999,1000.000000,0.000000,0.000000,13.000000,0.000000,0.515372,0.579999,,,,7.191602,7.191602,,16.800279,,,,,,903.822387,0.066146,0.000000,0.000000,0.000000,,-459.670013,1000.000000,,0.000000,0.000000,,,,0.047043,"UNDEFINED",0.000000,0.997567,0.000000,,,,,"","",,,,7.191602,,0.000000,,0.000000,,,0.000000,0.000000,"",,,0.000000,,-1.000000,,0.000000,0.000000,-1.000000,-1.000000,,,,,,,,,,,"",,,,,,,,,,"Volumetric",,,,,,,,,,0.000000,,,,,,,,,,0.000000,0.000000,,,,,,,,,,,,
"2FBB169E","Nodes",1117055.746974,1676929.872100,1313.064347,"Default Known Flow Node",69.999969,0.579999,1000.000000,0.000000,"Known Flow",0.000000,0.000000,2.16999993085665e-07,40.000000,0.579999,1000.000000,0.000000,0.000000,13.000000,0.000000,0.515372,0.579999,,,,7.191098,7.191098,,16.800279,,,,,,903.822387,0.066146,0.000000,0.000000,0.000000,,-459.670013,1000.000000,,0.000000,0.000000,,,,0.047043,"UNDEFINED",0.000000,0.997567,0.000000,,,,,"","",,,,7.191098,,0.000000,,0.000000,,,0.000000,0.000000,"",,,0.000000,"V52723",-1.000000,,0.000000,0.000000,-1.000000,-1.000000,,,,,,,,,,,"",,,,,,,,,,"Volumetric",,,,,,,,,,0.000000,,,,,,,,,,0.000000,0.000000,,,,,,,,,,,,
"2FBB169C","Nodes",1117070.370000,1676947.620000,1313.064347,"Default Known Flow Node",69.999969,0.579999,1000.000000,0.000000,"Known Flow",0.000000,0.000000,2.16999993085665e-07,40.000000,0.579999,1000.000000,0.000000,0.000000,13.000000,0.000000,0.515372,0.579999,,,,7.189428,7.189428,,16.800279,,,,,,903.822387,0.066146,0.000000,0.000000,0.000000,,-459.670013,1000.000000,,0.000000,0.000000,,,,0.047042,"UNDEFINED",0.000000,0.997567,0.000000,,,,,"","",,,,7.189428,,0.000000,,0.000000,,,0.000000,0.000000,"",,,0.000000,"V52722",-1.000000,,0.000000,0.000000,-1.000000,-1.000000,,,,,,,,,,,"",,,,,,,,,,"Volumetric",,,,,,,,,,0.000000,,,,,,,,,,0.000000,0.000000,,,,,,,,,,,,
"2FBC6438","Nodes",1120293.500000,1675471.000000,1313.064347,"Default Known Flow Node",69.999969,0.579999,1000.000000,0.000000,"Known Flow",0.000000,0.000000,2.16999993085665e-07,40.000000,0.579999,1000.000000,0.000000,0.000000,13.000000,0.000000,0.515378,0.579999,,,,8.249871,8.249871,,16.800279,,,,,,903.822387,0.066146,0.000000,0.000000,0.000000,,-459.670013,1000.000000,,0.000000,0.000000,,,,0.047163,"UNDEFINED",0.000000,0.997561,0.000000,,,,,"","",,,,8.249871,,0.000000,,0.000000,,,0.000000,0.000000,"",,,0.000000,,-1.000000,,0.000000,0.000000,-1.000000,-1.000000,,,,,,,,,,,"",,,,,,,,,,"Volumetric",,,,,,,,,,0.000000,,,,,,,,,,0.000000,0.000000,,,,,,,,,,,,
"2FBC4D12","Nodes",1116739.250000,1670649.000000,1313.064347,"Default Known Flow Node",69.999969,0.579999,1000.000000,0.000000,"Known Flow",0.000000,0.000000,2.16999993085665e-07,40.000000,0.579999,1000.000000,0.000000,0.000000,13.000000,0.000000,0.515373,0.579999,,,,7.308269,7.308269,,16.800279,,,,,,903.822387,0.066146,0.000000,0.000000,0.000000,,-459.670013,1000.000000,,0.000000,0.000000,,,,0.047056,"UNDEFINED",0.000000,0.997567,0.000000,,,,,"","",,,,7.308269,,0.000000,,0.000000,,,0.000000,0.000000,"",,,0.000000,,-1.000000,,0.000000,0.000000,-1.000000,-1.000000,,,,,,,,,,,"",,,,,,,,,,"Volumetric",,,,,,,,,,0.000000,,,,,,,,,,0.000000,0.000000,,,,,,,,,,,,
"2FBC4D14","Nodes",1116744.620000,1670647.870000,1313.064347,"Default Known Flow Node",69.999969,0.579999,1000.000000,0.000000,"Known Flow",0.000000,0.000000,2.16999993085665e-07,40.000000,0.579999,1000.000000,0.000000,0.000000,13.000000,0.000000,0.515373,0.579999,,,,7.299114,7.299114,,16.800279,,,,,,903.822387,0.066146,0.000000,0.000000,0.000000,,-459.670013,1000.000000,,0.000000,0.000000,,,,0.047055,"UNDEFINED",0.000000,0.997567,0.000000,,,,,"","",,,,7.299114,,0.000000,,0.000000,,,0.000000,0.000000,"",,,0.000000,,-1.000000,,0.000000,0.000000,-1.000000,-1.000000,,,,,,,,,,,"",,,,,,,,,,"Volumetric",,,,,,,,,,0.000000,,,,,,,,,,0.000000,0.000000,,,,,,,,,,,,
"2FBC4D13","Nodes",1116798.620000,1670637.000000,1313.064347,"Default Known Flow Node",69.999969,0.579999,1000.000000,0.000000,"Known Flow",0.000000,0.000000,2.16999993085665e-07,40.000000,0.579999,1000.000000,0.000000,0.000000,13.000000,0.000000,0.515373,0.579999,,,,7.284803,7.284803,,16.800279,,,,,,903.822387,0.066146,0.000000,0.000000,0.000000,,-459.670013,1000.000000,,0.000000,0.000000,,,,0.047053,"UNDEFINED",0.000000,0.997567,0.000000,,,,,"","",,,,7.284803,,0.000000,,0.000000,,,0.000000,0.000000,"",,,0.000000,,-1.000000,,0.000000,0.000000,-1.000000,-1.000000,,,,,,,,,,,"",,,,,,,,,,"Volumetric",,,,,,,,,,0.000000,,,,,,,,,,0.000000,0.000000,,,,,,,,,,,,
"2FBC4D11","Nodes",1116804.620000,1670635.750000,1313.064347,"Default Known Flow Node",69.999969,0.579999,1000.000000,0.000000,"Known Flow",0.000000,0.000000,2.16999993085665e-07,40.000000,0.579999,1000.000000,0.000000,0.000000,13.000000,0.000000,0.515373,0.579999,,,,7.275647,7.275647,,16.800279,,,,,,903.822387,0.066146,0.000000,0.000000,0.000000,,-459.670013,1000.000000,,0.000000,0.000000,,,,0.047052,"UNDEFINED",0.000000,0.997567,0.000000,,,,,"","",,,,7.275647,,0.000000,,0.000000,,,0.000000,0.000000,"",,,0.000000,,-1.000000,,0.000000,0.000000,-1.000000,-1.000000,,,,,,,,,,,"",,,,,,,,,,"Volumetric",,,,,,,,,,0.000000,,,,,,,,,,0.000000,0.000000,,,,,,,,,,,,
"2FB82F4E","Nodes",1117490.870000,1673066.370000,1313.064347,"Default Known Flow Node",69.999969,0.579999,1000.000000,0.000000,"Known Flow",0.000000,0.000000,2.16999993085665e-07,40.000000,0.579999,1000.000000,0.000000,0.000000,13.000000,0.000000,0.515374,0.579999,,,,7.446678,7.446678,,16.800279,,,,,,903.822387,0.066146,0.000000,0.000000,0.000000,,-459.670013,1000.000000,,0.000000,0.000000,,,,0.047072,"SETFLOW",0.000000,0.997566,0.000000,,,,,"","",,,,7.446678,,0.000000,,0.000000,,,0.000000,0.000000,"",,,0.000000,,-1.000000,,0.000000,0.000000,-1.000000,-1.000000,,,,,,,,,,,"",,,,,,,,,,"Volumetric",,,,,,,,,,-0.030139,,,,,,,,,,-0.030139,-0.000723,,,,,,,,,,,,
"2FBC6442","Nodes",1116489.250000,1673155.370000,1313.064347,"Default Known Flow Node",69.999969,0.579999,1000.000000,0.000000,"Known Flow",0.000000,0.000000,2.16999993085665e-07,40.000000,0.579999,1000.000000,0.000000,0.000000,13.000000,0.000000,0.515373,0.579999,,,,7.398886,7.398886,,16.800279,,,,,,903.822387,0.066146,0.000000,0.000000,0.000000,,-459.670013,1000.000000,,0.000000,0.000000,,,,0.047066,"UNDEFINED",0.000000,0.997566,0.000000,,,,,"","",,,,7.398886,,0.000000,,0.000000,,,0.000000,0.000000,"",,,0.000000,,-1.000000,,0.000000,0.000000,-1.000000,-1.000000,,,,,,,,,,,"",,,,,,,,,,"Volumetric",,,,,,,,,,0.000000,,,,,,,,,,0.000000,0.000000,,,,,,,,,,,,
"2FBC6A3D","Nodes",1116405.870000,1673509.370000,1313.064347,"Default Known Flow Node",69.999969,0.579999,1000.000000,0.000000,"Known Flow",0.000000,0.000000,2.16999993085665e-07,40.000000,0.579999,1000.000000,0.000000,0.000000,13.000000,0.000000,0.515374,0.579999,,,,7.600240,7.600240,,16.800279,,,,,,903.822387,0.066146,0.000000,0.000000,0.000000,,-459.670013,1000.000000,,0.000000,0.000000,,,,0.047089,"UNDEFINED",0.000000,0.997565,0.000000,,,,,"","",,,,7.600240,,0.000000,,0.000000,,,0.000000,0.000000,"",,,0.000000,,-1.000000,,0.000000,0.000000,-1.000000,-1.000000,,,,,,,,,,,"",,,,,,,,,,"Volumetric",,,,,,,,,,0.000000,,,,,,,,,,0.000000,0.000000,,,,,,,,,,,,
"2FBC6A40","Nodes",1116395.000000,1673555.870000,1313.064347,"Default Known Flow Node",69.999969,0.579999,1000.000000,0.000000,"Known Flow",0.000000,0.000000,2.16999993085665e-07,40.000000,0.579999,1000.000000,0.000000,0.000000,13.000000,0.000000,0.515375,0.579999,,,,7.665810,7.665810,,16.800279,,,,,,903.822387,0.066146,0.000000,0.000000,0.000000,,-459.670013,1000.000000,,0.000000,0.000000,,,,0.047096,"UNDEFINED",0.000000,0.997564,0.000000,,,,,"","",,,,7.665810,,0.000000,,0.000000,,,0.000000,0.000000,"",,,0.000000,,-1.000000,,0.000000,0.000000,-1.000000,-1.000000,,,,,,,,,,,"",,,,,,,,,,"Volumetric",,,,,,,,,,0.000000,,,,,,,,,,0.000000,0.000000,,,,,,,,,,,,
"2FBC6A3E","Nodes",1116394.750000,1673557.370000,1313.064347,"Default Known Flow Node",69.999969,0.579999,1000.000000,0.000000,"Known Flow",0.000000,0.000000,2.16999993085665e-07,40.000000,0.579999,1000.000000,0.000000,0.000000,13.000000,0.000000,0.515375,0.579999,,,,7.668111,7.668111,,16.800279,,,,,,903.822387,0.066146,0.000000,0.000000,0.000000,,-459.670013,1000.000000,,0.000000,0.000000,,,,0.047097,"UNDEFINED",0.000000,0.997564,0.000000,,,,,"","",,,,7.668111,,0.000000,,0.000000,,,0.000000,0.000000,"",,,0.000000,,-1.000000,,0.000000,0.000000,-1.000000,-1.000000,,,,,,,,,,,"",,,,,,,,,,"Volumetric",,,,,,,,,,0.000000,,,,,,,,,,0.000000,0.000000,,,,,,,,,,,,
"3W8","Nodes",1120627.500000,1668616.500000,1313.064347,"Default Known Flow Node",69.999969,0.579999,1000.000000,0.000000,"Known Flow",0.000000,0.000000,2.16999993085665e-07,40.000000,0.579999,1000.000000,0.000000,0.000000,13.000000,0.000000,0.515379,0.579999,,,,8.448520,8.448520,,16.800279,,,,,,903.822387,0.066146,0.000000,0.000000,0.000000,,-459.670013,1000.000000,,0.000000,0.000000,,,,0.047185,"SETFLOW",0.000000,0.997560,0.000000,,,,,"","",,,,8.448520,,0.000000,,0.000000,,,0.000000,0.000000,"",,,0.000000,"BARSHEL EQUITIES CO",-1.000000,,0.000000,0.000000,-1.000000,-1.000000,,,,,,,,,,,"",,,,"",,,,,,"Volumetric",,,,"Volumetric",,,,,,0.000000,,,,-1.086893,,,,,,0.000000,0.000000,,,,,,,,,,,,
"S1155115","Nodes",1120627.250000,1668834.500000,1313.064347,"Default Known Flow Node",69.999969,0.579999,1000.000000,0.000000,"Known Flow",0.000000,0.000000,2.16999993085665e-07,40.000000,0.579999,1000.000000,0.000000,0.000000,13.000000,0.000000,0.515379,0.579999,,,,8.458677,8.458677,,16.800279,,,,,,903.822387,0.066146,0.000000,0.000000,0.000000,,-459.670013,1000.000000,,0.000000,0.000000,,,,0.047187,"SETFLOW",0.000000,0.997560,0.000000,,,,,"","",,,,8.458677,,0.000000,,0.000000,,,0.000000,0.000000,"",,,0.000000,"144-50 35 Ave, Q= 7.309 mcfh, Firm DONE",-1.000000,,0.000000,0.000000,-1.000000,-1.000000,,,,,,,,,,,,,,,,"",,,,,,,,,,"Volumetric",,,,,,,,,,-7.309000,,,,,-7.309000,-0.175416,,,,,,,,,,,,
"Q3No665","Nodes",1120625.941085,1668944.724898,1313.064347,"Default Known Flow Node",69.999969,0.579999,1000.000000,0.000000,"Known Flow",0.000000,0.000000,2.16999993085665e-07,40.000000,0.579999,1000.000000,0.000000,0.000000,13.000000,0.000000,0.515379,0.579999,,,,8.468141,8.468141,,16.800279,,,,,,903.822387,0.066146,0.000000,0.000000,0.000000,,-459.670013,1000.000000,,0.000000,0.000000,,,,0.047188,"UNDEFINED",0.000000,0.997560,0.000000,,,,,"","",,,,8.468141,,0.000000,,0.000000,,,0.000000,0.000000,"",,,0.000000,"35-08 146 St (POE 35 Ave)  Q= 6.877 mcfh, Firm",-1.000000,,0.000000,0.000000,0.000000,-1.000000,,,,,,,,,,,"",,,,,,,,,,"Volumetric",,,,,,,,,,0.000000,,,,,,,,,,0.000000,0.000000,,,,,,,,,,,,
"2FBBCA05","Nodes",1122190.000000,1672051.250000,1313.064347,"Default Known Flow Node",69.999969,0.579999,1000.000000,0.000000,"Known Flow",0.000000,0.000000,2.16999993085665e-07,40.000000,0.579999,1000.000000,0.000000,0.000000,13.000000,0.000000,0.515380,0.579999,,,,8.585000,8.585000,,16.800279,,,,,,903.822387,0.066145,0.000000,0.000000,0.000000,,-459.670013,1000.000000,,0.000000,0.000000,,,,0.047201,"UNDEFINED",0.000000,0.997559,0.000000,,,,,"","",,,,8.585000,,0.000000,,0.000000,,,0.000000,0.000000,"",,,0.000000,,-1.000000,,0.000000,0.000000,-1.000000,-1.000000,,,,,,,,,,,"",,,,,,,,,,"Volumetric",,,,,,,,,,0.000000,,,,,,,,,,0.000000,0.000000,,,,,,,,,,,,
"2FBE475B","Nodes",1119691.761924,1668348.203260,1313.064347,"Default Known Flow Node",69.999969,0.579999,1000.000000,0.000000,"Known Flow",0.000000,0.000000,2.16999993085665e-07,40.000000,0.579999,1000.000000,0.000000,0.000000,13.000000,0.000000,0.515376,0.579999,,,,7.866535,7.866535,,16.800279,,,,,,903.822387,0.066146,0.000000,0.000000,0.000000,,-459.670013,1000.000000,,0.000000,0.000000,,,,0.047119,"UNDEFINED",0.000000,0.997563,0.000000,,,,,"","",,,,7.866535,,0.000000,,0.000000,,,0.000000,0.000000,"",,,0.000000,,-1.000000,,0.000000,0.000000,0.000000,-1.000000,,,,,,,,,,,"",,,,,,,,,,"Volumetric",,,,,,,,,,0.000000,,,,,,,,,,0.000000,0.000000,,,,,,,,,,,,
"2FBB324D","Nodes",1119615.500000,1669083.750000,1313.064347,"Default Known Flow Node",69.999969,0.579999,1000.000000,0.000000,"Known Flow",0.000000,0.000000,2.16999993085665e-07,40.000000,0.579999,1000.000000,0.000000,0.000000,13.000000,0.000000,0.515376,0.579999,,,,7.940286,7.940286,,16.800279,,,,,,903.822387,0.066146,0.000000,0.000000,0.000000,,-459.670013,1000.000000,,0.000000,0.000000,,,,0.047128,"UNDEFINED",0.000000,0.997563,0.000000,,,,,"","",,,,7.940286,,0.000000,,0.000000,,,0.000000,0.000000,"",,,0.000000,,-1.000000,,0.000000,0.000000,-1.000000,-1.000000,,,,,,,,,,,"",,,,,,,,,,"Volumetric",,,,,,,,,,0.000000,,,,,,,,,,0.000000,0.000000,,,,,,,,,,,,
"2FBB3244","Nodes",1119614.870000,1669080.250000,1313.064347,"Default Known Flow Node",69.999969,0.579999,1000.000000,0.000000,"Known Flow",0.000000,0.000000,2.16999993085665e-07,40.000000,0.579999,1000.000000,0.000000,0.000000,13.000000,0.000000,0.515376,0.579999,,,,7.939538,7.939538,,16.800279,,,,,,903.822387,0.066146,0.000000,0.000000,0.000000,,-459.670013,1000.000000,,0.000000,0.000000,,,,0.047128,"UNDEFINED",0.000000,0.997563,0.000000,,,,,"","",,,,7.939538,,0.000000,,0.000000,,,0.000000,0.000000,"",,,0.000000,,-1.000000,,0.000000,0.000000,-1.000000,-1.000000,,,,,,,,,,,"",,,,,,,,,,"Volumetric",,,,,,,,,,0.000000,,,,,,,,,,0.000000,0.000000,,,,,,,,,,,,
"0BF47805","Nodes",1119530.000000,1668555.620000,1313.064347,"Default Known Flow Node",69.999969,0.579999,1000.000000,0.000000,"Known Flow",0.000000,0.000000,2.16999993085665e-07,40.000000,0.579999,1000.000000,0.000000,0.000000,13.000000,0.000000,0.515376,0.579999,,,,7.840449,7.840449,,16.800279,,,,,,903.822387,0.066146,0.000000,0.000000,0.000000,,-459.670013,1000.000000,,0.000000,0.000000,,,,0.047116,"UNDEFINED",0.000000,0.997563,0.000000,,,,,"","",,,,7.840449,,0.000000,,0.000000,,,0.000000,0.000000,"",,,0.000000,"144-20 38 Ave, Q = -4.475 mcfh, Firm",-1.000000,,0.000000,0.000000,-1.000000,-1.000000,,,,,,,,,,,"",,,,,,,,,,"Volumetric",,,,,,,,,,0.000000,,,,,,,,,,0.000000,0.000000,,,,,,,,,,,,
"0BF474EE","Nodes",1118730.870000,1669606.500000,1313.064347,"Default Known Flow Node",69.999969,0.579999,1000.000000,0.000000,"Known Flow",0.000000,0.000000,2.16999993085665e-07,40.000000,0.579999,1000.000000,0.000000,0.000000,13.000000,0.000000,0.515369,0.579999,,,,6.559346,6.559346,,16.800279,,,,,,903.822387,0.066147,0.000000,0.000000,0.000000,,-459.670013,1000.000000,,0.000000,0.000000,,,,0.046971,"SETFLOW",0.000000,0.997571,0.000000,,,,,"","",,,,6.559346,,0.000000,,0.000000,,,0.000000,0.000000,"",,,0.000000,"144-90 41 Ave, Q = -7.104 mcfh, Firm",-1.000000,,0.000000,0.000000,-1.000000,-1.000000,,,,,,,,,,,"",,,"",,,,,,,"Volumetric",,,"Volumetric",,,,,,,0.000000,,,-7.104000,,,,,,,0.000000,0.000000,,,,,,,,,,,,
"2FBCD898","Nodes",1118893.500000,1669778.500000,1313.064347,"Default Known Flow Node",69.999969,0.579999,1000.000000,0.000000,"Known Flow",0.000000,0.000000,2.16999993085665e-07,40.000000,0.579999,1000.000000,0.000000,0.000000,13.000000,0.000000,0.515368,0.579999,,,,6.474561,6.474561,,16.800279,,,,,,903.822387,0.066147,0.000000,0.000000,0.000000,,-459.670013,1000.000000,,0.000000,0.000000,,,,0.046961,"SETFLOW",0.000000,0.997571,0.000000,,,,,"","",,,,6.474561,,0.000000,,0.000000,,,0.000000,0.000000,"",,,0.000000,"147-10 41 Ave, Q = -7.511 mcfh, Firm DONE",-1.000000,,0.000000,0.000000,-1.000000,-1.000000,,,,,,,,,,,,,,,,"",,,,,,,,,,"Volumetric",,,,,,,,,,-7.511000,,,,,-7.511000,-0.180264,,,,,,,,,,,,
"2FBA824F","Nodes",1120204.567782,1669605.749216,1313.064347,"Default Known Flow Node",69.999969,0.579999,1000.000000,0.000000,"Known Flow",0.000000,0.000000,2.16999993085665e-07,40.000000,0.579999,1000.000000,0.000000,0.000000,13.000000,0.000000,0.515379,0.579999,,,,8.427996,8.427996,,16.800279,,,,,,903.822387,0.066146,0.000000,0.000000,0.000000,,-459.670013,1000.000000,,0.000000,0.000000,,,,0.047183,"SETFLOW",0.000000,0.997560,0.000000,,,,,"","",,,,8.427996,,0.000000,,0.000000,,,0.000000,0.000000,"",,,0.000000,"147-15 Northern Blvd, Q= 7.099 mcfh, Firm DONE",-1.000000,,0.000000,0.000000,-1.000000,-1.000000,,,,,,,,,,,,,,,,"",,,,,,,,,,"Volumetric",,,,,,,,,,-7.099000,,,,,-7.099000,-0.170376,,,,,,,,,,,,
"0BF47C2D","Nodes",1120202.693497,1669470.888326,1313.064347,"Default Known Flow Node",69.999969,0.579999,1000.000000,0.000000,"Known Flow",0.000000,0.000000,2.16999993085665e-07,40.000000,0.579999,1000.000000,0.000000,0.000000,13.000000,0.000000,0.515379,0.579999,,,,8.414905,8.414905,,16.800279,,,,,,903.822387,0.066146,0.000000,0.000000,0.000000,,-459.670013,1000.000000,,0.000000,0.000000,,,,0.047182,"SETFLOW",0.000000,0.997560,0.000000,,,,,"","",,,,8.414905,,0.000000,,0.000000,,,0.000000,0.000000,"",,,0.000000,"147-03 Northern Blvd, Q = -3.232 mcfh, Firm",-1.000000,,0.000000,0.000000,-1.000000,-1.000000,,,,,,,,,,,"",,,"",,,,,,,"Volumetric",,,"Volumetric",,,,,,,0.000000,,,-3.232000,,,,,,,0.000000,0.000000,,,,,,,,,,,,
"0BF65A78","Nodes",1118601.620000,1674445.120000,1313.064347,"Default Known Flow Node",69.999969,0.579999,1000.000000,0.000000,"Known Flow",0.000000,0.000000,2.16999993085665e-07,40.000000,0.579999,1000.000000,0.000000,0.000000,13.000000,0.000000,0.515380,0.579999,,,,8.668128,8.668128,,16.800279,,,,,,903.822387,0.066145,0.000000,0.000000,0.000000,,-459.670013,1000.000000,,0.000000,0.000000,,,,0.047210,"UNDEFINED",0.000000,0.997559,0.000000,,,,,"","",,,,8.668128,,0.000000,,0.000000,,,0.000000,0.000000,"",,,0.000000,"36-14 165 St, Q = 5.481 mcfh, Firm",-1.000000,,0.000000,0.000000,-1.000000,-1.000000,,,,,,,,,,,"",,,,,,,,,,"Volumetric",,,,,,,,,,0.000000,,,,,,,,,,0.000000,0.000000,,,,,,,,,,,,
"0BF65A52","Nodes",1118387.870000,1674948.500000,1313.064347,"Default Known Flow Node",69.999969,0.579999,1000.000000,0.000000,"Known Flow",0.000000,0.000000,2.16999993085665e-07,40.000000,0.579999,1000.000000,0.000000,0.000000,13.000000,0.000000,0.515378,0.579999,,,,8.329769,8.329769,,16.800279,,,,,,903.822387,0.066146,0.000000,0.000000,0.000000,,-459.670013,1000.000000,,0.000000,0.000000,,,,0.047172,"SETFLOW",0.000000,0.997561,0.000000,,,,,"","",,,,8.329769,,0.000000,,0.000000,,,0.000000,0.000000,"",,,0.000000,"36-19 167 St, Q = -5.983 mcfh, Firm",-1.000000,,0.000000,0.000000,-1.000000,-1.000000,,,,,,,,,,,"",,,"",,,,,,,"Volumetric",,,"Volumetric",,,,,,,0.000000,,,-5.982999,,,,,,,0.000000,0.000000,,,,,,,,,,,,
"0BF474D6","Nodes",1118782.120000,1669311.750000,1313.064347,"Default Known Flow Node",69.999969,0.579999,1000.000000,0.000000,"Known Flow",0.000000,0.000000,2.16999993085665e-07,40.000000,0.579999,1000.000000,0.000000,0.000000,13.000000,0.000000,0.515369,0.579999,,,,6.583545,6.583545,,16.800279,,,,,,903.822387,0.066147,0.000000,0.000000,0.000000,,-459.670013,1000.000000,,0.000000,0.000000,,,,0.046974,"SETFLOW",0.000000,0.997571,0.000000,,,,,"","",,,,6.583545,,0.000000,,0.000000,,,0.000000,0.000000,"",,,0.000000,"144-67 41 Ave, Q= 13.608 mcfh, Firm",-1.000000,,0.000000,0.000000,-1.000000,-1.000000,,,,,,,,,,,"",,,"",,,,,,,"Volumetric",,,"Volumetric",,,,,,,0.000000,,,-13.607999,,,,,,,0.000000,0.000000,,,,,,,,,,,,
"0BF46A0E","Nodes",1117916.370000,1668061.250000,1313.064347,"Default Known Flow Node",69.999969,0.579999,1000.000000,0.000000,"Known Flow",0.000000,0.000000,2.16999993085665e-07,40.000000,0.579999,1000.000000,0.000000,0.000000,13.000000,0.000000,0.515376,0.579999,,,,7.979806,7.979806,,16.800279,,,,,,903.822387,0.066146,0.000000,0.000000,0.000000,,-459.670013,1000.000000,,0.000000,0.000000,,,,0.047132,"UNDEFINED",0.000000,0.997563,0.000000,,,,,"","",,,,7.979806,,0.000000,,0.000000,,,0.000000,0.000000,"",,,0.000000,,-1.000000,,0.000000,0.000000,-1.000000,-1.000000,,,,,,,,,,,"",,,,,,,,,,"Volumetric",,,,,,,,,,0.000000,,,,,,,,,,0.000000,0.000000,,,,,,,,,,,,
"0BF47F59","Nodes",1120630.050118,1668310.816456,1313.064347,"Default Known Flow Node",69.999969,0.579999,1000.000000,0.000000,"Known Flow",0.000000,0.000000,2.16999993085665e-07,40.000000,0.579999,1000.000000,0.000000,0.000000,13.000000,0.000000,0.515379,0.579999,,,,8.442576,8.442576,,16.800279,,,,,,903.822387,0.066146,0.000000,0.000000,0.000000,,-459.670013,1000.000000,,0.000000,0.000000,,,,0.047185,"SETFLOW",0.000000,0.997560,0.000000,,,,,"","",,,,8.442576,,0.000000,,0.000000,,,0.000000,0.000000,"",,,0.000000,"35-05 Parsons Blvd, Q = -4.716 mcfh, Firm DONE",-1.000000,,0.000000,0.000000,-1.000000,-1.000000,,,,,,,,,,,,,,,,"",,,,,,,,,,"Volumetric",,,,,,,,,,-4.716000,,,,,-4.716000,-0.113184,,,,,,,,,,,,
"0BF48692","Nodes",1121485.000000,1667975.000000,1313.064347,"Default Known Flow Node",69.999969,0.579999,1000.000000,0.000000,"Known Flow",0.000000,0.000000,2.16999993085665e-07,40.000000,0.579999,1000.000000,0.000000,0.000000,13.000000,0.000000,0.515381,0.579999,,,,8.736729,8.736729,,16.800279,,,,,,903.822387,0.066145,0.000000,0.000000,0.000000,,-459.670013,1000.000000,,0.000000,0.000000,,,,0.047218,"UNDEFINED",0.000000,0.997558,0.000000,,,,,"","",,,,8.736729,,0.000000,,0.000000,,,0.000000,0.000000,"",,,0.000000,"141-52 33 Ave, Q = 2.794 mcfh, Firm",-1.000000,,0.000000,0.000000,-1.000000,-1.000000,,,,,,,,,,,"",,,,,,,,,,"Volumetric",,,,,,,,,,0.000000,,,,,,,,,,0.000000,0.000000,,,,,,,,,,,,
"3W22","Nodes",1119638.250000,1669840.500000,1313.064347,"Default Known Flow Node",69.999969,0.579999,1000.000000,0.000000,"Known Flow",0.000000,0.000000,2.16999993085665e-07,40.000000,0.579999,1000.000000,0.000000,0.000000,13.000000,0.000000,0.515378,0.579999,,,,8.210269,8.210269,,16.800279,,,,,,903.822387,0.066146,0.000000,0.000000,0.000000,,-459.670013,1000.000000,,0.000000,0.000000,,,,0.047158,"SETFLOW",0.000000,0.997561,0.000000,,,,,"","",,,,8.210269,,0.000000,,0.000000,,,0.000000,0.000000,"",,,0.000000,"PRINCETON REALTY",-1.000000,,0.000000,0.000000,-1.000000,-1.000000,,,,,,,,,,,"",,,,"",,,,,,"Volumetric",,,,"Volumetric",,,,,,0.000000,,,,-1.399999,,,,,,0.000000,0.000000,,,,,,,,,,,,
"0BF47BAD","Nodes",1119672.000000,1669935.000000,1313.064347,"Default Known Flow Node",69.999969,0.579999,1000.000000,0.000000,"Known Flow",0.000000,0.000000,2.16999993085665e-07,40.000000,0.579999,1000.000000,0.000000,0.000000,13.000000,0.000000,0.515378,0.579999,,,,8.231562,8.231562,,16.800279,,,,,,903.822387,0.066146,0.000000,0.000000,0.000000,,-459.670013,1000.000000,,0.000000,0.000000,,,,0.047161,"UNDEFINED",0.000000,0.997561,0.000000,,,,,"","",,,,8.231562,,0.000000,,0.000000,,,0.000000,0.000000,"",,,0.000000,,-1.000000,,0.000000,0.000000,-1.000000,-1.000000,,,,,,,,,,,"",,,,,,,,,,"Volumetric",,,,,,,,,,0.000000,,,,,,,,,,0.000000,0.000000,,,,,,,,,,,,
"0BEC4F5F","Nodes",1117251.899921,1670542.024399,1313.064347,"Default Known Flow Node",69.999969,0.579999,1000.000000,0.000000,"Known Flow",0.000000,0.000000,2.16999993085665e-07,40.000000,0.579999,1000.000000,0.000000,0.000000,13.000000,0.000000,0.515370,0.579999,,,,6.854907,6.854907,,16.800279,,,,,,903.822387,0.066147,0.000000,0.000000,0.000000,,-459.670013,1000.000000,,0.000000,0.000000,,,,0.047004,"UNDEFINED",0.000000,0.997569,0.000000,,,,,"","",,,,6.854907,,0.000000,,0.000000,,,0.000000,0.000000,"",,,0.000000,,-1.000000,,0.000000,0.000000,-1.000000,-1.000000,,,,,,,,,,,"",,,,,,,,,,"Volumetric",,,,,,,,,,0.000000,,,,,,,,,,0.000000,0.000000,,,,,,,,,,,,
"2FBC4932","Nodes",1117257.429266,1670540.946149,1313.064347,"Default Known Flow Node",69.999969,0.579999,1000.000000,0.000000,"Known Flow",0.000000,0.000000,2.16999993085665e-07,40.000000,0.579999,1000.000000,0.000000,0.000000,13.000000,0.000000,0.515370,0.579999,,,,6.854335,6.854335,,16.800279,,,,,,903.822387,0.066147,0.000000,0.000000,0.000000,,-459.670013,1000.000000,,0.000000,0.000000,,,,0.047004,"UNDEFINED",0.000000,0.997569,0.000000,,,,,"","",,,,6.854335,,0.000000,,0.000000,,,0.000000,0.000000,"",,,0.000000,,-1.000000,,0.000000,0.000000,-1.000000,-1.000000,,,,,,,,,,,"",,,,,,,,,,"Volumetric",,,,,,,,,,0.000000,,,,,,,,,,0.000000,0.000000,,,,,,,,,,,,
"2FBC2307","Nodes",1117261.233844,1670540.218320,1313.064347,"Default Known Flow Node",69.999969,0.579999,1000.000000,0.000000,"Known Flow",0.000000,0.000000,2.16999993085665e-07,40.000000,0.579999,1000.000000,0.000000,0.000000,13.000000,0.000000,0.515370,0.579999,,,,6.853259,6.853259,,16.800279,,,,,,903.822387,0.066147,0.000000,0.000000,0.000000,,-459.670013,1000.000000,,0.000000,0.000000,,,,0.047004,"UNDEFINED",0.000000,0.997569,0.000000,,,,,"","",,,,6.853259,,0.000000,,0.000000,,,0.000000,0.000000,"",,,0.000000,,-1.000000,,0.000000,0.000000,-1.000000,-1.000000,,,,,,,,,,,"",,,,,,,,,,"Volumetric",,,,,,,,,,0.000000,,,,,,,,,,0.000000,0.000000,,,,,,,,,,,,
"2FBC2272","Nodes",1117461.000000,1670501.750000,1313.064347,"Default Known Flow Node",69.999969,0.579999,1000.000000,0.000000,"Known Flow",0.000000,0.000000,2.16999993085665e-07,40.000000,0.579999,1000.000000,0.000000,0.000000,13.000000,0.000000,0.515370,0.579999,,,,6.771162,6.771162,,16.800279,,,,,,903.822387,0.066147,0.000000,0.000000,0.000000,,-459.670013,1000.000000,,0.000000,0.000000,,,,0.046995,"UNDEFINED",0.000000,0.997570,0.000000,,,,,"","",,,,6.771162,,0.000000,,0.000000,,,0.000000,0.000000,"",,,0.000000,,-1.000000,,0.000000,0.000000,-1.000000,-1.000000,,,,,,,,,,,"",,,,,,,,,,"Volumetric",,,,,,,,,,0.000000,,,,,,,,,,0.000000,0.000000,,,,,,,,,,,,
"2FBB0C02","Nodes",1117407.370000,1670513.120000,1313.064347,"Default Known Flow Node",69.999969,0.579999,1000.000000,0.000000,"Known Flow",0.000000,0.000000,2.16999993085665e-07,40.000000,0.579999,1000.000000,0.000000,0.000000,13.000000,0.000000,0.515370,0.579999,,,,6.790630,6.790630,,16.800279,,,,,,903.822387,0.066147,0.000000,0.000000,0.000000,,-459.670013,1000.000000,,0.000000,0.000000,,,,0.046997,"UNDEFINED",0.000000,0.997570,0.000000,,,,,"","",,,,6.790630,,0.000000,,0.000000,,,0.000000,0.000000,"",,,0.000000,,-1.000000,,0.000000,0.000000,-1.000000,-1.000000,,,,,,,,,,,"",,,,,,,,,,"Volumetric",,,,,,,,,,0.000000,,,,,,,,,,0.000000,0.000000,,,,,,,,,,,,
"0BEC4F5E","Nodes",1117387.000000,1670516.620000,1313.064347,"Default Known Flow Node",69.999969,0.579999,1000.000000,0.000000,"Known Flow",0.000000,0.000000,2.16999993085665e-07,40.000000,0.579999,1000.000000,0.000000,0.000000,13.000000,0.000000,0.515370,0.579999,,,,6.798063,6.798063,,16.800279,,,,,,903.822387,0.066147,0.000000,0.000000,0.000000,,-459.670013,1000.000000,,0.000000,0.000000,,,,0.046998,"UNDEFINED",0.000000,0.997570,0.000000,,,,,"","",,,,6.798063,,0.000000,,0.000000,,,0.000000,0.000000,"",,,0.000000,"43-08 149 St, Q= 0.473 mcfh, Firm",-1.000000,,0.000000,0.000000,-1.000000,-1.000000,,,,,,,,,,,"",,,,,,,,,,"Volumetric",,,,,,,,,,0.000000,,,,,,,,,,0.000000,0.000000,,,,,,,,,,,,
"2FBC7498","Nodes",1120437.500000,1674861.120000,1313.064347,"Default Known Flow Node",69.999969,0.579999,1000.000000,0.000000,"Known Flow",0.000000,0.000000,2.16999993085665e-07,40.000000,0.579999,1000.000000,0.000000,0.000000,13.000000,0.000000,0.515380,0.579999,,,,8.535248,8.535248,,16.800279,,,,,,903.822387,0.066145,0.000000,0.000000,0.000000,,-459.670013,1000.000000,,0.000000,0.000000,,,,0.047195,"UNDEFINED",0.000000,0.997559,0.000000,,,,,"","",,,,8.535248,,0.000000,,0.000000,,,0.000000,0.000000,"",,,0.000000,,-1.000000,,0.000000,0.000000,-1.000000,-1.000000,,,,,,,,,,,"",,,,,,,,,,"Volumetric",,,,,,,,,,0.000000,,,,,,,,,,0.000000,0.000000,,,,,,,,,,,,
"2FBC75D7","Nodes",1115662.500000,1668244.250000,1313.064347,"Default Known Flow Node",69.999969,0.579999,1000.000000,0.000000,"Known Flow",0.000000,0.000000,2.16999993085665e-07,40.000000,0.579999,1000.000000,0.000000,0.000000,13.000000,0.000000,0.515378,0.579999,,,,8.198443,8.198443,,16.800279,,,,,,903.822387,0.066146,0.000000,0.000000,0.000000,,-459.670013,1000.000000,,0.000000,0.000000,,,,0.047157,"UNDEFINED",0.000000,0.997561,0.000000,,,,,"","",,,,8.198443,,0.000000,,0.000000,,,0.000000,0.000000,"",,,0.000000,,-1.000000,,0.000000,0.000000,-1.000000,-1.000000,,,,,,,,,,,"",,,,,,,,,,"Volumetric",,,,,,,,,,0.000000,,,,,,,,,,0.000000,0.000000,,,,,,,,,,,,
"2FBC7485","Nodes",1115687.620000,1668228.370000,1313.064347,"Default Known Flow Node",69.999969,0.579999,1000.000000,0.000000,"Known Flow",0.000000,0.000000,2.16999993085665e-07,40.000000,0.579999,1000.000000,0.000000,0.000000,13.000000,0.000000,0.515377,0.579999,,,,8.161087,8.161087,,16.800279,,,,,,903.822387,0.066146,0.000000,0.000000,0.000000,,-459.670013,1000.000000,,0.000000,0.000000,,,,0.047153,"UNDEFINED",0.000000,0.997562,0.000000,,,,,"","",,,,8.161087,,0.000000,,0.000000,,,0.000000,0.000000,"",,,0.000000,,-1.000000,,0.000000,0.000000,-1.000000,-1.000000,,,,,,,,,,,"",,,,,,,,,,"Volumetric",,,,,,,,,,0.000000,,,,,,,,,,0.000000,0.000000,,,,,,,,,,,,
"2FBC7486","Nodes",1115712.750000,1668211.120000,1313.064347,"Default Known Flow Node",69.999969,0.579999,1000.000000,0.000000,"Known Flow",0.000000,0.000000,2.16999993085665e-07,40.000000,0.579999,1000.000000,0.000000,0.000000,13.000000,0.000000,0.515377,0.579999,,,,8.123727,8.123727,,16.800279,,,,,,903.822387,0.066146,0.000000,0.000000,0.000000,,-459.670013,1000.000000,,0.000000,0.000000,,,,0.047149,"UNDEFINED",0.000000,0.997562,0.000000,,,,,"","",,,,8.123727,,0.000000,,0.000000,,,0.000000,0.000000,"",,,0.000000,,-1.000000,,0.000000,0.000000,-1.000000,-1.000000,,,,,,,,,,,"",,,,,,,,,,"Volumetric",,,,,,,,,,0.000000,,,,,,,,,,0.000000,0.000000,,,,,,,,,,,,
"2FBC7557","Nodes",1122339.500000,1673084.620000,1313.064347,"Default Known Flow Node",69.999969,0.579999,1000.000000,0.000000,"Known Flow",0.000000,0.000000,2.16999993085665e-07,40.000000,0.579999,1000.000000,0.000000,0.000000,13.000000,0.000000,0.515379,0.579999,,,,8.502090,8.502090,,16.800279,,,,,,903.822387,0.066146,0.000000,0.000000,0.000000,,-459.670013,1000.000000,,0.000000,0.000000,,,,0.047191,"UNDEFINED",0.000000,0.997560,0.000000,,,,,"","",,,,8.502090,,0.000000,,0.000000,,,0.000000,0.000000,"",,,0.000000,,-1.000000,,0.000000,0.000000,-1.000000,-1.000000,,,,,,,,,,,"",,,,,,,,,,"Volumetric",,,,,,,,,,0.000000,,,,,,,,,,0.000000,0.000000,,,,,,,,,,,,
"2FBC755E","Nodes",1122337.750000,1673088.750000,1313.064347,"Default Known Flow Node",69.999969,0.579999,1000.000000,0.000000,"Known Flow",0.000000,0.000000,2.16999993085665e-07,40.000000,0.579999,1000.000000,0.000000,0.000000,13.000000,0.000000,0.515379,0.579999,,,,8.504293,8.504293,,16.800279,,,,,,903.822387,0.066146,0.000000,0.000000,0.000000,,-459.670013,1000.000000,,0.000000,0.000000,,,,0.047192,"UNDEFINED",0.000000,0.997560,0.000000,,,,,"","",,,,8.504293,,0.000000,,0.000000,,,0.000000,0.000000,"",,,0.000000,,-1.000000,,0.000000,0.000000,-1.000000,-1.000000,,,,,,,,,,,"",,,,,,,,,,"Volumetric",,,,,,,,,,0.000000,,,,,,,,,,0.000000,0.000000,,,,,,,,,,,,
"2FBC7563","Nodes",1122325.120000,1673157.750000,1313.064347,"Default Known Flow Node",69.999969,0.579999,1000.000000,0.000000,"Known Flow",0.000000,0.000000,2.16999993085665e-07,40.000000,0.579999,1000.000000,0.000000,0.000000,13.000000,0.000000,0.515379,0.579999,,,,8.509236,8.509236,,16.800279,,,,,,903.822387,0.066146,0.000000,0.000000,0.000000,,-459.670013,1000.000000,,0.000000,0.000000,,,,0.047192,"SETFLOW",0.000000,0.997560,0.000000,,,,,"","",,,,8.509236,,0.000000,,0.000000,,,0.000000,0.000000,"",,,0.000000,,-1.000000,,0.000000,0.000000,-1.000000,-1.000000,,,,,,,,,,,"",,,,,,,,,,"Volumetric",,,,,,,,,,-0.004094,,,,,,,,,,-0.004094,-0.000098,,,,,,,,,,,,
"0BEC540B","Nodes",1122101.750000,1673143.250000,1313.064347,"Default Known Flow Node",69.999969,0.579999,1000.000000,0.000000,"Known Flow",0.000000,0.000000,2.16999993085665e-07,40.000000,0.579999,1000.000000,0.000000,0.000000,13.000000,0.000000,0.515379,0.579999,,,,8.511859,8.511859,,16.800279,,,,,,903.822387,0.066146,0.000000,0.000000,0.000000,,-459.670013,1000.000000,,0.000000,0.000000,,,,0.047193,"SETFLOW",0.000000,0.997560,0.000000,,,,,"","",,,,8.511859,,0.000000,,0.000000,,,0.000000,0.000000,"",,,0.000000,,-1.000000,,0.000000,0.000000,-1.000000,-1.000000,,,,,,,,,,,"",,,,,,,,,,"Volumetric",,,,,,,,,,-0.002456,,,,,,,,,,-0.002457,-0.000058,,,,,,,,,,,,
"2FB9EF0D","Nodes",1122483.620000,1673615.500000,1313.064347,"Default Known Flow Node",69.999969,0.579999,1000.000000,0.000000,"Known Flow",0.000000,0.000000,2.16999993085665e-07,40.000000,0.579999,1000.000000,0.000000,0.000000,13.000000,0.000000,0.515380,0.579999,,,,8.540011,8.540011,,16.800279,,,,,,903.822387,0.066145,0.000000,0.000000,0.000000,,-459.670013,1000.000000,,0.000000,0.000000,,,,0.047196,"UNDEFINED",0.000000,0.997559,0.000000,,,,,"","",,,,8.540011,,0.000000,,0.000000,,,0.000000,0.000000,"",,,0.000000,,-1.000000,,0.000000,0.000000,-1.000000,-1.000000,,,,,,,,,,,"",,,,,,,,,,"Volumetric",,,,,,,,,,0.000000,,,,,,,,,,0.000000,0.000000,,,,,,,,,,,,
"2FB9EF0E","Nodes",1122483.370000,1673616.500000,1313.064347,"Default Known Flow Node",69.999969,0.579999,1000.000000,0.000000,"Known Flow",0.000000,0.000000,2.16999993085665e-07,40.000000,0.579999,1000.000000,0.000000,0.000000,13.000000,0.000000,0.515380,0.579999,,,,8.540479,8.540479,,16.800279,,,,,,903.822387,0.066145,0.000000,0.000000,0.000000,,-459.670013,1000.000000,,0.000000,0.000000,,,,0.047196,"UNDEFINED",0.000000,0.997559,0.000000,,,,,"","",,,,8.540479,,0.000000,,0.000000,,,0.000000,0.000000,"",,,0.000000,,-1.000000,,0.000000,0.000000,-1.000000,-1.000000,,,,,,,,,,,"",,,,,,,,,,"Volumetric",,,,,,,,,,0.000000,,,,,,,,,,0.000000,0.000000,,,,,,,,,,,,
"2FB9EF0F","Nodes",1122475.120000,1673647.370000,1313.064347,"Default Known Flow Node",69.999969,0.579999,1000.000000,0.000000,"Known Flow",0.000000,0.000000,2.16999993085665e-07,40.000000,0.579999,1000.000000,0.000000,0.000000,13.000000,0.000000,0.515380,0.579999,,,,8.542878,8.542878,,16.800279,,,,,,903.822387,0.066145,0.000000,0.000000,0.000000,,-459.670013,1000.000000,,0.000000,0.000000,,,,0.047196,"UNDEFINED",0.000000,0.997559,0.000000,,,,,"","",,,,8.542878,,0.000000,,0.000000,,,0.000000,0.000000,"",,,0.000000,,-1.000000,,0.000000,0.000000,-1.000000,-1.000000,,,,,,,,,,,"",,,,,,,,,,"Volumetric",,,,,,,,,,0.000000,,,,,,,,,,0.000000,0.000000,,,,,,,,,,,,
"2FB9C46F","Nodes",1122474.750000,1673649.120000,1313.064347,"Default Known Flow Node",69.999969,0.579999,1000.000000,0.000000,"Known Flow",0.000000,0.000000,2.16999993085665e-07,40.000000,0.579999,1000.000000,0.000000,0.000000,13.000000,0.000000,0.515380,0.579999,,,,8.543815,8.543815,,16.800279,,,,,,903.822387,0.066145,0.000000,0.000000,0.000000,,-459.670013,1000.000000,,0.000000,0.000000,,,,0.047196,"UNDEFINED",0.000000,0.997559,0.000000,,,,,"","",,,,8.543815,,0.000000,,0.000000,,,0.000000,0.000000,"",,,0.000000,,-1.000000,,0.000000,0.000000,-1.000000,-1.000000,,,,,,,,,,,"",,,,,,,,,,"Volumetric",,,,,,,,,,0.000000,,,,,,,,,,0.000000,0.000000,,,,,,,,,,,,
"2FB9C46A","Nodes",1122475.000000,1673652.250000,1313.064347,"Default Known Flow Node",69.999969,0.579999,1000.000000,0.000000,"Known Flow",0.000000,0.000000,2.16999993085665e-07,40.000000,0.579999,1000.000000,0.000000,0.000000,13.000000,0.000000,0.515380,0.579999,,,,8.544751,8.544751,,16.800279,,,,,,903.822387,0.066145,0.000000,0.000000,0.000000,,-459.670013,1000.000000,,0.000000,0.000000,,,,0.047196,"UNDEFINED",0.000000,0.997559,0.000000,,,,,"","",,,,8.544751,,0.000000,,0.000000,,,0.000000,0.000000,"",,,0.000000,,-1.000000,,0.000000,0.000000,-1.000000,-1.000000,,,,,,,,,,,"",,,,,,,,,,"Volumetric",,,,,,,,,,0.000000,,,,,,,,,,0.000000,0.000000,,,,,,,,,,,,
"2FB9C46D","Nodes",1122473.120000,1673659.870000,1313.064347,"Default Known Flow Node",69.999969,0.579999,1000.000000,0.000000,"Known Flow",0.000000,0.000000,2.16999993085665e-07,40.000000,0.579999,1000.000000,0.000000,0.000000,13.000000,0.000000,0.515380,0.579999,,,,8.545351,8.545351,,16.800279,,,,,,903.822387,0.066145,0.000000,0.000000,0.000000,,-459.670013,1000.000000,,0.000000,0.000000,,,,0.047196,"SETFLOW",0.000000,0.997559,0.000000,,,,,"","",,,,8.545351,,0.000000,,0.000000,,,0.000000,0.000000,"",,,0.000000,,-1.000000,,0.000000,0.000000,-1.000000,-1.000000,,,,,,,,,,,"",,,,,,,,,,"Volumetric",,,,,,,,,,-0.003275,,,,,,,,,,-0.003276,-0.000078,,,,,,,,,,,,
"0BEC551D","Nodes",1122394.620000,1673986.370000,1313.064347,"Default Known Flow Node",69.999969,0.579999,1000.000000,0.000000,"Known Flow",0.000000,0.000000,2.16999993085665e-07,40.000000,0.579999,1000.000000,0.000000,0.000000,13.000000,0.000000,0.515380,0.579999,,,,8.570494,8.570494,,16.800279,,,,,,903.822387,0.066145,0.000000,0.000000,0.000000,,-459.670013,1000.000000,,0.000000,0.000000,,,,0.047199,"SETFLOW",0.000000,0.997559,0.000000,,,,,"","",,,,8.570494,,0.000000,,0.000000,,,0.000000,0.000000,"",,,0.000000,,-1.000000,,0.000000,0.000000,-1.000000,-1.000000,,,,,,,,,,,"",,,,,,,,,,"Volumetric",,,,,,,,,,-0.008043,,,,,,,,,,-0.008043,-0.000193,,,,,,,,,,,,
"2FB9C469","Nodes",1122384.120000,1674029.620000,1313.064347,"Default Known Flow Node",69.999969,0.579999,1000.000000,0.000000,"Known Flow",0.000000,0.000000,2.16999993085665e-07,40.000000,0.579999,1000.000000,0.000000,0.000000,13.000000,0.000000,0.515380,0.579999,,,,8.573912,8.573912,,16.800279,,,,,,903.822387,0.066145,0.000000,0.000000,0.000000,,-459.670013,1000.000000,,0.000000,0.000000,,,,0.047200,"UNDEFINED",0.000000,0.997559,0.000000,,,,,"","",,,,8.573912,,0.000000,,0.000000,,,0.000000,0.000000,"",,,0.000000,,-1.000000,,0.000000,0.000000,-1.000000,-1.000000,,,,,,,,,,,"",,,,,,,,,,"Volumetric",,,,,,,,,,0.000000,,,,,,,,,,0.000000,0.000000,,,,,,,,,,,,
"2FB9B7E8","Nodes",1122383.750000,1674031.120000,1313.064347,"Default Known Flow Node",69.999969,0.579999,1000.000000,0.000000,"Known Flow",0.000000,0.000000,2.16999993085665e-07,40.000000,0.579999,1000.000000,0.000000,0.000000,13.000000,0.000000,0.515380,0.579999,,,,8.574860,8.574860,,16.800279,,,,,,903.822387,0.066145,0.000000,0.000000,0.000000,,-459.670013,1000.000000,,0.000000,0.000000,,,,0.047200,"UNDEFINED",0.000000,0.997559,0.000000,,,,,"","",,,,8.574860,,0.000000,,0.000000,,,0.000000,0.000000,"",,,0.000000,,-1.000000,,0.000000,0.000000,-1.000000,-1.000000,,,,,,,,,,,"",,,,,,,,,,"Volumetric",,,,,,,,,,0.000000,,,,,,,,,,0.000000,0.000000,,,,,,,,,,,,
"0BEC5406","Nodes",1122313.870000,1673212.000000,1313.064347,"Default Known Flow Node",69.999969,0.579999,1000.000000,0.000000,"Known Flow",0.000000,0.000000,2.16999993085665e-07,40.000000,0.579999,1000.000000,0.000000,0.000000,13.000000,0.000000,0.515380,0.579999,,,,8.520467,8.520467,,16.800279,,,,,,903.822387,0.066146,0.000000,0.000000,0.000000,,-459.670013,1000.000000,,0.000000,0.000000,,,,0.047194,"SETFLOW",0.000000,0.997559,0.000000,,,,,"","",,,,8.520467,,0.000000,,0.000000,,,0.000000,0.000000,"",,,0.000000,,-1.000000,,0.000000,0.000000,-1.000000,-1.000000,,,,,,,,,,,"",,,,,,,,,,"Volumetric",,,,,,,,,,-0.002456,,,,,,,,,,-0.002457,-0.000058,,,,,,,,,,,,
"2FBC756C","Nodes",1122269.750000,1673402.120000,1313.064347,"Default Known Flow Node",69.999969,0.579999,1000.000000,0.000000,"Known Flow",0.000000,0.000000,2.16999993085665e-07,40.000000,0.579999,1000.000000,0.000000,0.000000,13.000000,0.000000,0.515380,0.579999,,,,8.534571,8.534571,,16.800279,,,,,,903.822387,0.066145,0.000000,0.000000,0.000000,,-459.670013,1000.000000,,0.000000,0.000000,,,,0.047195,"UNDEFINED",0.000000,0.997559,0.000000,,,,,"","",,,,8.534571,,0.000000,,0.000000,,,0.000000,0.000000,"",,,0.000000,,-1.000000,,0.000000,0.000000,-1.000000,-1.000000,,,,,,,,,,,"",,,,,,,,,,"Volumetric",,,,,,,,,,0.000000,,,,,,,,,,0.000000,0.000000,,,,,,,,,,,,
"2FBC756E","Nodes",1122268.370000,1673406.870000,1313.064347,"Default Known Flow Node",69.999969,0.579999,1000.000000,0.000000,"Known Flow",0.000000,0.000000,2.16999993085665e-07,40.000000,0.579999,1000.000000,0.000000,0.000000,13.000000,0.000000,0.515380,0.579999,,,,8.534714,8.534714,,16.800279,,,,,,903.822387,0.066145,0.000000,0.000000,0.000000,,-459.670013,1000.000000,,0.000000,0.000000,,,,0.047195,"UNDEFINED",0.000000,0.997559,0.000000,,,,,"","",,,,8.534714,,0.000000,,0.000000,,,0.000000,0.000000,"",,,0.000000,,-1.000000,,0.000000,0.000000,-1.000000,-1.000000,,,,,,,,,,,"",,,,,,,,,,"Volumetric",,,,,,,,,,0.000000,,,,,,,,,,0.000000,0.000000,,,,,,,,,,,,
"2FBC7558","Nodes",1122264.250000,1673414.250000,1313.064347,"Default Known Flow Node",69.999969,0.579999,1000.000000,0.000000,"Known Flow",0.000000,0.000000,2.16999993085665e-07,40.000000,0.579999,1000.000000,0.000000,0.000000,13.000000,0.000000,0.515380,0.579999,,,,8.535287,8.535287,,16.800279,,,,,,903.822387,0.066145,0.000000,0.000000,0.000000,,-459.670013,1000.000000,,0.000000,0.000000,,,,0.047195,"UNDEFINED",0.000000,0.997559,0.000000,,,,,"","",,,,8.535287,,0.000000,,0.000000,,,0.000000,0.000000,"",,,0.000000,,-1.000000,,0.000000,0.000000,-1.000000,-1.000000,,,,,,,,,,,"",,,,,,,,,,"Volumetric",,,,,,,,,,0.000000,,,,,,,,,,0.000000,0.000000,,,,,,,,,,,,
"2FBC64B4","Nodes",1122493.000000,1672385.750000,1313.064347,"Default Known Flow Node",69.999969,0.579999,1000.000000,0.000000,"Known Flow",0.000000,0.000000,2.16999993085665e-07,40.000000,0.579999,1000.000000,0.000000,0.000000,13.000000,0.000000,0.515378,0.579999,,,,8.269337,8.269337,,16.800279,,,,,,903.822387,0.066146,0.000000,0.000000,0.000000,,-459.670013,1000.000000,,0.000000,0.000000,,,,0.047165,"UNDEFINED",0.000000,0.997561,0.000000,,,,,"","",,,,8.269337,,0.000000,,0.000000,,,0.000000,0.000000,"",,,0.000000,,-1.000000,,0.000000,0.000000,-1.000000,-1.000000,,,,,,,,,,,"",,,,,,,,,,"Volumetric",,,,,,,,,,0.000000,,,,,,,,,,0.000000,0.000000,,,,,,,,,,,,
"0BEC4FCC","Nodes",1117984.750000,1673190.250000,1313.064347,"Default Known Flow Node",69.999969,0.579999,1000.000000,0.000000,"Known Flow",0.000000,0.000000,2.16999993085665e-07,40.000000,0.579999,1000.000000,0.000000,0.000000,13.000000,0.000000,0.515374,0.579999,,,,7.545074,7.545074,,16.800279,,,,,,903.822387,0.066146,0.000000,0.000000,0.000000,,-459.670013,1000.000000,,0.000000,0.000000,,,,0.047083,"UNDEFINED",0.000000,0.997565,0.000000,,,,,"","",,,,7.545074,,0.000000,,0.000000,,,0.000000,0.000000,"",,,0.000000,,-1.000000,,0.000000,0.000000,-1.000000,-1.000000,,,,,,,,,,,"",,,,,,,,,,"Volumetric",,,,,,,,,,0.000000,,,,,,,,,,0.000000,0.000000,,,,,,,,,,,,
"2FB9E82B","Nodes",1117406.120000,1673008.120000,1313.064347,"Default Known Flow Node",69.999969,0.579999,1000.000000,0.000000,"Known Flow",0.000000,0.000000,2.16999993085665e-07,40.000000,0.579999,1000.000000,0.000000,0.000000,13.000000,0.000000,0.515373,0.579999,,,,7.432638,7.432638,,16.800279,,,,,,903.822387,0.066146,0.000000,0.000000,0.000000,,-459.670013,1000.000000,,0.000000,0.000000,,,,0.047070,"UNDEFINED",0.000000,0.997566,0.000000,,,,,"","",,,,7.432638,,0.000000,,0.000000,,,0.000000,0.000000,"",,,0.000000,,-1.000000,,0.000000,0.000000,-1.000000,-1.000000,,,,,,,,,,,"",,,,,,,,,,"Volumetric",,,,,,,,,,0.000000,,,,,,,,,,0.000000,0.000000,,,,,,,,,,,,
"2FB9E83E","Nodes",1117405.120000,1673011.750000,1313.064347,"Default Known Flow Node",69.999969,0.579999,1000.000000,0.000000,"Known Flow",0.000000,0.000000,2.16999993085665e-07,40.000000,0.579999,1000.000000,0.000000,0.000000,13.000000,0.000000,0.515373,0.579999,,,,7.432904,7.432904,,16.800279,,,,,,903.822387,0.066146,0.000000,0.000000,0.000000,,-459.670013,1000.000000,,0.000000,0.000000,,,,0.047070,"UNDEFINED",0.000000,0.997566,0.000000,,,,,"","",,,,7.432904,,0.000000,,0.000000,,,0.000000,0.000000,"",,,0.000000,,-1.000000,,0.000000,0.000000,-1.000000,-1.000000,,,,,,,,,,,"",,,,,,,,,,"Volumetric",,,,,,,,,,0.000000,,,,,,,,,,0.000000,0.000000,,,,,,,,,,,,
"2FB9E82A","Nodes",1117367.620000,1673018.500000,1313.064347,"Default Known Flow Node",69.999969,0.579999,1000.000000,0.000000,"Known Flow",0.000000,0.000000,2.16999993085665e-07,40.000000,0.579999,1000.000000,0.000000,0.000000,13.000000,0.000000,0.515373,0.579999,,,,7.432264,7.432264,,16.800279,,,,,,903.822387,0.066146,0.000000,0.000000,0.000000,,-459.670013,1000.000000,,0.000000,0.000000,,,,0.047070,"UNDEFINED",0.000000,0.997566,0.000000,,,,,"","",,,,7.432264,,0.000000,,0.000000,,,0.000000,0.000000,"",,,0.000000,,-1.000000,,0.000000,0.000000,-1.000000,-1.000000,,,,,,,,,,,"",,,,,,,,,,"Volumetric",,,,,,,,,,0.000000,,,,,,,,,,0.000000,0.000000,,,,,,,,,,,,
"2FB9E83B","Nodes",1117371.620000,1673019.370000,1313.064347,"Default Known Flow Node",69.999969,0.579999,1000.000000,0.000000,"Known Flow",0.000000,0.000000,2.16999993085665e-07,40.000000,0.579999,1000.000000,0.000000,0.000000,13.000000,0.000000,0.515373,0.579999,,,,7.432601,7.432601,,16.800279,,,,,,903.822387,0.066146,0.000000,0.000000,0.000000,,-459.670013,1000.000000,,0.000000,0.000000,,,,0.047070,"UNDEFINED",0.000000,0.997566,0.000000,,,,,"","",,,,7.432601,,0.000000,,0.000000,,,0.000000,0.000000,"",,,0.000000,,-1.000000,,0.000000,0.000000,-1.000000,-1.000000,,,,,,,,,,,"",,,,,,,,,,"Volumetric",,,,,,,,,,0.000000,,,,,,,,,,0.000000,0.000000,,,,,,,,,,,,
"2FB9BA7C","Nodes",1117375.120000,1673020.370000,1313.064347,"Default Known Flow Node",69.999969,0.579999,1000.000000,0.000000,"Known Flow",0.000000,0.000000,2.16999993085665e-07,40.000000,0.579999,1000.000000,0.000000,0.000000,13.000000,0.000000,0.515373,0.579999,,,,7.432853,7.432853,,16.800279,,,,,,903.822387,0.066146,0.000000,0.000000,0.000000,,-459.670013,1000.000000,,0.000000,0.000000,,,,0.047070,"UNDEFINED",0.000000,0.997566,0.000000,,,,,"","",,,,7.432853,,0.000000,,0.000000,,,0.000000,0.000000,"",,,0.000000,,-1.000000,,0.000000,0.000000,-1.000000,-1.000000,,,,,,,,,,,"",,,,,,,,,,"Volumetric",,,,,,,,,,0.000000,,,,,,,,,,0.000000,0.000000,,,,,,,,,,,,
"2FB2817E","Nodes",1116985.750000,1673207.000000,1313.064347,"Default Known Flow Node",69.999969,0.579999,1000.000000,0.000000,"Known Flow",0.000000,0.000000,2.16999993085665e-07,40.000000,0.579999,1000.000000,0.000000,0.000000,13.000000,0.000000,0.515373,0.579999,,,,7.403405,7.403405,,16.800279,,,,,,903.822387,0.066146,0.000000,0.000000,0.000000,,-459.670013,1000.000000,,0.000000,0.000000,,,,0.047067,"SETFLOW",0.000000,0.997566,0.000000,,,,,"","",,,,7.403405,,0.000000,,0.000000,,,0.000000,0.000000,"",,,0.000000,,-1.000000,,0.000000,0.000000,-1.000000,-1.000000,,,,,,,,,,,"",,,,,,,,,,"Volumetric",,,,,,,,,,-0.022112,,,,,,,,,,-0.022112,-0.000530,,,,,,,,,,,,
"2FBAA92E","Nodes",1116931.370000,1673192.000000,1313.064347,"Default Known Flow Node",69.999969,0.579999,1000.000000,0.000000,"Known Flow",0.000000,0.000000,2.16999993085665e-07,40.000000,0.579999,1000.000000,0.000000,0.000000,13.000000,0.000000,0.515373,0.579999,,,,7.397870,7.397870,,16.800279,,,,,,903.822387,0.066146,0.000000,0.000000,0.000000,,-459.670013,1000.000000,,0.000000,0.000000,,,,0.047066,"UNDEFINED",0.000000,0.997566,0.000000,,,,,"","",,,,7.397870,,0.000000,,0.000000,,,0.000000,0.000000,"",,,0.000000,,-1.000000,,0.000000,0.000000,-1.000000,-1.000000,,,,,,,,,,,"",,,,,,,,,,"Volumetric",,,,,,,,,,0.000000,,,,,,,,,,0.000000,0.000000,,,,,,,,,,,,
"2FBC7536","Nodes",1117006.620000,1673212.750000,1313.064347,"Default Known Flow Node",69.999969,0.579999,1000.000000,0.000000,"Known Flow",0.000000,0.000000,2.16999993085665e-07,40.000000,0.579999,1000.000000,0.000000,0.000000,13.000000,0.000000,0.515373,0.579999,,,,7.406147,7.406147,,16.800279,,,,,,903.822387,0.066146,0.000000,0.000000,0.000000,,-459.670013,1000.000000,,0.000000,0.000000,,,,0.047067,"SETFLOW",0.000000,0.997566,0.000000,,,,,"","",,,,7.406147,,0.000000,,0.000000,,,0.000000,0.000000,"",,,0.000000,,-1.000000,,0.000000,0.000000,-1.000000,-1.000000,,,,,,,,,,,"",,,,,,,,,,"Volumetric",,,,,,,,,,-0.073709,,,,,,,,,,-0.073709,-0.001769,,,,,,,,,,,,
"2FBC7535","Nodes",1117060.000000,1673227.500000,1313.064347,"Default Known Flow Node",69.999969,0.579999,1000.000000,0.000000,"Known Flow",0.000000,0.000000,2.16999993085665e-07,40.000000,0.579999,1000.000000,0.000000,0.000000,13.000000,0.000000,0.515373,0.579999,,,,7.414575,7.414575,,16.800279,,,,,,903.822387,0.066146,0.000000,0.000000,0.000000,,-459.670013,1000.000000,,0.000000,0.000000,,,,0.047068,"SETFLOW",0.000000,0.997566,0.000000,,,,,"","",,,,7.414575,,0.000000,,0.000000,,,0.000000,0.000000,"",,,0.000000,,-1.000000,,0.000000,0.000000,-1.000000,-1.000000,,,,,,,,,,,"",,,,,,,,,,"Volumetric",,,,,,,,,,-0.182063,,,,,,,,,,-0.182063,-0.004369,,,,,,,,,,,,
"2FBC74E9","Nodes",1117255.870000,1673828.500000,1313.064347,"Default Known Flow Node",69.999969,0.579999,1000.000000,0.000000,"Known Flow",0.000000,0.000000,2.16999993085665e-07,40.000000,0.579999,1000.000000,0.000000,0.000000,13.000000,0.000000,0.515374,0.579999,,,,7.585094,7.585094,,16.800279,,,,,,903.822387,0.066146,0.000000,0.000000,0.000000,,-459.670013,1000.000000,,0.000000,0.000000,,,,0.047087,"UNDEFINED",0.000000,0.997565,0.000000,,,,,"","",,,,7.585094,,0.000000,,0.000000,,,0.000000,0.000000,"",,,0.000000,,-1.000000,,0.000000,0.000000,-1.000000,-1.000000,,,,,,,,,,,"",,,,,,,,,,"Volumetric",,,,,,,,,,0.000000,,,,,,,,,,0.000000,0.000000,,,,,,,,,,,,
"2FBC74EE","Nodes",1117258.620000,1673829.120000,1313.064347,"Default Known Flow Node",69.999969,0.579999,1000.000000,0.000000,"Known Flow",0.000000,0.000000,2.16999993085665e-07,40.000000,0.579999,1000.000000,0.000000,0.000000,13.000000,0.000000,0.515374,0.579999,,,,7.585385,7.585385,,16.800279,,,,,,903.822387,0.066146,0.000000,0.000000,0.000000,,-459.670013,1000.000000,,0.000000,0.000000,,,,0.047087,"UNDEFINED",0.000000,0.997565,0.000000,,,,,"","",,,,7.585385,,0.000000,,0.000000,,,0.000000,0.000000,"",,,0.000000,,-1.000000,,0.000000,0.000000,-1.000000,-1.000000,,,,,,,,,,,"",,,,,,,,,,"Volumetric",,,,,,,,,,0.000000,,,,,,,,,,0.000000,0.000000,,,,,,,,,,,,
"2FBC74F0","Nodes",1117268.500000,1673829.870000,1313.064347,"Default Known Flow Node",69.999969,0.579999,1000.000000,0.000000,"Known Flow",0.000000,0.000000,2.16999993085665e-07,40.000000,0.579999,1000.000000,0.000000,0.000000,13.000000,0.000000,0.515374,0.579999,,,,7.585643,7.585643,,16.800279,,,,,,903.822387,0.066146,0.000000,0.000000,0.000000,,-459.670013,1000.000000,,0.000000,0.000000,,,,0.047087,"UNDEFINED",0.000000,0.997565,0.000000,,,,,"","",,,,7.585643,,0.000000,,0.000000,,,0.000000,0.000000,"",,,0.000000,,-1.000000,,0.000000,0.000000,-1.000000,-1.000000,,,,,,,,,,,"",,,,,,,,,,"Volumetric",,,,,,,,,,0.000000,,,,,,,,,,0.000000,0.000000,,,,,,,,,,,,
"0BEC4FD7","Nodes",1117710.750000,1673945.120000,1313.064347,"Default Known Flow Node",69.999969,0.579999,1000.000000,0.000000,"Known Flow",0.000000,0.000000,2.16999993085665e-07,40.000000,0.579999,1000.000000,0.000000,0.000000,13.000000,0.000000,0.515374,0.579999,,,,7.596555,7.596555,,16.800279,,,,,,903.822387,0.066146,0.000000,0.000000,0.000000,,-459.670013,1000.000000,,0.000000,0.000000,,,,0.047089,"UNDEFINED",0.000000,0.997565,0.000000,,,,,"","",,,,7.596555,,0.000000,,0.000000,,,0.000000,0.000000,"",,,0.000000,,-1.000000,,0.000000,0.000000,-1.000000,-1.000000,,,,,,,,,,,"",,,,,,,,,,"Volumetric",,,,,,,,,,0.000000,,,,,,,,,,0.000000,0.000000,,,,,,,,,,,,
"2FBC74EA","Nodes",1117708.500000,1673951.870000,1313.064347,"Default Known Flow Node",69.999969,0.579999,1000.000000,0.000000,"Known Flow",0.000000,0.000000,2.16999993085665e-07,40.000000,0.579999,1000.000000,0.000000,0.000000,13.000000,0.000000,0.515374,0.579999,,,,7.596325,7.596325,,16.800279,,,,,,903.822387,0.066146,0.000000,0.000000,0.000000,,-459.670013,1000.000000,,0.000000,0.000000,,,,0.047089,"UNDEFINED",0.000000,0.997565,0.000000,,,,,"","",,,,7.596325,,0.000000,,0.000000,,,0.000000,0.000000,"",,,0.000000,,-1.000000,,0.000000,0.000000,-1.000000,-1.000000,,,,,,,,,,,"",,,,,,,,,,"Volumetric",,,,,,,,,,0.000000,,,,,,,,,,0.000000,0.000000,,,,,,,,,,,,
"2FBA2C2A","Nodes",1117690.370000,1674003.620000,1313.064347,"Default Known Flow Node",69.999969,0.579999,1000.000000,0.000000,"Known Flow",0.000000,0.000000,2.16999993085665e-07,40.000000,0.579999,1000.000000,0.000000,0.000000,13.000000,0.000000,0.515374,0.579999,,,,7.595482,7.595482,,16.800279,,,,,,903.822387,0.066146,0.000000,0.000000,0.000000,,-459.670013,1000.000000,,0.000000,0.000000,,,,0.047088,"UNDEFINED",0.000000,0.997565,0.000000,,,,,"","",,,,7.595482,,0.000000,,0.000000,,,0.000000,0.000000,"",,,0.000000,,-1.000000,,0.000000,0.000000,-1.000000,-1.000000,,,,,,,,,,,"",,,,,,,,,,"Volumetric",,,,,,,,,,0.000000,,,,,,,,,,0.000000,0.000000,,,,,,,,,,,,
"2FBA2C2B","Nodes",1117689.620000,1674005.500000,1313.064347,"Default Known Flow Node",69.999969,0.579999,1000.000000,0.000000,"Known Flow",0.000000,0.000000,2.16999993085665e-07,40.000000,0.579999,1000.000000,0.000000,0.000000,13.000000,0.000000,0.515374,0.579999,,,,7.595351,7.595351,,16.800279,,,,,,903.822387,0.066146,0.000000,0.000000,0.000000,,-459.670013,1000.000000,,0.000000,0.000000,,,,0.047088,"UNDEFINED",0.000000,0.997565,0.000000,,,,,"","",,,,7.595351,,0.000000,,0.000000,,,0.000000,0.000000,"",,,0.000000,,-1.000000,,0.000000,0.000000,-1.000000,-1.000000,,,,,,,,,,,"",,,,,,,,,,"Volumetric",,,,,,,,,,0.000000,,,,,,,,,,0.000000,0.000000,,,,,,,,,,,,
"2FBC5CBA","Nodes",1117647.000000,1674127.120000,1313.064347,"Default Known Flow Node",69.999969,0.579999,1000.000000,0.000000,"Known Flow",0.000000,0.000000,2.16999993085665e-07,40.000000,0.579999,1000.000000,0.000000,0.000000,13.000000,0.000000,0.515374,0.579999,,,,7.593403,7.593403,,16.800279,,,,,,903.822387,0.066146,0.000000,0.000000,0.000000,,-459.670013,1000.000000,,0.000000,0.000000,,,,0.047088,"UNDEFINED",0.000000,0.997565,0.000000,,,,,"","",,,,7.593403,,0.000000,,0.000000,,,0.000000,0.000000,"",,,0.000000,,-1.000000,,0.000000,0.000000,-1.000000,-1.000000,,,,,,,,,,,"",,,,,,,,,,"Volumetric",,,,,,,,,,0.000000,,,,,,,,,,0.000000,0.000000,,,,,,,,,,,,
"2FBCAA44","Nodes",1117611.250000,1674191.370000,1313.064347,"Default Known Flow Node",69.999969,0.579999,1000.000000,0.000000,"Known Flow",0.000000,0.000000,2.16999993085665e-07,40.000000,0.579999,1000.000000,0.000000,0.000000,13.000000,0.000000,0.515374,0.579999,,,,7.591214,7.591214,,16.800279,,,,,,903.822387,0.066146,0.000000,0.000000,0.000000,,-459.670013,1000.000000,,0.000000,0.000000,,,,0.047088,"UNDEFINED",0.000000,0.997565,0.000000,,,,,"","",,,,7.591214,,0.000000,,0.000000,,,0.000000,0.000000,"",,,0.000000,,-1.000000,,0.000000,0.000000,-1.000000,-1.000000,,,,,,,,,,,"",,,,,,,,,,"Volumetric",,,,,,,,,,0.000000,,,,,,,,,,0.000000,0.000000,,,,,,,,,,,,
"2FBC6B34","Nodes",1117609.870000,1674190.870000,1313.064347,"Default Known Flow Node",69.999969,0.579999,1000.000000,0.000000,"Known Flow",0.000000,0.000000,2.16999993085665e-07,40.000000,0.579999,1000.000000,0.000000,0.000000,13.000000,0.000000,0.515374,0.579999,,,,7.591125,7.591125,,16.800279,,,,,,903.822387,0.066146,0.000000,0.000000,0.000000,,-459.670013,1000.000000,,0.000000,0.000000,,,,0.047088,"UNDEFINED",0.000000,0.997565,0.000000,,,,,"","",,,,7.591125,,0.000000,,0.000000,,,0.000000,0.000000,"",,,0.000000,,-1.000000,,0.000000,0.000000,-1.000000,-1.000000,,,,,,,,,,,"",,,,,,,,,,"Volumetric",,,,,,,,,,0.000000,,,,,,,,,,0.000000,0.000000,,,,,,,,,,,,
"0BEC5CED","Nodes",1117597.370000,1674189.250000,1313.064347,"Default Known Flow Node",69.999969,0.579999,1000.000000,0.000000,"Known Flow",0.000000,0.000000,2.16999993085665e-07,40.000000,0.579999,1000.000000,0.000000,0.000000,13.000000,0.000000,0.515374,0.579999,,,,7.590570,7.590570,,16.800279,,,,,,903.822387,0.066146,0.000000,0.000000,0.000000,,-459.670013,1000.000000,,0.000000,0.000000,,,,0.047088,"SETFLOW",0.000000,0.997565,0.000000,,,,,"","",,,,7.590570,,0.000000,,0.000000,,,0.000000,0.000000,"",,,0.000000,,-1.000000,,0.000000,0.000000,-1.000000,-1.000000,,,,,,,,,,,"",,,,,,,,,,"Volumetric",,,,,,,,,,-0.003931,,,,,,,,,,-0.003931,-0.000094,,,,,,,,,,,,
"2FBC7505","Nodes",1121925.370000,1676037.750000,1313.064347,"Default Known Flow Node",69.999969,0.579999,1000.000000,0.000000,"Known Flow",0.000000,0.000000,2.16999993085665e-07,40.000000,0.579999,1000.000000,0.000000,0.000000,13.000000,0.000000,0.515378,0.579999,,,,8.270244,8.270244,,16.800279,,,,,,903.822387,0.066146,0.000000,0.000000,0.000000,,-459.670013,1000.000000,,0.000000,0.000000,,,,0.047165,"UNDEFINED",0.000000,0.997561,0.000000,,,,,"","",,,,8.270244,,0.000000,,0.000000,,,0.000000,0.000000,"",,,0.000000,,-1.000000,,0.000000,0.000000,-1.000000,-1.000000,,,,,,,,,,,"",,,,,,,,,,"Volumetric",,,,,,,,,,0.000000,,,,,,,,,,0.000000,0.000000,,,,,,,,,,,,
"2FBC7507","Nodes",1121925.250000,1676043.500000,1313.064347,"Default Known Flow Node",69.999969,0.579999,1000.000000,0.000000,"Known Flow",0.000000,0.000000,2.16999993085665e-07,40.000000,0.579999,1000.000000,0.000000,0.000000,13.000000,0.000000,0.515378,0.579999,,,,8.269900,8.269900,,16.800279,,,,,,903.822387,0.066146,0.000000,0.000000,0.000000,,-459.670013,1000.000000,,0.000000,0.000000,,,,0.047165,"UNDEFINED",0.000000,0.997561,0.000000,,,,,"","",,,,8.269900,,0.000000,,0.000000,,,0.000000,0.000000,"",,,0.000000,,-1.000000,,0.000000,0.000000,-1.000000,-1.000000,,,,,,,,,,,"",,,,,,,,,,"Volumetric",,,,,,,,,,0.000000,,,,,,,,,,0.000000,0.000000,,,,,,,,,,,,
"2FBC7509","Nodes",1121925.000000,1676044.500000,1313.064347,"Default Known Flow Node",69.999969,0.579999,1000.000000,0.000000,"Known Flow",0.000000,0.000000,2.16999993085665e-07,40.000000,0.579999,1000.000000,0.000000,0.000000,13.000000,0.000000,0.515378,0.579999,,,,8.269893,8.269893,,16.800279,,,,,,903.822387,0.066146,0.000000,0.000000,0.000000,,-459.670013,1000.000000,,0.000000,0.000000,,,,0.047165,"UNDEFINED",0.000000,0.997561,0.000000,,,,,"","",,,,8.269893,,0.000000,,0.000000,,,0.000000,0.000000,"",,,0.000000,,-1.000000,,0.000000,0.000000,-1.000000,-1.000000,,,,,,,,,,,"",,,,,,,,,,"Volumetric",,,,,,,,,,0.000000,,,,,,,,,,0.000000,0.000000,,,,,,,,,,,,
"0BEC6072","Nodes",1121916.370000,1676082.870000,1313.064347,"Default Known Flow Node",69.999969,0.579999,1000.000000,0.000000,"Known Flow",0.000000,0.000000,2.16999993085665e-07,40.000000,0.579999,1000.000000,0.000000,0.000000,13.000000,0.000000,0.515378,0.579999,,,,8.269597,8.269597,,16.800279,,,,,,903.822387,0.066146,0.000000,0.000000,0.000000,,-459.670013,1000.000000,,0.000000,0.000000,,,,0.047165,"UNDEFINED",0.000000,0.997561,0.000000,,,,,"","",,,,8.269597,,0.000000,,0.000000,,,0.000000,0.000000,"",,,0.000000,,-1.000000,,0.000000,0.000000,-1.000000,-1.000000,,,,,,,,,,,"",,,,,,,,,,"Volumetric",,,,,,,,,,0.000000,,,,,,,,,,0.000000,0.000000,,,,,,,,,,,,
"2FBC750C","Nodes",1121937.000000,1676088.370000,1313.064347,"Default Known Flow Node",69.999969,0.579999,1000.000000,0.000000,"Known Flow",0.000000,0.000000,2.16999993085665e-07,40.000000,0.579999,1000.000000,0.000000,0.000000,13.000000,0.000000,0.515378,0.579999,,,,8.271383,8.271383,,16.800279,,,,,,903.822387,0.066146,0.000000,0.000000,0.000000,,-459.670013,1000.000000,,0.000000,0.000000,,,,0.047165,"UNDEFINED",0.000000,0.997561,0.000000,,,,,"","",,,,8.271383,,0.000000,,0.000000,,,0.000000,0.000000,"",,,0.000000,,-1.000000,,0.000000,0.000000,-1.000000,-1.000000,,,,,,,,,,,"",,,,,,,,,,"Volumetric",,,,,,,,,,0.000000,,,,,,,,,,0.000000,0.000000,,,,,,,,,,,,
"0BEC6071","Nodes",1122138.870000,1676128.120000,1313.064347,"Default Known Flow Node",69.999969,0.579999,1000.000000,0.000000,"Known Flow",0.000000,0.000000,2.16999993085665e-07,40.000000,0.579999,1000.000000,0.000000,0.000000,13.000000,0.000000,0.515378,0.579999,,,,8.288899,8.288899,,16.800279,,,,,,903.822387,0.066146,0.000000,0.000000,0.000000,,-459.670013,1000.000000,,0.000000,0.000000,,,,0.047167,"UNDEFINED",0.000000,0.997561,0.000000,,,,,"","",,,,8.288899,,0.000000,,0.000000,,,0.000000,0.000000,"",,,0.000000,,-1.000000,,0.000000,0.000000,-1.000000,-1.000000,,,,,,,,,,,"",,,,,,,,,,"Volumetric",,,,,,,,,,0.000000,,,,,,,,,,0.000000,0.000000,,,,,,,,,,,,
"0BEC606F","Nodes",1122162.620000,1676227.750000,1313.064347,"Default Known Flow Node",69.999969,0.579999,1000.000000,0.000000,"Known Flow",0.000000,0.000000,2.16999993085665e-07,40.000000,0.579999,1000.000000,0.000000,0.000000,13.000000,0.000000,0.515378,0.579999,,,,8.290600,8.290600,,16.800279,,,,,,903.822387,0.066146,0.000000,0.000000,0.000000,,-459.670013,1000.000000,,0.000000,0.000000,,,,0.047167,"UNDEFINED",0.000000,0.997561,0.000000,,,,,"","",,,,8.290600,,0.000000,,0.000000,,,0.000000,0.000000,"",,,0.000000,,-1.000000,,0.000000,0.000000,-1.000000,-1.000000,,,,,,,,,,,"",,,,,,,,,,"Volumetric",,,,,,,,,,0.000000,,,,,,,,,,0.000000,0.000000,,,,,,,,,,,,
"2FBC750A","Nodes",1121910.000000,1676082.620000,1313.064347,"Default Known Flow Node",69.999969,0.579999,1000.000000,0.000000,"Known Flow",0.000000,0.000000,2.16999993085665e-07,40.000000,0.579999,1000.000000,0.000000,0.000000,13.000000,0.000000,0.515378,0.579999,,,,8.268653,8.268653,,16.800279,,,,,,903.822387,0.066146,0.000000,0.000000,0.000000,,-459.670013,1000.000000,,0.000000,0.000000,,,,0.047165,"UNDEFINED",0.000000,0.997561,0.000000,,,,,"","",,,,8.268653,,0.000000,,0.000000,,,0.000000,0.000000,"",,,0.000000,,-1.000000,,0.000000,0.000000,-1.000000,-1.000000,,,,,,,,,,,"",,,,,,,,,,"Volumetric",,,,,,,,,,0.000000,,,,,,,,,,0.000000,0.000000,,,,,,,,,,,,
"2FBEC625","Nodes",1116472.446522,1678177.372512,1313.064347,"Default Known Flow Node",69.999969,0.579999,1000.000000,0.000000,"Known Flow",0.000000,0.000000,2.16999993085665e-07,40.000000,0.579999,1000.000000,0.000000,0.000000,13.000000,0.000000,0.515375,0.579999,,,,7.681813,7.681813,,16.800279,,,,,,903.822387,0.066146,0.000000,0.000000,0.000000,,-459.670013,1000.000000,,0.000000,0.000000,,,,0.047098,"UNDEFINED",0.000000,0.997564,0.000000,,,,,"","",,,,7.681813,,0.000000,,0.000000,,,0.000000,0.000000,"",,,0.000000,"V54595",-1.000000,,0.000000,0.000000,-1.000000,-1.000000,,,,,,,,,,,"",,,,,,,,,,"Volumetric",,,,,,,,,,0.000000,,,,,,,,,,0.000000,0.000000,,,,,,,,,,,,
"2FBC6487","Nodes",1116358.870000,1678203.500000,1313.064347,"Default Known Flow Node",69.999969,0.579999,1000.000000,0.000000,"Known Flow",0.000000,0.000000,2.16999993085665e-07,40.000000,0.579999,1000.000000,0.000000,0.000000,13.000000,0.000000,0.515376,0.579999,,,,7.864583,7.864583,,16.800279,,,,,,903.822387,0.066146,0.000000,0.000000,0.000000,,-459.670013,1000.000000,,0.000000,0.000000,,,,0.047119,"UNDEFINED",0.000000,0.997563,0.000000,,,,,"","",,,,7.864583,,0.000000,,0.000000,,,0.000000,0.000000,"",,,0.000000,,-1.000000,,0.000000,0.000000,-1.000000,-1.000000,,,,,,,,,,,"",,,,,,,,,,"Volumetric",,,,,,,,,,0.000000,,,,,,,,,,0.000000,0.000000,,,,,,,,,,,,
"2FBC648A","Nodes",1116344.750000,1678200.870000,1313.064347,"Default Known Flow Node",69.999969,0.579999,1000.000000,0.000000,"Known Flow",0.000000,0.000000,2.16999993085665e-07,40.000000,0.579999,1000.000000,0.000000,0.000000,13.000000,0.000000,0.515376,0.579999,,,,7.869171,7.869171,,16.800279,,,,,,903.822387,0.066146,0.000000,0.000000,0.000000,,-459.670013,1000.000000,,0.000000,0.000000,,,,0.047120,"SETFLOW",0.000000,0.997563,0.000000,,,,,"","",,,,7.869171,,0.000000,,0.000000,,,0.000000,0.000000,"",,,0.000000,,-1.000000,,0.000000,0.000000,-1.000000,-1.000000,,,,,,,,,,,"",,,,,,,,,,"Volumetric",,,,,,,,,,-0.007473,,,,,,,,,,-0.007473,-0.000179,,,,,,,,,,,,
"2FB22C89","Nodes",1116314.120000,1678199.370000,1313.064347,"Default Known Flow Node",69.999969,0.579999,1000.000000,0.000000,"Known Flow",0.000000,0.000000,2.16999993085665e-07,40.000000,0.579999,1000.000000,0.000000,0.000000,13.000000,0.000000,0.515376,0.579999,,,,7.878383,7.878383,,16.800279,,,,,,903.822387,0.066146,0.000000,0.000000,0.000000,,-459.670013,1000.000000,,0.000000,0.000000,,,,0.047121,"SETFLOW",0.000000,0.997563,0.000000,,,,,"","",,,,7.878383,,0.000000,,0.000000,,,0.000000,0.000000,"",,,0.000000,,-1.000000,,0.000000,0.000000,-1.000000,-1.000000,,,,,,,,,,,"",,,,,,,,,,"Volumetric",,,,,,,,,,-0.013077,,,,,,,,,,-0.013078,-0.000313,,,,,,,,,,,,
"2FB1AA65","Nodes",1115878.370000,1678176.000000,1313.064347,"Default Known Flow Node",69.999969,0.579999,1000.000000,0.000000,"Known Flow",0.000000,0.000000,2.16999993085665e-07,40.000000,0.579999,1000.000000,0.000000,0.000000,13.000000,0.000000,0.515377,0.579999,,,,8.013441,8.013441,,16.800279,,,,,,903.822387,0.066146,0.000000,0.000000,0.000000,,-459.670013,1000.000000,,0.000000,0.000000,,,,0.047136,"SETFLOW",0.000000,0.997562,0.000000,,,,,"","",,,,8.013441,,0.000000,,0.000000,,,0.000000,0.000000,"",,,0.000000,,-1.000000,,0.000000,0.000000,-1.000000,-1.000000,,,,,,,,,,,"",,,,,,,,,,"Volumetric",,,,,,,,,,-0.001067,,,,,,,,,,-0.001067,-0.000025,,,,,,,,,,,,
"2FBC6488","Nodes",1115867.120000,1678173.370000,1313.064347,"Default Known Flow Node",69.999969,0.579999,1000.000000,0.000000,"Known Flow",0.000000,0.000000,2.16999993085665e-07,40.000000,0.579999,1000.000000,0.000000,0.000000,13.000000,0.000000,0.515377,0.579999,,,,8.034865,8.034865,,16.800279,,,,,,903.822387,0.066146,0.000000,0.000000,0.000000,,-459.670013,1000.000000,,0.000000,0.000000,,,,0.047138,"UNDEFINED",0.000000,0.997562,0.000000,,,,,"","",,,,8.034865,,0.000000,,0.000000,,,0.000000,0.000000,"",,,0.000000,,-1.000000,,0.000000,0.000000,-1.000000,-1.000000,,,,,,,,,,,"",,,,,,,,,,"Volumetric",,,,,,,,,,0.000000,,,,,,,,,,0.000000,0.000000,,,,,,,,,,,,
"2FC082D6","Nodes",1115710.098128,1678167.550899,1313.064347,"Default Known Flow Node",69.999969,0.579999,1000.000000,0.000000,"Known Flow",0.000000,0.000000,2.16999993085665e-07,40.000000,0.579999,1000.000000,0.000000,0.000000,13.000000,0.000000,0.515378,0.579999,,,,8.266770,8.266770,,16.800279,,,,,,903.822387,0.066146,0.000000,0.000000,0.000000,,-459.670013,1000.000000,,0.000000,0.000000,,,,0.047165,"UNDEFINED",0.000000,0.997561,0.000000,,,,,"","",,,,8.266770,,0.000000,,0.000000,,,0.000000,0.000000,"",,,0.000000,,-1.000000,,0.000000,0.000000,0.000000,-1.000000,,,,,,,,,,,"",,,,,,,,,,"Volumetric",,,,,,,,,,0.000000,,,,,,,,,,0.000000,0.000000,,,,,,,,,,,,
"2FB9C485","Nodes",1116393.120000,1678467.370000,1313.064347,"Default Known Flow Node",69.999969,0.579999,1000.000000,0.000000,"Known Flow",0.000000,0.000000,2.16999993085665e-07,40.000000,0.579999,1000.000000,0.000000,0.000000,13.000000,0.000000,0.515376,0.579999,,,,7.931815,7.931815,,16.800279,,,,,,903.822387,0.066146,0.000000,0.000000,0.000000,,-459.670013,1000.000000,,0.000000,0.000000,,,,0.047127,"UNDEFINED",0.000000,0.997563,0.000000,,,,,"","",,,,7.931815,,0.000000,,0.000000,,,0.000000,0.000000,"",,,0.000000,,-1.000000,,0.000000,0.000000,-1.000000,-1.000000,,,,,,,,,,,"",,,,,,,,,,"Volumetric",,,,,,,,,,0.000000,,,,,,,,,,0.000000,0.000000,,,,,,,,,,,,
"2FB1ADA8","Nodes",1116387.620000,1678467.120000,1313.064347,"Default Known Flow Node",69.999969,0.579999,1000.000000,0.000000,"Known Flow",0.000000,0.000000,2.16999993085665e-07,40.000000,0.579999,1000.000000,0.000000,0.000000,13.000000,0.000000,0.515376,0.579999,,,,7.938291,7.938291,,16.800279,,,,,,903.822387,0.066146,0.000000,0.000000,0.000000,,-459.670013,1000.000000,,0.000000,0.000000,,,,0.047127,"SETFLOW",0.000000,0.997563,0.000000,,,,,"","",,,,7.938291,,0.000000,,0.000000,,,0.000000,0.000000,"",,,0.000000,,-1.000000,,0.000000,0.000000,-1.000000,-1.000000,,,,,,,,,,,"",,,,,,,,,,"Volumetric",,,,,,,,,,-0.005585,,,,,,,,,,-0.005585,-0.000134,,,,,,,,,,,,
"2FBCA07B","Nodes",1116330.870000,1678462.750000,1313.064347,"Default Known Flow Node",69.999969,0.579999,1000.000000,0.000000,"Known Flow",0.000000,0.000000,2.16999993085665e-07,40.000000,0.579999,1000.000000,0.000000,0.000000,13.000000,0.000000,0.515376,0.579999,,,,7.951742,7.951742,,16.800279,,,,,,903.822387,0.066146,0.000000,0.000000,0.000000,,-459.670013,1000.000000,,0.000000,0.000000,,,,0.047129,"UNDEFINED",0.000000,0.997563,0.000000,,,,,"","",,,,7.951742,,0.000000,,0.000000,,,0.000000,0.000000,"",,,0.000000,,-1.000000,,0.000000,0.000000,-1.000000,-1.000000,,,,,,,,,,,"",,,,,,,,,,"Volumetric",,,,,,,,,,0.000000,,,,,,,,,,0.000000,0.000000,,,,,,,,,,,,
"2FBCA07A","Nodes",1116270.120000,1678458.870000,1313.064347,"Default Known Flow Node",69.999969,0.579999,1000.000000,0.000000,"Known Flow",0.000000,0.000000,2.16999993085665e-07,40.000000,0.579999,1000.000000,0.000000,0.000000,13.000000,0.000000,0.515376,0.579999,,,,7.965192,7.965192,,16.800279,,,,,,903.822387,0.066146,0.000000,0.000000,0.000000,,-459.670013,1000.000000,,0.000000,0.000000,,,,0.047130,"UNDEFINED",0.000000,0.997563,0.000000,,,,,"","",,,,7.965192,,0.000000,,0.000000,,,0.000000,0.000000,"",,,0.000000,,-1.000000,,0.000000,0.000000,-1.000000,-1.000000,,,,,,,,,,,"",,,,,,,,,,"Volumetric",,,,,,,,,,0.000000,,,,,,,,,,0.000000,0.000000,,,,,,,,,,,,
"Q3 2FBCA153","Nodes",1121396.620000,1676007.750000,1313.064347,"Default Known Flow Node",69.999969,0.579999,1000.000000,0.000000,"Known Flow",0.000000,0.000000,2.16999993085665e-07,40.000000,0.579999,1000.000000,0.000000,0.000000,13.000000,0.000000,0.515377,0.579999,,,,8.037741,8.037741,,16.800279,,,,,,903.822387,0.066146,0.000000,0.000000,0.000000,,-459.670013,1000.000000,,0.000000,0.000000,,,,0.047139,"UNDEFINED",0.000000,0.997562,0.000000,,,,,"","",,,,8.037741,,0.000000,,0.000000,,,0.000000,0.000000,"",,,0.000000,,-1.000000,,0.000000,0.000000,-1.000000,-1.000000,,,,,,,,,,,"",,,,,,,,,,"Volumetric",,,,,,,,,,0.000000,,,,,,,,,,0.000000,0.000000,,,,,,,,,,,,
"2FB2832D","Nodes",1121354.500000,1676189.370000,1313.064347,"Default Known Flow Node",69.999969,0.579999,1000.000000,0.000000,"Known Flow",0.000000,0.000000,2.16999993085665e-07,40.000000,0.579999,1000.000000,0.000000,0.000000,13.000000,0.000000,0.515376,0.579999,,,,7.884752,7.884752,,16.800279,,,,,,903.822387,0.066146,0.000000,0.000000,0.000000,,-459.670013,1000.000000,,0.000000,0.000000,,,,0.047121,"UNDEFINED",0.000000,0.997563,0.000000,,,,,"","",,,,7.884752,,0.000000,,0.000000,,,0.000000,0.000000,"",,,0.000000,,-1.000000,,0.000000,0.000000,-1.000000,-1.000000,,,,,,,,,,,"",,,,,,,,,,"Volumetric",,,,,,,,,,0.000000,,,,,,,,,,0.000000,0.000000,,,,,,,,,,,,
"2FBCAA13","Nodes",1121351.370000,1676198.750000,1313.064347,"Default Known Flow Node",69.999969,0.579999,1000.000000,0.000000,"Known Flow",0.000000,0.000000,2.16999993085665e-07,40.000000,0.579999,1000.000000,0.000000,0.000000,13.000000,0.000000,0.515376,0.579999,,,,7.872981,7.872981,,16.800279,,,,,,903.822387,0.066146,0.000000,0.000000,0.000000,,-459.670013,1000.000000,,0.000000,0.000000,,,,0.047120,"UNDEFINED",0.000000,0.997563,0.000000,,,,,"","",,,,7.872981,,0.000000,,0.000000,,,0.000000,0.000000,"",,,0.000000,,-1.000000,,0.000000,0.000000,-1.000000,-1.000000,,,,,,,,,,,"",,,,,,,,,,"Volumetric",,,,,,,,,,0.000000,,,,,,,,,,0.000000,0.000000,,,,,,,,,,,,
"2FBCA100","Nodes",1120921.750000,1674982.870000,1313.064347,"Default Known Flow Node",69.999969,0.579999,1000.000000,0.000000,"Known Flow",0.000000,0.000000,2.16999993085665e-07,40.000000,0.579999,1000.000000,0.000000,0.000000,13.000000,0.000000,0.515379,0.579999,,,,8.488350,8.488350,,16.800279,,,,,,903.822387,0.066146,0.000000,0.000000,0.000000,,-459.670013,1000.000000,,0.000000,0.000000,,,,0.047190,"UNDEFINED",0.000000,0.997560,0.000000,,,,,"","",,,,8.488350,,0.000000,,0.000000,,,0.000000,0.000000,"",,,0.000000,,-1.000000,,0.000000,0.000000,-1.000000,-1.000000,,,,,,,,,,,"",,,,,,,,,,"Volumetric",,,,,,,,,,0.000000,,,,,,,,,,0.000000,0.000000,,,,,,,,,,,,
"2FB2834A","Nodes",1120058.750000,1677942.870000,1313.064347,"Default Known Flow Node",69.999969,0.579999,1000.000000,0.000000,"Known Flow",0.000000,0.000000,2.16999993085665e-07,40.000000,0.579999,1000.000000,0.000000,0.000000,13.000000,0.000000,0.515372,0.579999,,,,7.182779,7.182779,,16.800279,,,,,,903.822387,0.066146,0.000000,0.000000,0.000000,,-459.670013,1000.000000,,0.000000,0.000000,,,,0.047042,"UNDEFINED",0.000000,0.997567,0.000000,,,,,"","",,,,7.182779,,0.000000,,0.000000,,,0.000000,0.000000,"",,,0.000000,,-1.000000,,0.000000,0.000000,-1.000000,-1.000000,,,,,,,,,,,"",,,,,,,,,,"Volumetric",,,,,,,,,,0.000000,,,,,,,,,,0.000000,0.000000,,,,,,,,,,,,
"2FBC234B","Nodes",1119665.805708,1678496.821583,1313.064347,"Default Known Flow Node",69.999969,0.579999,1000.000000,0.000000,"Known Flow",0.000000,0.000000,2.16999993085665e-07,40.000000,0.579999,1000.000000,0.000000,0.000000,13.000000,0.000000,0.515372,0.579999,,,,7.183317,7.183317,,16.800279,,,,,,903.822387,0.066146,0.000000,0.000000,0.000000,,-459.670013,1000.000000,,0.000000,0.000000,,,,0.047042,"UNDEFINED",0.000000,0.997567,0.000000,,,,,"","",,,,7.183317,,0.000000,,0.000000,,,0.000000,0.000000,"",,,0.000000,,-1.000000,,0.000000,0.000000,-1.000000,-1.000000,,,,,,,,,,,"",,,,,,,,,,"Volumetric",,,,,,,,,,0.000000,,,,,,,,,,0.000000,0.000000,,,,,,,,,,,,
"2FB85E45","Nodes",1119632.215274,1678359.629471,1313.064347,"Default Known Flow Node",69.999969,0.579999,1000.000000,0.000000,"Known Flow",0.000000,0.000000,2.16999993085665e-07,40.000000,0.579999,1000.000000,0.000000,0.000000,13.000000,0.000000,0.515372,0.579999,,,,7.188099,7.188099,,16.800279,,,,,,903.822387,0.066146,0.000000,0.000000,0.000000,,-459.670013,1000.000000,,0.000000,0.000000,,,,0.047042,"SETFLOW",0.000000,0.997567,0.000000,,,,,"","",,,,7.188099,,0.000000,,0.000000,,,0.000000,0.000000,"",,,0.000000,,-1.000000,,0.000000,0.000000,-1.000000,-1.000000,,,,,,,,,,,"",,,,,,,,,,"Volumetric",,,,,,,,,,-0.005405,,,,,,,,,,-0.005405,-0.000129,,,,,,,,,,,,
"Q3No13","Nodes",1119633.263280,1678364.518598,1313.064347,"Default Known Flow Node",69.999969,0.579999,1000.000000,0.000000,"Known Flow",0.000000,0.000000,2.16999993085665e-07,40.000000,0.579999,1000.000000,0.000000,0.000000,13.000000,0.000000,0.515372,0.579999,,,,7.187633,7.187633,,16.800279,,,,,,903.822387,0.066146,0.000000,0.000000,0.000000,,-459.670013,1000.000000,,0.000000,0.000000,,,,0.047042,"UNDEFINED",0.000000,0.997567,0.000000,,,,,"","",,,,7.187633,,0.000000,,0.000000,,,0.000000,0.000000,"",,,0.000000,,-1.000000,,0.000000,0.000000,0.000000,-1.000000,,,,,,,,,,,"",,,,,,,,,,"Volumetric",,,,,,,,,,0.000000,,,,,,,,,,0.000000,0.000000,,,,,,,,,,,,
"2FBC2349","Nodes",1119664.685841,1678492.620622,1313.064347,"Default Known Flow Node",69.999969,0.579999,1000.000000,0.000000,"Known Flow",0.000000,0.000000,2.16999993085665e-07,40.000000,0.579999,1000.000000,0.000000,0.000000,13.000000,0.000000,0.515372,0.579999,,,,7.183690,7.183690,,16.800279,,,,,,903.822387,0.066146,0.000000,0.000000,0.000000,,-459.670013,1000.000000,,0.000000,0.000000,,,,0.047042,"UNDEFINED",0.000000,0.997567,0.000000,,,,,"","",,,,7.183690,,0.000000,,0.000000,,,0.000000,0.000000,"",,,0.000000,,-1.000000,,0.000000,0.000000,-1.000000,-1.000000,,,,,,,,,,,"",,,,,,,,,,"Volumetric",,,,,,,,,,0.000000,,,,,,,,,,0.000000,0.000000,,,,,,,,,,,,
"2FBC2308","Nodes",1119989.120000,1669375.250000,1313.064347,"Default Known Flow Node",69.999969,0.579999,1000.000000,0.000000,"Known Flow",0.000000,0.000000,2.16999993085665e-07,40.000000,0.579999,1000.000000,0.000000,0.000000,13.000000,0.000000,0.515377,0.579999,,,,8.079242,8.079242,,16.800279,,,,,,903.822387,0.066146,0.000000,0.000000,0.000000,,-459.670013,1000.000000,,0.000000,0.000000,,,,0.047143,"UNDEFINED",0.000000,0.997562,0.000000,,,,,"","",,,,8.079242,,0.000000,,0.000000,,,0.000000,0.000000,"",,,0.000000,,-1.000000,,0.000000,0.000000,-1.000000,-1.000000,,,,,,,,,,,"",,,,,,,,,,"Volumetric",,,,,,,,,,0.000000,,,,,,,,,,0.000000,0.000000,,,,,,,,,,,,
"2FBCA16B","Nodes",1119991.250000,1669367.250000,1313.064347,"Default Known Flow Node",69.999969,0.579999,1000.000000,0.000000,"Known Flow",0.000000,0.000000,2.16999993085665e-07,40.000000,0.579999,1000.000000,0.000000,0.000000,13.000000,0.000000,0.515377,0.579999,,,,8.050587,8.050587,,16.800279,,,,,,903.822387,0.066146,0.000000,0.000000,0.000000,,-459.670013,1000.000000,,0.000000,0.000000,,,,0.047140,"UNDEFINED",0.000000,0.997562,0.000000,,,,,"","",,,,8.050587,,0.000000,,0.000000,,,0.000000,0.000000,"",,,0.000000,,-1.000000,,0.000000,0.000000,-1.000000,-1.000000,,,,,,,,,,,"",,,,,,,,,,"Volumetric",,,,,,,,,,0.000000,,,,,,,,,,0.000000,0.000000,,,,,,,,,,,,
"2FBCA16C","Nodes",1119893.500000,1668789.370000,1313.064347,"Default Known Flow Node",69.999969,0.579999,1000.000000,0.000000,"Known Flow",0.000000,0.000000,2.16999993085665e-07,40.000000,0.579999,1000.000000,0.000000,0.000000,13.000000,0.000000,0.515375,0.579999,,,,7.718450,7.718450,,16.800279,,,,,,903.822387,0.066146,0.000000,0.000000,0.000000,,-459.670013,1000.000000,,0.000000,0.000000,,,,0.047102,"SETFLOW",0.000000,0.997564,0.000000,,,,,"","",,,,7.718450,,0.000000,,0.000000,,,0.000000,0.000000,"",,,0.000000,,-1.000000,,0.000000,0.000000,-1.000000,-1.000000,,,,,,,,,,,"",,,,,,,,,,"Volumetric",,,,,,,,,,-0.525711,,,,,,,,,,-0.525711,-0.012617,,,,,,,,,,,,
"2FBCA16E","Nodes",1119990.370000,1669362.500000,1313.064347,"Default Known Flow Node",69.999969,0.579999,1000.000000,0.000000,"Known Flow",0.000000,0.000000,2.16999993085665e-07,40.000000,0.579999,1000.000000,0.000000,0.000000,13.000000,0.000000,0.515377,0.579999,,,,8.047755,8.047755,,16.800279,,,,,,903.822387,0.066146,0.000000,0.000000,0.000000,,-459.670013,1000.000000,,0.000000,0.000000,,,,0.047140,"UNDEFINED",0.000000,0.997562,0.000000,,,,,"","",,,,8.047755,,0.000000,,0.000000,,,0.000000,0.000000,"",,,0.000000,,-1.000000,,0.000000,0.000000,-1.000000,-1.000000,,,,,,,,,,,"",,,,,,,,,,"Volumetric",,,,,,,,,,0.000000,,,,,,,,,,0.000000,0.000000,,,,,,,,,,,,
"2FBC6B25","Nodes",1119845.250000,1668514.870000,1313.064347,"Default Known Flow Node",69.999969,0.579999,1000.000000,0.000000,"Known Flow",0.000000,0.000000,2.16999993085665e-07,40.000000,0.579999,1000.000000,0.000000,0.000000,13.000000,0.000000,0.515375,0.579999,,,,7.748486,7.748486,,16.800279,,,,,,903.822387,0.066146,0.000000,0.000000,0.000000,,-459.670013,1000.000000,,0.000000,0.000000,,,,0.047106,"SETFLOW",0.000000,0.997564,0.000000,,,,,"","",,,,7.748486,,0.000000,,0.000000,,,0.000000,0.000000,"",,,0.000000,,-1.000000,,0.000000,0.000000,-1.000000,-1.000000,,,,,,,,,,,"",,,,,,,,,,"Volumetric",,,,,,,,,,-1.118850,,,,,,,,,,-1.118850,-0.026852,,,,,,,,,,,,
"2FBC6B67","Nodes",1119817.000000,1668354.000000,1313.064347,"Default Known Flow Node",69.999969,0.579999,1000.000000,0.000000,"Known Flow",0.000000,0.000000,2.16999993085665e-07,40.000000,0.579999,1000.000000,0.000000,0.000000,13.000000,0.000000,0.515375,0.579999,,,,7.793851,7.793851,,16.800279,,,,,,903.822387,0.066146,0.000000,0.000000,0.000000,,-459.670013,1000.000000,,0.000000,0.000000,,,,0.047111,"SETFLOW",0.000000,0.997564,0.000000,,,,,"","",,,,7.793851,,0.000000,,0.000000,,,0.000000,0.000000,"",,,0.000000,,-1.000000,,0.000000,0.000000,-1.000000,-1.000000,,,,,,,,,,,"",,,,,,,,,,"Volumetric",,,,,,,,,,-0.433168,,,,,,,,,,-0.433168,-0.010396,,,,,,,,,,,,
"2FBC6B8B","Nodes",1119812.750000,1668340.120000,1313.064347,"Default Known Flow Node",69.999969,0.579999,1000.000000,0.000000,"Known Flow",0.000000,0.000000,2.16999993085665e-07,40.000000,0.579999,1000.000000,0.000000,0.000000,13.000000,0.000000,0.515375,0.579999,,,,7.798699,7.798699,,16.800279,,,,,,903.822387,0.066146,0.000000,0.000000,0.000000,,-459.670013,1000.000000,,0.000000,0.000000,,,,0.047112,"UNDEFINED",0.000000,0.997564,0.000000,,,,,"","",,,,7.798699,,0.000000,,0.000000,,,0.000000,0.000000,"",,,0.000000,,-1.000000,,0.000000,0.000000,-1.000000,-1.000000,,,,,,,,,,,"",,,,,,,,,,"Volumetric",,,,,,,,,,0.000000,,,,,,,,,,0.000000,0.000000,,,,,,,,,,,,
"2FBC6A92","Nodes",1119674.250000,1669444.620000,1313.064347,"Default Known Flow Node",69.999969,0.579999,1000.000000,0.000000,"Known Flow",0.000000,0.000000,2.16999993085665e-07,40.000000,0.579999,1000.000000,0.000000,0.000000,13.000000,0.000000,0.515377,0.579999,,,,8.124237,8.124237,,16.800279,,,,,,903.822387,0.066146,0.000000,0.000000,0.000000,,-459.670013,1000.000000,,0.000000,0.000000,,,,0.047149,"UNDEFINED",0.000000,0.997562,0.000000,,,,,"","",,,,8.124237,,0.000000,,0.000000,,,0.000000,0.000000,"",,,0.000000,,-1.000000,,0.000000,0.000000,-1.000000,-1.000000,,,,,,,,,,,"",,,,,,,,,,"Volumetric",,,,,,,,,,0.000000,,,,,,,,,,0.000000,0.000000,,,,,,,,,,,,
"2FBC6A96","Nodes",1119677.750000,1669457.870000,1313.064347,"Default Known Flow Node",69.999969,0.579999,1000.000000,0.000000,"Known Flow",0.000000,0.000000,2.16999993085665e-07,40.000000,0.579999,1000.000000,0.000000,0.000000,13.000000,0.000000,0.515377,0.579999,,,,8.127219,8.127219,,16.800279,,,,,,903.822387,0.066146,0.000000,0.000000,0.000000,,-459.670013,1000.000000,,0.000000,0.000000,,,,0.047149,"UNDEFINED",0.000000,0.997562,0.000000,,,,,"","",,,,8.127219,,0.000000,,0.000000,,,0.000000,0.000000,"",,,0.000000,,-1.000000,,0.000000,0.000000,-1.000000,-1.000000,,,,,,,,,,,"",,,,,,,,,,"Volumetric",,,,,,,,,,0.000000,,,,,,,,,,0.000000,0.000000,,,,,,,,,,,,
"2FBC22F4","Nodes",1120118.950506,1670022.473851,1313.064347,"Default Known Flow Node",69.999969,0.579999,1000.000000,0.000000,"Known Flow",0.000000,0.000000,2.16999993085665e-07,40.000000,0.579999,1000.000000,0.000000,0.000000,13.000000,0.000000,0.515379,0.579999,,,,8.478661,8.478661,,16.800279,,,,,,903.822387,0.066146,0.000000,0.000000,0.000000,,-459.670013,1000.000000,,0.000000,0.000000,,,,0.047189,"UNDEFINED",0.000000,0.997560,0.000000,,,,,"","",,,,8.478661,,0.000000,,0.000000,,,0.000000,0.000000,"",,,0.000000,"V53732",-1.000000,,0.000000,0.000000,-1.000000,-1.000000,,,,,,,,,,,"",,,,,,,,,,"Volumetric",,,,,,,,,,0.000000,,,,,,,,,,0.000000,0.000000,,,,,,,,,,,,
"2FBC22F1","Nodes",1120125.172172,1670020.495730,1313.064347,"Default Known Flow Node",69.999969,0.579999,1000.000000,0.000000,"Known Flow",0.000000,0.000000,2.16999993085665e-07,40.000000,0.579999,1000.000000,0.000000,0.000000,13.000000,0.000000,0.515379,0.579999,,,,8.486962,8.486962,,16.800279,,,,,,903.822387,0.066146,0.000000,0.000000,0.000000,,-459.670013,1000.000000,,0.000000,0.000000,,,,0.047190,"UNDEFINED",0.000000,0.997560,0.000000,,,,,"","",,,,8.486962,,0.000000,,0.000000,,,0.000000,0.000000,"",,,0.000000,,-1.000000,,0.000000,0.000000,-1.000000,-1.000000,,,,,,,,,,,"",,,,,,,,,,"Volumetric",,,,,,,,,,0.000000,,,,,,,,,,0.000000,0.000000,,,,,,,,,,,,
"0BEC5160","Nodes",1119774.000000,1670114.370000,1313.064347,"Default Known Flow Node",69.999969,0.579999,1000.000000,0.000000,"Known Flow",0.000000,0.000000,2.16999993085665e-07,40.000000,0.579999,1000.000000,0.000000,0.000000,13.000000,0.000000,0.515378,0.579999,,,,8.274186,8.274186,,16.800279,,,,,,903.822387,0.066146,0.000000,0.000000,0.000000,,-459.670013,1000.000000,,0.000000,0.000000,,,,0.047166,"SETFLOW",0.000000,0.997561,0.000000,,,,,"","",,,,8.274186,,0.000000,,0.000000,,,0.000000,0.000000,"",,,0.000000,,-1.000000,,0.000000,0.000000,-1.000000,-1.000000,,,,,,,,,,,"",,,,,,,,,,"Volumetric",,,,,,,,,,-0.020984,,,,,,,,,,-0.020984,-0.000503,,,,,,,,,,,,
"0BEC47AF","Nodes",1118548.000000,1667845.370000,1313.064347,"Default Known Flow Node",69.999969,0.579999,1000.000000,0.000000,"Known Flow",0.000000,0.000000,2.16999993085665e-07,40.000000,0.579999,1000.000000,0.000000,0.000000,13.000000,0.000000,0.515372,0.579999,,,,7.247761,7.247761,,16.800279,,,,,,903.822387,0.066146,0.000000,0.000000,0.000000,,-459.670013,1000.000000,,0.000000,0.000000,,,,0.047049,"SETFLOW",0.000000,0.997567,0.000000,,,,,"","",,,,7.247761,,0.000000,,0.000000,,,0.000000,0.000000,"",,,0.000000,,-1.000000,,0.000000,0.000000,-1.000000,-1.000000,,,,,,,,,,,"",,,,,,,,,,"Volumetric",,,,,,,,,,-0.180175,,,,,,,,,,-0.180175,-0.004324,,,,,,,,,,,,
"2FBCA119","Nodes",1118547.370000,1667834.250000,1313.064347,"Default Known Flow Node",69.999969,0.579999,1000.000000,0.000000,"Known Flow",0.000000,0.000000,2.16999993085665e-07,40.000000,0.579999,1000.000000,0.000000,0.000000,13.000000,0.000000,0.515372,0.579999,,,,7.260199,7.260199,,16.800279,,,,,,903.822387,0.066146,0.000000,0.000000,0.000000,,-459.670013,1000.000000,,0.000000,0.000000,,,,0.047050,"UNDEFINED",0.000000,0.997567,0.000000,,,,,"","",,,,7.260199,,0.000000,,0.000000,,,0.000000,0.000000,"",,,0.000000,,-1.000000,,0.000000,0.000000,-1.000000,-1.000000,,,,,,,,,,,"",,,,,,,,,,"Volumetric",,,,,,,,,,0.000000,,,,,,,,,,0.000000,0.000000,,,,,,,,,,,,
"0BEC47AE","Nodes",1118592.870000,1668086.750000,1313.064347,"Default Known Flow Node",69.999969,0.579999,1000.000000,0.000000,"Known Flow",0.000000,0.000000,2.16999993085665e-07,40.000000,0.579999,1000.000000,0.000000,0.000000,13.000000,0.000000,0.515372,0.579999,,,,7.179105,7.179105,,16.800279,,,,,,903.822387,0.066146,0.000000,0.000000,0.000000,,-459.670013,1000.000000,,0.000000,0.000000,,,,0.047041,"SETFLOW",0.000000,0.997567,0.000000,,,,,"","",,,,7.179105,,0.000000,,0.000000,,,0.000000,0.000000,"",,,0.000000,"143-26 41 Ave, Q = -6.255 mcfh, AC = -0.15 mcfh, Firm",-1.000000,,0.000000,0.000000,-1.000000,-1.000000,,,,,,,,,,,"",,,"",,,,,,,"Volumetric",,,"Volumetric",,,,,,,0.000000,,,-6.254999,,,,,,,0.000000,0.000000,,,,,,,,,,,,
"2FBCA11D","Nodes",1118548.370000,1667847.370000,1313.064347,"Default Known Flow Node",69.999969,0.579999,1000.000000,0.000000,"Known Flow",0.000000,0.000000,2.16999993085665e-07,40.000000,0.579999,1000.000000,0.000000,0.000000,13.000000,0.000000,0.515372,0.579999,,,,7.247197,7.247197,,16.800279,,,,,,903.822387,0.066146,0.000000,0.000000,0.000000,,-459.670013,1000.000000,,0.000000,0.000000,,,,0.047049,"UNDEFINED",0.000000,0.997567,0.000000,,,,,"","",,,,7.247197,,0.000000,,0.000000,,,0.000000,0.000000,"",,,0.000000,,-1.000000,,0.000000,0.000000,-1.000000,-1.000000,,,,,,,,,,,"",,,,,,,,,,"Volumetric",,,,,,,,,,0.000000,,,,,,,,,,0.000000,0.000000,,,,,,,,,,,,
"2FBCA11F","Nodes",1118642.870000,1668357.620000,1313.064347,"Default Known Flow Node",69.999969,0.579999,1000.000000,0.000000,"Known Flow",0.000000,0.000000,2.16999993085665e-07,40.000000,0.579999,1000.000000,0.000000,0.000000,13.000000,0.000000,0.515372,0.579999,,,,7.212906,7.212906,,16.800279,,,,,,903.822387,0.066146,0.000000,0.000000,0.000000,,-459.670013,1000.000000,,0.000000,0.000000,,,,0.047045,"UNDEFINED",0.000000,0.997567,0.000000,,,,,"","",,,,7.212906,,0.000000,,0.000000,,,0.000000,0.000000,"",,,0.000000,,-1.000000,,0.000000,0.000000,-1.000000,-1.000000,,,,,,,,,,,"",,,,,,,,,,"Volumetric",,,,,,,,,,0.000000,,,,,,,,,,0.000000,0.000000,,,,,,,,,,,,
"0BEC4589","Nodes",1115777.127056,1668428.910545,1313.064347,"Default Known Flow Node",69.999969,0.579999,1000.000000,0.000000,"Known Flow",0.000000,0.000000,2.16999993085665e-07,40.000000,0.579999,1000.000000,0.000000,0.000000,13.000000,0.000000,0.515382,0.579999,,,,8.911906,8.911906,,16.800279,,,,,,903.822387,0.066145,0.000000,0.000000,0.000000,,-459.670013,1000.000000,,0.000000,0.000000,,,,0.047238,"SETFLOW",0.000000,0.997557,0.000000,,,,,"","",,,,8.911906,,0.000000,,0.000000,,,0.000000,0.000000,"",,,0.000000,,-1.000000,,0.000000,0.000000,-1.000000,-1.000000,,,,,,,,,,,"",,,,,,,,,,"Volumetric",,,,,,,,,,-0.014911,,,,,,,,,,-0.014911,-0.000357,,,,,,,,,,,,
"2FBA9A02","Nodes",1115793.240000,1668444.870000,1313.064347,"Default Known Flow Node",69.999969,0.579999,1000.000000,0.000000,"Known Flow",0.000000,0.000000,2.16999993085665e-07,40.000000,0.579999,1000.000000,0.000000,0.000000,13.000000,0.000000,0.515382,0.579999,,,,8.924222,8.924222,,16.800279,,,,,,903.822387,0.066145,0.000000,0.000000,0.000000,,-459.670013,1000.000000,,0.000000,0.000000,,,,0.047239,"SETFLOW",0.000000,0.997557,0.000000,,,,,"","",,,,8.924222,,0.000000,,0.000000,,,0.000000,0.000000,"",,,0.000000,,-1.000000,,0.000000,0.000000,-1.000000,-1.000000,,,,,,,,,,,"",,,,,,,,,,"Volumetric",,,,,,,,,,-3.868799,,,,,,,,,,-3.868799,-0.092851,,,,,,,,,,,,
"2FBA9A0D","Nodes",1115808.113335,1668467.678541,1313.064347,"Default Known Flow Node",69.999969,0.579999,1000.000000,0.000000,"Known Flow",0.000000,0.000000,2.16999993085665e-07,40.000000,0.579999,1000.000000,0.000000,0.000000,13.000000,0.000000,0.515382,0.579999,,,,8.943227,8.943227,,16.800279,,,,,,903.822387,0.066145,0.000000,0.000000,0.000000,,-459.670013,1000.000000,,0.000000,0.000000,,,,0.047242,"UNDEFINED",0.000000,0.997557,0.000000,,,,,"","",,,,8.943227,,0.000000,,0.000000,,,0.000000,0.000000,"",,,0.000000,,-1.000000,,0.000000,0.000000,-1.000000,-1.000000,,,,,,,,,,,"",,,,,,,,,,"Volumetric",,,,,,,,,,0.000000,,,,,,,,,,0.000000,0.000000,,,,,,,,,,,,
"2FBC75D6","Nodes",1115674.250000,1668280.370000,1313.064347,"Default Known Flow Node",69.999969,0.579999,1000.000000,0.000000,"Known Flow",0.000000,0.000000,2.16999993085665e-07,40.000000,0.579999,1000.000000,0.000000,0.000000,13.000000,0.000000,0.515378,0.579999,,,,8.329004,8.329004,,16.800279,,,,,,903.822387,0.066146,0.000000,0.000000,0.000000,,-459.670013,1000.000000,,0.000000,0.000000,,,,0.047172,"SETFLOW",0.000000,0.997561,0.000000,,,,,"","",,,,8.329004,,0.000000,,0.000000,,,0.000000,0.000000,"",,,0.000000,,-1.000000,,0.000000,0.000000,-1.000000,-1.000000,,,,,,,,,,,"",,,,,,,,,,"Volumetric",,,,,,,,,,-0.347651,,,,,,,,,,-0.347651,-0.008343,,,,,,,,,,,,
"2FB280CC","Nodes",1115668.620000,1668306.750000,1313.064347,"Default Known Flow Node",69.999969,0.579999,1000.000000,0.000000,"Known Flow",0.000000,0.000000,2.16999993085665e-07,40.000000,0.579999,1000.000000,0.000000,0.000000,13.000000,0.000000,0.515378,0.579999,,,,8.317379,8.317379,,16.800279,,,,,,903.822387,0.066146,0.000000,0.000000,0.000000,,-459.670013,1000.000000,,0.000000,0.000000,,,,0.047171,"SETFLOW",0.000000,0.997561,0.000000,,,,,"","",,,,8.317379,,0.000000,,0.000000,,,0.000000,0.000000,"",,,0.000000,,-1.000000,,0.000000,0.000000,-1.000000,-1.000000,,,,,,,,,,,"",,,,,,,,,,"Volumetric",,,,,,,,,,-0.821837,,,,,,,,,,-0.821837,-0.019724,,,,,,,,,,,,
"2FB280E8","Nodes",1115677.370000,1668315.620000,1313.064347,"Default Known Flow Node",69.999969,0.579999,1000.000000,0.000000,"Known Flow",0.000000,0.000000,2.16999993085665e-07,40.000000,0.579999,1000.000000,0.000000,0.000000,13.000000,0.000000,0.515378,0.579999,,,,8.317069,8.317069,,16.800279,,,,,,903.822387,0.066146,0.000000,0.000000,0.000000,,-459.670013,1000.000000,,0.000000,0.000000,,,,0.047170,"SETFLOW",0.000000,0.997561,0.000000,,,,,"","",,,,8.317069,,0.000000,,0.000000,,,0.000000,0.000000,"",,,0.000000,,-1.000000,,0.000000,0.000000,-1.000000,-1.000000,,,,,,,,,,,"",,,,,,,,,,"Volumetric",,,,,,,,,,-0.342964,,,,,,,,,,-0.342964,-0.008231,,,,,,,,,,,,
"2FBC6AC8","Nodes",1118228.750000,1671234.750000,1313.064347,"Default Known Flow Node",69.999969,0.579999,1000.000000,0.000000,"Known Flow",0.000000,0.000000,2.16999993085665e-07,40.000000,0.579999,1000.000000,0.000000,0.000000,13.000000,0.000000,0.515369,0.579999,,,,6.557543,6.557543,,16.800279,,,,,,903.822387,0.066147,0.000000,0.000000,0.000000,,-459.670013,1000.000000,,0.000000,0.000000,,,,0.046971,"UNDEFINED",0.000000,0.997571,0.000000,,,,,"","",,,,6.557543,,0.000000,,0.000000,,,0.000000,0.000000,"",,,0.000000,,-1.000000,,0.000000,0.000000,-1.000000,-1.000000,,,,,,,,,,,"",,,,,,,,,,"Volumetric",,,,,,,,,,0.000000,,,,,,,,,,0.000000,0.000000,,,,,,,,,,,,
"2FBC6AC7","Nodes",1118190.870000,1671243.000000,1313.064347,"Default Known Flow Node",69.999969,0.579999,1000.000000,0.000000,"Known Flow",0.000000,0.000000,2.16999993085665e-07,40.000000,0.579999,1000.000000,0.000000,0.000000,13.000000,0.000000,0.515369,0.579999,,,,6.563835,6.563835,,16.800279,,,,,,903.822387,0.066147,0.000000,0.000000,0.000000,,-459.670013,1000.000000,,0.000000,0.000000,,,,0.046971,"UNDEFINED",0.000000,0.997571,0.000000,,,,,"","",,,,6.563835,,0.000000,,0.000000,,,0.000000,0.000000,"",,,0.000000,,-1.000000,,0.000000,0.000000,-1.000000,-1.000000,,,,,,,,,,,"",,,,,,,,,,"Volumetric",,,,,,,,,,0.000000,,,,,,,,,,0.000000,0.000000,,,,,,,,,,,,
"2FBC6ACD","Nodes",1118151.750000,1671278.750000,1313.064347,"Default Known Flow Node",69.999969,0.579999,1000.000000,0.000000,"Known Flow",0.000000,0.000000,2.16999993085665e-07,40.000000,0.579999,1000.000000,0.000000,0.000000,13.000000,0.000000,0.515369,0.579999,,,,6.571446,6.571446,,16.800279,,,,,,903.822387,0.066147,0.000000,0.000000,0.000000,,-459.670013,1000.000000,,0.000000,0.000000,,,,0.046972,"SETFLOW",0.000000,0.997571,0.000000,,,,,"","",,,,6.571446,,0.000000,,0.000000,,,0.000000,0.000000,"",,,0.000000,,-1.000000,,0.000000,0.000000,-1.000000,-1.000000,,,,,,,,,,,"",,,,,,,,,,"Volumetric",,,,,,,,,,-0.037170,,,,,,,,,,-0.037170,-0.000892,,,,,,,,,,,,
"0BEC4FA5","Nodes",1118179.500000,1671446.370000,1313.064347,"Default Known Flow Node",69.999969,0.579999,1000.000000,0.000000,"Known Flow",0.000000,0.000000,2.16999993085665e-07,40.000000,0.579999,1000.000000,0.000000,0.000000,13.000000,0.000000,0.515369,0.579999,,,,6.571446,6.571446,,16.800279,,,,,,903.822387,0.066147,0.000000,0.000000,0.000000,,-459.670013,1000.000000,,0.000000,0.000000,,,,0.046972,"UNDEFINED",0.000000,0.997571,0.000000,,,,,"","",,,,6.571446,,0.000000,,0.000000,,,0.000000,0.000000,"",,,0.000000,,-1.000000,,0.000000,0.000000,-1.000000,-1.000000,,,,,,,,,,,"",,,,,,,,,,"Volumetric",,,,,,,,,,0.000000,,,,,,,,,,0.000000,0.000000,,,,,,,,,,,,
"2FBC6AC5","Nodes",1118127.620000,1671255.870000,1313.064347,"Default Known Flow Node",69.999969,0.579999,1000.000000,0.000000,"Known Flow",0.000000,0.000000,2.16999993085665e-07,40.000000,0.579999,1000.000000,0.000000,0.000000,13.000000,0.000000,0.515369,0.579999,,,,6.574832,6.574832,,16.800279,,,,,,903.822387,0.066147,0.000000,0.000000,0.000000,,-459.670013,1000.000000,,0.000000,0.000000,,,,0.046973,"UNDEFINED",0.000000,0.997571,0.000000,,,,,"","",,,,6.574832,,0.000000,,0.000000,,,0.000000,0.000000,"",,,0.000000,,-1.000000,,0.000000,0.000000,-1.000000,-1.000000,,,,,,,,,,,"",,,,,,,,,,"Volumetric",,,,,,,,,,0.000000,,,,,,,,,,0.000000,0.000000,,,,,,,,,,,,
"2FBC6AC9","Nodes",1118122.500000,1671256.750000,1313.064347,"Default Known Flow Node",69.999969,0.579999,1000.000000,0.000000,"Known Flow",0.000000,0.000000,2.16999993085665e-07,40.000000,0.579999,1000.000000,0.000000,0.000000,13.000000,0.000000,0.515369,0.579999,,,,6.576128,6.576128,,16.800279,,,,,,903.822387,0.066147,0.000000,0.000000,0.000000,,-459.670013,1000.000000,,0.000000,0.000000,,,,0.046973,"UNDEFINED",0.000000,0.997571,0.000000,,,,,"","",,,,6.576128,,0.000000,,0.000000,,,0.000000,0.000000,"",,,0.000000,,-1.000000,,0.000000,0.000000,-1.000000,-1.000000,,,,,,,,,,,"",,,,,,,,,,"Volumetric",,,,,,,,,,0.000000,,,,,,,,,,0.000000,0.000000,,,,,,,,,,,,
"2FBC232F","Nodes",1117889.870000,1671296.370000,1313.064347,"Default Known Flow Node",69.999969,0.579999,1000.000000,0.000000,"Known Flow",0.000000,0.000000,2.16999993085665e-07,40.000000,0.579999,1000.000000,0.000000,0.000000,13.000000,0.000000,0.515369,0.579999,,,,6.627046,6.627046,,16.800279,,,,,,903.822387,0.066147,0.000000,0.000000,0.000000,,-459.670013,1000.000000,,0.000000,0.000000,,,,0.046978,"UNDEFINED",0.000000,0.997571,0.000000,,,,,"","",,,,6.627046,,0.000000,,0.000000,,,0.000000,0.000000,"",,,0.000000,,-1.000000,,0.000000,0.000000,-1.000000,-1.000000,,,,,,,,,,,"",,,,,,,,,,"Volumetric",,,,,,,,,,0.000000,,,,,,,,,,0.000000,0.000000,,,,,,,,,,,,
"0BEC4F69","Nodes",1117896.000000,1671299.620000,1313.064347,"Default Known Flow Node",69.999969,0.579999,1000.000000,0.000000,"Known Flow",0.000000,0.000000,2.16999993085665e-07,40.000000,0.579999,1000.000000,0.000000,0.000000,13.000000,0.000000,0.515369,0.579999,,,,6.618906,6.618906,,16.800279,,,,,,903.822387,0.066147,0.000000,0.000000,0.000000,,-459.670013,1000.000000,,0.000000,0.000000,,,,0.046978,"UNDEFINED",0.000000,0.997571,0.000000,,,,,"","",,,,6.618906,,0.000000,,0.000000,,,0.000000,0.000000,"",,,0.000000,,-1.000000,,0.000000,0.000000,-1.000000,-1.000000,,,,,,,,,,,"",,,,,,,,,,"Volumetric",,,,,,,,,,0.000000,,,,,,,,,,0.000000,0.000000,,,,,,,,,,,,
"2FBC2324","Nodes",1117864.250000,1671200.870000,1313.064347,"Default Known Flow Node",69.999969,0.579999,1000.000000,0.000000,"Known Flow",0.000000,0.000000,2.16999993085665e-07,40.000000,0.579999,1000.000000,0.000000,0.000000,13.000000,0.000000,0.515369,0.579999,,,,6.643936,6.643936,,16.800279,,,,,,903.822387,0.066147,0.000000,0.000000,0.000000,,-459.670013,1000.000000,,0.000000,0.000000,,,,0.046980,"UNDEFINED",0.000000,0.997570,0.000000,,,,,"","",,,,6.643936,,0.000000,,0.000000,,,0.000000,0.000000,"",,,0.000000,,-1.000000,,0.000000,0.000000,-1.000000,-1.000000,,,,,,,,,,,"",,,,,,,,,,"Volumetric",,,,,,,,,,0.000000,,,,,,,,,,0.000000,0.000000,,,,,,,,,,,,
"2FBC2328","Nodes",1117865.620000,1671208.750000,1313.064347,"Default Known Flow Node",69.999969,0.579999,1000.000000,0.000000,"Known Flow",0.000000,0.000000,2.16999993085665e-07,40.000000,0.579999,1000.000000,0.000000,0.000000,13.000000,0.000000,0.515369,0.579999,,,,6.646120,6.646120,,16.800279,,,,,,903.822387,0.066147,0.000000,0.000000,0.000000,,-459.670013,1000.000000,,0.000000,0.000000,,,,0.046981,"UNDEFINED",0.000000,0.997570,0.000000,,,,,"","",,,,6.646120,,0.000000,,0.000000,,,0.000000,0.000000,"",,,0.000000,,-1.000000,,0.000000,0.000000,-1.000000,-1.000000,,,,,,,,,,,"",,,,,,,,,,"Volumetric",,,,,,,,,,0.000000,,,,,,,,,,0.000000,0.000000,,,,,,,,,,,,
"2FBC2329","Nodes",1117875.620000,1671264.250000,1313.064347,"Default Known Flow Node",69.999969,0.579999,1000.000000,0.000000,"Known Flow",0.000000,0.000000,2.16999993085665e-07,40.000000,0.579999,1000.000000,0.000000,0.000000,13.000000,0.000000,0.515369,0.579999,,,,6.648711,6.648711,,16.800279,,,,,,903.822387,0.066147,0.000000,0.000000,0.000000,,-459.670013,1000.000000,,0.000000,0.000000,,,,0.046981,"UNDEFINED",0.000000,0.997570,0.000000,,,,,"","",,,,6.648711,,0.000000,,0.000000,,,0.000000,0.000000,"",,,0.000000,,-1.000000,,0.000000,0.000000,-1.000000,-1.000000,,,,,,,,,,,"",,,,,,,,,,"Volumetric",,,,,,,,,,0.000000,,,,,,,,,,0.000000,0.000000,,,,,,,,,,,,
"2FBC232C","Nodes",1117883.500000,1671307.870000,1313.064347,"Default Known Flow Node",69.999969,0.579999,1000.000000,0.000000,"Known Flow",0.000000,0.000000,2.16999993085665e-07,40.000000,0.579999,1000.000000,0.000000,0.000000,13.000000,0.000000,0.515369,0.579999,,,,6.634613,6.634613,,16.800279,,,,,,903.822387,0.066147,0.000000,0.000000,0.000000,,-459.670013,1000.000000,,0.000000,0.000000,,,,0.046979,"UNDEFINED",0.000000,0.997571,0.000000,,,,,"","",,,,6.634613,,0.000000,,0.000000,,,0.000000,0.000000,"",,,0.000000,,-1.000000,,0.000000,0.000000,-1.000000,-1.000000,,,,,,,,,,,"",,,,,,,,,,"Volumetric",,,,,,,,,,0.000000,,,,,,,,,,0.000000,0.000000,,,,,,,,,,,,
"2FBBC7C9","Nodes",1117368.870000,1671407.000000,1313.064347,"Default Known Flow Node",69.999969,0.579999,1000.000000,0.000000,"Known Flow",0.000000,0.000000,2.16999993085665e-07,40.000000,0.579999,1000.000000,0.000000,0.000000,13.000000,0.000000,0.515370,0.579999,,,,6.796859,6.796859,,16.800279,,,,,,903.822387,0.066147,0.000000,0.000000,0.000000,,-459.670013,1000.000000,,0.000000,0.000000,,,,0.046998,"UNDEFINED",0.000000,0.997570,0.000000,,,,,"","",,,,6.796859,,0.000000,,0.000000,,,0.000000,0.000000,"",,,0.000000,,-1.000000,,0.000000,0.000000,-1.000000,-1.000000,,,,,,,,,,,"",,,,,,,,,,"Volumetric",,,,,,,,,,0.000000,,,,,,,,,,0.000000,0.000000,,,,,,,,,,,,
"2FBC64A4","Nodes",1122320.750000,1669069.370000,1313.064347,"Default Known Flow Node",69.999969,0.579999,1000.000000,0.000000,"Known Flow",0.000000,0.000000,2.16999993085665e-07,40.000000,0.579999,1000.000000,0.000000,0.000000,13.000000,0.000000,0.515380,0.579999,,,,8.641320,8.641320,,16.800279,,,,,,903.822387,0.066145,0.000000,0.000000,0.000000,,-459.670013,1000.000000,,0.000000,0.000000,,,,0.047207,"UNDEFINED",0.000000,0.997559,0.000000,,,,,"","",,,,8.641320,,0.000000,,0.000000,,,0.000000,0.000000,"",,,0.000000,,-1.000000,,0.000000,0.000000,-1.000000,-1.000000,,,,,,,,,,,"",,,,,,,,,,"Volumetric",,,,,,,,,,0.000000,,,,,,,,,,0.000000,0.000000,,,,,,,,,,,,
"2FBC64A9","Nodes",1122321.000000,1669073.870000,1313.064347,"Default Known Flow Node",69.999969,0.579999,1000.000000,0.000000,"Known Flow",0.000000,0.000000,2.16999993085665e-07,40.000000,0.579999,1000.000000,0.000000,0.000000,13.000000,0.000000,0.515380,0.579999,,,,8.641416,8.641416,,16.800279,,,,,,903.822387,0.066145,0.000000,0.000000,0.000000,,-459.670013,1000.000000,,0.000000,0.000000,,,,0.047207,"UNDEFINED",0.000000,0.997559,0.000000,,,,,"","",,,,8.641416,,0.000000,,0.000000,,,0.000000,0.000000,"",,,0.000000,,-1.000000,,0.000000,0.000000,-1.000000,-1.000000,,,,,,,,,,,"",,,,,,,,,,"Volumetric",,,,,,,,,,0.000000,,,,,,,,,,0.000000,0.000000,,,,,,,,,,,,
"2FBC64A8","Nodes",1122323.500000,1669144.370000,1313.064347,"Default Known Flow Node",69.999969,0.579999,1000.000000,0.000000,"Known Flow",0.000000,0.000000,2.16999993085665e-07,40.000000,0.579999,1000.000000,0.000000,0.000000,13.000000,0.000000,0.515380,0.579999,,,,8.641720,8.641720,,16.800279,,,,,,903.822387,0.066145,0.000000,0.000000,0.000000,,-459.670013,1000.000000,,0.000000,0.000000,,,,0.047207,"UNDEFINED",0.000000,0.997559,0.000000,,,,,"","",,,,8.641720,,0.000000,,0.000000,,,0.000000,0.000000,"",,,0.000000,,-1.000000,,0.000000,0.000000,-1.000000,-1.000000,,,,,,,,,,,"",,,,,,,,,,"Volumetric",,,,,,,,,,0.000000,,,,,,,,,,0.000000,0.000000,,,,,,,,,,,,
"2FBC64A5","Nodes",1122326.750000,1669150.000000,1313.064347,"Default Known Flow Node",69.999969,0.579999,1000.000000,0.000000,"Known Flow",0.000000,0.000000,2.16999993085665e-07,40.000000,0.579999,1000.000000,0.000000,0.000000,13.000000,0.000000,0.515380,0.579999,,,,8.641840,8.641840,,16.800279,,,,,,903.822387,0.066145,0.000000,0.000000,0.000000,,-459.670013,1000.000000,,0.000000,0.000000,,,,0.047207,"UNDEFINED",0.000000,0.997559,0.000000,,,,,"","",,,,8.641840,,0.000000,,0.000000,,,0.000000,0.000000,"",,,0.000000,,-1.000000,,0.000000,0.000000,-1.000000,-1.000000,,,,,,,,,,,"",,,,,,,,,,"Volumetric",,,,,,,,,,0.000000,,,,,,,,,,0.000000,0.000000,,,,,,,,,,,,
"Q3No208","Nodes",1117230.501582,1670552.427714,1313.064347,"Default Known Flow Node",69.999969,0.579999,1000.000000,0.000000,"Known Flow",0.000000,0.000000,2.16999993085665e-07,40.000000,0.579999,1000.000000,0.000000,0.000000,13.000000,0.000000,0.515370,0.579999,,,,6.857555,6.857555,,16.800279,,,,,,903.822387,0.066147,0.000000,0.000000,0.000000,,-459.670013,1000.000000,,0.000000,0.000000,,,,0.047005,"UNDEFINED",0.000000,0.997569,0.000000,,,,,"","",,,,6.857555,,0.000000,,0.000000,,,0.000000,0.000000,"",,,0.000000,,-1.000000,,0.000000,0.000000,0.000000,-1.000000,,,,,,,,,,,"",,,,,,,,,,"Volumetric",,,,,,,,,,0.000000,,,,,,,,,,0.000000,0.000000,,,,,,,,,,,,
"2FBCAA56","Nodes",1117276.658546,1670827.153542,1313.064347,"Default Known Flow Node",69.999969,0.579999,1000.000000,0.000000,"Known Flow",0.000000,0.000000,2.16999993085665e-07,40.000000,0.579999,1000.000000,0.000000,0.000000,13.000000,0.000000,0.515370,0.579999,,,,6.849996,6.849996,,16.800279,,,,,,903.822387,0.066147,0.000000,0.000000,0.000000,,-459.670013,1000.000000,,0.000000,0.000000,,,,0.047004,"UNDEFINED",0.000000,0.997569,0.000000,,,,,"","",,,,6.849996,,0.000000,,0.000000,,,0.000000,0.000000,"",,,0.000000,,-1.000000,,0.000000,0.000000,-1.000000,-1.000000,,,,,,,,,,,"",,,,,,,,,,"Volumetric",,,,,,,,,,0.000000,,,,,,,,,,0.000000,0.000000,,,,,,,,,,,,
"Q3No209","Nodes",1117278.769134,1670839.901494,1313.064347,"Default Known Flow Node",69.999969,0.579999,1000.000000,0.000000,"Known Flow",0.000000,0.000000,2.16999993085665e-07,40.000000,0.579999,1000.000000,0.000000,0.000000,13.000000,0.000000,0.515370,0.579999,,,,6.849699,6.849699,,16.800279,,,,,,903.822387,0.066147,0.000000,0.000000,0.000000,,-459.670013,1000.000000,,0.000000,0.000000,,,,0.047004,"UNDEFINED",0.000000,0.997569,0.000000,,,,,"","",,,,6.849699,,0.000000,,0.000000,,,0.000000,0.000000,"",,,0.000000,,-1.000000,,0.000000,0.000000,0.000000,-1.000000,,,,,,,,,,,"",,,,,,,,,,"Volumetric",,,,,,,,,,0.000000,,,,,,,,,,0.000000,0.000000,,,,,,,,,,,,
"2FBB254C","Nodes",1117305.750000,1671020.750000,1313.064347,"Default Known Flow Node",69.999969,0.579999,1000.000000,0.000000,"Known Flow",0.000000,0.000000,2.16999993085665e-07,40.000000,0.579999,1000.000000,0.000000,0.000000,13.000000,0.000000,0.515370,0.579999,,,,6.834316,6.834316,,16.800279,,,,,,903.822387,0.066147,0.000000,0.000000,0.000000,,-459.670013,1000.000000,,0.000000,0.000000,,,,0.047002,"UNDEFINED",0.000000,0.997569,0.000000,,,,,"","",,,,6.834316,,0.000000,,0.000000,,,0.000000,0.000000,"",,,0.000000,,-1.000000,,0.000000,0.000000,-1.000000,-1.000000,,,,,,,,,,,"",,,,,,,,,,"Volumetric",,,,,,,,,,0.000000,,,,,,,,,,0.000000,0.000000,,,,,,,,,,,,
"2FBB254D","Nodes",1117311.120000,1671050.500000,1313.064347,"Default Known Flow Node",69.999969,0.579999,1000.000000,0.000000,"Known Flow",0.000000,0.000000,2.16999993085665e-07,40.000000,0.579999,1000.000000,0.000000,0.000000,13.000000,0.000000,0.515370,0.579999,,,,6.831794,6.831794,,16.800279,,,,,,903.822387,0.066147,0.000000,0.000000,0.000000,,-459.670013,1000.000000,,0.000000,0.000000,,,,0.047002,"UNDEFINED",0.000000,0.997569,0.000000,,,,,"","",,,,6.831794,,0.000000,,0.000000,,,0.000000,0.000000,"",,,0.000000,,-1.000000,,0.000000,0.000000,-1.000000,-1.000000,,,,,,,,,,,"",,,,,,,,,,"Volumetric",,,,,,,,,,0.000000,,,,,,,,,,0.000000,0.000000,,,,,,,,,,,,
"0BEC4F61","Nodes",1117359.120000,1671347.370000,1313.064347,"Default Known Flow Node",69.999969,0.579999,1000.000000,0.000000,"Known Flow",0.000000,0.000000,2.16999993085665e-07,40.000000,0.579999,1000.000000,0.000000,0.000000,13.000000,0.000000,0.515370,0.579999,,,,6.806407,6.806407,,16.800279,,,,,,903.822387,0.066147,0.000000,0.000000,0.000000,,-459.670013,1000.000000,,0.000000,0.000000,,,,0.046999,"SETFLOW",0.000000,0.997570,0.000000,,,,,"","",,,,6.806407,,0.000000,,0.000000,,,0.000000,0.000000,"",,,0.000000,,-1.000000,,0.000000,0.000000,-1.000000,-1.000000,,,,,,,,,,,"",,,,,,,,,,"Volumetric",,,,,,,,,,-0.230778,,,,,,,,,,-0.230778,-0.005538,,,,,,,,,,,,
"2FBBC7CA","Nodes",1117361.120000,1671371.620000,1313.064347,"Default Known Flow Node",69.999969,0.579999,1000.000000,0.000000,"Known Flow",0.000000,0.000000,2.16999993085665e-07,40.000000,0.579999,1000.000000,0.000000,0.000000,13.000000,0.000000,0.515370,0.579999,,,,6.804856,6.804856,,16.800279,,,,,,903.822387,0.066147,0.000000,0.000000,0.000000,,-459.670013,1000.000000,,0.000000,0.000000,,,,0.046999,"UNDEFINED",0.000000,0.997570,0.000000,,,,,"","",,,,6.804856,,0.000000,,0.000000,,,0.000000,0.000000,"",,,0.000000,,-1.000000,,0.000000,0.000000,-1.000000,-1.000000,,,,,,,,,,,"",,,,,,,,,,"Volumetric",,,,,,,,,,0.000000,,,,,,,,,,0.000000,0.000000,,,,,,,,,,,,
"2FBCAA73","Nodes",1114530.835399,1669005.710493,1313.064347,"Default Known Flow Node",69.999969,0.579999,1000.000000,0.000000,"Known Flow",0.000000,0.000000,2.16999993085665e-07,40.000000,0.579999,1000.000000,0.000000,0.000000,13.000000,0.000000,0.515375,0.579999,,,,7.643393,7.643393,,16.800279,,,,,,903.822387,0.066146,0.000000,0.000000,0.000000,,-459.670013,1000.000000,,0.000000,0.000000,,,,0.047094,"UNDEFINED",0.000000,0.997565,0.000000,,,,,"","",,,,7.643393,,0.000000,,0.000000,,,0.000000,0.000000,"",,,0.000000,,-1.000000,,0.000000,0.000000,-1.000000,-1.000000,,,,,,,,,,,"",,,,,,,,,,"Volumetric",,,,,,,,,,0.000000,,,,,,,,,,0.000000,0.000000,,,,,,,,,,,,
"0BEC4513","Nodes",1114520.010375,1669012.794933,1313.064347,"Default Known Flow Node",69.999969,0.579999,1000.000000,0.000000,"Known Flow",0.000000,0.000000,2.16999993085665e-07,40.000000,0.579999,1000.000000,0.000000,0.000000,13.000000,0.000000,0.515375,0.579999,,,,7.640017,7.640017,,16.800279,,,,,,903.822387,0.066146,0.000000,0.000000,0.000000,,-459.670013,1000.000000,,0.000000,0.000000,,,,0.047094,"UNDEFINED",0.000000,0.997565,0.000000,,,,,"","",,,,7.640017,,0.000000,,0.000000,,,0.000000,0.000000,"",,,0.000000,,-1.000000,,0.000000,0.000000,-1.000000,-1.000000,,,,,,,,,,,"",,,,,,,,,,"Volumetric",,,,,,,,,,0.000000,,,,,,,,,,0.000000,0.000000,,,,,,,,,,,,
"2FBCAA76","Nodes",1114538.625632,1669000.782579,1313.064347,"Default Known Flow Node",69.999969,0.579999,1000.000000,0.000000,"Known Flow",0.000000,0.000000,2.16999993085665e-07,40.000000,0.579999,1000.000000,0.000000,0.000000,13.000000,0.000000,0.515375,0.579999,,,,7.645731,7.645731,,16.800279,,,,,,903.822387,0.066146,0.000000,0.000000,0.000000,,-459.670013,1000.000000,,0.000000,0.000000,,,,0.047094,"UNDEFINED",0.000000,0.997565,0.000000,,,,,"","",,,,7.645731,,0.000000,,0.000000,,,0.000000,0.000000,"",,,0.000000,"V53908",-1.000000,,0.000000,0.000000,-1.000000,-1.000000,,,,,,,,,,,"",,,,,,,,,,"Volumetric",,,,,,,,,,0.000000,,,,,,,,,,0.000000,0.000000,,,,,,,,,,,,
"2FBCAA7B","Nodes",1114691.416853,1668903.677969,1313.064347,"Default Known Flow Node",69.999969,0.579999,1000.000000,0.000000,"Known Flow",0.000000,0.000000,2.16999993085665e-07,40.000000,0.579999,1000.000000,0.000000,0.000000,13.000000,0.000000,0.515375,0.579999,,,,7.692728,7.692728,,16.800279,,,,,,903.822387,0.066146,0.000000,0.000000,0.000000,,-459.670013,1000.000000,,0.000000,0.000000,,,,0.047100,"UNDEFINED",0.000000,0.997564,0.000000,,,,,"","",,,,7.692728,,0.000000,,0.000000,,,0.000000,0.000000,"",,,0.000000,"V53808",-1.000000,,0.000000,0.000000,-1.000000,-1.000000,,,,,,,,,,,"",,,,,,,,,,"Volumetric",,,,,,,,,,0.000000,,,,,,,,,,0.000000,0.000000,,,,,,,,,,,,
"2FBCAA74","Nodes",1114686.000000,1668881.370000,1313.064347,"Default Known Flow Node",69.999969,0.579999,1000.000000,0.000000,"Known Flow",0.000000,0.000000,2.16999993085665e-07,40.000000,0.579999,1000.000000,0.000000,0.000000,13.000000,0.000000,0.515375,0.579999,,,,7.693265,7.693265,,16.800279,,,,,,903.822387,0.066146,0.000000,0.000000,0.000000,,-459.670013,1000.000000,,0.000000,0.000000,,,,0.047100,"UNDEFINED",0.000000,0.997564,0.000000,,,,,"","",,,,7.693265,,0.000000,,0.000000,,,0.000000,0.000000,"",,,0.000000,,-1.000000,,0.000000,0.000000,-1.000000,-1.000000,,,,,,,,,,,"",,,,,,,,,,"Volumetric",,,,,,,,,,0.000000,,,,,,,,,,0.000000,0.000000,,,,,,,,,,,,
"2FBCAA79","Nodes",1114704.620000,1668895.120000,1313.064347,"Default Known Flow Node",69.999969,0.579999,1000.000000,0.000000,"Known Flow",0.000000,0.000000,2.16999993085665e-07,40.000000,0.579999,1000.000000,0.000000,0.000000,13.000000,0.000000,0.515375,0.579999,,,,7.698146,7.698146,,16.800279,,,,,,903.822387,0.066146,0.000000,0.000000,0.000000,,-459.670013,1000.000000,,0.000000,0.000000,,,,0.047100,"UNDEFINED",0.000000,0.997564,0.000000,,,,,"","",,,,7.698146,,0.000000,,0.000000,,,0.000000,0.000000,"",,,0.000000,,-1.000000,,0.000000,0.000000,-1.000000,-1.000000,,,,,,,,,,,"",,,,,,,,,,"Volumetric",,,,,,,,,,0.000000,,,,,,,,,,0.000000,0.000000,,,,,,,,,,,,
"0BEC44FB","Nodes",1114281.120000,1669648.750000,1313.064347,"Default Known Flow Node",69.999969,0.579999,1000.000000,0.000000,"Known Flow",0.000000,0.000000,2.16999993085665e-07,40.000000,0.579999,1000.000000,0.000000,0.000000,13.000000,0.000000,0.515374,0.579999,,,,7.575145,7.575145,,16.800279,,,,,,903.822387,0.066146,0.000000,0.000000,0.000000,,-459.670013,1000.000000,,0.000000,0.000000,,,,0.047086,"SETFLOW",0.000000,0.997565,0.000000,,,,,"","",,,,7.575145,,0.000000,,0.000000,,,0.000000,0.000000,"",,,0.000000,,-1.000000,,0.000000,0.000000,-1.000000,-1.000000,,,,,,,,,,,"",,,,,,,,,,"Volumetric",,,,,,,,,,-0.229940,,,,,,,,,,-0.229940,-0.005518,,,,,,,,,,,,
"2FBC6B7E","Nodes",1114096.870000,1669354.120000,1313.064347,"Default Known Flow Node",69.999969,0.579999,1000.000000,0.000000,"Known Flow",0.000000,0.000000,2.16999993085665e-07,40.000000,0.579999,1000.000000,0.000000,0.000000,13.000000,0.000000,0.515374,0.579999,,,,7.574794,7.574794,,16.800279,,,,,,903.822387,0.066146,0.000000,0.000000,0.000000,,-459.670013,1000.000000,,0.000000,0.000000,,,,0.047086,"UNDEFINED",0.000000,0.997565,0.000000,,,,,"","",,,,7.574794,,0.000000,,0.000000,,,0.000000,0.000000,"",,,0.000000,,-1.000000,,0.000000,0.000000,-1.000000,-1.000000,,,,,,,,,,,"",,,,,,,,,,"Volumetric",,,,,,,,,,0.000000,,,,,,,,,,0.000000,0.000000,,,,,,,,,,,,
"0BEC44FA","Nodes",1114297.000000,1669672.370000,1313.064347,"Default Known Flow Node",69.999969,0.579999,1000.000000,0.000000,"Known Flow",0.000000,0.000000,2.16999993085665e-07,40.000000,0.579999,1000.000000,0.000000,0.000000,13.000000,0.000000,0.515374,0.579999,,,,7.575253,7.575253,,16.800279,,,,,,903.822387,0.066146,0.000000,0.000000,0.000000,,-459.670013,1000.000000,,0.000000,0.000000,,,,0.047086,"SETFLOW",0.000000,0.997565,0.000000,,,,,"","",,,,7.575253,,0.000000,,0.000000,,,0.000000,0.000000,"",,,0.000000,,-1.000000,,0.000000,0.000000,-1.000000,-1.000000,,,,,,,,,,,"",,,,,,,,,,"Volumetric",,,,,,,,,,-0.535729,,,,,,,,,,-0.535729,-0.012857,,,,,,,,,,,,
"2FB9C5F3","Nodes",1114283.500000,1669652.250000,1313.064347,"Default Known Flow Node",69.999969,0.579999,1000.000000,0.000000,"Known Flow",0.000000,0.000000,2.16999993085665e-07,40.000000,0.579999,1000.000000,0.000000,0.000000,13.000000,0.000000,0.515374,0.579999,,,,7.575160,7.575160,,16.800279,,,,,,903.822387,0.066146,0.000000,0.000000,0.000000,,-459.670013,1000.000000,,0.000000,0.000000,,,,0.047086,"UNDEFINED",0.000000,0.997565,0.000000,,,,,"","",,,,7.575160,,0.000000,,0.000000,,,0.000000,0.000000,"",,,0.000000,,-1.000000,,0.000000,0.000000,-1.000000,-1.000000,,,,,,,,,,,"",,,,,,,,,,"Volumetric",,,,,,,,,,0.000000,,,,,,,,,,0.000000,0.000000,,,,,,,,,,,,
"2FB9C5EB","Nodes",1114333.120000,1669724.620000,1313.064347,"Default Known Flow Node",69.999969,0.579999,1000.000000,0.000000,"Known Flow",0.000000,0.000000,2.16999993085665e-07,40.000000,0.579999,1000.000000,0.000000,0.000000,13.000000,0.000000,0.515374,0.579999,,,,7.575456,7.575456,,16.800279,,,,,,903.822387,0.066146,0.000000,0.000000,0.000000,,-459.670013,1000.000000,,0.000000,0.000000,,,,0.047086,"SETFLOW",0.000000,0.997565,0.000000,,,,,"","",,,,7.575456,,0.000000,,0.000000,,,0.000000,0.000000,"",,,0.000000,,-1.000000,,0.000000,0.000000,-1.000000,-1.000000,,,,,,,,,,,"",,,,,,,,,,"Volumetric",,,,,,,,,,-0.275183,,,,,,,,,,-0.275183,-0.006604,,,,,,,,,,,,
"2FB9C5F1","Nodes",1114298.620000,1669675.500000,1313.064347,"Default Known Flow Node",69.999969,0.579999,1000.000000,0.000000,"Known Flow",0.000000,0.000000,2.16999993085665e-07,40.000000,0.579999,1000.000000,0.000000,0.000000,13.000000,0.000000,0.515374,0.579999,,,,7.575271,7.575271,,16.800279,,,,,,903.822387,0.066146,0.000000,0.000000,0.000000,,-459.670013,1000.000000,,0.000000,0.000000,,,,0.047086,"UNDEFINED",0.000000,0.997565,0.000000,,,,,"","",,,,7.575271,,0.000000,,0.000000,,,0.000000,0.000000,"",,,0.000000,,-1.000000,,0.000000,0.000000,-1.000000,-1.000000,,,,,,,,,,,"",,,,,,,,,,"Volumetric",,,,,,,,,,0.000000,,,,,,,,,,0.000000,0.000000,,,,,,,,,,,,
"Q3No157","Nodes",1114417.754913,1669854.831099,1313.064347,"Default Known Flow Node",69.999969,0.579999,1000.000000,0.000000,"Known Flow",0.000000,0.000000,2.16999993085665e-07,40.000000,0.579999,1000.000000,0.000000,0.000000,13.000000,0.000000,0.515374,0.579999,,,,7.577008,7.577008,,16.800279,,,,,,903.822387,0.066146,0.000000,0.000000,0.000000,,-459.670013,1000.000000,,0.000000,0.000000,,,,0.047086,"UNDEFINED",0.000000,0.997565,0.000000,,,,,"","",,,,7.577008,,0.000000,,0.000000,,,0.000000,0.000000,"",,,0.000000,,-1.000000,,0.000000,0.000000,0.000000,-1.000000,,,,,,,,,,,"",,,,,,,,,,"Volumetric",,,,,,,,,,0.000000,,,,,,,,,,0.000000,0.000000,,,,,,,,,,,,
"0BEC44F9","Nodes",1114336.131933,1669729.258247,1313.064347,"Default Known Flow Node",69.999969,0.579999,1000.000000,0.000000,"Known Flow",0.000000,0.000000,2.16999993085665e-07,40.000000,0.579999,1000.000000,0.000000,0.000000,13.000000,0.000000,0.515374,0.579999,,,,7.575752,7.575752,,16.800279,,,,,,903.822387,0.066146,0.000000,0.000000,0.000000,,-459.670013,1000.000000,,0.000000,0.000000,,,,0.047086,"UNDEFINED",0.000000,0.997565,0.000000,,,,,"","",,,,7.575752,,0.000000,,0.000000,,,0.000000,0.000000,"",,,0.000000,,-1.000000,,0.000000,0.000000,-1.000000,-1.000000,,,,,,,,,,,"",,,,,,,,,,"Volumetric",,,,,,,,,,0.000000,,,,,,,,,,0.000000,0.000000,,,,,,,,,,,,
"Q3No159","Nodes",1114334.209306,1669726.297485,1313.064347,"Default Known Flow Node",69.999969,0.579999,1000.000000,0.000000,"Known Flow",0.000000,0.000000,2.16999993085665e-07,40.000000,0.579999,1000.000000,0.000000,0.000000,13.000000,0.000000,0.515374,0.579999,,,,7.575604,7.575604,,16.800279,,,,,,903.822387,0.066146,0.000000,0.000000,0.000000,,-459.670013,1000.000000,,0.000000,0.000000,,,,0.047086,"UNDEFINED",0.000000,0.997565,0.000000,,,,,"","",,,,7.575604,,0.000000,,0.000000,,,0.000000,0.000000,"",,,0.000000,,-1.000000,,0.000000,0.000000,0.000000,-1.000000,,,,,,,,,,,"",,,,,,,,,,"Volumetric",,,,,,,,,,0.000000,,,,,,,,,,0.000000,0.000000,,,,,,,,,,,,
"0BEC453C","Nodes",1114481.870000,1669549.370000,1313.064347,"Default Known Flow Node",69.999969,0.579999,1000.000000,0.000000,"Known Flow",0.000000,0.000000,2.16999993085665e-07,40.000000,0.579999,1000.000000,0.000000,0.000000,13.000000,0.000000,0.515374,0.579999,,,,7.578018,7.578018,,16.800279,,,,,,903.822387,0.066146,0.000000,0.000000,0.000000,,-459.670013,1000.000000,,0.000000,0.000000,,,,0.047087,"SETFLOW",0.000000,0.997565,0.000000,,,,,"","",,,,7.578018,,0.000000,,0.000000,,,0.000000,0.000000,"",,,0.000000,,-1.000000,,0.000000,0.000000,-1.000000,-1.000000,,,,,,,,,,,"",,,,,,,,,,"Volumetric",,,,,,,,,,-0.468396,,,,,,,,,,-0.468396,-0.011241,,,,,,,,,,,,
"2FB9C5EF","Nodes",1114334.500000,1669647.620000,1313.064347,"Default Known Flow Node",69.999969,0.579999,1000.000000,0.000000,"Known Flow",0.000000,0.000000,2.16999993085665e-07,40.000000,0.579999,1000.000000,0.000000,0.000000,13.000000,0.000000,0.515374,0.579999,,,,7.575826,7.575826,,16.800279,,,,,,903.822387,0.066146,0.000000,0.000000,0.000000,,-459.670013,1000.000000,,0.000000,0.000000,,,,0.047086,"UNDEFINED",0.000000,0.997565,0.000000,,,,,"","",,,,7.575826,,0.000000,,0.000000,,,0.000000,0.000000,"",,,0.000000,,-1.000000,,0.000000,0.000000,-1.000000,-1.000000,,,,,,,,,,,"",,,,,,,,,,"Volumetric",,,,,,,,,,0.000000,,,,,,,,,,0.000000,0.000000,,,,,,,,,,,,
"Q3No872","Nodes",1114717.609035,1669393.656994,1313.064347,"Default Known Flow Node",69.999969,0.579999,1000.000000,0.000000,"Known Flow",0.000000,0.000000,2.16999993085665e-07,40.000000,0.579999,1000.000000,0.000000,0.000000,13.000000,0.000000,0.515375,0.579999,,,,7.648234,7.648234,,16.800279,,,,,,903.822387,0.066146,0.000000,0.000000,0.000000,,-459.670013,1000.000000,,0.000000,0.000000,,,,0.047094,"UNDEFINED",0.000000,0.997565,0.000000,,,,,"","",,,,7.648234,,0.000000,,0.000000,,,0.000000,0.000000,"",,,0.000000,,-1.000000,,0.000000,0.000000,0.000000,-1.000000,,,,,,,,,,,"",,,,,,,,,,"Volumetric",,,,,,,,,,0.000000,,,,,,,,,,0.000000,0.000000,,,,,,,,,,,,
"2FB9C5F4","Nodes",1114485.500000,1669547.000000,1313.064347,"Default Known Flow Node",69.999969,0.579999,1000.000000,0.000000,"Known Flow",0.000000,0.000000,2.16999993085665e-07,40.000000,0.579999,1000.000000,0.000000,0.000000,13.000000,0.000000,0.515374,0.579999,,,,7.579018,7.579018,,16.800279,,,,,,903.822387,0.066146,0.000000,0.000000,0.000000,,-459.670013,1000.000000,,0.000000,0.000000,,,,0.047087,"UNDEFINED",0.000000,0.997565,0.000000,,,,,"","",,,,7.579018,,0.000000,,0.000000,,,0.000000,0.000000,"",,,0.000000,,-1.000000,,0.000000,0.000000,-1.000000,-1.000000,,,,,,,,,,,"",,,,,,,,,,"Volumetric",,,,,,,,,,0.000000,,,,,,,,,,0.000000,0.000000,,,,,,,,,,,,
"0BEC5F87","Nodes",1120805.750000,1677164.870000,1313.064347,"Default Known Flow Node",69.999969,0.579999,1000.000000,0.000000,"Known Flow",0.000000,0.000000,2.16999993085665e-07,40.000000,0.579999,1000.000000,0.000000,0.000000,13.000000,0.000000,0.515373,0.579999,,,,7.402599,7.402599,,16.800279,,,,,,903.822387,0.066146,0.000000,0.000000,0.000000,,-459.670013,1000.000000,,0.000000,0.000000,,,,0.047067,"UNDEFINED",0.000000,0.997566,0.000000,,,,,"","",,,,7.402599,,0.000000,,0.000000,,,0.000000,0.000000,"",,,0.000000,,-1.000000,,0.000000,0.000000,-1.000000,-1.000000,,,,,,,,,,,"",,,,,,,,,,"Volumetric",,,,,,,,,,0.000000,,,,,,,,,,0.000000,0.000000,,,,,,,,,,,,
"2FBC4F48","Nodes",1120811.500000,1677166.120000,1313.064347,"Default Known Flow Node",69.999969,0.579999,1000.000000,0.000000,"Known Flow",0.000000,0.000000,2.16999993085665e-07,40.000000,0.579999,1000.000000,0.000000,0.000000,13.000000,0.000000,0.515373,0.579999,,,,7.402446,7.402446,,16.800279,,,,,,903.822387,0.066146,0.000000,0.000000,0.000000,,-459.670013,1000.000000,,0.000000,0.000000,,,,0.047067,"UNDEFINED",0.000000,0.997566,0.000000,,,,,"","",,,,7.402446,,0.000000,,0.000000,,,0.000000,0.000000,"",,,0.000000,,-1.000000,,0.000000,0.000000,-1.000000,-1.000000,,,,,,,,,,,"",,,,,,,,,,"Volumetric",,,,,,,,,,0.000000,,,,,,,,,,0.000000,0.000000,,,,,,,,,,,,
"0BEC5F80","Nodes",1120526.500000,1677097.370000,1313.064347,"Default Known Flow Node",69.999969,0.579999,1000.000000,0.000000,"Known Flow",0.000000,0.000000,2.16999993085665e-07,40.000000,0.579999,1000.000000,0.000000,0.000000,13.000000,0.000000,0.515373,0.579999,,,,7.401974,7.401974,,16.800279,,,,,,903.822387,0.066146,0.000000,0.000000,0.000000,,-459.670013,1000.000000,,0.000000,0.000000,,,,0.047067,"UNDEFINED",0.000000,0.997566,0.000000,,,,,"","",,,,7.401974,,0.000000,,0.000000,,,0.000000,0.000000,"",,,0.000000,,-1.000000,,0.000000,0.000000,-1.000000,-1.000000,,,,,,,,,,,"",,,,,,,,,,"Volumetric",,,,,,,,,,0.000000,,,,,,,,,,0.000000,0.000000,,,,,,,,,,,,
"2FBC6B89","Nodes",1120613.000000,1677118.370000,1313.064347,"Default Known Flow Node",69.999969,0.579999,1000.000000,0.000000,"Known Flow",0.000000,0.000000,2.16999993085665e-07,40.000000,0.579999,1000.000000,0.000000,0.000000,13.000000,0.000000,0.515373,0.579999,,,,7.402427,7.402427,,16.800279,,,,,,903.822387,0.066146,0.000000,0.000000,0.000000,,-459.670013,1000.000000,,0.000000,0.000000,,,,0.047067,"UNDEFINED",0.000000,0.997566,0.000000,,,,,"","",,,,7.402427,,0.000000,,0.000000,,,0.000000,0.000000,"",,,0.000000,,-1.000000,,0.000000,0.000000,-1.000000,-1.000000,,,,,,,,,,,"",,,,,,,,,,"Volumetric",,,,,,,,,,0.000000,,,,,,,,,,0.000000,0.000000,,,,,,,,,,,,
"2FBCAA39","Nodes",1120401.500000,1677067.120000,1313.064347,"Default Known Flow Node",69.999969,0.579999,1000.000000,0.000000,"Known Flow",0.000000,0.000000,2.16999993085665e-07,40.000000,0.579999,1000.000000,0.000000,0.000000,13.000000,0.000000,0.515373,0.579999,,,,7.401306,7.401306,,16.800279,,,,,,903.822387,0.066146,0.000000,0.000000,0.000000,,-459.670013,1000.000000,,0.000000,0.000000,,,,0.047066,"UNDEFINED",0.000000,0.997566,0.000000,,,,,"","",,,,7.401306,,0.000000,,0.000000,,,0.000000,0.000000,"",,,0.000000,,-1.000000,,0.000000,0.000000,-1.000000,-1.000000,,,,,,,,,,,"",,,,,,,,,,"Volumetric",,,,,,,,,,0.000000,,,,,,,,,,0.000000,0.000000,,,,,,,,,,,,
"2FBA3B24","Nodes",1116499.370000,1668081.620000,1313.064347,"Default Known Flow Node",69.999969,0.579999,1000.000000,0.000000,"Known Flow",0.000000,0.000000,2.16999993085665e-07,40.000000,0.579999,1000.000000,0.000000,0.000000,13.000000,0.000000,0.515375,0.579999,,,,7.717433,7.717433,,16.800279,,,,,,903.822387,0.066146,0.000000,0.000000,0.000000,,-459.670013,1000.000000,,0.000000,0.000000,,,,0.047102,"UNDEFINED",0.000000,0.997564,0.000000,,,,,"","",,,,7.717433,,0.000000,,0.000000,,,0.000000,0.000000,"",,,0.000000,,-1.000000,,0.000000,0.000000,-1.000000,-1.000000,,,,,,,,,,,"",,,,,,,,,,"Volumetric",,,,,,,,,,0.000000,,,,,,,,,,0.000000,0.000000,,,,,,,,,,,,
"2FBAA86B","Nodes",1116487.870000,1668063.370000,1313.064347,"Default Known Flow Node",69.999969,0.579999,1000.000000,0.000000,"Known Flow",0.000000,0.000000,2.16999993085665e-07,40.000000,0.579999,1000.000000,0.000000,0.000000,13.000000,0.000000,0.515375,0.579999,,,,7.707743,7.707743,,16.800279,,,,,,903.822387,0.066146,0.000000,0.000000,0.000000,,-459.670013,1000.000000,,0.000000,0.000000,,,,0.047101,"UNDEFINED",0.000000,0.997564,0.000000,,,,,"","",,,,7.707743,,0.000000,,0.000000,,,0.000000,0.000000,"",,,0.000000,"140-26 Cherry Ave AC= 0, Q= 5.618 mcfh, Firm",-1.000000,,0.000000,0.000000,-1.000000,-1.000000,,,,,,,,,,,"",,,,,,,,,,"Volumetric",,,,,,,,,,0.000000,,,,,,,,,,0.000000,0.000000,,,,,,,,,,,,
"0BEC4670","Nodes",1116380.500000,1667893.870000,1313.064347,"Default Known Flow Node",69.999969,0.579999,1000.000000,0.000000,"Known Flow",0.000000,0.000000,2.16999993085665e-07,40.000000,0.579999,1000.000000,0.000000,0.000000,13.000000,0.000000,0.515374,0.579999,,,,7.615442,7.615442,,16.800279,,,,,,903.822387,0.066146,0.000000,0.000000,0.000000,,-459.670013,1000.000000,,0.000000,0.000000,,,,0.047091,"SETFLOW",0.000000,0.997565,0.000000,,,,,"","",,,,7.615442,,0.000000,,0.000000,,,0.000000,0.000000,"",,,0.000000,"140-37 Cherry Ave AC= 0, Q= 1.9 mcfh, Firm Done",-1.000000,,0.000000,0.000000,-1.000000,-1.000000,,,,,,,,,,,,,,,,"",,,,,,,,,,"Volumetric",,,,,,,,,,-6.049990,,,,,-6.049990,-0.145199,,,,,,,,,,,,
"2FBAA86A","Nodes",1116485.750000,1668060.000000,1313.064347,"Default Known Flow Node",69.999969,0.579999,1000.000000,0.000000,"Known Flow",0.000000,0.000000,2.16999993085665e-07,40.000000,0.579999,1000.000000,0.000000,0.000000,13.000000,0.000000,0.515375,0.579999,,,,7.705897,7.705897,,16.800279,,,,,,903.822387,0.066146,0.000000,0.000000,0.000000,,-459.670013,1000.000000,,0.000000,0.000000,,,,0.047101,"UNDEFINED",0.000000,0.997564,0.000000,,,,,"","",,,,7.705897,,0.000000,,0.000000,,,0.000000,0.000000,"",,,0.000000,,-1.000000,,0.000000,0.000000,-1.000000,-1.000000,,,,,,,,,,,"",,,,,,,,,,"Volumetric",,,,,,,,,,0.000000,,,,,,,,,,0.000000,0.000000,,,,,,,,,,,,
"2FB958AF","Nodes",1116366.750000,1667871.250000,1313.064347,"Default Known Flow Node",69.999969,0.579999,1000.000000,0.000000,"Known Flow",0.000000,0.000000,2.16999993085665e-07,40.000000,0.579999,1000.000000,0.000000,0.000000,13.000000,0.000000,0.515375,0.579999,,,,7.617790,7.617790,,16.800279,,,,,,903.822387,0.066146,0.000000,0.000000,0.000000,,-459.670013,1000.000000,,0.000000,0.000000,,,,0.047091,"SETFLOW",0.000000,0.997565,0.000000,,,,,"","",,,,7.617790,,0.000000,,0.000000,,,0.000000,0.000000,"",,,0.000000,"44-13 Kissena Blvd, Q = -1.67 mcfh, Firm (S12-86394-Q)",-1.000000,,0.000000,0.000000,-1.000000,-1.000000,,,,,,,,,,,"",,,"",,,,,,,"Volumetric",,,"Volumetric",,,,,,,0.000000,,,-1.669999,,,,,,,0.000000,0.000000,,,,,,,,,,,,
"2FB800B1","Nodes",1118032.870000,1675896.500000,1313.064347,"Default Known Flow Node",69.999969,0.579999,1000.000000,0.000000,"Known Flow",0.000000,0.000000,2.16999993085665e-07,40.000000,0.579999,1000.000000,0.000000,0.000000,13.000000,0.000000,0.515372,0.579999,,,,7.080599,7.080599,,16.800279,,,,,,903.822387,0.066147,0.000000,0.000000,0.000000,,-459.670013,1000.000000,,0.000000,0.000000,,,,0.047030,"SETFLOW",0.000000,0.997568,0.000000,,,,,"","",,,,7.080599,,0.000000,,0.000000,,,0.000000,0.000000,"",,,0.000000,,-1.000000,,0.000000,0.000000,-1.000000,-1.000000,,,,,,,,,,,"",,,,,,,,,,"Volumetric",,,,,,,,,,-0.041932,,,,,,,,,,-0.041932,-0.001006,,,,,,,,,,,,
"2FB8CEDA","Nodes",1118023.250000,1675935.750000,1313.064347,"Default Known Flow Node",69.999969,0.579999,1000.000000,0.000000,"Known Flow",0.000000,0.000000,2.16999993085665e-07,40.000000,0.579999,1000.000000,0.000000,0.000000,13.000000,0.000000,0.515372,0.579999,,,,7.081858,7.081858,,16.800279,,,,,,903.822387,0.066147,0.000000,0.000000,0.000000,,-459.670013,1000.000000,,0.000000,0.000000,,,,0.047030,"SETFLOW",0.000000,0.997568,0.000000,,,,,"","",,,,7.081858,,0.000000,,0.000000,,,0.000000,0.000000,"",,,0.000000,"170-30 39 Ave, Q = -1.531 mcfh, Firm (S12-08277-Q) DONE",-1.000000,,0.000000,0.000000,-1.000000,-1.000000,,,,,,,,,,,,,,,,"",,,,,,,,,,"Volumetric",,,,,,,,,,-1.530998,,,,,-1.530998,-0.036743,,,,,,,,,,,,
"0BF5C5DF","Nodes",1118881.620000,1673423.250000,1313.064347,"Default Known Flow Node",69.999969,0.579999,1000.000000,0.000000,"Known Flow",0.000000,0.000000,2.16999993085665e-07,40.000000,0.579999,1000.000000,0.000000,0.000000,13.000000,0.000000,0.515381,0.579999,,,,8.771528,8.771528,,16.800279,,,,,,903.822387,0.066145,0.000000,0.000000,0.000000,,-459.670013,1000.000000,,0.000000,0.000000,,,,0.047222,"SETFLOW",0.000000,0.997558,0.000000,,,,,"","",,,,8.771528,,0.000000,,0.000000,,,0.000000,0.000000,"",,,0.000000,"35-91 161 St, Q= 6.033 mcfh, Firm DONE",-1.000000,,0.000000,0.000000,-1.000000,-1.000000,,,,,,,,,,,,,,,,"",,,,,,,,,,"Volumetric",,,,,,,,,,-6.032999,,,,,-6.032999,-0.144791,,,,,,,,,,,,
"0BF47F57","Nodes",1120410.120000,1668252.500000,1313.064347,"Default Known Flow Node",69.999969,0.579999,1000.000000,0.000000,"Known Flow",0.000000,0.000000,2.16999993085665e-07,40.000000,0.579999,1000.000000,0.000000,0.000000,13.000000,0.000000,0.515378,0.579999,,,,8.256933,8.256933,,16.800279,,,,,,903.822387,0.066146,0.000000,0.000000,0.000000,,-459.670013,1000.000000,,0.000000,0.000000,,,,0.047164,"SETFLOW",0.000000,0.997561,0.000000,,,,,"","",,,,8.256933,,0.000000,,0.000000,,,0.000000,0.000000,"",,,0.000000,"35-15 Parsons Blvd, Q = -5.484 mcfh, Firm (S12-17399-Q)",-1.000000,,0.000000,0.000000,-1.000000,-1.000000,,,,,,,,,,,"",,,"",,,,,,,"Volumetric",,,"Volumetric",,,,,,,0.000000,,,-5.483999,,,,,,,0.000000,0.000000,,,,,,,,,,,,
"14118CAV","Nodes",1116642.500000,1668307.620000,1313.064347,"Default Known Flow Node",69.999969,0.579999,1000.000000,0.000000,"Known Flow",0.000000,0.000000,2.16999993085665e-07,40.000000,0.579999,1000.000000,0.000000,0.000000,13.000000,0.000000,0.515375,0.579999,,,,7.757552,7.757552,,16.800279,,,,,,903.822387,0.066146,0.000000,0.000000,0.000000,,-459.670013,1000.000000,,0.000000,0.000000,,,,0.047107,"SETFLOW",0.000000,0.997564,0.000000,,,,,"","",,,,7.757552,,0.000000,,0.000000,,,0.000000,0.000000,"",,,0.000000,"141-18 Cherry Ave, Q= 3.707 mcfh, Firm DONE",-1.000000,,0.000000,0.000000,-1.000000,-1.000000,,,,,,,,,,,,,,,,"",,,,,,,,,,"Volumetric",,,,,,,,,,-3.707000,,,,,-3.707000,-0.088968,,,,,,,,,,,,
"0BF47F5D","Nodes",1120769.620000,1668242.250000,1313.064347,"Default Known Flow Node",69.999969,0.579999,1000.000000,0.000000,"Known Flow",0.000000,0.000000,2.16999993085665e-07,40.000000,0.579999,1000.000000,0.000000,0.000000,13.000000,0.000000,0.515379,0.579999,,,,8.444572,8.444572,,16.800279,,,,,,903.822387,0.066146,0.000000,0.000000,0.000000,,-459.670013,1000.000000,,0.000000,0.000000,,,,0.047185,"SETFLOW",0.000000,0.997560,0.000000,,,,,"","",,,,8.444572,,0.000000,,0.000000,,,0.000000,0.000000,"",,,0.000000,"34-20 Parsons Blvd, Q= 9.206 mcfh, Firm DONE",-1.000000,,0.000000,0.000000,-1.000000,-1.000000,,,,,,,,,,,,,,,,"",,,,,,,,,,"Volumetric",,,,,,,,,,-9.206000,,,,,-9.206000,-0.220944,,,,,,,,,,,,
"2FBD089C","Nodes",1118665.750000,1668528.370000,1313.064347,"Default Known Flow Node",69.999969,0.579999,1000.000000,0.000000,"Known Flow",0.000000,0.000000,2.16999993085665e-07,40.000000,0.579999,1000.000000,0.000000,0.000000,13.000000,0.000000,0.515375,0.579999,,,,7.780120,7.780120,,16.800279,,,,,,903.822387,0.066146,0.000000,0.000000,0.000000,,-459.670013,1000.000000,,0.000000,0.000000,,,,0.047109,"UNDEFINED",0.000000,0.997564,0.000000,,,,,"","",,,,7.780120,,0.000000,,0.000000,,,0.000000,0.000000,"",,,0.000000,,-1.000000,,0.000000,0.000000,-1.000000,-1.000000,,,,,,,,,,,"",,,,,,,,,,"Volumetric",,,,,,,,,,0.000000,,,,,,,,,,0.000000,0.000000,,,,,,,,,,,,
"2FBD08A0","Nodes",1118656.500000,1668530.000000,1313.064347,"Default Known Flow Node",69.999969,0.579999,1000.000000,0.000000,"Known Flow",0.000000,0.000000,2.16999993085665e-07,40.000000,0.579999,1000.000000,0.000000,0.000000,13.000000,0.000000,0.515375,0.579999,,,,7.780672,7.780672,,16.800279,,,,,,903.822387,0.066146,0.000000,0.000000,0.000000,,-459.670013,1000.000000,,0.000000,0.000000,,,,0.047110,"UNDEFINED",0.000000,0.997564,0.000000,,,,,"","",,,,7.780672,,0.000000,,0.000000,,,0.000000,0.000000,"",,,0.000000,,-1.000000,,0.000000,0.000000,-1.000000,-1.000000,,,,,,,,,,,"",,,,,,,,,,"Volumetric",,,,,,,,,,0.000000,,,,,,,,,,0.000000,0.000000,,,,,,,,,,,,
"2FBD089D","Nodes",1118652.250000,1668530.620000,1313.064347,"Default Known Flow Node",69.999969,0.579999,1000.000000,0.000000,"Known Flow",0.000000,0.000000,2.16999993085665e-07,40.000000,0.579999,1000.000000,0.000000,0.000000,13.000000,0.000000,0.515375,0.579999,,,,7.783929,7.783929,,16.800279,,,,,,903.822387,0.066146,0.000000,0.000000,0.000000,,-459.670013,1000.000000,,0.000000,0.000000,,,,0.047110,"UNDEFINED",0.000000,0.997564,0.000000,,,,,"","",,,,7.783929,,0.000000,,0.000000,,,0.000000,0.000000,"",,,0.000000,,-1.000000,,0.000000,0.000000,-1.000000,-1.000000,,,,,,,,,,,"",,,,,,,,,,"Volumetric",,,,,,,,,,0.000000,,,,,,,,,,0.000000,0.000000,,,,,,,,,,,,
"2FBD089F","Nodes",1118678.000000,1668736.250000,1313.064347,"Default Known Flow Node",69.999969,0.579999,1000.000000,0.000000,"Known Flow",0.000000,0.000000,2.16999993085665e-07,40.000000,0.579999,1000.000000,0.000000,0.000000,13.000000,0.000000,0.515374,0.579999,,,,7.614712,7.614712,,16.800279,,,,,,903.822387,0.066146,0.000000,0.000000,0.000000,,-459.670013,1000.000000,,0.000000,0.000000,,,,0.047091,"UNDEFINED",0.000000,0.997565,0.000000,,,,,"","",,,,7.614712,,0.000000,,0.000000,,,0.000000,0.000000,"",,,0.000000,,-1.000000,,0.000000,0.000000,-1.000000,-1.000000,,,,,,,,,,,"",,,,,,,,,,"Volumetric",,,,,,,,,,0.000000,,,,,,,,,,0.000000,0.000000,,,,,,,,,,,,
"0BF474D7","Nodes",1118677.750000,1668721.620000,1313.064347,"Default Known Flow Node",69.999969,0.579999,1000.000000,0.000000,"Known Flow",0.000000,0.000000,2.16999993085665e-07,40.000000,0.579999,1000.000000,0.000000,0.000000,13.000000,0.000000,0.515375,0.579999,,,,7.663046,7.663046,,16.800279,,,,,,903.822387,0.066146,0.000000,0.000000,0.000000,,-459.670013,1000.000000,,0.000000,0.000000,,,,0.047096,"SETFLOW",0.000000,0.997564,0.000000,,,,,"","",,,,7.663046,,0.000000,,0.000000,,,0.000000,0.000000,"",,,0.000000,"144-20 41 Ave, Q = -13.202 mcfh, Firm DONE",-1.000000,,0.000000,0.000000,-1.000000,-1.000000,,,,,,,,,,,,,,,,"",,,,,,,,,,"Volumetric",,,,,,,,,,-13.201998,,,,,-13.201998,-0.316847,,,,,,,,,,,,
"2FBD08B9","Nodes",1118676.870000,1668716.870000,1313.064347,"Default Known Flow Node",69.999969,0.579999,1000.000000,0.000000,"Known Flow",0.000000,0.000000,2.16999993085665e-07,40.000000,0.579999,1000.000000,0.000000,0.000000,13.000000,0.000000,0.515375,0.579999,,,,7.679543,7.679543,,16.800279,,,,,,903.822387,0.066146,0.000000,0.000000,0.000000,,-459.670013,1000.000000,,0.000000,0.000000,,,,0.047098,"UNDEFINED",0.000000,0.997564,0.000000,,,,,"","",,,,7.679543,,0.000000,,0.000000,,,0.000000,0.000000,"",,,0.000000,,-1.000000,,0.000000,0.000000,-1.000000,-1.000000,,,,,,,,,,,"",,,,,,,,,,"Volumetric",,,,,,,,,,0.000000,,,,,,,,,,0.000000,0.000000,,,,,,,,,,,,
"3W23","Nodes",1118658.500000,1668620.000000,1290.994423,"Default Known Flow Node",69.999969,0.579999,1000.000000,0.000000,"Known Flow",0.000000,0.000000,2.16999993085665e-07,40.000000,0.579999,1000.000000,0.000000,0.000000,13.000000,0.000000,0.508424,0.600000,,,,7.729752,7.729752,,17.379600,,,,,,905.729919,0.068775,0.000000,0.000000,0.000000,,-459.670013,1000.000000,,0.000000,0.000000,,,,0.048736,"SETFLOW",0.000000,0.997405,0.000000,,,,,"","",,,,7.729752,,0.000000,,0.000000,,,0.000000,0.000000,"",,,0.000000,"MARCY REALTY CO",-1.000000,,0.000000,0.000000,-1.000000,-1.000000,,,,,,,,,,,"",,,,"",,,,,,"Volumetric",,,,"Volumetric",,,,,,0.000000,,,,-2.633171,,,,,,0.000000,0.000000,,,,,,,,,,,,
"2FBD08B8","Nodes",1118649.250000,1668565.250000,1290.994423,"Default Known Flow Node",69.999969,0.579999,1000.000000,0.000000,"Known Flow",0.000000,0.000000,2.16999993085665e-07,40.000000,0.579999,1000.000000,0.000000,0.000000,13.000000,0.000000,0.508424,0.600000,,,,7.759547,7.759547,,17.379600,,,,,,905.729919,0.068775,0.000000,0.000000,0.000000,,-459.670013,1000.000000,,0.000000,0.000000,,,,0.048739,"UNDEFINED",0.000000,0.997404,0.000000,,,,,"","",,,,7.759547,,0.000000,,0.000000,,,0.000000,0.000000,"",,,0.000000,,-1.000000,,0.000000,0.000000,-1.000000,-1.000000,,,,,,,,,,,"",,,,,,,,,,"Volumetric",,,,,,,,,,0.000000,,,,,,,,,,0.000000,0.000000,,,,,,,,,,,,
"2FBC0760","Nodes",1118262.499428,1670044.041669,1313.064347,"Default Known Flow Node",69.999969,0.579999,1000.000000,0.000000,"Known Flow",0.000000,0.000000,2.16999993085665e-07,40.000000,0.579999,1000.000000,0.000000,0.000000,13.000000,0.000000,0.515369,0.579999,,,,6.542892,6.542892,,16.800279,,,,,,903.822387,0.066147,0.000000,0.000000,0.000000,,-459.670013,1000.000000,,0.000000,0.000000,,,,0.046969,"SETFLOW",0.000000,0.997571,0.000000,,,,,"","",,,,6.542892,,0.000000,,0.000000,,,0.000000,0.000000,"",,,0.000000,"147-25 Sanford Ave, Q= 7.69 mcfh, Firm DONE",-1.000000,,0.000000,0.000000,-1.000000,-1.000000,,,,,,,,,,,,,,,,"",,,,,,,,,,"Volumetric",,,,,,,,,,-7.689999,,,,,-7.689999,-0.184559,,,,,,,,,,,,
"2FBE304F","Nodes",1118639.620000,1668339.750000,1313.064347,"Default Known Flow Node",69.999969,0.579999,1000.000000,0.000000,"Known Flow",0.000000,0.000000,2.16999993085665e-07,40.000000,0.579999,1000.000000,0.000000,0.000000,13.000000,0.000000,0.515372,0.579999,,,,7.196062,7.196062,,16.800279,,,,,,903.822387,0.066146,0.000000,0.000000,0.000000,,-459.670013,1000.000000,,0.000000,0.000000,,,,0.047043,"SETFLOW",0.000000,0.997567,0.000000,,,,,"","",,,,7.196062,,0.000000,,0.000000,,,0.000000,0.000000,"",,,0.000000,"143-48 41 Ave, Q= 4.160 mcfh, Firm DONE",-1.000000,,0.000000,0.000000,-1.000000,-1.000000,,,,,,,,,,,,,,,,"",,,,,,,,,,"Volumetric",,,,,,,,,,-4.159999,,,,,-4.159999,-0.099839,,,,,,,,,,,,
"2FBDAF34","Nodes",1120616.250000,1670637.250000,1313.064347,"Default Known Flow Node",69.999969,0.579999,1000.000000,0.000000,"Known Flow",0.000000,0.000000,2.16999993085665e-07,40.000000,0.579999,1000.000000,0.000000,0.000000,13.000000,0.000000,0.515380,0.579999,,,,8.645273,8.645273,,16.800279,,,,,,903.822387,0.066145,0.000000,0.000000,0.000000,,-459.670013,1000.000000,,0.000000,0.000000,,,,0.047208,"SETFLOW",0.000000,0.997559,0.000000,,,,,"","",,,,8.645273,,0.000000,,0.000000,,,0.000000,0.000000,"",,,0.000000,"149-43 35 Ave (POE 150 St) Q= 5.102 mcfh, Firm/CSS (S13-96287-Q)",-1.000000,,0.000000,0.000000,-1.000000,-1.000000,,,,,,,,,,,"",,"","",,,,,,,"Volumetric",,"Volumetric","Volumetric",,,,,,,0.000000,,-5.102000,-5.102000,,,,,,,0.000000,0.000000,,,,,,,,,,,,
"2FBC6B24","Nodes",1119865.620000,1668631.870000,1313.064347,"Default Known Flow Node",69.999969,0.579999,1000.000000,0.000000,"Known Flow",0.000000,0.000000,2.16999993085665e-07,40.000000,0.579999,1000.000000,0.000000,0.000000,13.000000,0.000000,0.515375,0.579999,,,,7.647176,7.647176,,16.800279,,,,,,903.822387,0.066146,0.000000,0.000000,0.000000,,-459.670013,1000.000000,,0.000000,0.000000,,,,0.047094,"UNDEFINED",0.000000,0.997565,0.000000,,,,,"","",,,,7.647176,,0.000000,,0.000000,,,0.000000,0.000000,"",,,0.000000,,-1.000000,,0.000000,0.000000,-1.000000,-1.000000,,,,,,,,,,,"",,,,,,,,,,"Volumetric",,,,,,,,,,0.000000,,,,,,,,,,0.000000,0.000000,,,,,,,,,,,,
"0BEC48C4","Nodes",1119859.620000,1668614.000000,1313.064347,"Default Known Flow Node",69.999969,0.579999,1000.000000,0.000000,"Known Flow",0.000000,0.000000,2.16999993085665e-07,40.000000,0.579999,1000.000000,0.000000,0.000000,13.000000,0.000000,0.515375,0.579999,,,,7.663923,7.663923,,16.800279,,,,,,903.822387,0.066146,0.000000,0.000000,0.000000,,-459.670013,1000.000000,,0.000000,0.000000,,,,0.047096,"SETFLOW",0.000000,0.997564,0.000000,,,,,"","",,,,7.663923,,0.000000,,0.000000,,,0.000000,0.000000,"",,,0.000000,"144-25 37 Ave, Q = 0.577 mcfh, Firm",-1.000000,,0.000000,0.000000,-1.000000,-1.000000,,,,,,,,,,,"",,,"",,,,,,,"Volumetric",,,"Volumetric",,,,,,,0.000000,,,-0.577000,,,,,,,0.000000,0.000000,,,,,,,,,,,,
"Q3No162","Nodes",1119867.006400,1668639.693642,1313.064347,"Default Known Flow Node",69.999969,0.579999,1000.000000,0.000000,"Known Flow",0.000000,0.000000,2.16999993085665e-07,40.000000,0.579999,1000.000000,0.000000,0.000000,13.000000,0.000000,0.515375,0.579999,,,,7.647901,7.647901,,16.800279,,,,,,903.822387,0.066146,0.000000,0.000000,0.000000,,-459.670013,1000.000000,,0.000000,0.000000,,,,0.047094,"UNDEFINED",0.000000,0.997565,0.000000,,,,,"","",,,,7.647901,,0.000000,,0.000000,,,0.000000,0.000000,"",,,0.000000,,-1.000000,,0.000000,0.000000,0.000000,-1.000000,,,,,,,,,,,"",,,,,,,,,,"Volumetric",,,,,,,,,,0.000000,,,,,,,,,,0.000000,0.000000,,,,,,,,,,,,
"Q3No400","Nodes",1120291.308983,1670615.480821,1313.064347,"Default Known Flow Node",69.999969,0.579999,1000.000000,0.000000,"Known Flow",0.000000,0.000000,2.16999993085665e-07,40.000000,0.579999,1000.000000,0.000000,0.000000,13.000000,0.000000,0.515380,0.579999,,,,8.637828,8.637828,,16.800279,,,,,,903.822387,0.066145,0.000000,0.000000,0.000000,,-459.670013,1000.000000,,0.000000,0.000000,,,,0.047207,"UNDEFINED",0.000000,0.997559,0.000000,,,,,"","",,,,8.637828,,0.000000,,0.000000,,,0.000000,0.000000,"",,,0.000000,,-1.000000,,0.000000,0.000000,0.000000,-1.000000,,,,,,,,,,,"",,,,,,,,,,"Volumetric",,,,,,,,,,0.000000,,,,,,,,,,0.000000,0.000000,,,,,,,,,,,,
"0BF65250","Nodes",1117969.000000,1676764.750000,1313.064347,"Default Known Flow Node",69.999969,0.579999,1000.000000,0.000000,"Known Flow",0.000000,0.000000,2.16999993085665e-07,40.000000,0.579999,1000.000000,0.000000,0.000000,13.000000,0.000000,0.515372,0.579999,,,,7.080444,7.080444,,16.800279,,,,,,903.822387,0.066147,0.000000,0.000000,0.000000,,-459.670013,1000.000000,,0.000000,0.000000,,,,0.047030,"SETFLOW",0.000000,0.997568,0.000000,,,,,"","",,,,7.080444,,0.000000,,0.000000,,,0.000000,0.000000,"",,,0.000000,"189-27 39 Ave, Q= 3.605 mcfh, Firm DONE",-1.000000,,0.000000,0.000000,-1.000000,-1.000000,,,,,,,,,,,"",,,,,,,,,,"Volumetric",,,,,,,,,,-2.361996,,,,,,,,,,-2.361996,-0.056687,,,,,,,,,,,,
"0BF5C28E","Nodes",1118357.870000,1672478.750000,1313.064347,"Default Known Flow Node",69.999969,0.579999,1000.000000,0.000000,"Known Flow",0.000000,0.000000,2.16999993085665e-07,40.000000,0.579999,1000.000000,0.000000,0.000000,13.000000,0.000000,0.515373,0.579999,,,,7.427160,7.427160,,16.800279,,,,,,903.822387,0.066146,0.000000,0.000000,0.000000,,-459.670013,1000.000000,,0.000000,0.000000,,,,0.047069,"UNDEFINED",0.000000,0.997566,0.000000,,,,,"","",,,,7.427160,,0.000000,,0.000000,,,0.000000,0.000000,"",,,0.000000,"157-11 Sanford Ave (POE 158 St) Q=6.885 mcfh, Firm (S13-09045-Q)",-1.000000,,0.000000,0.000000,-1.000000,-1.000000,,,,,,,,,,,"",,,,,,,,,,"Volumetric",,,,,,,,,,0.000000,,,,,,,,,,0.000000,0.000000,,,,,,,,,,,,
"2FC05A03","Nodes",1119806.137300,1668180.073317,1313.064347,"Default Known Flow Node",69.999969,0.579999,1000.000000,0.000000,"Known Flow",0.000000,0.000000,2.16999993085665e-07,40.000000,0.579999,1000.000000,0.000000,0.000000,13.000000,0.000000,0.515374,0.579999,,,,7.487230,7.487230,,16.800279,,,,,,903.822387,0.066146,0.000000,0.000000,0.000000,,-459.670013,1000.000000,,0.000000,0.000000,,,,0.047076,"UNDEFINED",0.000000,0.997566,0.000000,,,,,"","",,,,7.487230,,0.000000,,0.000000,,,0.000000,0.000000,"",,,0.000000,,-1.000000,,0.000000,0.000000,0.000000,-1.000000,,,,,,,,,,,"",,,,,,,,,,"Volumetric",,,,,,,,,,0.000000,,,,,,,,,,0.000000,0.000000,,,,,,,,,,,,
"2FB283EC","Nodes",1118086.120000,1668855.250000,1313.064347,"Default Known Flow Node",69.999969,0.579999,1000.000000,0.000000,"Known Flow",0.000000,0.000000,2.16999993085665e-07,40.000000,0.579999,1000.000000,0.000000,0.000000,13.000000,0.000000,0.515377,0.579999,,,,7.987945,7.987945,,16.800279,,,,,,903.822387,0.066146,0.000000,0.000000,0.000000,,-459.670013,1000.000000,,0.000000,0.000000,,,,0.047133,"SETFLOW",0.000000,0.997563,0.000000,,,,,"","",,,,7.987945,,0.000000,,0.000000,,,0.000000,0.000000,"",,,0.000000,,-1.000000,,0.000000,0.000000,-1.000000,-1.000000,,,,,,,,,,,"",,,,,,,,,,"Volumetric",,,,,,,,,,-0.247141,,,,,,,,,,-0.247141,-0.005931,,,,,,,,,,,,
"2FB9EF66","Nodes",1119044.250000,1676749.370000,1290.994423,"Default Known Flow Node",69.999969,0.579999,1000.000000,0.000000,"Known Flow",0.000000,0.000000,2.16999993085665e-07,40.000000,0.579999,1000.000000,0.000000,0.000000,13.000000,0.000000,0.508422,0.600000,,,,7.456822,7.456822,,17.379600,,,,,,905.729919,0.068775,0.000000,0.000000,0.000000,,-459.670013,1000.000000,,0.000000,0.000000,,,,0.048704,"SETFLOW",0.000000,0.997406,0.000000,,,,,"","",,,,7.456822,,0.000000,,0.000000,,,0.000000,0.000000,"",,,0.000000,,-1.000000,,0.000000,0.000000,-1.000000,-1.000000,,,,,,,,,,,"",,,,,,,,,,"Volumetric",,,,,,,,,,-0.185733,,,,,,,,,,-0.185733,-0.004457,,,,,,,,,,,,
"2FBA2B74","Nodes",1119090.000000,1676761.870000,1313.064347,"Default Known Flow Node",69.999969,0.579999,1000.000000,0.000000,"Known Flow",0.000000,0.000000,2.16999993085665e-07,40.000000,0.579999,1000.000000,0.000000,0.000000,13.000000,0.000000,0.515374,0.579999,,,,7.453904,7.453904,,16.800279,,,,,,903.822387,0.066146,0.000000,0.000000,0.000000,,-459.670013,1000.000000,,0.000000,0.000000,,,,0.047072,"UNDEFINED",0.000000,0.997566,0.000000,,,,,"","",,,,7.453904,,0.000000,,0.000000,,,0.000000,0.000000,"",,,0.000000,,-1.000000,,0.000000,0.000000,-1.000000,-1.000000,,,,,,,,,,,"",,,,,,,,,,"Volumetric",,,,,,,,,,0.000000,,,,,,,,,,0.000000,0.000000,,,,,,,,,,,,
"2FBA9571","Nodes",1119035.750000,1676753.250000,1313.064347,"Default Known Flow Node",69.999969,0.579999,1000.000000,0.000000,"Known Flow",0.000000,0.000000,2.16999993085665e-07,40.000000,0.579999,1000.000000,0.000000,0.000000,13.000000,0.000000,0.515374,0.579999,,,,7.466642,7.466642,,16.800279,,,,,,903.822387,0.066146,0.000000,0.000000,0.000000,,-459.670013,1000.000000,,0.000000,0.000000,,,,0.047074,"UNDEFINED",0.000000,0.997566,0.000000,,,,,"","",,,,7.466642,,0.000000,,0.000000,,,0.000000,0.000000,"",,,0.000000,,-1.000000,,0.000000,0.000000,-1.000000,-1.000000,,,,,,,,,,,"",,,,,,,,,,"Volumetric",,,,,,,,,,0.000000,,,,,,,,,,0.000000,0.000000,,,,,,,,,,,,
"2FBF647D","Nodes",1119940.870000,1672872.620000,1313.064347,"Default Known Flow Node",69.999969,0.579999,1000.000000,0.000000,"Known Flow",0.000000,0.000000,2.16999993085665e-07,40.000000,0.579999,1000.000000,0.000000,0.000000,13.000000,0.000000,0.515381,0.579999,,,,8.719016,8.719016,,16.800279,,,,,,903.822387,0.066145,0.000000,0.000000,0.000000,,-459.670013,1000.000000,,0.000000,0.000000,,,,0.047216,"UNDEFINED",0.000000,0.997558,0.000000,,,,,"","",,,,8.719016,,0.000000,,0.000000,,,0.000000,0.000000,"",,,0.000000,,-1.000000,,0.000000,0.000000,-1.000000,-1.000000,,,,,,,,,,,"",,,,,,,,,,"Volumetric",,,,,,,,,,0.000000,,,,,,,,,,0.000000,0.000000,,,,,,,,,,,,
"2FBF6482","Nodes",1119944.620000,1672865.750000,1313.064347,"Default Known Flow Node",69.999969,0.579999,1000.000000,0.000000,"Known Flow",0.000000,0.000000,2.16999993085665e-07,40.000000,0.579999,1000.000000,0.000000,0.000000,13.000000,0.000000,0.515381,0.579999,,,,8.718437,8.718437,,16.800279,,,,,,903.822387,0.066145,0.000000,0.000000,0.000000,,-459.670013,1000.000000,,0.000000,0.000000,,,,0.047216,"UNDEFINED",0.000000,0.997558,0.000000,,,,,"","",,,,8.718437,,0.000000,,0.000000,,,0.000000,0.000000,"",,,0.000000,,-1.000000,,0.000000,0.000000,-1.000000,-1.000000,,,,,,,,,,,"",,,,,,,,,,"Volumetric",,,,,,,,,,0.000000,,,,,,,,,,0.000000,0.000000,,,,,,,,,,,,
"2FBF648F","Nodes",1119948.620000,1672849.000000,1313.064347,"Default Known Flow Node",69.999969,0.579999,1000.000000,0.000000,"Known Flow",0.000000,0.000000,2.16999993085665e-07,40.000000,0.579999,1000.000000,0.000000,0.000000,13.000000,0.000000,0.515381,0.579999,,,,8.718033,8.718033,,16.800279,,,,,,903.822387,0.066145,0.000000,0.000000,0.000000,,-459.670013,1000.000000,,0.000000,0.000000,,,,0.047216,"UNDEFINED",0.000000,0.997558,0.000000,,,,,"","",,,,8.718033,,0.000000,,0.000000,,,0.000000,0.000000,"",,,0.000000,,-1.000000,,0.000000,0.000000,-1.000000,-1.000000,,,,,,,,,,,"",,,,,,,,,,"Volumetric",,,,,,,,,,0.000000,,,,,,,,,,0.000000,0.000000,,,,,,,,,,,,
"0BEC51DA","Nodes",1119969.120000,1672760.370000,1313.064347,"Default Known Flow Node",69.999969,0.579999,1000.000000,0.000000,"Known Flow",0.000000,0.000000,2.16999993085665e-07,40.000000,0.579999,1000.000000,0.000000,0.000000,13.000000,0.000000,0.515381,0.579999,,,,8.715893,8.715893,,16.800279,,,,,,903.822387,0.066145,0.000000,0.000000,0.000000,,-459.670013,1000.000000,,0.000000,0.000000,,,,0.047216,"SETFLOW",0.000000,0.997558,0.000000,,,,,"","",,,,8.715893,,0.000000,,0.000000,,,0.000000,0.000000,"",,,0.000000,,-1.000000,,0.000000,0.000000,-1.000000,-1.000000,,,,,,,,,,,"",,,,,,,,,,"Volumetric",,,,,,,,,,-0.000818,,,,,,,,,,-0.000819,-0.000019,,,,,,,,,,,,
"2FBF6480","Nodes",1119958.870000,1672804.620000,1313.064347,"Default Known Flow Node",69.999969,0.579999,1000.000000,0.000000,"Known Flow",0.000000,0.000000,2.16999993085665e-07,40.000000,0.579999,1000.000000,0.000000,0.000000,13.000000,0.000000,0.515381,0.579999,,,,8.716964,8.716964,,16.800279,,,,,,903.822387,0.066145,0.000000,0.000000,0.000000,,-459.670013,1000.000000,,0.000000,0.000000,,,,0.047216,"UNDEFINED",0.000000,0.997558,0.000000,,,,,"","",,,,8.716964,,0.000000,,0.000000,,,0.000000,0.000000,"",,,0.000000,,-1.000000,,0.000000,0.000000,-1.000000,-1.000000,,,,,,,,,,,"",,,,,,,,,,"Volumetric",,,,,,,,,,0.000000,,,,,,,,,,0.000000,0.000000,,,,,,,,,,,,
"2FBD90AE","Nodes",1119994.306830,1672650.870086,1313.064347,"Default Known Flow Node",69.999969,0.579999,1000.000000,0.000000,"Known Flow",0.000000,0.000000,2.16999993085665e-07,40.000000,0.579999,1000.000000,0.000000,0.000000,13.000000,0.000000,0.515381,0.579999,,,,8.713257,8.713257,,16.800279,,,,,,903.822387,0.066145,0.000000,0.000000,0.000000,,-459.670013,1000.000000,,0.000000,0.000000,,,,0.047215,"UNDEFINED",0.000000,0.997558,0.000000,,,,,"","",,,,8.713257,,0.000000,,0.000000,,,0.000000,0.000000,"",,,0.000000,"V57633",-1.000000,,0.000000,0.000000,0.000000,-1.000000,,,,,,,,,,,"",,,,,,,,,,"Volumetric",,,,,,,,,,0.000000,,,,,,,,,,0.000000,0.000000,,,,,,,,,,,,
"2FBF648B","Nodes",1119994.755154,1672648.920996,1313.064347,"Default Known Flow Node",69.999969,0.579999,1000.000000,0.000000,"Known Flow",0.000000,0.000000,2.16999993085665e-07,40.000000,0.579999,1000.000000,0.000000,0.000000,13.000000,0.000000,0.515381,0.579999,,,,8.713210,8.713210,,16.800279,,,,,,903.822387,0.066145,0.000000,0.000000,0.000000,,-459.670013,1000.000000,,0.000000,0.000000,,,,0.047215,"UNDEFINED",0.000000,0.997558,0.000000,,,,,"","",,,,8.713210,,0.000000,,0.000000,,,0.000000,0.000000,"",,,0.000000,,-1.000000,,0.000000,0.000000,-1.000000,-1.000000,,,,,,,,,,,"",,,,,,,,,,"Volumetric",,,,,,,,,,0.000000,,,,,,,,,,0.000000,0.000000,,,,,,,,,,,,
"2FBD9083","Nodes",1120000.582832,1672624.747051,1313.064347,"Default Known Flow Node",69.999969,0.579999,1000.000000,0.000000,"Known Flow",0.000000,0.000000,2.16999993085665e-07,40.000000,0.579999,1000.000000,0.000000,0.000000,13.000000,0.000000,0.515381,0.579999,,,,8.712616,8.712616,,16.800279,,,,,,903.822387,0.066145,0.000000,0.000000,0.000000,,-459.670013,1000.000000,,0.000000,0.000000,,,,0.047215,"UNDEFINED",0.000000,0.997558,0.000000,,,,,"","",,,,8.712616,,0.000000,,0.000000,,,0.000000,0.000000,"",,,0.000000,,-1.000000,,0.000000,0.000000,0.000000,-1.000000,,,,,,,,,,,"",,,,,,,,,,"Volumetric",,,,,,,,,,0.000000,,,,,,,,,,0.000000,0.000000,,,,,,,,,,,,
"2FBF641A","Nodes",1115997.120000,1667971.620000,1313.064347,"Default Known Flow Node",69.999969,0.579999,1000.000000,0.000000,"Known Flow",0.000000,0.000000,2.16999993085665e-07,40.000000,0.579999,1000.000000,0.000000,0.000000,13.000000,0.000000,0.515375,0.579999,,,,7.738976,7.738976,,16.800279,,,,,,903.822387,0.066146,0.000000,0.000000,0.000000,,-459.670013,1000.000000,,0.000000,0.000000,,,,0.047105,"UNDEFINED",0.000000,0.997564,0.000000,,,,,"","",,,,7.738976,,0.000000,,0.000000,,,0.000000,0.000000,"",,,0.000000,,-1.000000,,0.000000,0.000000,-1.000000,-1.000000,,,,,,,,,,,"",,,,,,,,,,"Volumetric",,,,,,,,,,0.000000,,,,,,,,,,0.000000,0.000000,,,,,,,,,,,,
"2FBF6416","Nodes",1115987.370000,1667938.750000,1313.064347,"Default Known Flow Node",69.999969,0.579999,1000.000000,0.000000,"Known Flow",0.000000,0.000000,2.16999993085665e-07,40.000000,0.579999,1000.000000,0.000000,0.000000,13.000000,0.000000,0.515375,0.579999,,,,7.728719,7.728719,,16.800279,,,,,,903.822387,0.066146,0.000000,0.000000,0.000000,,-459.670013,1000.000000,,0.000000,0.000000,,,,0.047104,"UNDEFINED",0.000000,0.997564,0.000000,,,,,"","",,,,7.728719,,0.000000,,0.000000,,,0.000000,0.000000,"",,,0.000000,,-1.000000,,0.000000,0.000000,-1.000000,-1.000000,,,,,,,,,,,"",,,,,,,,,,"Volumetric",,,,,,,,,,0.000000,,,,,,,,,,0.000000,0.000000,,,,,,,,,,,,
"2FBD9EFE","Nodes",1117093.500000,1671430.750000,1313.064347,"Default Known Flow Node",69.999969,0.579999,1000.000000,0.000000,"Known Flow",0.000000,0.000000,2.16999993085665e-07,40.000000,0.579999,1000.000000,0.000000,0.000000,13.000000,0.000000,0.515370,0.579999,,,,6.844566,6.844566,,16.800279,,,,,,903.822387,0.066147,0.000000,0.000000,0.000000,,-459.670013,1000.000000,,0.000000,0.000000,,,,0.047003,"UNDEFINED",0.000000,0.997569,0.000000,,,,,"","",,,,6.844566,,0.000000,,0.000000,,,0.000000,0.000000,"",,,0.000000,,-1.000000,,0.000000,0.000000,-1.000000,-1.000000,,,,,,,,,,,"",,,,,,,,,,"Volumetric",,,,,,,,,,0.000000,,,,,,,,,,0.000000,0.000000,,,,,,,,,,,,
"2FB1B61F","Nodes",1117070.370000,1671435.370000,1313.064347,"Default Known Flow Node",69.999969,0.579999,1000.000000,0.000000,"Known Flow",0.000000,0.000000,2.16999993085665e-07,40.000000,0.579999,1000.000000,0.000000,0.000000,13.000000,0.000000,0.515370,0.579999,,,,6.846601,6.846601,,16.800279,,,,,,903.822387,0.066147,0.000000,0.000000,0.000000,,-459.670013,1000.000000,,0.000000,0.000000,,,,0.047003,"UNDEFINED",0.000000,0.997569,0.000000,,,,,"","",,,,6.846601,,0.000000,,0.000000,,,0.000000,0.000000,"",,,0.000000,,-1.000000,,0.000000,0.000000,-1.000000,-1.000000,,,,,,,,,,,"",,,,,,,,,,"Volumetric",,,,,,,,,,0.000000,,,,,,,,,,0.000000,0.000000,,,,,,,,,,,,
"2FBD9F07","Nodes",1117074.120000,1671434.620000,1313.064347,"Default Known Flow Node",69.999969,0.579999,1000.000000,0.000000,"Known Flow",0.000000,0.000000,2.16999993085665e-07,40.000000,0.579999,1000.000000,0.000000,0.000000,13.000000,0.000000,0.515370,0.579999,,,,6.846276,6.846276,,16.800279,,,,,,903.822387,0.066147,0.000000,0.000000,0.000000,,-459.670013,1000.000000,,0.000000,0.000000,,,,0.047003,"UNDEFINED",0.000000,0.997569,0.000000,,,,,"","",,,,6.846276,,0.000000,,0.000000,,,0.000000,0.000000,"",,,0.000000,,-1.000000,,0.000000,0.000000,-1.000000,-1.000000,,,,,,,,,,,"",,,,,,,,,,"Volumetric",,,,,,,,,,0.000000,,,,,,,,,,0.000000,0.000000,,,,,,,,,,,,
"2FBD9F03","Nodes",1117067.750000,1671436.000000,1313.064347,"Default Known Flow Node",69.999969,0.579999,1000.000000,0.000000,"Known Flow",0.000000,0.000000,2.16999993085665e-07,40.000000,0.579999,1000.000000,0.000000,0.000000,13.000000,0.000000,0.515370,0.579999,,,,6.846764,6.846764,,16.800279,,,,,,903.822387,0.066147,0.000000,0.000000,0.000000,,-459.670013,1000.000000,,0.000000,0.000000,,,,0.047003,"UNDEFINED",0.000000,0.997569,0.000000,,,,,"","",,,,6.846764,,0.000000,,0.000000,,,0.000000,0.000000,"",,,0.000000,,-1.000000,,0.000000,0.000000,-1.000000,-1.000000,,,,,,,,,,,"",,,,,,,,,,"Volumetric",,,,,,,,,,0.000000,,,,,,,,,,0.000000,0.000000,,,,,,,,,,,,
"2FBC265B","Nodes",1117066.250000,1671436.250000,1313.064347,"Default Known Flow Node",69.999969,0.579999,1000.000000,0.000000,"Known Flow",0.000000,0.000000,2.16999993085665e-07,40.000000,0.579999,1000.000000,0.000000,0.000000,13.000000,0.000000,0.515370,0.579999,,,,6.849481,6.849481,,16.800279,,,,,,903.822387,0.066147,0.000000,0.000000,0.000000,,-459.670013,1000.000000,,0.000000,0.000000,,,,0.047004,"UNDEFINED",0.000000,0.997569,0.000000,,,,,"","",,,,6.849481,,0.000000,,0.000000,,,0.000000,0.000000,"",,,0.000000,,-1.000000,,0.000000,0.000000,-1.000000,-1.000000,,,,,,,,,,,"",,,,,,,,,,"Volumetric",,,,,,,,,,0.000000,,,,,,,,,,0.000000,0.000000,,,,,,,,,,,,
"2FBD90FD","Nodes",1117059.120000,1671126.620000,1313.064347,"Default Known Flow Node",69.999969,0.579999,1000.000000,0.000000,"Known Flow",0.000000,0.000000,2.16999993085665e-07,40.000000,0.579999,1000.000000,0.000000,0.000000,13.000000,0.000000,0.515370,0.579999,,,,6.863348,6.863348,,16.800279,,,,,,903.822387,0.066147,0.000000,0.000000,0.000000,,-459.670013,1000.000000,,0.000000,0.000000,,,,0.047005,"UNDEFINED",0.000000,0.997569,0.000000,,,,,"","",,,,6.863348,,0.000000,,0.000000,,,0.000000,0.000000,"",,,0.000000,,-1.000000,,0.000000,0.000000,-1.000000,-1.000000,,,,,,,,,,,"",,,,,,,,,,"Volumetric",,,,,,,,,,0.000000,,,,,,,,,,0.000000,0.000000,,,,,,,,,,,,
"0BEC5D48","Nodes",1117792.370000,1675616.500000,1313.064347,"Default Known Flow Node",69.999969,0.579999,1000.000000,0.000000,"Known Flow",0.000000,0.000000,2.16999993085665e-07,40.000000,0.579999,1000.000000,0.000000,0.000000,13.000000,0.000000,0.515374,0.579999,,,,7.492167,7.492167,,16.800279,,,,,,903.822387,0.066146,0.000000,0.000000,0.000000,,-459.670013,1000.000000,,0.000000,0.000000,,,,0.047077,"SETFLOW",0.000000,0.997565,0.000000,,,,,"","",,,,7.492167,,0.000000,,0.000000,,,0.000000,0.000000,"",,,0.000000,,-1.000000,,0.000000,0.000000,-1.000000,-1.000000,,,,,,,,,,,"",,,,,,,,,,"Volumetric",,,,,,,,,,-0.003275,,,,,,,,,,-0.003276,-0.000078,,,,,,,,,,,,
"2FBF840F","Nodes",1118386.870000,1673023.250000,1313.064347,"Default Known Flow Node",69.999969,0.579999,1000.000000,0.000000,"Known Flow",0.000000,0.000000,2.16999993085665e-07,40.000000,0.579999,1000.000000,0.000000,0.000000,13.000000,0.000000,0.515375,0.579999,,,,7.679917,7.679917,,16.800279,,,,,,903.822387,0.066146,0.000000,0.000000,0.000000,,-459.670013,1000.000000,,0.000000,0.000000,,,,0.047098,"UNDEFINED",0.000000,0.997564,0.000000,,,,,"","",,,,7.679917,,0.000000,,0.000000,,,0.000000,0.000000,"",,,0.000000,,-1.000000,,0.000000,0.000000,-1.000000,-1.000000,,,,,,,,,,,"",,,,,,,,,,"Volumetric",,,,,,,,,,0.000000,,,,,,,,,,0.000000,0.000000,,,,,,,,,,,,
"2FBF39E9","Nodes",1118365.250000,1673023.000000,1313.064347,"Default Known Flow Node",69.999969,0.579999,1000.000000,0.000000,"Known Flow",0.000000,0.000000,2.16999993085665e-07,40.000000,0.579999,1000.000000,0.000000,0.000000,13.000000,0.000000,0.515375,0.579999,,,,7.676380,7.676380,,16.800279,,,,,,903.822387,0.066146,0.000000,0.000000,0.000000,,-459.670013,1000.000000,,0.000000,0.000000,,,,0.047098,"UNDEFINED",0.000000,0.997564,0.000000,,,,,"","",,,,7.676380,,0.000000,,0.000000,,,0.000000,0.000000,"",,,0.000000,,-1.000000,,0.000000,0.000000,-1.000000,-1.000000,,,,,,,,,,,"",,,,,,,,,,"Volumetric",,,,,,,,,,0.000000,,,,,,,,,,0.000000,0.000000,,,,,,,,,,,,
"2FBF39FC","Nodes",1118391.370000,1673026.120000,1313.064347,"Default Known Flow Node",69.999969,0.579999,1000.000000,0.000000,"Known Flow",0.000000,0.000000,2.16999993085665e-07,40.000000,0.579999,1000.000000,0.000000,0.000000,13.000000,0.000000,0.515375,0.579999,,,,7.681004,7.681004,,16.800279,,,,,,903.822387,0.066146,0.000000,0.000000,0.000000,,-459.670013,1000.000000,,0.000000,0.000000,,,,0.047098,"UNDEFINED",0.000000,0.997564,0.000000,,,,,"","",,,,7.681004,,0.000000,,0.000000,,,0.000000,0.000000,"",,,0.000000,,-1.000000,,0.000000,0.000000,-1.000000,-1.000000,,,,,,,,,,,"",,,,,,,,,,"Volumetric",,,,,,,,,,0.000000,,,,,,,,,,0.000000,0.000000,,,,,,,,,,,,
"2FBF39F8","Nodes",1118332.620000,1673286.750000,1313.064347,"Default Known Flow Node",69.999969,0.579999,1000.000000,0.000000,"Known Flow",0.000000,0.000000,2.16999993085665e-07,40.000000,0.579999,1000.000000,0.000000,0.000000,13.000000,0.000000,0.515375,0.579999,,,,7.727379,7.727379,,16.800279,,,,,,903.822387,0.066146,0.000000,0.000000,0.000000,,-459.670013,1000.000000,,0.000000,0.000000,,,,0.047103,"UNDEFINED",0.000000,0.997564,0.000000,,,,,"","",,,,7.727379,,0.000000,,0.000000,,,0.000000,0.000000,"",,,0.000000,,-1.000000,,0.000000,0.000000,-1.000000,-1.000000,,,,,,,,,,,"",,,,,,,,,,"Volumetric",,,,,,,,,,0.000000,,,,,,,,,,0.000000,0.000000,,,,,,,,,,,,
"2FBF39FA","Nodes",1118331.620000,1673292.370000,1313.064347,"Default Known Flow Node",69.999969,0.579999,1000.000000,0.000000,"Known Flow",0.000000,0.000000,2.16999993085665e-07,40.000000,0.579999,1000.000000,0.000000,0.000000,13.000000,0.000000,0.515375,0.579999,,,,7.733716,7.733716,,16.800279,,,,,,903.822387,0.066146,0.000000,0.000000,0.000000,,-459.670013,1000.000000,,0.000000,0.000000,,,,0.047104,"UNDEFINED",0.000000,0.997564,0.000000,,,,,"","",,,,7.733716,,0.000000,,0.000000,,,0.000000,0.000000,"",,,0.000000,,-1.000000,,0.000000,0.000000,-1.000000,-1.000000,,,,,,,,,,,"",,,,,,,,,,"Volumetric",,,,,,,,,,0.000000,,,,,,,,,,0.000000,0.000000,,,,,,,,,,,,
"2FBD8C70","Nodes",1117981.250000,1673199.620000,1303.683991,"Default Known Flow Node",69.999969,0.579999,1000.000000,0.000000,"Known Flow",0.000000,0.000000,2.16999993085665e-07,40.000000,0.579999,1000.000000,0.000000,0.000000,13.000000,0.000000,0.512401,0.588376,,,,7.551111,7.551111,,17.042913,,,,,,904.621398,0.067242,0.000000,0.000000,0.000000,,-459.670013,1000.000000,,0.000000,0.000000,,,,0.047767,"UNDEFINED",0.000000,0.997499,0.000000,,,,,"","",,,,7.551111,,0.000000,,0.000000,,,0.000000,0.000000,"",,,0.000000,,-1.000000,,0.000000,0.000000,-1.000000,-1.000000,,,,,,,,,,,"",,,,,,,,,,"Volumetric",,,,,,,,,,0.000000,,,,,,,,,,0.000000,0.000000,,,,,,,,,,,,
"0BEC4FCF","Nodes",1117985.750000,1673200.870000,1313.064347,"Default Known Flow Node",69.999969,0.579999,1000.000000,0.000000,"Known Flow",0.000000,0.000000,2.16999993085665e-07,40.000000,0.579999,1000.000000,0.000000,0.000000,13.000000,0.000000,0.515374,0.579999,,,,7.553722,7.553722,,16.800279,,,,,,903.822387,0.066146,0.000000,0.000000,0.000000,,-459.670013,1000.000000,,0.000000,0.000000,,,,0.047084,"UNDEFINED",0.000000,0.997565,0.000000,,,,,"","",,,,7.553722,,0.000000,,0.000000,,,0.000000,0.000000,"",,,0.000000,,-1.000000,,0.000000,0.000000,-1.000000,-1.000000,,,,,,,,,,,"",,,,,,,,,,"Volumetric",,,,,,,,,,0.000000,,,,,,,,,,0.000000,0.000000,,,,,,,,,,,,
"2FBF7BA0","Nodes",1115836.000000,1674289.870000,1313.064347,"Default Known Flow Node",69.999969,0.579999,1000.000000,0.000000,"Known Flow",0.000000,0.000000,2.16999993085665e-07,40.000000,0.579999,1000.000000,0.000000,0.000000,13.000000,0.000000,0.515384,0.579999,,,,9.361023,9.361023,,16.800279,,,,,,903.822387,0.066145,0.000000,0.000000,0.000000,,-459.670013,1000.000000,,0.000000,0.000000,,,,0.047289,"SETFLOW",0.000000,0.997555,0.000000,,,,,"","",,,,9.361023,,0.000000,,0.000000,,,0.000000,0.000000,"",,,0.000000,,-1.000000,,0.000000,0.000000,-1.000000,-1.000000,,,,,,,,,,,"",,,,,,,,,,"Volumetric",,,,,,,,,,-0.004606,,,,,,,,,,-0.004606,-0.000110,,,,,,,,,,,,
"2FB19BE8","Nodes",1115475.750000,1674201.620000,1290.994423,"Default Known Flow Node",69.999969,0.579999,1000.000000,0.000000,"Known Flow",0.000000,0.000000,2.16999993085665e-07,40.000000,0.579999,1000.000000,0.000000,0.000000,13.000000,0.000000,0.508433,0.600000,,,,9.377877,9.377877,,17.379600,,,,,,905.729919,0.068774,0.000000,0.000000,0.000000,,-459.670013,1000.000000,,0.000000,0.000000,,,,0.048930,"UNDEFINED",0.000000,0.997394,0.000000,,,,,"","",,,,9.377877,,0.000000,,0.000000,,,0.000000,0.000000,"",,,0.000000,,-1.000000,,0.000000,0.000000,-1.000000,-1.000000,,,,,,,,,,,"",,,,,,,,,,"Volumetric",,,,,,,,,,0.000000,,,,,,,,,,0.000000,0.000000,,,,,,,,,,,,
"2FB1FA2D","Nodes",1116201.307554,1674354.164852,1313.064347,"Default Known Flow Node",69.999969,0.579999,1000.000000,0.000000,"Known Flow",0.000000,0.000000,2.16999993085665e-07,40.000000,0.579999,1000.000000,0.000000,0.000000,13.000000,0.000000,0.515384,0.579999,,,,9.327647,9.327647,,16.800279,,,,,,903.822387,0.066145,0.000000,0.000000,0.000000,,-459.670013,1000.000000,,0.000000,0.000000,,,,0.047285,"UNDEFINED",0.000000,0.997555,0.000000,,,,,"","",,,,9.327647,,0.000000,,0.000000,,,0.000000,0.000000,"",,,0.000000,,-1.000000,,0.000000,0.000000,-1.000000,-1.000000,,,,,,,,,,,"",,,,,,,,,,"Volumetric",,,,,,,,,,0.000000,,,,,,,,,,0.000000,0.000000,,,,,,,,,,,,
"2FBB0739","Nodes",1116202.847933,1674347.354759,1313.064347,"Default Known Flow Node",69.999969,0.600000,1000.000000,0.000000,"Known Flow",0.000000,0.000000,2.16999993085665e-07,40.000000,0.600000,1000.000000,0.000000,0.000000,13.000000,0.000000,0.515384,0.579999,,,,9.293965,9.293965,,16.800279,,,,,,903.822387,0.066145,0.000000,0.000000,0.000000,,-459.670013,1000.000000,,0.000000,0.000000,,,,0.047281,"UNDEFINED",0.000000,0.997555,0.000000,,,,,"","",,,,9.293965,,0.000000,,0.000000,,,0.000000,0.000000,"",,,0.000000,,-1.000000,,0.000000,0.000000,-1.000000,-1.000000,,,,,,,,,,,"",,,,,,,,,,"Volumetric",,,,,,,,,,0.000000,,,,,,,,,,0.000000,0.000000,,,,,,,,,,,,
"2FBB8E17","Nodes",1116194.000000,1674376.120000,1313.064347,"Default Known Flow Node",69.999969,0.600000,1000.000000,0.000000,"Known Flow",0.000000,0.000000,2.16999993085665e-07,40.000000,0.600000,1000.000000,0.000000,0.000000,13.000000,0.000000,0.515384,0.579999,,,,9.333162,9.333162,,16.800279,,,,,,903.822387,0.066145,0.000000,0.000000,0.000000,,-459.670013,1000.000000,,0.000000,0.000000,,,,0.047286,"UNDEFINED",0.000000,0.997555,0.000000,,,,,"","",,,,9.333162,,0.000000,,0.000000,,,0.000000,0.000000,"",,,0.000000,,-1.000000,,0.000000,0.000000,-1.000000,-1.000000,,,,,,,,,,,"",,,,,,,,,,"Volumetric",,,,,,,,,,0.000000,,,,,,,,,,0.000000,0.000000,,,,,,,,,,,,
"2FBB8E19","Nodes",1116232.620000,1674386.120000,1313.064347,"Default Known Flow Node",69.999969,0.600000,1000.000000,0.000000,"Known Flow",0.000000,0.000000,2.16999993085665e-07,40.000000,0.600000,1000.000000,0.000000,0.000000,13.000000,0.000000,0.515384,0.579999,,,,9.332256,9.332256,,16.800279,,,,,,903.822387,0.066145,0.000000,0.000000,0.000000,,-459.670013,1000.000000,,0.000000,0.000000,,,,0.047286,"UNDEFINED",0.000000,0.997555,0.000000,,,,,"","",,,,9.332256,,0.000000,,0.000000,,,0.000000,0.000000,"",,,0.000000,,-1.000000,,0.000000,0.000000,-1.000000,-1.000000,,,,,,,,,,,"",,,,,,,,,,"Volumetric",,,,,,,,,,0.000000,,,,,,,,,,0.000000,0.000000,,,,,,,,,,,,
"2FBB8E13","Nodes",1116249.000000,1674394.500000,1313.064347,"Default Known Flow Node",69.999969,0.579999,1000.000000,0.000000,"Known Flow",0.000000,0.000000,2.16999993085665e-07,40.000000,0.579999,1000.000000,0.000000,0.000000,13.000000,0.000000,0.515384,0.579999,,,,9.280927,9.280927,,16.800279,,,,,,903.822387,0.066145,0.000000,0.000000,0.000000,,-459.670013,1000.000000,,0.000000,0.000000,,,,0.047280,"SETFLOW",0.000000,0.997555,0.000000,,,,,"","",,,,9.280927,,0.000000,,0.000000,,,0.000000,0.000000,"",,,0.000000,,-1.000000,,0.000000,0.000000,-1.000000,-1.000000,,,,,,,,,,,"",,,,,,,,,,"Volumetric",,,,,,,,,,-0.006910,,,,,,,,,,-0.006910,-0.000165,,,,,,,,,,,,
"2FB1B627","Nodes",1116276.870000,1674401.870000,1313.064347,"Default Known Flow Node",69.999969,0.600000,1000.000000,0.000000,"Known Flow",0.000000,0.000000,2.16999993085665e-07,40.000000,0.600000,1000.000000,0.000000,0.000000,13.000000,0.000000,0.515383,0.579999,,,,9.209952,9.209952,,16.800279,,,,,,903.822387,0.066145,0.000000,0.000000,0.000000,,-459.670013,1000.000000,,0.000000,0.000000,,,,0.047272,"UNDEFINED",0.000000,0.997555,0.000000,,,,,"","",,,,9.209952,,0.000000,,0.000000,,,0.000000,0.000000,"",,,0.000000,,-1.000000,,0.000000,0.000000,-1.000000,-1.000000,,,,,,,,,,,"",,,,,,,,,,"Volumetric",,,,,,,,,,0.000000,,,,,,,,,,0.000000,0.000000,,,,,,,,,,,,
"2FBFA02F","Nodes",1114829.246732,1669622.416331,1313.064347,"Default Known Flow Node",69.999969,0.579999,1000.000000,0.000000,"Known Flow",0.000000,0.000000,2.16999993085665e-07,40.000000,0.579999,1000.000000,0.000000,0.000000,13.000000,0.000000,0.515375,0.579999,,,,7.636250,7.636250,,16.800279,,,,,,903.822387,0.066146,0.000000,0.000000,0.000000,,-459.670013,1000.000000,,0.000000,0.000000,,,,0.047093,"UNDEFINED",0.000000,0.997565,0.000000,,,,,"","",,,,7.636250,,0.000000,,0.000000,,,0.000000,0.000000,"",,,0.000000,,-1.000000,,0.000000,0.000000,-1.000000,-1.000000,,,,,,,,,,,"",,,,,,,,,,"Volumetric",,,,,,,,,,0.000000,,,,,,,,,,0.000000,0.000000,,,,,,,,,,,,
"2FBFA024","Nodes",1114825.113299,1669625.229570,1313.064347,"Default Known Flow Node",69.999969,0.579999,1000.000000,0.000000,"Known Flow",0.000000,0.000000,2.16999993085665e-07,40.000000,0.579999,1000.000000,0.000000,0.000000,13.000000,0.000000,0.515375,0.579999,,,,7.635955,7.635955,,16.800279,,,,,,903.822387,0.066146,0.000000,0.000000,0.000000,,-459.670013,1000.000000,,0.000000,0.000000,,,,0.047093,"UNDEFINED",0.000000,0.997565,0.000000,,,,,"","",,,,7.635955,,0.000000,,0.000000,,,0.000000,0.000000,"",,,0.000000,"V62517",-1.000000,,0.000000,0.000000,0.000000,-1.000000,,,,,,,,,,,"",,,,,,,,,,"Volumetric",,,,,,,,,,0.000000,,,,,,,,,,0.000000,0.000000,,,,,,,,,,,,
"0BEC4534","Nodes",1114667.250000,1669736.000000,1313.064347,"Default Known Flow Node",69.999969,0.579999,1000.000000,0.000000,"Known Flow",0.000000,0.000000,2.16999993085665e-07,40.000000,0.579999,1000.000000,0.000000,0.000000,13.000000,0.000000,0.515375,0.579999,,,,7.624535,7.624535,,16.800279,,,,,,903.822387,0.066146,0.000000,0.000000,0.000000,,-459.670013,1000.000000,,0.000000,0.000000,,,,0.047092,"SETFLOW",0.000000,0.997565,0.000000,,,,,"","",,,,7.624535,,0.000000,,0.000000,,,0.000000,0.000000,"",,,0.000000,,-1.000000,,0.000000,0.000000,-1.000000,-1.000000,,,,,,,,,,,"",,,,,,,,,,"Volumetric",,,,,,,,,,-0.169793,,,,,,,,,,-0.169793,-0.004075,,,,,,,,,,,,
"2FBFE843","Nodes",1119575.250000,1670979.500000,1313.064347,"Default Known Flow Node",69.999969,0.579999,1000.000000,0.000000,"Known Flow",0.000000,0.000000,2.16999993085665e-07,40.000000,0.579999,1000.000000,0.000000,0.000000,13.000000,0.000000,0.515380,0.579999,,,,8.614568,8.614568,,16.800279,,,,,,903.822387,0.066145,0.000000,0.000000,0.000000,,-459.670013,1000.000000,,0.000000,0.000000,,,,0.047204,"UNDEFINED",0.000000,0.997559,0.000000,,,,,"","",,,,8.614568,,0.000000,,0.000000,,,0.000000,0.000000,"",,,0.000000,,-1.000000,,0.000000,0.000000,-1.000000,-1.000000,,,,,,,,,,,"",,,,,,,,,,"Volumetric",,,,,,,,,,0.000000,,,,,,,,,,0.000000,0.000000,,,,,,,,,,,,
"0BEC5153","Nodes",1119949.500000,1670901.000000,1290.994423,"Default Known Flow Node",69.999969,0.579999,1000.000000,0.000000,"Known Flow",0.000000,0.000000,2.16999993085665e-07,40.000000,0.579999,1000.000000,0.000000,0.000000,13.000000,0.000000,0.508429,0.600000,,,,8.700001,8.700001,,17.379600,,,,,,905.729919,0.068774,0.000000,0.000000,0.000000,,-459.670013,1000.000000,,0.000000,0.000000,,,,0.048850,"UNDEFINED",0.000000,0.997398,0.000000,,,,,"","",,,,8.700001,,0.000000,,0.000000,,,0.000000,0.000000,"",,,0.000000,,-1.000000,,0.000000,0.000000,-1.000000,-1.000000,,,,,,,,,,,"",,,,,,,,,,"Volumetric",,,,,,,,,,0.000000,,,,,,,,,,0.000000,0.000000,,,,,,,,,,,,
"2FBD8CE4","Nodes",1119972.000000,1670896.750000,1313.064347,"Default Known Flow Node",69.999969,0.579999,1000.000000,0.000000,"Known Flow",0.000000,0.000000,2.16999993085665e-07,40.000000,0.579999,1000.000000,0.000000,0.000000,13.000000,0.000000,0.515381,0.579999,,,,8.731159,8.731159,,16.800279,,,,,,903.822387,0.066145,0.000000,0.000000,0.000000,,-459.670013,1000.000000,,0.000000,0.000000,,,,0.047218,"UNDEFINED",0.000000,0.997558,0.000000,,,,,"","",,,,8.731159,,0.000000,,0.000000,,,0.000000,0.000000,"",,,0.000000,,-1.000000,,0.000000,0.000000,-1.000000,-1.000000,,,,,,,,,,,"",,,,,,,,,,"Volumetric",,,,,,,,,,0.000000,,,,,,,,,,0.000000,0.000000,,,,,,,,,,,,
"2FBA8E97","Nodes",1119902.620000,1671198.500000,1313.064347,"Default Known Flow Node",69.999969,0.579999,1000.000000,0.000000,"Known Flow",0.000000,0.000000,2.16999993085665e-07,40.000000,0.579999,1000.000000,0.000000,0.000000,13.000000,0.000000,0.515381,0.579999,,,,8.723937,8.723937,,16.800279,,,,,,903.822387,0.066145,0.000000,0.000000,0.000000,,-459.670013,1000.000000,,0.000000,0.000000,,,,0.047217,"UNDEFINED",0.000000,0.997558,0.000000,,,,,"","",,,,8.723937,,0.000000,,0.000000,,,0.000000,0.000000,"",,,0.000000,,-1.000000,,0.000000,0.000000,-1.000000,-1.000000,,,,,,,,,,,"",,,,,,,,,,"Volumetric",,,,,,,,,,0.000000,,,,,,,,,,0.000000,0.000000,,,,,,,,,,,,
"2FBD8CE6","Nodes",1119968.000000,1670897.370000,1290.994423,"Default Known Flow Node",69.999969,0.600000,1000.000000,0.000000,"Known Flow",0.000000,0.000000,2.16999993085665e-07,40.000000,0.600000,1000.000000,0.000000,0.000000,13.000000,0.000000,0.508429,0.600000,,,,8.711507,8.711507,,17.379600,,,,,,905.729919,0.068774,0.000000,0.000000,0.000000,,-459.670013,1000.000000,,0.000000,0.000000,,,,0.048851,"UNDEFINED",0.000000,0.997398,0.000000,,,,,"","",,,,8.711507,,0.000000,,0.000000,,,0.000000,0.000000,"",,,0.000000,,-1.000000,,0.000000,0.000000,-1.000000,-1.000000,,,,,,,,,,,"",,,,,,,,,,"Volumetric",,,,,,,,,,0.000000,,,,,,,,,,0.000000,0.000000,,,,,,,,,,,,
"2FBD8CE7","Nodes",1119962.370000,1670898.370000,1290.994423,"Default Known Flow Node",69.999969,0.600000,1000.000000,0.000000,"Known Flow",0.000000,0.000000,2.16999993085665e-07,40.000000,0.600000,1000.000000,0.000000,0.000000,13.000000,0.000000,0.508429,0.600000,,,,8.702598,8.702598,,17.379600,,,,,,905.729919,0.068774,0.000000,0.000000,0.000000,,-459.670013,1000.000000,,0.000000,0.000000,,,,0.048850,"UNDEFINED",0.000000,0.997398,0.000000,,,,,"","",,,,8.702598,,0.000000,,0.000000,,,0.000000,0.000000,"",,,0.000000,,-1.000000,,0.000000,0.000000,-1.000000,-1.000000,,,,,,,,,,,"",,,,,,,,,,"Volumetric",,,,,,,,,,0.000000,,,,,,,,,,0.000000,0.000000,,,,,,,,,,,,
"2FBF3970","Nodes",1118672.250000,1678031.620000,1313.064347,"Default Known Flow Node",69.999969,0.579999,1000.000000,0.000000,"Known Flow",0.000000,0.000000,2.16999993085665e-07,40.000000,0.579999,1000.000000,0.000000,0.000000,13.000000,0.000000,0.515373,0.579999,,,,7.270966,7.270966,,16.800279,,,,,,903.822387,0.066146,0.000000,0.000000,0.000000,,-459.670013,1000.000000,,0.000000,0.000000,,,,0.047052,"UNDEFINED",0.000000,0.997567,0.000000,,,,,"","",,,,7.270966,,0.000000,,0.000000,,,0.000000,0.000000,"",,,0.000000,,-1.000000,,0.000000,0.000000,-1.000000,-1.000000,,,,,,,,,,,"",,,,,,,,,,"Volumetric",,,,,,,,,,0.000000,,,,,,,,,,0.000000,0.000000,,,,,,,,,,,,
"2FBF6198","Nodes",1118653.870000,1677992.370000,1313.064347,"Default Known Flow Node",69.999969,0.579999,1000.000000,0.000000,"Known Flow",0.000000,0.000000,2.16999993085665e-07,40.000000,0.579999,1000.000000,0.000000,0.000000,13.000000,0.000000,0.515372,0.579999,,,,7.251731,7.251731,,16.800279,,,,,,903.822387,0.066146,0.000000,0.000000,0.000000,,-459.670013,1000.000000,,0.000000,0.000000,,,,0.047049,"UNDEFINED",0.000000,0.997567,0.000000,,,,,"","",,,,7.251731,,0.000000,,0.000000,,,0.000000,0.000000,"",,,0.000000,,-1.000000,,0.000000,0.000000,-1.000000,-1.000000,,,,,,,,,,,"",,,,,,,,,,"Volumetric",,,,,,,,,,0.000000,,,,,,,,,,0.000000,0.000000,,,,,,,,,,,,
"2FBF619A","Nodes",1118630.870000,1677991.370000,1313.064347,"Default Known Flow Node",69.999969,0.579999,1000.000000,0.000000,"Known Flow",0.000000,0.000000,2.16999993085665e-07,40.000000,0.579999,1000.000000,0.000000,0.000000,13.000000,0.000000,0.515372,0.579999,,,,7.248054,7.248054,,16.800279,,,,,,903.822387,0.066146,0.000000,0.000000,0.000000,,-459.670013,1000.000000,,0.000000,0.000000,,,,0.047049,"UNDEFINED",0.000000,0.997567,0.000000,,,,,"","",,,,7.248054,,0.000000,,0.000000,,,0.000000,0.000000,"",,,0.000000,,-1.000000,,0.000000,0.000000,-1.000000,-1.000000,,,,,,,,,,,"",,,,,,,,,,"Volumetric",,,,,,,,,,0.000000,,,,,,,,,,0.000000,0.000000,,,,,,,,,,,,
"2FBABC80","Nodes",1118218.620000,1677974.750000,1313.064347,"Default Known Flow Node",69.999969,0.579999,1000.000000,0.000000,"Known Flow",0.000000,0.000000,2.16999993085665e-07,40.000000,0.579999,1000.000000,0.000000,0.000000,13.000000,0.000000,0.515372,0.579999,,,,7.186164,7.186164,,16.800279,,,,,,903.822387,0.066146,0.000000,0.000000,0.000000,,-459.670013,1000.000000,,0.000000,0.000000,,,,0.047042,"UNDEFINED",0.000000,0.997567,0.000000,,,,,"","",,,,7.186164,,0.000000,,0.000000,,,0.000000,0.000000,"",,,0.000000,,-1.000000,,0.000000,0.000000,-1.000000,-1.000000,,,,,,,,,,,"",,,,,,,,,,"Volumetric",,,,,,,,,,0.000000,,,,,,,,,,0.000000,0.000000,,,,,,,,,,,,
"2FBABC7E","Nodes",1118206.870000,1677974.250000,1313.064347,"Default Known Flow Node",69.999969,0.579999,1000.000000,0.000000,"Known Flow",0.000000,0.000000,2.16999993085665e-07,40.000000,0.579999,1000.000000,0.000000,0.000000,13.000000,0.000000,0.515372,0.579999,,,,7.177251,7.177251,,16.800279,,,,,,903.822387,0.066146,0.000000,0.000000,0.000000,,-459.670013,1000.000000,,0.000000,0.000000,,,,0.047041,"UNDEFINED",0.000000,0.997567,0.000000,,,,,"","",,,,7.177251,,0.000000,,0.000000,,,0.000000,0.000000,"",,,0.000000,,-1.000000,,0.000000,0.000000,-1.000000,-1.000000,,,,,,,,,,,"",,,,,,,,,,"Volumetric",,,,,,,,,,0.000000,,,,,,,,,,0.000000,0.000000,,,,,,,,,,,,
"0BEC4828","Nodes",1118913.370000,1669889.750000,1313.064347,"Default Known Flow Node",69.999969,0.579999,1000.000000,0.000000,"Known Flow",0.000000,0.000000,2.16999993085665e-07,40.000000,0.579999,1000.000000,0.000000,0.000000,13.000000,0.000000,0.515368,0.579999,,,,6.474737,6.474737,,16.800279,,,,,,903.822387,0.066147,0.000000,0.000000,0.000000,,-459.670013,1000.000000,,0.000000,0.000000,,,,0.046961,"SETFLOW",0.000000,0.997571,0.000000,,,,,"","",,,,6.474737,,0.000000,,0.000000,,,0.000000,0.000000,"",,,0.000000,,-1.000000,,0.000000,0.000000,-1.000000,-1.000000,,,,,,,,,,,"",,,,,,,,,,"Volumetric",,,,,,,,,,-0.146373,,,,,,,,,,-0.146373,-0.003512,,,,,,,,,,,,
"0BEC4847","Nodes",1118941.370000,1670076.370000,1313.064347,"Default Known Flow Node",69.999969,0.579999,1000.000000,0.000000,"Known Flow",0.000000,0.000000,2.16999993085665e-07,40.000000,0.579999,1000.000000,0.000000,0.000000,13.000000,0.000000,0.515368,0.579999,,,,6.475142,6.475142,,16.800279,,,,,,903.822387,0.066147,0.000000,0.000000,0.000000,,-459.670013,1000.000000,,0.000000,0.000000,,,,0.046961,"SETFLOW",0.000000,0.997571,0.000000,,,,,"","",,,,6.475142,,0.000000,,0.000000,,,0.000000,0.000000,"",,,0.000000,,-1.000000,,0.000000,0.000000,-1.000000,-1.000000,,,,,,,,,,,"",,,,,,,,,,"Volumetric",,,,,,,,,,-0.298704,,,,,,,,,,-0.298704,-0.007168,,,,,,,,,,,,
"2FBF2822","Nodes",1118950.750000,1670085.000000,1313.064347,"Default Known Flow Node",69.999969,0.579999,1000.000000,0.000000,"Known Flow",0.000000,0.000000,2.16999993085665e-07,40.000000,0.579999,1000.000000,0.000000,0.000000,13.000000,0.000000,0.515368,0.579999,,,,6.477025,6.477025,,16.800279,,,,,,903.822387,0.066147,0.000000,0.000000,0.000000,,-459.670013,1000.000000,,0.000000,0.000000,,,,0.046961,"UNDEFINED",0.000000,0.997571,0.000000,,,,,"","",,,,6.477025,,0.000000,,0.000000,,,0.000000,0.000000,"",,,0.000000,,-1.000000,,0.000000,0.000000,-1.000000,-1.000000,,,,,,,,,,,"",,,,,,,,,,"Volumetric",,,,,,,,,,0.000000,,,,,,,,,,0.000000,0.000000,,,,,,,,,,,,
"2FBF3D1D","Nodes",1118452.750000,1671175.620000,1313.064347,"Default Known Flow Node",69.999969,0.579999,1000.000000,0.000000,"Known Flow",0.000000,0.000000,2.16999993085665e-07,40.000000,0.579999,1000.000000,0.000000,0.000000,13.000000,0.000000,0.515369,0.579999,,,,6.543660,6.543660,,16.800279,,,,,,903.822387,0.066147,0.000000,0.000000,0.000000,,-459.670013,1000.000000,,0.000000,0.000000,,,,0.046969,"UNDEFINED",0.000000,0.997571,0.000000,,,,,"","",,,,6.543660,,0.000000,,0.000000,,,0.000000,0.000000,"",,,0.000000,,-1.000000,,0.000000,0.000000,-1.000000,-1.000000,,,,,,,,,,,"",,,,,,,,,,"Volumetric",,,,,,,,,,0.000000,,,,,,,,,,0.000000,0.000000,,,,,,,,,,,,
"2FBE6A0B","Nodes",1119920.500000,1673155.870000,1313.064347,"Default Known Flow Node",69.999969,0.579999,1000.000000,0.000000,"Known Flow",0.000000,0.000000,2.16999993085665e-07,40.000000,0.579999,1000.000000,0.000000,0.000000,13.000000,0.000000,0.515381,0.579999,,,,8.769327,8.769327,,16.800279,,,,,,903.822387,0.066145,0.000000,0.000000,0.000000,,-459.670013,1000.000000,,0.000000,0.000000,,,,0.047222,"UNDEFINED",0.000000,0.997558,0.000000,,,,,"","",,,,8.769327,,0.000000,,0.000000,,,0.000000,0.000000,"",,,0.000000,,-1.000000,,0.000000,0.000000,-1.000000,-1.000000,,,,,,,,,,,"",,,,,,,,,,"Volumetric",,,,,,,,,,0.000000,,,,,,,,,,0.000000,0.000000,,,,,,,,,,,,
"2FBE6A10","Nodes",1119930.250000,1673159.370000,1313.064347,"Default Known Flow Node",69.999969,0.579999,1000.000000,0.000000,"Known Flow",0.000000,0.000000,2.16999993085665e-07,40.000000,0.579999,1000.000000,0.000000,0.000000,13.000000,0.000000,0.515381,0.579999,,,,8.768075,8.768075,,16.800279,,,,,,903.822387,0.066145,0.000000,0.000000,0.000000,,-459.670013,1000.000000,,0.000000,0.000000,,,,0.047222,"UNDEFINED",0.000000,0.997558,0.000000,,,,,"","",,,,8.768075,,0.000000,,0.000000,,,0.000000,0.000000,"",,,0.000000,,-1.000000,,0.000000,0.000000,-1.000000,-1.000000,,,,,,,,,,,"",,,,,,,,,,"Volumetric",,,,,,,,,,0.000000,,,,,,,,,,0.000000,0.000000,,,,,,,,,,,,
"2FBCAAF3","Nodes",1121203.620000,1671530.620000,1313.064347,"Default Known Flow Node",69.999969,0.579999,1000.000000,0.000000,"Known Flow",0.000000,0.000000,2.16999993085665e-07,40.000000,0.579999,1000.000000,0.000000,0.000000,13.000000,0.000000,0.515380,0.579999,,,,8.676531,8.676531,,16.800279,,,,,,903.822387,0.066145,0.000000,0.000000,0.000000,,-459.670013,1000.000000,,0.000000,0.000000,,,,0.047211,"UNDEFINED",0.000000,0.997559,0.000000,,,,,"","",,,,8.676531,,0.000000,,0.000000,,,0.000000,0.000000,"",,,0.000000,,-1.000000,,0.000000,0.000000,-1.000000,-1.000000,,,,,,,,,,,"",,,,,,,,,,"Volumetric",,,,,,,,,,0.000000,,,,,,,,,,0.000000,0.000000,,,,,,,,,,,,
"0BEC52F9","Nodes",1121209.000000,1671534.120000,1290.994423,"Default Known Flow Node",69.999969,0.579999,1000.000000,0.000000,"Known Flow",0.000000,0.000000,2.16999993085665e-07,40.000000,0.579999,1000.000000,0.000000,0.000000,13.000000,0.000000,0.508429,0.600000,,,,8.676015,8.676015,,17.379600,,,,,,905.729919,0.068774,0.000000,0.000000,0.000000,,-459.670013,1000.000000,,0.000000,0.000000,,,,0.048847,"SETFLOW",0.000000,0.997399,0.000000,,,,,"","",,,,8.676015,,0.000000,,0.000000,,,0.000000,0.000000,"",,,0.000000,,-1.000000,,0.000000,0.000000,-1.000000,-1.000000,,,,,,,,,,,"",,,,,,,,,,"Volumetric",,,,,,,,,,-0.010319,,,,,,,,,,-0.010319,-0.000247,,,,,,,,,,,,
"2FBEC733","Nodes",1121668.914058,1671914.742299,1290.994423,"Default Known Flow Node",69.999969,0.600000,1000.000000,0.000000,"Known Flow",0.000000,0.000000,2.16999993085665e-07,40.000000,0.600000,1000.000000,0.000000,0.000000,13.000000,0.000000,0.508429,0.600000,,,,8.593965,8.593965,,17.379600,,,,,,905.729919,0.068774,0.000000,0.000000,0.000000,,-459.670013,1000.000000,,0.000000,0.000000,,,,0.048837,"UNDEFINED",0.000000,0.997399,0.000000,,,,,"","",,,,8.593965,,0.000000,,0.000000,,,0.000000,0.000000,"",,,0.000000,,-1.000000,,0.000000,0.000000,-1.000000,-1.000000,,,,,,,,,,,"",,,,,,,,,,"Volumetric",,,,,,,,,,0.000000,,,,,,,,,,0.000000,0.000000,,,,,,,,,,,,
"2FBE6AEF","Nodes",1121705.120000,1671637.000000,1313.064347,"Default Known Flow Node",69.999969,0.600000,1000.000000,0.000000,"Known Flow",0.000000,0.000000,2.16999993085665e-07,40.000000,0.600000,1000.000000,0.000000,0.000000,13.000000,0.000000,0.515380,0.579999,,,,8.656066,8.656066,,16.800279,,,,,,903.822387,0.066145,0.000000,0.000000,0.000000,,-459.670013,1000.000000,,0.000000,0.000000,,,,0.047209,"UNDEFINED",0.000000,0.997559,0.000000,,,,,"","",,,,8.656066,,0.000000,,0.000000,,,0.000000,0.000000,"",,,0.000000,,-1.000000,,0.000000,0.000000,-1.000000,-1.000000,,,,,,,,,,,"",,,,,,,,,,"Volumetric",,,,,,,,,,0.000000,,,,,,,,,,0.000000,0.000000,,,,,,,,,,,,
"2FBB3A9D","Nodes",1118331.870000,1671653.620000,1313.064347,"Default Known Flow Node",69.999969,0.579999,1000.000000,0.000000,"Known Flow",0.000000,0.000000,2.16999993085665e-07,40.000000,0.579999,1000.000000,0.000000,0.000000,13.000000,0.000000,0.515368,0.579999,,,,6.538311,6.538311,,16.800279,,,,,,903.822387,0.066147,0.000000,0.000000,0.000000,,-459.670013,1000.000000,,0.000000,0.000000,,,,0.046968,"UNDEFINED",0.000000,0.997571,0.000000,,,,,"","",,,,6.538311,,0.000000,,0.000000,,,0.000000,0.000000,"",,,0.000000,,-1.000000,,0.000000,0.000000,-1.000000,-1.000000,,,,,,,,,,,"",,,,,,,,,,"Volumetric",,,,,,,,,,0.000000,,,,,,,,,,0.000000,0.000000,,,,,,,,,,,,
"0BEC4FC0","Nodes",1118242.250000,1671631.250000,1313.064347,"Default Known Flow Node",69.999969,0.579999,1000.000000,0.000000,"Known Flow",0.000000,0.000000,2.16999993085665e-07,40.000000,0.579999,1000.000000,0.000000,0.000000,13.000000,0.000000,0.515368,0.579999,,,,6.541509,6.541509,,16.800279,,,,,,903.822387,0.066147,0.000000,0.000000,0.000000,,-459.670013,1000.000000,,0.000000,0.000000,,,,0.046969,"UNDEFINED",0.000000,0.997571,0.000000,,,,,"","",,,,6.541509,,0.000000,,0.000000,,,0.000000,0.000000,"",,,0.000000,,-1.000000,,0.000000,0.000000,-1.000000,-1.000000,,,,,,,,,,,"",,,,,,,,,,"Volumetric",,,,,,,,,,0.000000,,,,,,,,,,0.000000,0.000000,,,,,,,,,,,,
"0BEC4FA3","Nodes",1117972.370000,1671561.870000,1313.064347,"Default Known Flow Node",69.999969,0.579999,1000.000000,0.000000,"Known Flow",0.000000,0.000000,2.16999993085665e-07,40.000000,0.579999,1000.000000,0.000000,0.000000,13.000000,0.000000,0.515369,0.579999,,,,6.551102,6.551102,,16.800279,,,,,,903.822387,0.066147,0.000000,0.000000,0.000000,,-459.670013,1000.000000,,0.000000,0.000000,,,,0.046970,"SETFLOW",0.000000,0.997571,0.000000,,,,,"","",,,,6.551102,,0.000000,,0.000000,,,0.000000,0.000000,"",,,0.000000,,-1.000000,,0.000000,0.000000,-1.000000,-1.000000,,,,,,,,,,,"",,,,,,,,,,"Volumetric",,,,,,,,,,-0.053115,,,,,,,,,,-0.053115,-0.001274,,,,,,,,,,,,
"2FBB3A99","Nodes",1117978.120000,1671562.370000,1313.064347,"Default Known Flow Node",69.999969,0.579999,1000.000000,0.000000,"Known Flow",0.000000,0.000000,2.16999993085665e-07,40.000000,0.579999,1000.000000,0.000000,0.000000,13.000000,0.000000,0.515369,0.579999,,,,6.550998,6.550998,,16.800279,,,,,,903.822387,0.066147,0.000000,0.000000,0.000000,,-459.670013,1000.000000,,0.000000,0.000000,,,,0.046970,"UNDEFINED",0.000000,0.997571,0.000000,,,,,"","",,,,6.550998,,0.000000,,0.000000,,,0.000000,0.000000,"",,,0.000000,,-1.000000,,0.000000,0.000000,-1.000000,-1.000000,,,,,,,,,,,"",,,,,,,,,,"Volumetric",,,,,,,,,,0.000000,,,,,,,,,,0.000000,0.000000,,,,,,,,,,,,
"2FBB3A95","Nodes",1117960.120000,1671557.620000,1313.064347,"Default Known Flow Node",69.999969,0.579999,1000.000000,0.000000,"Known Flow",0.000000,0.000000,2.16999993085665e-07,40.000000,0.579999,1000.000000,0.000000,0.000000,13.000000,0.000000,0.515369,0.579999,,,,6.561417,6.561417,,16.800279,,,,,,903.822387,0.066147,0.000000,0.000000,0.000000,,-459.670013,1000.000000,,0.000000,0.000000,,,,0.046971,"UNDEFINED",0.000000,0.997571,0.000000,,,,,"","",,,,6.561417,,0.000000,,0.000000,,,0.000000,0.000000,"",,,0.000000,,-1.000000,,0.000000,0.000000,-1.000000,-1.000000,,,,,,,,,,,"",,,,,,,,,,"Volumetric",,,,,,,,,,0.000000,,,,,,,,,,0.000000,0.000000,,,,,,,,,,,,
"2FBE9F5C","Nodes",1117334.120000,1673578.120000,1313.064347,"Default Known Flow Node",69.999969,0.579999,1000.000000,0.000000,"Known Flow",0.000000,0.000000,2.16999993085665e-07,40.000000,0.579999,1000.000000,0.000000,0.000000,13.000000,0.000000,0.515374,0.579999,,,,7.537139,7.537139,,16.800279,,,,,,903.822387,0.066146,0.000000,0.000000,0.000000,,-459.670013,1000.000000,,0.000000,0.000000,,,,0.047082,"UNDEFINED",0.000000,0.997565,0.000000,,,,,"","",,,,7.537139,,0.000000,,0.000000,,,0.000000,0.000000,"",,,0.000000,,-1.000000,,0.000000,0.000000,-1.000000,-1.000000,,,,,,,,,,,"",,,,,,,,,,"Volumetric",,,,,,,,,,0.000000,,,,,,,,,,0.000000,0.000000,,,,,,,,,,,,
"2FBD8950","Nodes",1121163.750000,1671795.620000,1313.064347,"Default Known Flow Node",69.999969,0.579999,1000.000000,0.000000,"Known Flow",0.000000,0.000000,2.16999993085665e-07,40.000000,0.579999,1000.000000,0.000000,0.000000,13.000000,0.000000,0.515380,0.579999,,,,8.676741,8.676741,,16.800279,,,,,,903.822387,0.066145,0.000000,0.000000,0.000000,,-459.670013,1000.000000,,0.000000,0.000000,,,,0.047211,"UNDEFINED",0.000000,0.997559,0.000000,,,,,"","",,,,8.676741,,0.000000,,0.000000,,,0.000000,0.000000,"",,,0.000000,,-1.000000,,0.000000,0.000000,-1.000000,-1.000000,,,,,,,,,,,"",,,,,,,,,,"Volumetric",,,,,,,,,,0.000000,,,,,,,,,,0.000000,0.000000,,,,,,,,,,,,
"2FBD899E","Nodes",1121101.870000,1672067.250000,1311.143192,"Default Known Flow Node",69.999969,0.600000,1000.000000,0.000000,"Known Flow",0.000000,0.000000,2.16999993085665e-07,40.000000,0.600000,1000.000000,0.000000,0.000000,13.000000,0.000000,0.514769,0.581700,,,,8.677019,8.677019,,16.849550,,,,,,903.984619,0.066367,0.000000,0.000000,0.000000,,-459.670013,1000.000000,,0.000000,0.000000,,,,0.047350,"UNDEFINED",0.000000,0.997545,0.000000,,,,,"","",,,,8.677019,,0.000000,,0.000000,,,0.000000,0.000000,"",,,0.000000,,-1.000000,,0.000000,0.000000,-1.000000,-1.000000,,,,,,,,,,,"",,,,,,,,,,"Volumetric",,,,,,,,,,0.000000,,,,,,,,,,0.000000,0.000000,,,,,,,,,,,,
"2FBFC173","Nodes",1121108.750000,1672069.120000,1290.994423,"Default Known Flow Node",69.999969,0.600000,1000.000000,0.000000,"Known Flow",0.000000,0.000000,2.16999993085665e-07,40.000000,0.600000,1000.000000,0.000000,0.000000,13.000000,0.000000,0.508429,0.600000,,,,8.677514,8.677514,,17.379600,,,,,,905.729919,0.068774,0.000000,0.000000,0.000000,,-459.670013,1000.000000,,0.000000,0.000000,,,,0.048847,"UNDEFINED",0.000000,0.997399,0.000000,,,,,"","",,,,8.677514,,0.000000,,0.000000,,,0.000000,0.000000,"",,,0.000000,,-1.000000,,0.000000,0.000000,-1.000000,-1.000000,,,,,,,,,,,"",,,,,,,,,,"Volumetric",,,,,,,,,,0.000000,,,,,,,,,,0.000000,0.000000,,,,,,,,,,,,
"0BEC52DA","Nodes",1120872.870000,1672020.000000,1313.064347,"Default Known Flow Node",69.999969,0.579999,1000.000000,0.000000,"Known Flow",0.000000,0.000000,2.16999993085665e-07,40.000000,0.579999,1000.000000,0.000000,0.000000,13.000000,0.000000,0.515380,0.579999,,,,8.678930,8.678930,,16.800279,,,,,,903.822387,0.066145,0.000000,0.000000,0.000000,,-459.670013,1000.000000,,0.000000,0.000000,,,,0.047212,"SETFLOW",0.000000,0.997559,0.000000,,,,,"","",,,,8.678930,,0.000000,,0.000000,,,0.000000,0.000000,"",,,0.000000,,-1.000000,,0.000000,0.000000,-1.000000,-1.000000,,,,,,,,,,,"",,,,,,,,,,"Volumetric",,,,,,,,,,-0.021498,,,,,,,,,,-0.021498,-0.000515,,,,,,,,,,,,
"0BEC52DB","Nodes",1121068.120000,1672065.120000,1313.064347,"Default Known Flow Node",69.999969,0.579999,1000.000000,0.000000,"Known Flow",0.000000,0.000000,2.16999993085665e-07,40.000000,0.579999,1000.000000,0.000000,0.000000,13.000000,0.000000,0.515380,0.579999,,,,8.677290,8.677290,,16.800279,,,,,,903.822387,0.066145,0.000000,0.000000,0.000000,,-459.670013,1000.000000,,0.000000,0.000000,,,,0.047211,"SETFLOW",0.000000,0.997559,0.000000,,,,,"","",,,,8.677290,,0.000000,,0.000000,,,0.000000,0.000000,"",,,0.000000,,-1.000000,,0.000000,0.000000,-1.000000,-1.000000,,,,,,,,,,,"",,,,,,,,,,"Volumetric",,,,,,,,,,-0.005118,,,,,,,,,,-0.005118,-0.000122,,,,,,,,,,,,
"2FBE9EDB","Nodes",1120878.750000,1672018.120000,1313.064347,"Default Known Flow Node",69.999969,0.600000,1000.000000,0.000000,"Known Flow",0.000000,0.000000,2.16999993085665e-07,40.000000,0.600000,1000.000000,0.000000,0.000000,13.000000,0.000000,0.515380,0.579999,,,,8.678880,8.678880,,16.800279,,,,,,903.822387,0.066145,0.000000,0.000000,0.000000,,-459.670013,1000.000000,,0.000000,0.000000,,,,0.047212,"UNDEFINED",0.000000,0.997559,0.000000,,,,,"","",,,,8.678880,,0.000000,,0.000000,,,0.000000,0.000000,"",,,0.000000,,-1.000000,,0.000000,0.000000,-1.000000,-1.000000,,,,,,,,,,,"",,,,,,,,,,"Volumetric",,,,,,,,,,0.000000,,,,,,,,,,0.000000,0.000000,,,,,,,,,,,,
"2FBFC17E","Nodes",1121078.370000,1672067.500000,1290.994423,"Default Known Flow Node",69.999969,0.600000,1000.000000,0.000000,"Known Flow",0.000000,0.000000,2.16999993085665e-07,40.000000,0.600000,1000.000000,0.000000,0.000000,13.000000,0.000000,0.508429,0.600000,,,,8.677208,8.677208,,17.379600,,,,,,905.729919,0.068774,0.000000,0.000000,0.000000,,-459.670013,1000.000000,,0.000000,0.000000,,,,0.048847,"UNDEFINED",0.000000,0.997399,0.000000,,,,,"","",,,,8.677208,,0.000000,,0.000000,,,0.000000,0.000000,"",,,0.000000,,-1.000000,,0.000000,0.000000,-1.000000,-1.000000,,,,,,,,,,,"",,,,,,,,,,"Volumetric",,,,,,,,,,0.000000,,,,,,,,,,0.000000,0.000000,,,,,,,,,,,,
"2FBFC17C","Nodes",1121099.250000,1672071.750000,1290.994423,"Default Known Flow Node",69.999969,0.600000,1000.000000,0.000000,"Known Flow",0.000000,0.000000,2.16999993085665e-07,40.000000,0.600000,1000.000000,0.000000,0.000000,13.000000,0.000000,0.508429,0.600000,,,,8.677027,8.677027,,17.379600,,,,,,905.729919,0.068774,0.000000,0.000000,0.000000,,-459.670013,1000.000000,,0.000000,0.000000,,,,0.048847,"UNDEFINED",0.000000,0.997399,0.000000,,,,,"","",,,,8.677027,,0.000000,,0.000000,,,0.000000,0.000000,"",,,0.000000,,-1.000000,,0.000000,0.000000,-1.000000,-1.000000,,,,,,,,,,,"",,,,,,,,,,"Volumetric",,,,,,,,,,0.000000,,,,,,,,,,0.000000,0.000000,,,,,,,,,,,,
"2FBD899B","Nodes",1121100.620000,1672072.120000,1312.542781,"Default Known Flow Node",69.999969,0.600000,1000.000000,0.000000,"Known Flow",0.000000,0.000000,2.16999993085665e-07,40.000000,0.600000,1000.000000,0.000000,0.000000,13.000000,0.000000,0.515214,0.580461,,,,8.677024,8.677024,,16.813632,,,,,,903.866333,0.066205,0.000000,0.000000,0.000000,,-459.670013,1000.000000,,0.000000,0.000000,,,,0.047249,"UNDEFINED",0.000000,0.997555,0.000000,,,,,"","",,,,8.677024,,0.000000,,0.000000,,,0.000000,0.000000,"",,,0.000000,,-1.000000,,0.000000,0.000000,-1.000000,-1.000000,,,,,,,,,,,"",,,,,,,,,,"Volumetric",,,,,,,,,,0.000000,,,,,,,,,,0.000000,0.000000,,,,,,,,,,,,
"2FBE6C81","Nodes",1115326.370000,1672776.620000,1313.064347,"Default Known Flow Node",69.999969,0.579999,1000.000000,0.000000,"Known Flow",0.000000,0.000000,2.16999993085665e-07,40.000000,0.579999,1000.000000,0.000000,0.000000,13.000000,0.000000,0.515373,0.579999,,,,7.368574,7.368574,,16.800279,,,,,,903.822387,0.066146,0.000000,0.000000,0.000000,,-459.670013,1000.000000,,0.000000,0.000000,,,,0.047063,"UNDEFINED",0.000000,0.997566,0.000000,,,,,"","",,,,7.368574,,0.000000,,0.000000,,,0.000000,0.000000,"",,,0.000000,,-1.000000,,0.000000,0.000000,-1.000000,-1.000000,,,,,,,,,,,"",,,,,,,,,,"Volumetric",,,,,,,,,,0.000000,,,,,,,,,,0.000000,0.000000,,,,,,,,,,,,
"0BECA68F","Nodes",1117166.417390,1670179.704545,1313.064347,"Default Known Flow Node",69.999969,0.579999,1000.000000,0.000000,"Known Flow",0.000000,0.000000,2.16999993085665e-07,40.000000,0.579999,1000.000000,0.000000,0.000000,13.000000,0.000000,0.515370,0.579999,,,,6.895706,6.895706,,16.800279,,,,,,903.822387,0.066147,0.000000,0.000000,0.000000,,-459.670013,1000.000000,,0.000000,0.000000,,,,0.047009,"UNDEFINED",0.000000,0.997569,0.000000,,,,,"","",,,,6.895706,,0.000000,,0.000000,,,0.000000,0.000000,"",,,0.000000,,-1.000000,,0.000000,0.000000,-1.000000,-1.000000,,,,,,,,,,,"",,,,,,,,,,"Volumetric",,,,,,,,,,0.000000,,,,,,,,,,0.000000,0.000000,,,,,,,,,,,,
"2FBF3C10","Nodes",1117157.775145,1670154.032719,1313.064347,"Default Known Flow Node",69.999969,0.579999,1000.000000,0.000000,"Known Flow",0.000000,0.000000,2.16999993085665e-07,40.000000,0.579999,1000.000000,0.000000,0.000000,13.000000,0.000000,0.515371,0.579999,,,,6.903933,6.903933,,16.800279,,,,,,903.822387,0.066147,0.000000,0.000000,0.000000,,-459.670013,1000.000000,,0.000000,0.000000,,,,0.047010,"UNDEFINED",0.000000,0.997569,0.000000,,,,,"","",,,,6.903933,,0.000000,,0.000000,,,0.000000,0.000000,"",,,0.000000,,-1.000000,,0.000000,0.000000,-1.000000,-1.000000,,,,,,,,,,,"",,,,,,,,,,"Volumetric",,,,,,,,,,0.000000,,,,,,,,,,0.000000,0.000000,,,,,,,,,,,,
"2FB33EB2","Nodes",1117034.750000,1674605.000000,1290.994423,"Default Known Flow Node",69.999969,0.600000,1000.000000,0.000000,"Known Flow",0.000000,0.000000,2.16999993085665e-07,40.000000,0.600000,1000.000000,0.000000,0.000000,13.000000,0.000000,0.508427,0.600000,,,,8.237588,8.237588,,17.379600,,,,,,905.729919,0.068774,0.000000,0.000000,0.000000,,-459.670013,1000.000000,,0.000000,0.000000,,,,0.048796,"UNDEFINED",0.000000,0.997401,0.000000,,,,,"","",,,,8.237588,,0.000000,,0.000000,,,0.000000,0.000000,"",,,0.000000,,-1.000000,,0.000000,0.000000,-1.000000,-1.000000,,,,,,,,,,,"",,,,,,,,,,"Volumetric",,,,,,,,,,0.000000,,,,,,,,,,0.000000,0.000000,,,,,,,,,,,,
"2FB9093D","Nodes",1121182.218468,1674014.367040,1313.064347,"Default Known Flow Node",69.999969,0.579999,1000.000000,0.000000,"Known Flow",0.000000,0.000000,2.16999993085665e-07,40.000000,0.579999,1000.000000,0.000000,0.000000,13.000000,0.000000,0.515380,0.579999,,,,8.652943,8.652943,,16.800279,,,,,,903.822387,0.066145,0.000000,0.000000,0.000000,,-459.670013,1000.000000,,0.000000,0.000000,,,,0.047209,"UNDEFINED",0.000000,0.997559,0.000000,,,,,"","",,,,8.652943,,0.000000,,0.000000,,,0.000000,0.000000,"",,,0.000000,,-1.000000,,0.000000,0.000000,-1.000000,-1.000000,,,,,,,,,,,"",,,,,,,,,,"Volumetric",,,,,,,,,,0.000000,,,,,,,,,,0.000000,0.000000,,,,,,,,,,,,
"2FB24EB3","Nodes",1115654.285476,1678149.611622,1313.064347,"Default Known Flow Node",69.999969,0.579999,1000.000000,0.000000,"Known Flow",0.000000,0.000000,2.16999993085665e-07,40.000000,0.579999,1000.000000,0.000000,0.000000,13.000000,0.000000,0.515378,0.579999,,,,8.298156,8.298156,,16.800279,,,,,,903.822387,0.066146,0.000000,0.000000,0.000000,,-459.670013,1000.000000,,0.000000,0.000000,,,,0.047168,"SETFLOW",0.000000,0.997561,0.000000,,,,,"","",,,,8.298156,,0.000000,,0.000000,,,0.000000,0.000000,"",,,0.000000,,-1.000000,,0.000000,0.000000,-1.000000,-1.000000,,,,,,,,,,,"",,,,,,,,,,"Volumetric",,,,,,,,,,-0.001294,,,,,,,,,,-0.001294,-0.000031,,,,,,,,,,,,
"Q3No15","Nodes",1115653.699216,1678161.578937,1313.064347,"Default Known Flow Node",69.999969,0.579999,1000.000000,0.000000,"Known Flow",0.000000,0.000000,2.16999993085665e-07,40.000000,0.579999,1000.000000,0.000000,0.000000,13.000000,0.000000,0.515378,0.579999,,,,8.301571,8.301571,,16.800279,,,,,,903.822387,0.066146,0.000000,0.000000,0.000000,,-459.670013,1000.000000,,0.000000,0.000000,,,,0.047169,"UNDEFINED",0.000000,0.997561,0.000000,,,,,"","",,,,8.301571,,0.000000,,0.000000,,,0.000000,0.000000,"",,,0.000000,,-1.000000,,0.000000,0.000000,0.000000,-1.000000,,,,,,,,,,,"",,,,,,,,,,"Volumetric",,,,,,,,,,0.000000,,,,,,,,,,0.000000,0.000000,,,,,,,,,,,,
"2FBBC632","Nodes",1115677.779003,1677670.479568,1313.064347,"Default Known Flow Node",69.999969,0.579999,1000.000000,0.000000,"Known Flow",0.000000,0.000000,2.16999993085665e-07,40.000000,0.579999,1000.000000,0.000000,0.000000,13.000000,0.000000,0.515378,0.579999,,,,8.167837,8.167837,,16.800279,,,,,,903.822387,0.066146,0.000000,0.000000,0.000000,,-459.670013,1000.000000,,0.000000,0.000000,,,,0.047154,"UNDEFINED",0.000000,0.997562,0.000000,,,,,"","",,,,8.167837,,0.000000,,0.000000,,,0.000000,0.000000,"",,,0.000000,,-1.000000,,0.000000,0.000000,-1.000000,-1.000000,,,,,,,,,,,"",,,,,,,,,,"Volumetric",,,,,,,,,,0.000000,,,,,,,,,,0.000000,0.000000,,,,,,,,,,,,
"2FBE5F2D","Nodes",1115668.916793,1677877.469064,1313.064347,"Default Known Flow Node",69.999969,0.579999,1000.000000,0.000000,"Known Flow",0.000000,0.000000,2.16999993085665e-07,40.000000,0.579999,1000.000000,0.000000,0.000000,13.000000,0.000000,0.515378,0.579999,,,,8.215283,8.215283,,16.800279,,,,,,903.822387,0.066146,0.000000,0.000000,0.000000,,-459.670013,1000.000000,,0.000000,0.000000,,,,0.047159,"UNDEFINED",0.000000,0.997561,0.000000,,,,,"","",,,,8.215283,,0.000000,,0.000000,,,0.000000,0.000000,"",,,0.000000,"V63554",-1.000000,,0.000000,0.000000,0.000000,-1.000000,,,,,,,,,,,"",,,,,,,,,,"Volumetric",,,,,,,,,,0.000000,,,,,,,,,,0.000000,0.000000,,,,,,,,,,,,
"2FC082E1","Nodes",1115623.358290,1678166.642997,1313.064347,"Default Known Flow Node",69.999969,0.579999,1000.000000,0.000000,"Known Flow",0.000000,0.000000,2.16999993085665e-07,40.000000,0.579999,1000.000000,0.000000,0.000000,13.000000,0.000000,0.515378,0.579999,,,,8.302407,8.302407,,16.800279,,,,,,903.822387,0.066146,0.000000,0.000000,0.000000,,-459.670013,1000.000000,,0.000000,0.000000,,,,0.047169,"UNDEFINED",0.000000,0.997561,0.000000,,,,,"","",,,,8.302407,,0.000000,,0.000000,,,0.000000,0.000000,"",,,0.000000,,-1.000000,,0.000000,0.000000,0.000000,-1.000000,,,,,,,,,,,"",,,,,,,,,,"Volumetric",,,,,,,,,,0.000000,,,,,,,,,,0.000000,0.000000,,,,,,,,,,,,
"2FB1A0BC","Nodes",1115408.620000,1678153.620000,1313.064347,"Default Known Flow Node",69.999969,0.579999,1000.000000,0.000000,"Known Flow",0.000000,0.000000,2.16999993085665e-07,40.000000,0.579999,1000.000000,0.000000,0.000000,13.000000,0.000000,0.515378,0.579999,,,,8.302405,8.302405,,16.800279,,,,,,903.822387,0.066146,0.000000,0.000000,0.000000,,-459.670013,1000.000000,,0.000000,0.000000,,,,0.047169,"SETFLOW",0.000000,0.997561,0.000000,,,,,"","",,,,8.302405,,0.000000,,0.000000,,,0.000000,0.000000,"",,,0.000000,,-1.000000,,0.000000,0.000000,-1.000000,-1.000000,,,,,,,,,,,"",,,,,,,,,,"Volumetric",,,,,,,,,,-0.001375,,,,,,,,,,-0.001375,-0.000033,,,,,,,,,,,,
"Q3No17","Nodes",1115683.248460,1678163.430357,1313.064347,"Default Known Flow Node",69.999969,0.579999,1000.000000,0.000000,"Known Flow",0.000000,0.000000,2.16999993085665e-07,40.000000,0.579999,1000.000000,0.000000,0.000000,13.000000,0.000000,0.515378,0.579999,,,,8.301107,8.301107,,16.800279,,,,,,903.822387,0.066146,0.000000,0.000000,0.000000,,-459.670013,1000.000000,,0.000000,0.000000,,,,0.047169,"UNDEFINED",0.000000,0.997561,0.000000,,,,,"","",,,,8.301107,,0.000000,,0.000000,,,0.000000,0.000000,"",,,0.000000,,-1.000000,,0.000000,0.000000,0.000000,-1.000000,,,,,,,,,,,"",,,,,,,,,,"Volumetric",,,,,,,,,,0.000000,,,,,,,,,,0.000000,0.000000,,,,,,,,,,,,
"2FBBC638","Nodes",1115683.219891,1677653.286300,1313.064347,"Default Known Flow Node",69.999969,0.579999,1000.000000,0.000000,"Known Flow",0.000000,0.000000,2.16999993085665e-07,40.000000,0.579999,1000.000000,0.000000,0.000000,13.000000,0.000000,0.515377,0.579999,,,,8.083260,8.083260,,16.800279,,,,,,903.822387,0.066146,0.000000,0.000000,0.000000,,-459.670013,1000.000000,,0.000000,0.000000,,,,0.047144,"UNDEFINED",0.000000,0.997562,0.000000,,,,,"","",,,,8.083260,,0.000000,,0.000000,,,0.000000,0.000000,"",,,0.000000,"V49292",-1.000000,,0.000000,0.000000,0.000000,-1.000000,,,,,,,,,,,"",,,,,,,,,,"Volumetric",,,,,,,,,,0.000000,,,,,,,,,,0.000000,0.000000,,,,,,,,,,,,
"2FB24889","Nodes",1119685.893752,1678577.546504,1313.064347,"Default Known Flow Node",69.999969,0.579999,1000.000000,0.000000,"Known Flow",0.000000,0.000000,2.16999993085665e-07,40.000000,0.579999,1000.000000,0.000000,0.000000,13.000000,0.000000,0.515372,0.579999,,,,7.180963,7.180963,,16.800279,,,,,,903.822387,0.066146,0.000000,0.000000,0.000000,,-459.670013,1000.000000,,0.000000,0.000000,,,,0.047041,"SETFLOW",0.000000,0.997567,0.000000,,,,,"","",,,,7.180963,,0.000000,,0.000000,,,0.000000,0.000000,"",,,0.000000,,-1.000000,,0.000000,0.000000,-1.000000,-1.000000,,,,,,,,,,,"",,,,,,,,,,"Volumetric",,,,,,,,,,-0.005781,,,,,,,,,,-0.005781,-0.000138,,,,,,,,,,,,
"Q3No36","Nodes",1119669.259215,1678568.812634,1313.064347,"Default Known Flow Node",69.999969,0.579999,1000.000000,0.000000,"Known Flow",0.000000,0.000000,2.16999993085665e-07,40.000000,0.579999,1000.000000,0.000000,0.000000,13.000000,0.000000,0.515372,0.579999,,,,7.181531,7.181531,,16.800279,,,,,,903.822387,0.066146,0.000000,0.000000,0.000000,,-459.670013,1000.000000,,0.000000,0.000000,,,,0.047041,"UNDEFINED",0.000000,0.997567,0.000000,,,,,"","",,,,7.181531,,0.000000,,0.000000,,,0.000000,0.000000,"",,,0.000000,,-1.000000,,0.000000,0.000000,0.000000,-1.000000,,,,,,,,,,,"",,,,,,,,,,"Volumetric",,,,,,,,,,0.000000,,,,,,,,,,0.000000,0.000000,,,,,,,,,,,,
"0BEC50C2","Nodes",1119129.367866,1671554.971493,1313.064347,"Default Known Flow Node",69.999969,0.579999,1000.000000,0.000000,"Known Flow",0.000000,0.000000,2.16999993085665e-07,40.000000,0.579999,1000.000000,0.000000,0.000000,13.000000,0.000000,0.515377,0.579999,,,,8.059345,8.059345,,16.800279,,,,,,903.822387,0.066146,0.000000,0.000000,0.000000,,-459.670013,1000.000000,,0.000000,0.000000,,,,0.047141,"SETFLOW",0.000000,0.997562,0.000000,,,,,"","",,,,8.059345,,0.000000,,0.000000,,,0.000000,0.000000,"",,,0.000000,,-1.000000,,0.000000,0.000000,-1.000000,-1.000000,,,,,,,,,,,"",,,,,,,,,,"Volumetric",,,,,,,,,,-0.054997,,,,,,,,,,-0.054997,-0.001319,,,,,,,,,,,,
"2FC07B03","Nodes",1116244.883481,1674170.721378,1313.064347,"Default Known Flow Node",69.999969,0.579999,1000.000000,0.000000,"Known Flow",0.000000,0.000000,2.16999993085665e-07,40.000000,0.579999,1000.000000,0.000000,0.000000,13.000000,0.000000,0.515384,0.579999,,,,9.251479,9.251479,,16.800279,,,,,,903.822387,0.066145,0.000000,0.000000,0.000000,,-459.670013,1000.000000,,0.000000,0.000000,,,,0.047277,"UNDEFINED",0.000000,0.997555,0.000000,,,,,"","",,,,9.251479,,0.000000,,0.000000,,,0.000000,0.000000,"",,,0.000000,,-1.000000,,0.000000,0.000000,0.000000,-1.000000,,,,,,,,,,,"",,,,,,,,,,"Volumetric",,,,,,,,,,0.000000,,,,,,,,,,0.000000,0.000000,,,,,,,,,,,,
"2FBA7C69","Nodes",1116060.525261,1674931.477845,1313.064347,"Default Known Flow Node",69.999969,0.579999,1000.000000,0.000000,"Known Flow",0.000000,0.000000,2.16999993085665e-07,40.000000,0.579999,1000.000000,0.000000,0.000000,13.000000,0.000000,0.515383,0.579999,,,,9.079143,9.079143,,16.800279,,,,,,903.822387,0.066145,0.000000,0.000000,0.000000,,-459.670013,1000.000000,,0.000000,0.000000,,,,0.047257,"UNDEFINED",0.000000,0.997556,0.000000,,,,,"","",,,,9.079143,,0.000000,,0.000000,,,0.000000,0.000000,"",,,0.000000,"V20600",-1.000000,,0.000000,0.000000,-1.000000,-1.000000,,,,,,,,,,,"",,,,,,,,,,"Volumetric",,,,,,,,,,0.000000,,,,,,,,,,0.000000,0.000000,,,,,,,,,,,,
"2FBB8E25","Nodes",1116076.581123,1674862.960269,1313.064347,"Default Known Flow Node",69.999969,0.579999,1000.000000,0.000000,"Known Flow",0.000000,0.000000,2.16999993085665e-07,40.000000,0.579999,1000.000000,0.000000,0.000000,13.000000,0.000000,0.515384,0.579999,,,,9.400928,9.400928,,16.800279,,,,,,903.822387,0.066145,0.000000,0.000000,0.000000,,-459.670013,1000.000000,,0.000000,0.000000,,,,0.047294,"UNDEFINED",0.000000,0.997554,0.000000,,,,,"","",,,,9.400928,,0.000000,,0.000000,,,0.000000,0.000000,"",,,0.000000,"V20599",-1.000000,,0.000000,0.000000,-1.000000,-1.000000,,,,,,,,,,,"",,,,,,,,,,"Volumetric",,,,,,,,,,0.000000,,,,,,,,,,0.000000,0.000000,,,,,,,,,,,,
"2FBA7C5E","Nodes",1116054.543609,1674954.040564,1313.064347,"Default Known Flow Node",69.999969,0.579999,1000.000000,0.000000,"Known Flow",0.000000,0.000000,2.16999993085665e-07,40.000000,0.579999,1000.000000,0.000000,0.000000,13.000000,0.000000,0.515382,0.579999,,,,8.970532,8.970532,,16.800279,,,,,,903.822387,0.066145,0.000000,0.000000,0.000000,,-459.670013,1000.000000,,0.000000,0.000000,,,,0.047245,"UNDEFINED",0.000000,0.997557,0.000000,,,,,"","",,,,8.970532,,0.000000,,0.000000,,,0.000000,0.000000,"",,,0.000000,,-1.000000,,0.000000,0.000000,0.000000,-1.000000,,,,,,,,,,,"",,,,,,,,,,"Volumetric",,,,,,,,,,0.000000,,,,,,,,,,0.000000,0.000000,,,,,,,,,,,,
"Q3No60","Nodes",1115905.973899,1675834.132827,1313.064347,"Default Known Flow Node",69.999969,0.579999,1000.000000,0.000000,"Known Flow",0.000000,0.000000,2.16999993085665e-07,40.000000,0.579999,1000.000000,0.000000,0.000000,13.000000,0.000000,0.515374,0.579999,,,,7.594103,7.594103,,16.800279,,,,,,903.822387,0.066146,0.000000,0.000000,0.000000,,-459.670013,1000.000000,,0.000000,0.000000,,,,0.047088,"UNDEFINED",0.000000,0.997565,0.000000,,,,,"","",,,,7.594103,,0.000000,,0.000000,,,0.000000,0.000000,"",,,0.000000,"V66921",-1.000000,,0.000000,0.000000,0.000000,-1.000000,,,,,,,,,,,"",,,,,,,,,,"Volumetric",,,,,,,,,,0.000000,,,,,,,,,,0.000000,0.000000,,,,,,,,,,,,
"Q3No103","Nodes",1118410.681491,1674125.128132,1313.064347,"Default Known Flow Node",69.999969,0.579999,1000.000000,0.000000,"Known Flow",0.000000,0.000000,2.16999993085665e-07,40.000000,0.579999,1000.000000,0.000000,0.000000,13.000000,0.000000,0.515380,0.579999,,,,8.699635,8.699635,,16.800279,,,,,,903.822387,0.066145,0.000000,0.000000,0.000000,,-459.670013,1000.000000,,0.000000,0.000000,,,,0.047214,"UNDEFINED",0.000000,0.997558,0.000000,,,,,"","",,,,8.699635,,0.000000,,0.000000,,,0.000000,0.000000,"",,,0.000000,,-1.000000,,0.000000,0.000000,0.000000,-1.000000,,,,,,,,,,,"",,,,,,,,,,"Volumetric",,,,,,,,,,0.000000,,,,,,,,,,0.000000,0.000000,,,,,,,,,,,,
"Q3No104","Nodes",1118636.253577,1674180.781701,1313.064347,"Default Known Flow Node",69.999969,0.579999,1000.000000,0.000000,"Known Flow",0.000000,0.000000,2.16999993085665e-07,40.000000,0.579999,1000.000000,0.000000,0.000000,13.000000,0.000000,0.515381,0.579999,,,,8.736250,8.736250,,16.800279,,,,,,903.822387,0.066145,0.000000,0.000000,0.000000,,-459.670013,1000.000000,,0.000000,0.000000,,,,0.047218,"UNDEFINED",0.000000,0.997558,0.000000,,,,,"","",,,,8.736250,,0.000000,,0.000000,,,0.000000,0.000000,"",,,0.000000,,-1.000000,,0.000000,0.000000,0.000000,-1.000000,,,,,,,,,,,"",,,,,,,,,,"Volumetric",,,,,,,,,,0.000000,,,,,,,,,,0.000000,0.000000,,,,,,,,,,,,
"0BEC5131","Nodes",1118375.369863,1674227.770891,1313.064347,"Default Known Flow Node",69.999969,0.579999,1000.000000,0.000000,"Known Flow",0.000000,0.000000,2.16999993085665e-07,40.000000,0.579999,1000.000000,0.000000,0.000000,13.000000,0.000000,0.515380,0.579999,,,,8.691380,8.691380,,16.800279,,,,,,903.822387,0.066145,0.000000,0.000000,0.000000,,-459.670013,1000.000000,,0.000000,0.000000,,,,0.047213,"SETFLOW",0.000000,0.997558,0.000000,,,,,"","",,,,8.691380,,0.000000,,0.000000,,,0.000000,0.000000,"",,,0.000000,,-1.000000,,0.000000,0.000000,-1.000000,-1.000000,,,,,,,,,,,"",,,,,,,,,,"Volumetric",,,,,,,,,,-0.013103,,,,,,,,,,-0.013103,-0.000314,,,,,,,,,,,,
"0BEC5E12","Nodes",1118332.000000,1674376.370000,1313.064347,"Default Known Flow Node",69.999969,0.579999,1000.000000,0.000000,"Known Flow",0.000000,0.000000,2.16999993085665e-07,40.000000,0.579999,1000.000000,0.000000,0.000000,13.000000,0.000000,0.515380,0.579999,,,,8.681701,8.681701,,16.800279,,,,,,903.822387,0.066145,0.000000,0.000000,0.000000,,-459.670013,1000.000000,,0.000000,0.000000,,,,0.047212,"UNDEFINED",0.000000,0.997559,0.000000,,,,,"","",,,,8.681701,,0.000000,,0.000000,,,0.000000,0.000000,"",,,0.000000,,-1.000000,,0.000000,0.000000,-1.000000,-1.000000,,,,,,,,,,,"",,,,,,,,,,"Volumetric",,,,,,,,,,0.000000,,,,,,,,,,0.000000,0.000000,,,,,,,,,,,,
"Q3No141","Nodes",1119570.371467,1674496.966970,1313.064347,"Default Known Flow Node",69.999969,0.579999,1000.000000,0.000000,"Known Flow",0.000000,0.000000,2.16999993085665e-07,40.000000,0.579999,1000.000000,0.000000,0.000000,13.000000,0.000000,0.515381,0.579999,,,,8.872101,8.872101,,16.800279,,,,,,903.822387,0.066145,0.000000,0.000000,0.000000,,-459.670013,1000.000000,,0.000000,0.000000,,,,0.047234,"UNDEFINED",0.000000,0.997557,0.000000,,,,,"","",,,,8.872101,,0.000000,,0.000000,,,0.000000,0.000000,"",,,0.000000,,-1.000000,,0.000000,0.000000,0.000000,-1.000000,,,,,,,,,,,"",,,,,,,,,,"Volumetric",,,,,,,,,,0.000000,,,,,,,,,,0.000000,0.000000,,,,,,,,,,,,
"0BEC44DF","Nodes",1114964.397934,1667880.078933,1313.064347,"Default Known Flow Node",69.999969,0.579999,1000.000000,0.000000,"Known Flow",0.000000,0.000000,2.16999993085665e-07,40.000000,0.579999,1000.000000,0.000000,0.000000,13.000000,0.000000,0.515377,0.579999,,,,8.046268,8.046268,,16.800279,,,,,,903.822387,0.066146,0.000000,0.000000,0.000000,,-459.670013,1000.000000,,0.000000,0.000000,,,,0.047140,"SETFLOW",0.000000,0.997562,0.000000,,,,,"","",,,,8.046268,,0.000000,,0.000000,,,0.000000,0.000000,"",,,0.000000,,-1.000000,,0.000000,0.000000,-1.000000,-1.000000,,,,,,,,,,,"",,,,,,,,,,"Volumetric",,,,,,,,,,-0.047338,,,,,,,,,,-0.047338,-0.001136,,,,,,,,,,,,
"Q3No143","Nodes",1115318.926789,1668423.711139,1313.064347,"Default Known Flow Node",69.999969,0.579999,1000.000000,0.000000,"Known Flow",0.000000,0.000000,2.16999993085665e-07,40.000000,0.579999,1000.000000,0.000000,0.000000,13.000000,0.000000,0.515377,0.579999,,,,8.046646,8.046646,,16.800279,,,,,,903.822387,0.066146,0.000000,0.000000,0.000000,,-459.670013,1000.000000,,0.000000,0.000000,,,,0.047140,"UNDEFINED",0.000000,0.997562,0.000000,,,,,"","",,,,8.046646,,0.000000,,0.000000,,,0.000000,0.000000,"",,,0.000000,,-1.000000,,0.000000,0.000000,0.000000,-1.000000,,,,,,,,,,,"",,,,,,,,,,"Volumetric",,,,,,,,,,0.000000,,,,,,,,,,0.000000,0.000000,,,,,,,,,,,,
"2FC08EFC","Nodes",1120945.607331,1672870.416098,1313.064347,"Default Known Flow Node",69.999969,0.579999,1000.000000,0.000000,"Known Flow",0.000000,0.000000,2.16999993085665e-07,40.000000,0.579999,1000.000000,0.000000,0.000000,13.000000,0.000000,0.515381,0.579999,,,,8.703507,8.703507,,16.800279,,,,,,903.822387,0.066145,0.000000,0.000000,0.000000,,-459.670013,1000.000000,,0.000000,0.000000,,,,0.047214,"UNDEFINED",0.000000,0.997558,0.000000,,,,,"","",,,,8.703507,,0.000000,,0.000000,,,0.000000,0.000000,"",,,0.000000,"V65353",-1.000000,,0.000000,0.000000,0.000000,-1.000000,,,,,,,,,,,"",,,,,,,,,,"Volumetric",,,,,,,,,,0.000000,,,,,,,,,,0.000000,0.000000,,,,,,,,,,,,
"2FC08ECE","Nodes",1120943.680857,1672869.905665,1313.064347,"Default Known Flow Node",69.999969,0.579999,1000.000000,0.000000,"Known Flow",0.000000,0.000000,2.16999993085665e-07,40.000000,0.579999,1000.000000,0.000000,0.000000,13.000000,0.000000,0.515381,0.579999,,,,8.703541,8.703541,,16.800279,,,,,,903.822387,0.066145,0.000000,0.000000,0.000000,,-459.670013,1000.000000,,0.000000,0.000000,,,,0.047214,"UNDEFINED",0.000000,0.997558,0.000000,,,,,"","",,,,8.703541,,0.000000,,0.000000,,,0.000000,0.000000,"",,,0.000000,,-1.000000,,0.000000,0.000000,0.000000,-1.000000,,,,,,,,,,,"",,,,,,,,,,"Volumetric",,,,,,,,,,0.000000,,,,,,,,,,0.000000,0.000000,,,,,,,,,,,,
"Q3No148","Nodes",1120078.217170,1676407.169112,1313.064347,"Default Known Flow Node",69.999969,0.579999,1000.000000,0.000000,"Known Flow",0.000000,0.000000,2.16999993085665e-07,40.000000,0.579999,1000.000000,0.000000,0.000000,13.000000,0.000000,0.515374,0.579999,,,,7.521314,7.521314,,16.800279,,,,,,903.822387,0.066146,0.000000,0.000000,0.000000,,-459.670013,1000.000000,,0.000000,0.000000,,,,0.047080,"UNDEFINED",0.000000,0.997565,0.000000,,,,,"","",,,,7.521314,,0.000000,,0.000000,,,0.000000,0.000000,"",,,0.000000,,-1.000000,,0.000000,0.000000,0.000000,-1.000000,,,,,,,,,,,"",,,,,,,,,,"Volumetric",,,,,,,,,,0.000000,,,,,,,,,,0.000000,0.000000,,,,,,,,,,,,
"Q3No152","Nodes",1120525.061698,1676564.264423,1313.064347,"Default Known Flow Node",69.999969,0.579999,1000.000000,0.000000,"Known Flow",0.000000,0.000000,2.16999993085665e-07,40.000000,0.579999,1000.000000,0.000000,0.000000,13.000000,0.000000,0.515374,0.579999,,,,7.581265,7.581265,,16.800279,,,,,,903.822387,0.066146,0.000000,0.000000,0.000000,,-459.670013,1000.000000,,0.000000,0.000000,,,,0.047087,"UNDEFINED",0.000000,0.997565,0.000000,,,,,"","",,,,7.581265,,0.000000,,0.000000,,,0.000000,0.000000,"",,,0.000000,,-1.000000,,0.000000,0.000000,0.000000,-1.000000,,,,,,,,,,,"",,,,,,,,,,"Volumetric",,,,,,,,,,0.000000,,,,,,,,,,0.000000,0.000000,,,,,,,,,,,,
"2FC094AA","Nodes",1120074.215645,1672105.802406,1313.064347,"Default Known Flow Node",69.999969,0.579999,1000.000000,0.000000,"Known Flow",0.000000,0.000000,2.16999993085665e-07,40.000000,0.579999,1000.000000,0.000000,0.000000,13.000000,0.000000,0.515380,0.579999,,,,8.691836,8.691836,,16.800279,,,,,,903.822387,0.066145,0.000000,0.000000,0.000000,,-459.670013,1000.000000,,0.000000,0.000000,,,,0.047213,"UNDEFINED",0.000000,0.997558,0.000000,,,,,"","",,,,8.691836,,0.000000,,0.000000,,,0.000000,0.000000,"",,,0.000000,"V66756",-1.000000,,0.000000,0.000000,0.000000,-1.000000,,,,,,,,,,,"",,,,,,,,,,"Volumetric",,,,,,,,,,0.000000,,,,,,,,,,0.000000,0.000000,,,,,,,,,,,,
"Q3No155","Nodes",1119450.785067,1671719.022884,1313.064347,"Default Known Flow Node",69.999969,0.579999,1000.000000,0.000000,"Known Flow",0.000000,0.000000,2.16999993085665e-07,40.000000,0.579999,1000.000000,0.000000,0.000000,13.000000,0.000000,0.515377,0.579999,,,,8.146158,8.146158,,16.800279,,,,,,903.822387,0.066146,0.000000,0.000000,0.000000,,-459.670013,1000.000000,,0.000000,0.000000,,,,0.047151,"UNDEFINED",0.000000,0.997562,0.000000,,,,,"","",,,,8.146158,,0.000000,,0.000000,,,0.000000,0.000000,"",,,0.000000,,-1.000000,,0.000000,0.000000,0.000000,-1.000000,,,,,,,,,,,"",,,,,,,,,,"Volumetric",,,,,,,,,,0.000000,,,,,,,,,,0.000000,0.000000,,,,,,,,,,,,
"0BEC5286","Nodes",1121051.648473,1670108.973830,1313.064347,"Default Known Flow Node",69.999969,0.579999,1000.000000,0.000000,"Known Flow",0.000000,0.000000,2.16999993085665e-07,40.000000,0.579999,1000.000000,0.000000,0.000000,13.000000,0.000000,0.515380,0.579999,,,,8.620183,8.620183,,16.800279,,,,,,903.822387,0.066145,0.000000,0.000000,0.000000,,-459.670013,1000.000000,,0.000000,0.000000,,,,0.047205,"SETFLOW",0.000000,0.997559,0.000000,,,,,"","",,,,8.620183,,0.000000,,0.000000,,,0.000000,0.000000,"",,,0.000000,,-1.000000,,0.000000,0.000000,-1.000000,-1.000000,,,,,,,,,,,"",,,,,,,,,,"Volumetric",,,,,,,,,,-0.007094,,,,,,,,,,-0.007094,-0.000170,,,,,,,,,,,,
"Q3No189","Nodes",1121939.524904,1670280.925287,1313.064347,"Default Known Flow Node",69.999969,0.579999,1000.000000,0.000000,"Known Flow",0.000000,0.000000,2.16999993085665e-07,40.000000,0.579999,1000.000000,0.000000,0.000000,13.000000,0.000000,0.515380,0.579999,,,,8.651681,8.651681,,16.800279,,,,,,903.822387,0.066145,0.000000,0.000000,0.000000,,-459.670013,1000.000000,,0.000000,0.000000,,,,0.047208,"UNDEFINED",0.000000,0.997559,0.000000,,,,,"","",,,,8.651681,,0.000000,,0.000000,,,0.000000,0.000000,"",,,0.000000,,-1.000000,,0.000000,0.000000,0.000000,-1.000000,,,,,,,,,,,"",,,,,,,,,,"Volumetric",,,,,,,,,,0.000000,,,,,,,,,,0.000000,0.000000,,,,,,,,,,,,
"Q3No198","Nodes",1120685.672788,1670059.995675,1313.064347,"Default Known Flow Node",69.999969,0.579999,1000.000000,0.000000,"Known Flow",0.000000,0.000000,2.16999993085665e-07,40.000000,0.579999,1000.000000,0.000000,0.000000,13.000000,0.000000,0.515380,0.579999,,,,8.615587,8.615587,,16.800279,,,,,,903.822387,0.066145,0.000000,0.000000,0.000000,,-459.670013,1000.000000,,0.000000,0.000000,,,,0.047204,"UNDEFINED",0.000000,0.997559,0.000000,,,,,"","",,,,8.615587,,0.000000,,0.000000,,,0.000000,0.000000,"",,,0.000000,,-1.000000,,0.000000,0.000000,0.000000,-1.000000,,,,,,,,,,,"",,,,,,,,,,"Volumetric",,,,,,,,,,0.000000,,,,,,,,,,0.000000,0.000000,,,,,,,,,,,,
"Q3No207","Nodes",1117166.903173,1670182.714642,1313.064347,"Default Known Flow Node",69.999969,0.579999,1000.000000,0.000000,"Known Flow",0.000000,0.000000,2.16999993085665e-07,40.000000,0.579999,1000.000000,0.000000,0.000000,13.000000,0.000000,0.515370,0.579999,,,,6.894757,6.894757,,16.800279,,,,,,903.822387,0.066147,0.000000,0.000000,0.000000,,-459.670013,1000.000000,,0.000000,0.000000,,,,0.047009,"UNDEFINED",0.000000,0.997569,0.000000,,,,,"","",,,,6.894757,,0.000000,,0.000000,,,0.000000,0.000000,"",,,0.000000,,-1.000000,,0.000000,0.000000,0.000000,-1.000000,,,,,,,,,,,"",,,,,,,,,,"Volumetric",,,,,,,,,,0.000000,,,,,,,,,,0.000000,0.000000,,,,,,,,,,,,
"Q3No215","Nodes",1117378.466335,1669899.271405,1313.064347,"Default Known Flow Node",69.999969,0.579999,1000.000000,0.000000,"Known Flow",0.000000,0.000000,2.16999993085665e-07,40.000000,0.579999,1000.000000,0.000000,0.000000,13.000000,0.000000,0.515370,0.579999,,,,6.819307,6.819307,,16.800279,,,,,,903.822387,0.066147,0.000000,0.000000,0.000000,,-459.670013,1000.000000,,0.000000,0.000000,,,,0.047000,"UNDEFINED",0.000000,0.997569,0.000000,,,,,"","",,,,6.819307,,0.000000,,0.000000,,,0.000000,0.000000,"",,,0.000000,,-1.000000,,0.000000,0.000000,0.000000,-1.000000,,,,,,,,,,,"",,,,,,,,,,"Volumetric",,,,,,,,,,0.000000,,,,,,,,,,0.000000,0.000000,,,,,,,,,,,,
"Q3No224","Nodes",1117790.420491,1670739.474737,1313.064347,"Default Known Flow Node",69.999969,0.579999,1000.000000,0.000000,"Known Flow",0.000000,0.000000,2.16999993085665e-07,40.000000,0.579999,1000.000000,0.000000,0.000000,13.000000,0.000000,0.515369,0.579999,,,,6.614246,6.614246,,16.800279,,,,,,903.822387,0.066147,0.000000,0.000000,0.000000,,-459.670013,1000.000000,,0.000000,0.000000,,,,0.046977,"UNDEFINED",0.000000,0.997571,0.000000,,,,,"","",,,,6.614246,,0.000000,,0.000000,,,0.000000,0.000000,"",,,0.000000,,-1.000000,,0.000000,0.000000,0.000000,-1.000000,,,,,,,,,,,"",,,,,,,,,,"Volumetric",,,,,,,,,,0.000000,,,,,,,,,,0.000000,0.000000,,,,,,,,,,,,
"Q3No232","Nodes",1119147.594407,1676498.501397,1313.064347,"Default Known Flow Node",69.999969,0.579999,1000.000000,0.000000,"Known Flow",0.000000,0.000000,2.16999993085665e-07,40.000000,0.579999,1000.000000,0.000000,0.000000,13.000000,0.000000,0.515374,0.579999,,,,7.509142,7.509142,,16.800279,,,,,,903.822387,0.066146,0.000000,0.000000,0.000000,,-459.670013,1000.000000,,0.000000,0.000000,,,,0.047079,"UNDEFINED",0.000000,0.997565,0.000000,,,,,"","",,,,7.509142,,0.000000,,0.000000,,,0.000000,0.000000,"",,,0.000000,,-1.000000,,0.000000,0.000000,0.000000,-1.000000,,,,,,,,,,,"",,,,,,,,,,"Volumetric",,,,,,,,,,0.000000,,,,,,,,,,0.000000,0.000000,,,,,,,,,,,,
"0BEC5E6B","Nodes",1119144.698351,1676497.718970,1313.064347,"Default Known Flow Node",69.999969,0.579999,1000.000000,0.000000,"Known Flow",0.000000,0.000000,2.16999993085665e-07,40.000000,0.579999,1000.000000,0.000000,0.000000,13.000000,0.000000,0.515374,0.579999,,,,7.509295,7.509295,,16.800279,,,,,,903.822387,0.066146,0.000000,0.000000,0.000000,,-459.670013,1000.000000,,0.000000,0.000000,,,,0.047079,"UNDEFINED",0.000000,0.997565,0.000000,,,,,"","",,,,7.509295,,0.000000,,0.000000,,,0.000000,0.000000,"",,,0.000000,,-1.000000,,0.000000,0.000000,-1.000000,-1.000000,,,,,,,,,,,"",,,,,,,,,,"Volumetric",,,,,,,,,,0.000000,,,,,,,,,,0.000000,0.000000,,,,,,,,,,,,
"Q3No203","Nodes",1119112.309267,1676499.073148,1313.064347,"Default Known Flow Node",69.999969,0.579999,1000.000000,0.000000,"Known Flow",0.000000,0.000000,2.16999993085665e-07,40.000000,0.579999,1000.000000,0.000000,0.000000,13.000000,0.000000,0.515374,0.579999,,,,7.521077,7.521077,,16.800279,,,,,,903.822387,0.066146,0.000000,0.000000,0.000000,,-459.670013,1000.000000,,0.000000,0.000000,,,,0.047080,"UNDEFINED",0.000000,0.997565,0.000000,,,,,"","",,,,7.521077,,0.000000,,0.000000,,,0.000000,0.000000,"",,,0.000000,,-1.000000,,0.000000,0.000000,0.000000,-1.000000,,,,,,,,,,,"",,,,,,,,,,"Volumetric",,,,,,,,,,0.000000,,,,,,,,,,0.000000,0.000000,,,,,,,,,,,,
"2FB14ABE","Nodes",1119963.417862,1676913.598997,1313.064347,"Default Known Flow Node",69.999969,0.579999,1000.000000,0.000000,"Known Flow",0.000000,0.000000,2.16999993085665e-07,40.000000,0.579999,1000.000000,0.000000,0.000000,13.000000,0.000000,0.515374,0.579999,,,,7.436196,7.436196,,16.800279,,,,,,903.822387,0.066146,0.000000,0.000000,0.000000,,-459.670013,1000.000000,,0.000000,0.000000,,,,0.047070,"UNDEFINED",0.000000,0.997566,0.000000,,,,,"","",,,,7.436196,,0.000000,,0.000000,,,0.000000,0.000000,"",,,0.000000,,-1.000000,,0.000000,0.000000,-1.000000,-1.000000,,,,,,,,,,,"",,,,,,,,,,"Volumetric",,,,,,,,,,0.000000,,,,,,,,,,0.000000,0.000000,,,,,,,,,,,,
"Q3No236","Nodes",1120008.689288,1676719.259295,1313.064347,"Default Known Flow Node",69.999969,0.579999,1000.000000,0.000000,"Known Flow",0.000000,0.000000,2.16999993085665e-07,40.000000,0.579999,1000.000000,0.000000,0.000000,13.000000,0.000000,0.515374,0.579999,,,,7.461759,7.461759,,16.800279,,,,,,903.822387,0.066146,0.000000,0.000000,0.000000,,-459.670013,1000.000000,,0.000000,0.000000,,,,0.047073,"UNDEFINED",0.000000,0.997566,0.000000,,,,,"","",,,,7.461759,,0.000000,,0.000000,,,0.000000,0.000000,"",,,0.000000,,-1.000000,,0.000000,0.000000,0.000000,-1.000000,,,,,,,,,,,"",,,,,,,,,,"Volumetric",,,,,,,,,,0.000000,,,,,,,,,,0.000000,0.000000,,,,,,,,,,,,
"Q3No235","Nodes",1120019.136185,1676673.405715,1313.064347,"Default Known Flow Node",69.999969,0.579999,1000.000000,0.000000,"Known Flow",0.000000,0.000000,2.16999993085665e-07,40.000000,0.579999,1000.000000,0.000000,0.000000,13.000000,0.000000,0.515374,0.579999,,,,7.464687,7.464687,,16.800279,,,,,,903.822387,0.066146,0.000000,0.000000,0.000000,,-459.670013,1000.000000,,0.000000,0.000000,,,,0.047074,"UNDEFINED",0.000000,0.997566,0.000000,,,,,"","",,,,7.464687,,0.000000,,0.000000,,,0.000000,0.000000,"",,,0.000000,,-1.000000,,0.000000,0.000000,0.000000,-1.000000,,,,,,,,,,,"",,,,,,,,,,"Volumetric",,,,,,,,,,0.000000,,,,,,,,,,0.000000,0.000000,,,,,,,,,,,,
"Q3No261","Nodes",1120075.307640,1676721.863280,1313.064347,"Default Known Flow Node",69.999969,0.579999,1000.000000,0.000000,"Known Flow",0.000000,0.000000,2.16999993085665e-07,40.000000,0.579999,1000.000000,0.000000,0.000000,13.000000,0.000000,0.515374,0.579999,,,,7.463357,7.463357,,16.800279,,,,,,903.822387,0.066146,0.000000,0.000000,0.000000,,-459.670013,1000.000000,,0.000000,0.000000,,,,0.047073,"SETFLOW",0.000000,0.997566,0.000000,,,,,"","",,,,7.463357,,0.000000,,0.000000,,,0.000000,0.000000,"",,,0.000000,,-1.000000,,0.000000,0.000000,0.000000,-1.000000,,,,,,,,,,,"",,,,,,,,,,"Volumetric",,,,,,,,,,-0.004492,,,,,,,,,,-0.004492,-0.000107,,,,,,,,,,,,
"Q3No262","Nodes",1120475.134216,1676814.643056,1313.064347,"Default Known Flow Node",69.999969,0.579999,1000.000000,0.000000,"Known Flow",0.000000,0.000000,2.16999993085665e-07,40.000000,0.579999,1000.000000,0.000000,0.000000,13.000000,0.000000,0.515374,0.579999,,,,7.462762,7.462762,,16.800279,,,,,,903.822387,0.066146,0.000000,0.000000,0.000000,,-459.670013,1000.000000,,0.000000,0.000000,,,,0.047073,"UNDEFINED",0.000000,0.997566,0.000000,,,,,"","",,,,7.462762,,0.000000,,0.000000,,,0.000000,0.000000,"",,,0.000000,,-1.000000,,0.000000,0.000000,0.000000,-1.000000,,,,,,,,,,,"",,,,,,,,,,"Volumetric",,,,,,,,,,0.000000,,,,,,,,,,0.000000,0.000000,,,,,,,,,,,,
"Q3No241","Nodes",1119950.215093,1676967.447150,1313.064347,"Default Known Flow Node",69.999969,0.579999,1000.000000,0.000000,"Known Flow",0.000000,0.000000,2.16999993085665e-07,40.000000,0.579999,1000.000000,0.000000,0.000000,13.000000,0.000000,0.515373,0.579999,,,,7.429339,7.429339,,16.800279,,,,,,903.822387,0.066146,0.000000,0.000000,0.000000,,-459.670013,1000.000000,,0.000000,0.000000,,,,0.047070,"UNDEFINED",0.000000,0.997566,0.000000,,,,,"","",,,,7.429339,,0.000000,,0.000000,,,0.000000,0.000000,"",,,0.000000,,-1.000000,,0.000000,0.000000,0.000000,-1.000000,,,,,,,,,,,"",,,,,,,,,,"Volumetric",,,,,,,,,,0.000000,,,,,,,,,,0.000000,0.000000,,,,,,,,,,,,
"2FAF5E0D","Nodes",1119834.866117,1677459.894703,1313.064347,"Default Known Flow Node",69.999969,0.579999,1000.000000,0.000000,"Known Flow",0.000000,0.000000,2.16999993085665e-07,40.000000,0.579999,1000.000000,0.000000,0.000000,13.000000,0.000000,0.515373,0.579999,,,,7.377650,7.377650,,16.800279,,,,,,903.822387,0.066146,0.000000,0.000000,0.000000,,-459.670013,1000.000000,,0.000000,0.000000,,,,0.047064,"SETFLOW",0.000000,0.997566,0.000000,,,,,"","",,,,7.377650,,0.000000,,0.000000,,,0.000000,0.000000,"",,,0.000000,,-1.000000,,0.000000,0.000000,-1.000000,-1.000000,,,,,,,,,,,"",,,,,,,,,,"Volumetric",,,,,,,,,,-1.181604,,,,,,,,,,-1.181604,-0.028358,,,,,,,,,,,,
"Q3No249","Nodes",1119889.784908,1677225.251991,1313.064347,"Default Known Flow Node",69.999969,0.579999,1000.000000,0.000000,"Known Flow",0.000000,0.000000,2.16999993085665e-07,40.000000,0.579999,1000.000000,0.000000,0.000000,13.000000,0.000000,0.515373,0.579999,,,,7.400295,7.400295,,16.800279,,,,,,903.822387,0.066146,0.000000,0.000000,0.000000,,-459.670013,1000.000000,,0.000000,0.000000,,,,0.047066,"UNDEFINED",0.000000,0.997566,0.000000,,,,,"","",,,,7.400295,,0.000000,,0.000000,,,0.000000,0.000000,"",,,0.000000,,-1.000000,,0.000000,0.000000,0.000000,-1.000000,,,,,,,,,,,"",,,,,,,,,,"Volumetric",,,,,,,,,,0.000000,,,,,,,,,,0.000000,0.000000,,,,,,,,,,,,
"2FB1C4F0","Nodes",1122236.760007,1677908.768952,1313.064347,"Default Known Flow Node",69.999969,0.579999,1000.000000,0.000000,"Known Flow",0.000000,0.000000,2.16999993085665e-07,40.000000,0.579999,1000.000000,0.000000,0.000000,13.000000,0.000000,0.515372,0.579999,,,,7.150199,7.150199,,16.800279,,,,,,903.822387,0.066146,0.000000,0.000000,0.000000,,-459.670013,1000.000000,,0.000000,0.000000,,,,0.047038,"UNDEFINED",0.000000,0.997568,0.000000,,,,,"","",,,,7.150199,,0.000000,,0.000000,,,0.000000,0.000000,"",,,0.000000,,-1.000000,,0.000000,0.000000,-1.000000,-1.000000,,,,,,,,,,,"",,,,,,,,,,"Volumetric",,,,,,,,,,0.000000,,,,,,,,,,0.000000,0.000000,,,,,,,,,,,,
"2FC0F91C","Nodes",1122296.337597,1678154.191712,1313.064347,"Default Known Flow Node",69.999969,0.579999,1000.000000,0.000000,"Known Flow",0.000000,0.000000,2.16999993085665e-07,40.000000,0.579999,1000.000000,0.000000,0.000000,13.000000,0.000000,0.515372,0.579999,,,,7.150199,7.150199,,16.800279,,,,,,903.822387,0.066146,0.000000,0.000000,0.000000,,-459.670013,1000.000000,,0.000000,0.000000,,,,0.047038,"UNDEFINED",0.000000,0.997568,0.000000,,,,,"","",,,,7.150199,,0.000000,,0.000000,,,0.000000,0.000000,"",,,0.000000,"V67467",-1.000000,,0.000000,0.000000,0.000000,-1.000000,,,,,,,,,,,"",,,,,,,,,,"Volumetric",,,,,,,,,,0.000000,,,,,,,,,,0.000000,0.000000,,,,,,,,,,,,
"Q3No285","Nodes",1121366.698262,1678144.549796,1313.064347,"Default Known Flow Node",69.999969,0.579999,1000.000000,0.000000,"Known Flow",0.000000,0.000000,2.16999993085665e-07,40.000000,0.579999,1000.000000,0.000000,0.000000,13.000000,0.000000,0.515372,0.579999,,,,7.150336,7.150336,,16.800279,,,,,,903.822387,0.066146,0.000000,0.000000,0.000000,,-459.670013,1000.000000,,0.000000,0.000000,,,,0.047038,"UNDEFINED",0.000000,0.997568,0.000000,,,,,"","",,,,7.150336,,0.000000,,0.000000,,,0.000000,0.000000,"",,,0.000000,,-1.000000,,0.000000,0.000000,0.000000,-1.000000,,,,,,,,,,,"",,,,,,,,,,"Volumetric",,,,,,,,,,0.000000,,,,,,,,,,0.000000,0.000000,,,,,,,,,,,,
"Q3No288","Nodes",1121997.123335,1678251.700256,1313.064347,"Default Known Flow Node",69.999969,0.579999,1000.000000,0.000000,"Known Flow",0.000000,0.000000,2.16999993085665e-07,40.000000,0.579999,1000.000000,0.000000,0.000000,13.000000,0.000000,0.515372,0.579999,,,,7.150203,7.150203,,16.800279,,,,,,903.822387,0.066146,0.000000,0.000000,0.000000,,-459.670013,1000.000000,,0.000000,0.000000,,,,0.047038,"UNDEFINED",0.000000,0.997568,0.000000,,,,,"","",,,,7.150203,,0.000000,,0.000000,,,0.000000,0.000000,"",,,0.000000,,-1.000000,,0.000000,0.000000,0.000000,-1.000000,,,,,,,,,,,"",,,,,,,,,,"Volumetric",,,,,,,,,,0.000000,,,,,,,,,,0.000000,0.000000,,,,,,,,,,,,
"2FBF934C","Nodes",1118504.253833,1675759.962700,1313.064347,"Default Known Flow Node",69.999969,0.579999,1000.000000,0.000000,"Known Flow",0.000000,0.000000,2.16999993085665e-07,40.000000,0.579999,1000.000000,0.000000,0.000000,13.000000,0.000000,0.515375,0.579999,,,,7.746786,7.746786,,16.800279,,,,,,903.822387,0.066146,0.000000,0.000000,0.000000,,-459.670013,1000.000000,,0.000000,0.000000,,,,0.047106,"UNDEFINED",0.000000,0.997564,0.000000,,,,,"","",,,,7.746786,,0.000000,,0.000000,,,0.000000,0.000000,"",,,0.000000,"V60054",-1.000000,,0.000000,0.000000,0.000000,-1.000000,,,,,,,,,,,"",,,,,,,,,,"Volumetric",,,,,,,,,,0.000000,,,,,,,,,,0.000000,0.000000,,,,,,,,,,,,
"2FBF934E","Nodes",1118501.505154,1675799.812166,1313.064347,"Default Known Flow Node",69.999969,0.579999,1000.000000,0.000000,"Known Flow",0.000000,0.000000,2.16999993085665e-07,40.000000,0.579999,1000.000000,0.000000,0.000000,13.000000,0.000000,0.515375,0.579999,,,,7.708484,7.708484,,16.800279,,,,,,903.822387,0.066146,0.000000,0.000000,0.000000,,-459.670013,1000.000000,,0.000000,0.000000,,,,0.047101,"UNDEFINED",0.000000,0.997564,0.000000,,,,,"","",,,,7.708484,,0.000000,,0.000000,,,0.000000,0.000000,"",,,0.000000,"V60055",-1.000000,,0.000000,0.000000,0.000000,-1.000000,,,,,,,,,,,"",,,,,,,,,,"Volumetric",,,,,,,,,,0.000000,,,,,,,,,,0.000000,0.000000,,,,,,,,,,,,
"Q3No428","Nodes",1118511.531814,1676307.539530,1313.064347,"Default Known Flow Node",69.999969,0.579999,1000.000000,0.000000,"Known Flow",0.000000,0.000000,2.16999993085665e-07,40.000000,0.579999,1000.000000,0.000000,0.000000,13.000000,0.000000,0.515373,0.579999,,,,7.345482,7.345482,,16.800279,,,,,,903.822387,0.066146,0.000000,0.000000,0.000000,,-459.670013,1000.000000,,0.000000,0.000000,,,,0.047060,"UNDEFINED",0.000000,0.997566,0.000000,,,,,"","",,,,7.345482,,0.000000,,0.000000,,,0.000000,0.000000,"",,,0.000000,,-1.000000,,0.000000,0.000000,0.000000,-1.000000,,,,,,,,,,,"",,,,,,,,,,"Volumetric",,,,,,,,,,0.000000,,,,,,,,,,0.000000,0.000000,,,,,,,,,,,,
"2FBF935A","Nodes",1118500.740143,1676103.302310,1313.064347,"Default Known Flow Node",69.999969,0.579999,1000.000000,0.000000,"Known Flow",0.000000,0.000000,2.16999993085665e-07,40.000000,0.579999,1000.000000,0.000000,0.000000,13.000000,0.000000,0.515374,0.579999,,,,7.455109,7.455109,,16.800279,,,,,,903.822387,0.066146,0.000000,0.000000,0.000000,,-459.670013,1000.000000,,0.000000,0.000000,,,,0.047073,"UNDEFINED",0.000000,0.997566,0.000000,,,,,"","",,,,7.455109,,0.000000,,0.000000,,,0.000000,0.000000,"",,,0.000000,"V59936",-1.000000,,0.000000,0.000000,0.000000,-1.000000,,,,,,,,,,,"",,,,,,,,,,"Volumetric",,,,,,,,,,0.000000,,,,,,,,,,0.000000,0.000000,,,,,,,,,,,,
"2FBEAE52","Nodes",1116257.843586,1668360.795114,1313.064347,"Default Known Flow Node",69.999969,0.579999,1000.000000,0.000000,"Known Flow",0.000000,0.000000,2.16999993085665e-07,40.000000,0.579999,1000.000000,0.000000,0.000000,13.000000,0.000000,0.515379,0.579999,,,,8.355730,8.355730,,16.800279,,,,,,903.822387,0.066146,0.000000,0.000000,0.000000,,-459.670013,1000.000000,,0.000000,0.000000,,,,0.047175,"UNDEFINED",0.000000,0.997560,0.000000,,,,,"","",,,,8.355730,,0.000000,,0.000000,,,0.000000,0.000000,"",,,0.000000,"V72860",-1.000000,,0.000000,0.000000,0.000000,-1.000000,,,,,,,,,,,"",,,,,,,,,,"Volumetric",,,,,,,,,,0.000000,,,,,,,,,,0.000000,0.000000,,,,,,,,,,,,
"0BF46213","Nodes",1116259.742472,1668359.538411,1313.064347,"Default Known Flow Node",69.999969,0.579999,1000.000000,0.000000,"Known Flow",0.000000,0.000000,2.16999993085665e-07,40.000000,0.579999,1000.000000,0.000000,0.000000,13.000000,0.000000,0.515379,0.579999,,,,8.354982,8.354982,,16.800279,,,,,,903.822387,0.066146,0.000000,0.000000,0.000000,,-459.670013,1000.000000,,0.000000,0.000000,,,,0.047175,"UNDEFINED",0.000000,0.997560,0.000000,,,,,"","",,,,8.354982,,0.000000,,0.000000,,,0.000000,0.000000,"",,,0.000000,"43-34 Union St, Q= 12.955 mcfh, Firm, Area Growth C1",-1.000000,,0.000000,0.000000,0.000000,-1.000000,,,,,,,,,,,"",,,,,,,,,,"Volumetric",,,,,,,,,,0.000000,,,,,,,,,,0.000000,0.000000,,,,,,,,,,,,
"Q3No589","Nodes",1116002.853232,1675230.014176,1313.064347,"Default Known Flow Node",69.999969,0.579999,1000.000000,0.000000,"Known Flow",0.000000,0.000000,2.16999993085665e-07,40.000000,0.579999,1000.000000,0.000000,0.000000,13.000000,0.000000,0.515375,0.579999,,,,7.708375,7.708375,,16.800279,,,,,,903.822387,0.066146,0.000000,0.000000,0.000000,,-459.670013,1000.000000,,0.000000,0.000000,,,,0.047101,"UNDEFINED",0.000000,0.997564,0.000000,,,,,"","",,,,7.708375,,0.000000,,0.000000,,,0.000000,0.000000,"",,,0.000000,,-1.000000,,0.000000,0.000000,0.000000,-1.000000,,,,,,,,,,,"",,,,,,,,,,"Volumetric",,,,,,,,,,0.000000,,,,,,,,,,0.000000,0.000000,,,,,,,,,,,,
"Q3No614","Nodes",1115788.374883,1676133.930499,1313.064347,"Default Known Flow Node",69.999969,0.579999,1000.000000,0.000000,"Known Flow",0.000000,0.000000,2.16999993085665e-07,40.000000,0.579999,1000.000000,0.000000,0.000000,13.000000,0.000000,0.515374,0.579999,,,,7.563109,7.563109,,16.800279,,,,,,903.822387,0.066146,0.000000,0.000000,0.000000,,-459.670013,1000.000000,,0.000000,0.000000,,,,0.047085,"UNDEFINED",0.000000,0.997565,0.000000,,,,,"","",,,,7.563109,,0.000000,,0.000000,,,0.000000,0.000000,"",,,0.000000,"V72392",-1.000000,,0.000000,0.000000,0.000000,-1.000000,,,,,,,,,,,"",,,,,,,,,,"Volumetric",,,,,,,,,,0.000000,,,,,,,,,,0.000000,0.000000,,,,,,,,,,,,
"Q3No617","Nodes",1115746.157187,1676336.110924,1313.064347,"Default Known Flow Node",69.999969,0.579999,1000.000000,0.000000,"Known Flow",0.000000,0.000000,2.16999993085665e-07,40.000000,0.579999,1000.000000,0.000000,0.000000,13.000000,0.000000,0.515374,0.579999,,,,7.549197,7.549197,,16.800279,,,,,,903.822387,0.066146,0.000000,0.000000,0.000000,,-459.670013,1000.000000,,0.000000,0.000000,,,,0.047083,"UNDEFINED",0.000000,0.997565,0.000000,,,,,"","",,,,7.549197,,0.000000,,0.000000,,,0.000000,0.000000,"",,,0.000000,"V72393",-1.000000,,0.000000,0.000000,0.000000,-1.000000,,,,,,,,,,,"",,,,,,,,,,"Volumetric",,,,,,,,,,0.000000,,,,,,,,,,0.000000,0.000000,,,,,,,,,,,,
"Q3No220","Nodes",1117734.249944,1670430.578861,1313.064347,"Default Known Flow Node",69.999969,0.579999,1000.000000,0.000000,"Known Flow",0.000000,0.000000,2.16999993085665e-07,40.000000,0.579999,1000.000000,0.000000,0.000000,13.000000,0.000000,0.515369,0.579999,,,,6.660979,6.660979,,16.800279,,,,,,903.822387,0.066147,0.000000,0.000000,0.000000,,-459.670013,1000.000000,,0.000000,0.000000,,,,0.046982,"SETFLOW",0.000000,0.997570,0.000000,,,,,"","",,,,6.660979,,0.000000,,0.000000,,,0.000000,0.000000,"",,,0.000000,,-1.000000,,0.000000,0.000000,0.000000,-1.000000,,,,,,,,,,,"",,,,,,,,,,"Volumetric",,,,,,,,,,-0.578958,,,,,,,,,,-0.578958,-0.013895,,,,,,,,,,,,
"2FC16FE4","Nodes",1117632.525165,1669837.886114,1313.064347,"Default Known Flow Node",69.999969,0.579999,1000.000000,0.000000,"Known Flow",0.000000,0.000000,2.16999993085665e-07,40.000000,0.579999,1000.000000,0.000000,0.000000,13.000000,0.000000,0.515369,0.579999,,,,6.708459,6.708459,,16.800279,,,,,,903.822387,0.066147,0.000000,0.000000,0.000000,,-459.670013,1000.000000,,0.000000,0.000000,,,,0.046988,"UNDEFINED",0.000000,0.997570,0.000000,,,,,"","",,,,6.708459,,0.000000,,0.000000,,,0.000000,0.000000,"",,,0.000000,"V72913",-1.000000,,0.000000,0.000000,0.000000,-1.000000,,,,,,,,,,,"",,,,,,,,,,"Volumetric",,,,,,,,,,0.000000,,,,,,,,,,0.000000,0.000000,,,,,,,,,,,,
"Q3No921","Nodes",1116311.902111,1677940.880257,1313.064347,"Default Known Flow Node",69.999969,0.579999,1000.000000,0.000000,"Known Flow",0.000000,0.000000,2.16999993085665e-07,40.000000,0.579999,1000.000000,0.000000,0.000000,13.000000,0.000000,0.515375,0.579999,,,,7.633145,7.633145,,16.800279,,,,,,903.822387,0.066146,0.000000,0.000000,0.000000,,-459.670013,1000.000000,,0.000000,0.000000,,,,0.047093,"UNDEFINED",0.000000,0.997565,0.000000,,,,,"","",,,,7.633145,,0.000000,,0.000000,,,0.000000,0.000000,"",,,0.000000,,-1.000000,,0.000000,0.000000,0.000000,-1.000000,,,,,,,,,,,"",,,,,,,,,,"Volumetric",,,,,,,,,,0.000000,,,,,,,,,,0.000000,0.000000,,,,,,,,,,,,
"Q3No929","Nodes",1122247.803819,1674802.753434,1313.064347,"Default Known Flow Node",69.999969,0.579999,1000.000000,0.000000,"Known Flow",0.000000,0.000000,2.16999993085665e-07,40.000000,0.579999,1000.000000,0.000000,0.000000,13.000000,0.000000,0.515379,0.579999,,,,8.510541,8.510541,,16.800279,,,,,,903.822387,0.066146,0.000000,0.000000,0.000000,,-459.670013,1000.000000,,0.000000,0.000000,,,,0.047192,"UNDEFINED",0.000000,0.997560,0.000000,,,,,"","",,,,8.510541,,0.000000,,0.000000,,,0.000000,0.000000,"",,,0.000000,,-1.000000,,0.000000,0.000000,0.000000,-1.000000,,,,,,,,,,,"",,,,,,,,,,"Volumetric",,,,,,,,,,0.000000,,,,,,,,,,0.000000,0.000000,,,,,,,,,,,,
"2FC14A67","Nodes",1122198.153953,1674852.892946,1313.064347,"Default Known Flow Node",69.999969,0.579999,1000.000000,0.000000,"Known Flow",0.000000,0.000000,2.16999993085665e-07,40.000000,0.579999,1000.000000,0.000000,0.000000,13.000000,0.000000,0.515379,0.579999,,,,8.511373,8.511373,,16.800279,,,,,,903.822387,0.066146,0.000000,0.000000,0.000000,,-459.670013,1000.000000,,0.000000,0.000000,,,,0.047193,"UNDEFINED",0.000000,0.997560,0.000000,,,,,"","",,,,8.511373,,0.000000,,0.000000,,,0.000000,0.000000,"",,,0.000000,,-1.000000,,0.000000,0.000000,0.000000,-1.000000,,,,,,,,,,,"",,,,,,,,,,"Volumetric",,,,,,,,,,0.000000,,,,,,,,,,0.000000,0.000000,,,,,,,,,,,,
"2FC07ABC","Nodes",1120908.209337,1675049.920022,1313.064347,"Default Known Flow Node",69.999969,0.579999,1000.000000,0.000000,"Known Flow",0.000000,0.000000,2.16999993085665e-07,40.000000,0.579999,1000.000000,0.000000,0.000000,13.000000,0.000000,0.515379,0.579999,,,,8.478499,8.478499,,16.800279,,,,,,903.822387,0.066146,0.000000,0.000000,0.000000,,-459.670013,1000.000000,,0.000000,0.000000,,,,0.047189,"UNDEFINED",0.000000,0.997560,0.000000,,,,,"","",,,,8.478499,,0.000000,,0.000000,,,0.000000,0.000000,"",,,0.000000,,-1.000000,,0.000000,0.000000,0.000000,-1.000000,,,,,,,,,,,"",,,,,,,,,,"Volumetric",,,,,,,,,,0.000000,,,,,,,,,,0.000000,0.000000,,,,,,,,,,,,
"Q3No966","Nodes",1120890.925528,1675030.805347,1313.064347,"Default Known Flow Node",69.999969,0.579999,1000.000000,0.000000,"Known Flow",0.000000,0.000000,2.16999993085665e-07,40.000000,0.579999,1000.000000,0.000000,0.000000,13.000000,0.000000,0.515379,0.579999,,,,8.482442,8.482442,,16.800279,,,,,,903.822387,0.066146,0.000000,0.000000,0.000000,,-459.670013,1000.000000,,0.000000,0.000000,,,,0.047189,"UNDEFINED",0.000000,0.997560,0.000000,,,,,"","",,,,8.482442,,0.000000,,0.000000,,,0.000000,0.000000,"",,,0.000000,,-1.000000,,0.000000,0.000000,0.000000,-1.000000,,,,,,,,,,,"",,,,,,,,,,"Volumetric",,,,,,,,,,0.000000,,,,,,,,,,0.000000,0.000000,,,,,,,,,,,,
"2FBE3004","Nodes",1120919.007434,1675035.944159,1313.064347,"Default Known Flow Node",69.999969,0.579999,1000.000000,0.000000,"Known Flow",0.000000,0.000000,2.16999993085665e-07,40.000000,0.579999,1000.000000,0.000000,0.000000,13.000000,0.000000,0.515379,0.579999,,,,8.481861,8.481861,,16.800279,,,,,,903.822387,0.066146,0.000000,0.000000,0.000000,,-459.670013,1000.000000,,0.000000,0.000000,,,,0.047189,"UNDEFINED",0.000000,0.997560,0.000000,,,,,"","",,,,8.481861,,0.000000,,0.000000,,,0.000000,0.000000,"",,,0.000000,,-1.000000,,0.000000,0.000000,0.000000,-1.000000,,,,,,,,,,,"",,,,,,,,,,"Volumetric",,,,,,,,,,0.000000,,,,,,,,,,0.000000,0.000000,,,,,,,,,,,,
"2FC07AB3","Nodes",1120855.705016,1675296.056447,1313.064347,"Default Known Flow Node",69.999969,0.579999,1000.000000,0.000000,"Known Flow",0.000000,0.000000,2.16999993085665e-07,40.000000,0.579999,1000.000000,0.000000,0.000000,13.000000,0.000000,0.515379,0.579999,,,,8.417260,8.417260,,16.800279,,,,,,903.822387,0.066146,0.000000,0.000000,0.000000,,-459.670013,1000.000000,,0.000000,0.000000,,,,0.047182,"UNDEFINED",0.000000,0.997560,0.000000,,,,,"","",,,,8.417260,,0.000000,,0.000000,,,0.000000,0.000000,"",,,0.000000,"V64783",-1.000000,,0.000000,0.000000,0.000000,-1.000000,,,,,,,,,,,"",,,,,,,,,,"Volumetric",,,,,,,,,,0.000000,,,,,,,,,,0.000000,0.000000,,,,,,,,,,,,
"Q3No975","Nodes",1120797.219851,1675540.634631,1313.064347,"Default Known Flow Node",69.999969,0.579999,1000.000000,0.000000,"Known Flow",0.000000,0.000000,2.16999993085665e-07,40.000000,0.579999,1000.000000,0.000000,0.000000,13.000000,0.000000,0.515379,0.579999,,,,8.379883,8.379883,,16.800279,,,,,,903.822387,0.066146,0.000000,0.000000,0.000000,,-459.670013,1000.000000,,0.000000,0.000000,,,,0.047178,"UNDEFINED",0.000000,0.997560,0.000000,,,,,"","",,,,8.379883,,0.000000,,0.000000,,,0.000000,0.000000,"",,,0.000000,,-1.000000,,0.000000,0.000000,0.000000,-1.000000,,,,,,,,,,,"",,,,,,,,,,"Volumetric",,,,,,,,,,0.000000,,,,,,,,,,0.000000,0.000000,,,,,,,,,,,,
"2FB2007F","Nodes",1115181.250000,1672943.370000,1313.064347,"Default Known Flow Node",69.999969,0.579999,1000.000000,0.000000,"Known Flow",0.000000,0.000000,2.16999993085665e-07,40.000000,0.579999,1000.000000,0.000000,0.000000,13.000000,0.000000,0.515373,0.579999,,,,7.382242,7.382242,,16.800279,,,,,,903.822387,0.066146,0.000000,0.000000,0.000000,,-459.670013,1000.000000,,0.000000,0.000000,,,,0.047064,"SETFLOW",0.000000,0.997566,0.000000,,,,,"","",,,,7.382242,,0.000000,,0.000000,,,0.000000,0.000000,"",,,0.000000,,-1.000000,,0.000000,0.000000,-1.000000,-1.000000,,,,,,,,,,,"",,,,,,,,,,"Volumetric",,,,,,,,,,-0.030968,,,,,,,,,,-0.030968,-0.000743,,,,,,,,,,,,
"2FC1A4A0","Nodes",1114844.969740,1672995.222688,1313.064347,"Default Known Flow Node",69.999969,0.579999,1000.000000,0.000000,"Known Flow",0.000000,0.000000,2.16999993085665e-07,40.000000,0.579999,1000.000000,0.000000,0.000000,13.000000,0.000000,0.515373,0.579999,,,,7.387125,7.387125,,16.800279,,,,,,903.822387,0.066146,0.000000,0.000000,0.000000,,-459.670013,1000.000000,,0.000000,0.000000,,,,0.047065,"UNDEFINED",0.000000,0.997566,0.000000,,,,,"","",,,,7.387125,,0.000000,,0.000000,,,0.000000,0.000000,"",,,0.000000,"V75308",-1.000000,,0.000000,0.000000,0.000000,-1.000000,,,,,,,,,,,"",,,,,,,,,,"Volumetric",,,,,,,,,,0.000000,,,,,,,,,,0.000000,0.000000,,,,,,,,,,,,
"2FBA3A92","Nodes",1115574.695877,1672965.295803,1313.064347,"Default Known Flow Node",69.999969,0.579999,1000.000000,0.000000,"Known Flow",0.000000,0.000000,2.16999993085665e-07,40.000000,0.579999,1000.000000,0.000000,0.000000,13.000000,0.000000,0.515373,0.579999,,,,7.376834,7.376834,,16.800279,,,,,,903.822387,0.066146,0.000000,0.000000,0.000000,,-459.670013,1000.000000,,0.000000,0.000000,,,,0.047064,"UNDEFINED",0.000000,0.997566,0.000000,,,,,"","",,,,7.376834,,0.000000,,0.000000,,,0.000000,0.000000,"",,,0.000000,,-1.000000,,0.000000,0.000000,-1.000000,-1.000000,,,,,,,,,,,"",,,,,,,,,,"Volumetric",,,,,,,,,,0.000000,,,,,,,,,,0.000000,0.000000,,,,,,,,,,,,
"2FC1A49E","Nodes",1114803.649305,1672975.986692,1313.064347,"Default Known Flow Node",69.999969,0.579999,1000.000000,0.000000,"Known Flow",0.000000,0.000000,2.16999993085665e-07,40.000000,0.579999,1000.000000,0.000000,0.000000,13.000000,0.000000,0.515373,0.579999,,,,7.388549,7.388549,,16.800279,,,,,,903.822387,0.066146,0.000000,0.000000,0.000000,,-459.670013,1000.000000,,0.000000,0.000000,,,,0.047065,"UNDEFINED",0.000000,0.997566,0.000000,,,,,"","",,,,7.388549,,0.000000,,0.000000,,,0.000000,0.000000,"",,,0.000000,"V75309",-1.000000,,0.000000,0.000000,0.000000,-1.000000,,,,,,,,,,,"",,,,,,,,,,"Volumetric",,,,,,,,,,0.000000,,,,,,,,,,0.000000,0.000000,,,,,,,,,,,,
"2FB1ACB1","Nodes",1114798.044176,1673000.781573,1313.064347,"Default Known Flow Node",69.999969,0.579999,1000.000000,0.000000,"Known Flow",0.000000,0.000000,2.16999993085665e-07,40.000000,0.579999,1000.000000,0.000000,0.000000,13.000000,0.000000,0.515373,0.579999,,,,7.388166,7.388166,,16.800279,,,,,,903.822387,0.066146,0.000000,0.000000,0.000000,,-459.670013,1000.000000,,0.000000,0.000000,,,,0.047065,"SETFLOW",0.000000,0.997566,0.000000,,,,,"","",,,,7.388166,,0.000000,,0.000000,,,0.000000,0.000000,"",,,0.000000,,-1.000000,,0.000000,0.000000,-1.000000,-1.000000,,,,,,,,,,,"",,,,,,,,,,"Volumetric",,,,,,,,,,-0.047501,,,,,,,,,,-0.047501,-0.001140,,,,,,,,,,,,
"2FC1A488","Nodes",1114801.091004,1673005.155803,1313.064347,"Default Known Flow Node",69.999969,0.579999,1000.000000,0.000000,"Known Flow",0.000000,0.000000,2.16999993085665e-07,40.000000,0.579999,1000.000000,0.000000,0.000000,13.000000,0.000000,0.515373,0.579999,,,,7.387769,7.387769,,16.800279,,,,,,903.822387,0.066146,0.000000,0.000000,0.000000,,-459.670013,1000.000000,,0.000000,0.000000,,,,0.047065,"UNDEFINED",0.000000,0.997566,0.000000,,,,,"","",,,,7.387769,,0.000000,,0.000000,,,0.000000,0.000000,"",,,0.000000,,-1.000000,,0.000000,0.000000,0.000000,-1.000000,,,,,,,,,,,"",,,,,,,,,,"Volumetric",,,,,,,,,,0.000000,,,,,,,,,,0.000000,0.000000,,,,,,,,,,,,
"2FC15A0B","Nodes",1119511.569084,1670903.009560,1313.064347,"Default Known Flow Node",69.999969,0.579999,1000.000000,0.000000,"Known Flow",0.000000,0.000000,2.16999993085665e-07,40.000000,0.579999,1000.000000,0.000000,0.000000,13.000000,0.000000,0.515379,0.579999,,,,8.506841,8.506841,,16.800279,,,,,,903.822387,0.066146,0.000000,0.000000,0.000000,,-459.670013,1000.000000,,0.000000,0.000000,,,,0.047192,"UNDEFINED",0.000000,0.997560,0.000000,,,,,"","",,,,8.506841,,0.000000,,0.000000,,,0.000000,0.000000,"",,,0.000000,,-1.000000,,0.000000,0.000000,0.000000,-1.000000,,,,,,,,,,,"",,,,,,,,,,"Volumetric",,,,,,,,,,0.000000,,,,,,,,,,0.000000,0.000000,,,,,,,,,,,,
"2FC13D48","Nodes",1120180.219137,1667870.409340,1313.064347,"Default Known Flow Node",69.999969,0.579999,1000.000000,0.000000,"Known Flow",0.000000,0.000000,2.16999993085665e-07,40.000000,0.579999,1000.000000,0.000000,0.000000,13.000000,0.000000,0.515370,0.579999,,,,6.866298,6.866298,,16.800279,,,,,,903.822387,0.066147,0.000000,0.000000,0.000000,,-459.670013,1000.000000,,0.000000,0.000000,,,,0.047006,"SETFLOW",0.000000,0.997569,0.000000,,,,,"","",,,,6.866298,,0.000000,,0.000000,,,0.000000,0.000000,"",,,0.000000,"141-26 Northern Blvd, Q= 5.986 mcfh, Firm",-1.000000,,0.000000,0.000000,0.000000,-1.000000,,,,,,,,,,,"",,,"",,,,,,,"Volumetric",,,"Volumetric",,,,,,,0.000000,,,-5.986000,,,,,,,0.000000,0.000000,,,,,,,,,,,,
"2FC17C79","Nodes",1119025.259672,1668237.755573,1313.064347,"Default Known Flow Node",69.999969,0.579999,1000.000000,0.000000,"Known Flow",0.000000,0.000000,2.16999993085665e-07,40.000000,0.579999,1000.000000,0.000000,0.000000,13.000000,0.000000,0.515373,0.579999,,,,7.291289,7.291289,,16.800279,,,,,,903.822387,0.066146,0.000000,0.000000,0.000000,,-459.670013,1000.000000,,0.000000,0.000000,,,,0.047054,"UNDEFINED",0.000000,0.997567,0.000000,,,,,"","",,,,7.291289,,0.000000,,0.000000,,,0.000000,0.000000,"",,,0.000000,,-1.000000,,0.000000,0.000000,0.000000,-1.000000,,,,,,,,,,,"",,,,,,,,,,"Volumetric",,,,,,,,,,0.000000,,,,,,,,,,0.000000,0.000000,,,,,,,,,,,,
"2FC17C7D","Nodes",1119027.590081,1668250.528606,1313.064347,"Default Known Flow Node",69.999969,0.579999,1000.000000,0.000000,"Known Flow",0.000000,0.000000,2.16999993085665e-07,40.000000,0.579999,1000.000000,0.000000,0.000000,13.000000,0.000000,0.515373,0.579999,,,,7.328063,7.328063,,16.800279,,,,,,903.822387,0.066146,0.000000,0.000000,0.000000,,-459.670013,1000.000000,,0.000000,0.000000,,,,0.047058,"UNDEFINED",0.000000,0.997566,0.000000,,,,,"","",,,,7.328063,,0.000000,,0.000000,,,0.000000,0.000000,"",,,0.000000,,-1.000000,,0.000000,0.000000,0.000000,-1.000000,,,,,,,,,,,"",,,,,,,,,,"Volumetric",,,,,,,,,,0.000000,,,,,,,,,,0.000000,0.000000,,,,,,,,,,,,
"2FC17C7C","Nodes",1119031.175327,1668270.179426,1313.064347,"Default Known Flow Node",69.999969,0.579999,1000.000000,0.000000,"Known Flow",0.000000,0.000000,2.16999993085665e-07,40.000000,0.579999,1000.000000,0.000000,0.000000,13.000000,0.000000,0.515373,0.579999,,,,7.336766,7.336766,,16.800279,,,,,,903.822387,0.066146,0.000000,0.000000,0.000000,,-459.670013,1000.000000,,0.000000,0.000000,,,,0.047059,"UNDEFINED",0.000000,0.997566,0.000000,,,,,"","",,,,7.336766,,0.000000,,0.000000,,,0.000000,0.000000,"",,,0.000000,,-1.000000,,0.000000,0.000000,0.000000,-1.000000,,,,,,,,,,,"",,,,,,,,,,"Volumetric",,,,,,,,,,0.000000,,,,,,,,,,0.000000,0.000000,,,,,,,,,,,,
"2FC11E50","Nodes",1118357.018837,1669678.459302,1313.064347,"Default Known Flow Node",69.999969,0.579999,1000.000000,0.000000,"Known Flow",0.000000,0.000000,2.16999993085665e-07,40.000000,0.579999,1000.000000,0.000000,0.000000,13.000000,0.000000,0.515369,0.579999,,,,6.651961,6.651961,,16.800279,,,,,,903.822387,0.066147,0.000000,0.000000,0.000000,,-459.670013,1000.000000,,0.000000,0.000000,,,,0.046981,"UNDEFINED",0.000000,0.997570,0.000000,,,,,"","",,,,6.651961,,0.000000,,0.000000,,,0.000000,0.000000,"",,,0.000000,,-1.000000,,0.000000,0.000000,0.000000,-1.000000,,,,,,,,,,,"",,,,,,,,,,"Volumetric",,,,,,,,,,0.000000,,,,,,,,,,0.000000,0.000000,,,,,,,,,,,,
"2FC16F19","Nodes",1119117.008412,1668761.816596,1313.064347,"Default Known Flow Node",69.999969,0.579999,1000.000000,0.000000,"Known Flow",0.000000,0.000000,2.16999993085665e-07,40.000000,0.579999,1000.000000,0.000000,0.000000,13.000000,0.000000,0.515375,0.579999,,,,7.792634,7.792634,,16.800279,,,,,,903.822387,0.066146,0.000000,0.000000,0.000000,,-459.670013,1000.000000,,0.000000,0.000000,,,,0.047111,"UNDEFINED",0.000000,0.997564,0.000000,,,,,"","",,,,7.792634,,0.000000,,0.000000,,,0.000000,0.000000,"",,,0.000000,,-1.000000,,0.000000,0.000000,0.000000,-1.000000,,,,,,,,,,,"",,,,,,,,,,"Volumetric",,,,,,,,,,0.000000,,,,,,,,,,0.000000,0.000000,,,,,,,,,,,,
"2FC16F1A","Nodes",1119120.725872,1668781.468196,1313.064347,"Default Known Flow Node",69.999969,0.579999,1000.000000,0.000000,"Known Flow",0.000000,0.000000,2.16999993085665e-07,40.000000,0.579999,1000.000000,0.000000,0.000000,13.000000,0.000000,0.515375,0.579999,,,,7.793859,7.793859,,16.800279,,,,,,903.822387,0.066146,0.000000,0.000000,0.000000,,-459.670013,1000.000000,,0.000000,0.000000,,,,0.047111,"UNDEFINED",0.000000,0.997564,0.000000,,,,,"","",,,,7.793859,,0.000000,,0.000000,,,0.000000,0.000000,"",,,0.000000,,-1.000000,,0.000000,0.000000,0.000000,-1.000000,,,,,,,,,,,"",,,,,,,,,,"Volumetric",,,,,,,,,,0.000000,,,,,,,,,,0.000000,0.000000,,,,,,,,,,,,
"2FC11EB8","Nodes",1119180.480544,1669112.799642,1313.064347,"Default Known Flow Node",69.999969,0.579999,1000.000000,0.000000,"Known Flow",0.000000,0.000000,2.16999993085665e-07,40.000000,0.579999,1000.000000,0.000000,0.000000,13.000000,0.000000,0.515376,0.579999,,,,7.906763,7.906763,,16.800279,,,,,,903.822387,0.066146,0.000000,0.000000,0.000000,,-459.670013,1000.000000,,0.000000,0.000000,,,,0.047124,"UNDEFINED",0.000000,0.997563,0.000000,,,,,"","",,,,7.906763,,0.000000,,0.000000,,,0.000000,0.000000,"",,,0.000000,,-1.000000,,0.000000,0.000000,0.000000,-1.000000,,,,,,,,,,,"",,,,,,,,,,"Volumetric",,,,,,,,,,0.000000,,,,,,,,,,0.000000,0.000000,,,,,,,,,,,,
"2FB90823","Nodes",1113960.275265,1668699.490452,1313.064347,"Default Known Flow Node",69.999969,0.579999,1000.000000,0.000000,"Known Flow",0.000000,0.000000,2.16999993085665e-07,40.000000,0.579999,1000.000000,0.000000,0.000000,13.000000,0.000000,0.515374,0.579999,,,,7.597116,7.597116,,16.800279,,,,,,903.822387,0.066146,0.000000,0.000000,0.000000,,-459.670013,1000.000000,,0.000000,0.000000,,,,0.047089,"SETFLOW",0.000000,0.997565,0.000000,,,,,"","",,,,7.597116,,0.000000,,0.000000,,,0.000000,0.000000,"",,,0.000000,,-1.000000,,0.000000,0.000000,-1.000000,-1.000000,,,,,,,,,,,"",,,,,,,,,,"Volumetric",,,,,,,,,,-0.147419,,,,,,,,,,-0.147419,-0.003538,,,,,,,,,,,,
"2FC1B113","Nodes",1113949.465139,1668684.740699,1313.064347,"Default Known Flow Node",69.999969,0.579999,1000.000000,0.000000,"Known Flow",0.000000,0.000000,2.16999993085665e-07,40.000000,0.579999,1000.000000,0.000000,0.000000,13.000000,0.000000,0.515374,0.579999,,,,7.597104,7.597104,,16.800279,,,,,,903.822387,0.066146,0.000000,0.000000,0.000000,,-459.670013,1000.000000,,0.000000,0.000000,,,,0.047089,"UNDEFINED",0.000000,0.997565,0.000000,,,,,"","",,,,7.597104,,0.000000,,0.000000,,,0.000000,0.000000,"",,,0.000000,,-1.000000,,0.000000,0.000000,0.000000,-1.000000,,,,,,,,,,,"",,,,,,,,,,"Volumetric",,,,,,,,,,0.000000,,,,,,,,,,0.000000,0.000000,,,,,,,,,,,,
"2FB1F72B","Nodes",1114160.405505,1668999.348560,1313.064347,"Default Known Flow Node",69.999969,0.579999,1000.000000,0.000000,"Known Flow",0.000000,0.000000,2.16999993085665e-07,40.000000,0.579999,1000.000000,0.000000,0.000000,13.000000,0.000000,0.515374,0.579999,,,,7.597428,7.597428,,16.800279,,,,,,903.822387,0.066146,0.000000,0.000000,0.000000,,-459.670013,1000.000000,,0.000000,0.000000,,,,0.047089,"SETFLOW",0.000000,0.997565,0.000000,,,,,"","",,,,7.597428,,0.000000,,0.000000,,,0.000000,0.000000,"",,,0.000000,,-1.000000,,0.000000,0.000000,-1.000000,-1.000000,,,,,,,,,,,"",,,,,,,,,,"Volumetric",,,,,,,,,,-0.201913,,,,,,,,,,-0.201913,-0.004845,,,,,,,,,,,,
"2FC1B119","Nodes",1114267.099955,1669136.401168,1313.064347,"Default Known Flow Node",69.999969,0.579999,1000.000000,0.000000,"Known Flow",0.000000,0.000000,2.16999993085665e-07,40.000000,0.579999,1000.000000,0.000000,0.000000,13.000000,0.000000,0.515374,0.579999,,,,7.597746,7.597746,,16.800279,,,,,,903.822387,0.066146,0.000000,0.000000,0.000000,,-459.670013,1000.000000,,0.000000,0.000000,,,,0.047089,"UNDEFINED",0.000000,0.997565,0.000000,,,,,"","",,,,7.597746,,0.000000,,0.000000,,,0.000000,0.000000,"",,,0.000000,,-1.000000,,0.000000,0.000000,0.000000,-1.000000,,,,,,,,,,,"",,,,,,,,,,"Volumetric",,,,,,,,,,0.000000,,,,,,,,,,0.000000,0.000000,,,,,,,,,,,,
"2FBF220E","Nodes",1114270.982109,1669141.034896,1313.064347,"Default Known Flow Node",69.999969,0.579999,1000.000000,0.000000,"Known Flow",0.000000,0.000000,2.16999993085665e-07,40.000000,0.579999,1000.000000,0.000000,0.000000,13.000000,0.000000,0.515374,0.579999,,,,7.598104,7.598104,,16.800279,,,,,,903.822387,0.066146,0.000000,0.000000,0.000000,,-459.670013,1000.000000,,0.000000,0.000000,,,,0.047089,"UNDEFINED",0.000000,0.997565,0.000000,,,,,"","",,,,7.598104,,0.000000,,0.000000,,,0.000000,0.000000,"",,,0.000000,,-1.000000,,0.000000,0.000000,0.000000,-1.000000,,,,,,,,,,,"",,,,,,,,,,"Volumetric",,,,,,,,,,0.000000,,,,,,,,,,0.000000,0.000000,,,,,,,,,,,,
"2FC1B117","Nodes",1114267.967350,1669135.826145,1313.064347,"Default Known Flow Node",69.999969,0.579999,1000.000000,0.000000,"Known Flow",0.000000,0.000000,2.16999993085665e-07,40.000000,0.579999,1000.000000,0.000000,0.000000,13.000000,0.000000,0.515374,0.579999,,,,7.597748,7.597748,,16.800279,,,,,,903.822387,0.066146,0.000000,0.000000,0.000000,,-459.670013,1000.000000,,0.000000,0.000000,,,,0.047089,"UNDEFINED",0.000000,0.997565,0.000000,,,,,"","",,,,7.597748,,0.000000,,0.000000,,,0.000000,0.000000,"",,,0.000000,,-1.000000,,0.000000,0.000000,0.000000,-1.000000,,,,,,,,,,,"",,,,,,,,,,"Volumetric",,,,,,,,,,0.000000,,,,,,,,,,0.000000,0.000000,,,,,,,,,,,,
"2FC1B10D","Nodes",1114269.888682,1669139.383181,1313.064347,"Default Known Flow Node",69.999969,0.579999,1000.000000,0.000000,"Known Flow",0.000000,0.000000,2.16999993085665e-07,40.000000,0.579999,1000.000000,0.000000,0.000000,13.000000,0.000000,0.515374,0.579999,,,,7.598104,7.598104,,16.800279,,,,,,903.822387,0.066146,0.000000,0.000000,0.000000,,-459.670013,1000.000000,,0.000000,0.000000,,,,0.047089,"UNDEFINED",0.000000,0.997565,0.000000,,,,,"","",,,,7.598104,,0.000000,,0.000000,,,0.000000,0.000000,"",,,0.000000,,-1.000000,,0.000000,0.000000,0.000000,-1.000000,,,,,,,,,,,"",,,,,,,,,,"Volumetric",,,,,,,,,,0.000000,,,,,,,,,,0.000000,0.000000,,,,,,,,,,,,
"0BEC4514","Nodes",1114498.902825,1669020.788222,1313.064347,"Default Known Flow Node",69.999969,0.579999,1000.000000,0.000000,"Known Flow",0.000000,0.000000,2.16999993085665e-07,40.000000,0.579999,1000.000000,0.000000,0.000000,13.000000,0.000000,0.515375,0.579999,,,,7.636899,7.636899,,16.800279,,,,,,903.822387,0.066146,0.000000,0.000000,0.000000,,-459.670013,1000.000000,,0.000000,0.000000,,,,0.047093,"UNDEFINED",0.000000,0.997565,0.000000,,,,,"","",,,,7.636899,,0.000000,,0.000000,,,0.000000,0.000000,"",,,0.000000,"V76587",-1.000000,,0.000000,0.000000,-1.000000,-1.000000,,,,,,,,,,,"",,,,,,,,,,"Volumetric",,,,,,,,,,0.000000,,,,,,,,,,0.000000,0.000000,,,,,,,,,,,,
"0BEC4515","Nodes",1114476.787036,1669035.348003,1313.064347,"Default Known Flow Node",69.999969,0.579999,1000.000000,0.000000,"Known Flow",0.000000,0.000000,2.16999993085665e-07,40.000000,0.579999,1000.000000,0.000000,0.000000,13.000000,0.000000,0.515375,0.579999,,,,7.634116,7.634116,,16.800279,,,,,,903.822387,0.066146,0.000000,0.000000,0.000000,,-459.670013,1000.000000,,0.000000,0.000000,,,,0.047093,"SETFLOW",0.000000,0.997565,0.000000,,,,,"","",,,,7.634116,,0.000000,,0.000000,,,0.000000,0.000000,"",,,0.000000,,-1.000000,,0.000000,0.000000,-1.000000,-1.000000,,,,,,,,,,,"",,,,,,,,,,"Volumetric",,,,,,,,,,-0.139977,,,,,,,,,,-0.139977,-0.003359,,,,,,,,,,,,
"0BEC4516","Nodes",1114475.097925,1669032.772718,1313.064347,"Default Known Flow Node",69.999969,0.579999,1000.000000,0.000000,"Known Flow",0.000000,0.000000,2.16999993085665e-07,40.000000,0.579999,1000.000000,0.000000,0.000000,13.000000,0.000000,0.515375,0.579999,,,,7.634088,7.634088,,16.800279,,,,,,903.822387,0.066146,0.000000,0.000000,0.000000,,-459.670013,1000.000000,,0.000000,0.000000,,,,0.047093,"UNDEFINED",0.000000,0.997565,0.000000,,,,,"","",,,,7.634088,,0.000000,,0.000000,,,0.000000,0.000000,"",,,0.000000,"V76589",-1.000000,,0.000000,0.000000,-1.000000,-1.000000,,,,,,,,,,,"",,,,,,,,,,"Volumetric",,,,,,,,,,0.000000,,,,,,,,,,0.000000,0.000000,,,,,,,,,,,,
"2FBF2200","Nodes",1114474.242765,1669037.019010,1313.064347,"Default Known Flow Node",69.999969,0.579999,1000.000000,0.000000,"Known Flow",0.000000,0.000000,2.16999993085665e-07,40.000000,0.579999,1000.000000,0.000000,0.000000,13.000000,0.000000,0.515375,0.579999,,,,7.633925,7.633925,,16.800279,,,,,,903.822387,0.066146,0.000000,0.000000,0.000000,,-459.670013,1000.000000,,0.000000,0.000000,,,,0.047093,"UNDEFINED",0.000000,0.997565,0.000000,,,,,"","",,,,7.633925,,0.000000,,0.000000,,,0.000000,0.000000,"",,,0.000000,,-1.000000,,0.000000,0.000000,0.000000,-1.000000,,,,,,,,,,,"",,,,,,,,,,"Volumetric",,,,,,,,,,0.000000,,,,,,,,,,0.000000,0.000000,,,,,,,,,,,,
"2FC1B0D9","Nodes",1114473.403017,1669030.262364,1313.064347,"Default Known Flow Node",69.999969,0.579999,1000.000000,0.000000,"Known Flow",0.000000,0.000000,2.16999993085665e-07,40.000000,0.579999,1000.000000,0.000000,0.000000,13.000000,0.000000,0.515375,0.579999,,,,7.633990,7.633990,,16.800279,,,,,,903.822387,0.066146,0.000000,0.000000,0.000000,,-459.670013,1000.000000,,0.000000,0.000000,,,,0.047093,"UNDEFINED",0.000000,0.997565,0.000000,,,,,"","",,,,7.633990,,0.000000,,0.000000,,,0.000000,0.000000,"",,,0.000000,,-1.000000,,0.000000,0.000000,0.000000,-1.000000,,,,,,,,,,,"",,,,,,,,,,"Volumetric",,,,,,,,,,0.000000,,,,,,,,,,0.000000,0.000000,,,,,,,,,,,,
"2FC1B105","Nodes",1114473.398629,1669037.569041,1313.064347,"Default Known Flow Node",69.999969,0.579999,1000.000000,0.000000,"Known Flow",0.000000,0.000000,2.16999993085665e-07,40.000000,0.579999,1000.000000,0.000000,0.000000,13.000000,0.000000,0.515375,0.579999,,,,7.633861,7.633861,,16.800279,,,,,,903.822387,0.066146,0.000000,0.000000,0.000000,,-459.670013,1000.000000,,0.000000,0.000000,,,,0.047093,"UNDEFINED",0.000000,0.997565,0.000000,,,,,"","",,,,7.633861,,0.000000,,0.000000,,,0.000000,0.000000,"",,,0.000000,"V76588",-1.000000,,0.000000,0.000000,0.000000,-1.000000,,,,,,,,,,,"",,,,,,,,,,"Volumetric",,,,,,,,,,0.000000,,,,,,,,,,0.000000,0.000000,,,,,,,,,,,,
"2FC1B0D1","Nodes",1114461.086151,1669052.735266,1313.064347,"Default Known Flow Node",69.999969,0.579999,1000.000000,0.000000,"Known Flow",0.000000,0.000000,2.16999993085665e-07,40.000000,0.579999,1000.000000,0.000000,0.000000,13.000000,0.000000,0.515375,0.579999,,,,7.629189,7.629189,,16.800279,,,,,,903.822387,0.066146,0.000000,0.000000,0.000000,,-459.670013,1000.000000,,0.000000,0.000000,,,,0.047092,"UNDEFINED",0.000000,0.997565,0.000000,,,,,"","",,,,7.629189,,0.000000,,0.000000,,,0.000000,0.000000,"",,,0.000000,,-1.000000,,0.000000,0.000000,0.000000,-1.000000,,,,,,,,,,,"",,,,,,,,,,"Volumetric",,,,,,,,,,0.000000,,,,,,,,,,0.000000,0.000000,,,,,,,,,,,,
"0BEC4517","Nodes",1114534.882570,1669039.363433,1313.064347,"Default Known Flow Node",69.999969,0.579999,1000.000000,0.000000,"Known Flow",0.000000,0.000000,2.16999993085665e-07,40.000000,0.579999,1000.000000,0.000000,0.000000,13.000000,0.000000,0.515375,0.579999,,,,7.640240,7.640240,,16.800279,,,,,,903.822387,0.066146,0.000000,0.000000,0.000000,,-459.670013,1000.000000,,0.000000,0.000000,,,,0.047094,"UNDEFINED",0.000000,0.997565,0.000000,,,,,"","",,,,7.640240,,0.000000,,0.000000,,,0.000000,0.000000,"",,,0.000000,"V76586",-1.000000,,0.000000,0.000000,-1.000000,-1.000000,,,,,,,,,,,"",,,,,,,,,,"Volumetric",,,,,,,,,,0.000000,,,,,,,,,,0.000000,0.000000,,,,,,,,,,,,
"2FBBC65C","Nodes",1114706.881520,1669346.981940,1313.064347,"Default Known Flow Node",69.999969,0.579999,1000.000000,0.000000,"Known Flow",0.000000,0.000000,2.16999993085665e-07,40.000000,0.579999,1000.000000,0.000000,0.000000,13.000000,0.000000,0.515375,0.579999,,,,7.643035,7.643035,,16.800279,,,,,,903.822387,0.066146,0.000000,0.000000,0.000000,,-459.670013,1000.000000,,0.000000,0.000000,,,,0.047094,"UNDEFINED",0.000000,0.997565,0.000000,,,,,"","",,,,7.643035,,0.000000,,0.000000,,,0.000000,0.000000,"",,,0.000000,,-1.000000,,0.000000,0.000000,-1.000000,-1.000000,,,,,,,,,,,"",,,,,,,,,,"Volumetric",,,,,,,,,,0.000000,,,,,,,,,,0.000000,0.000000,,,,,,,,,,,,
"2FC1B683","Nodes",1114705.666242,1669353.638348,1313.064347,"Default Known Flow Node",69.999969,0.579999,1000.000000,0.000000,"Known Flow",0.000000,0.000000,2.16999993085665e-07,40.000000,0.579999,1000.000000,0.000000,0.000000,13.000000,0.000000,0.515375,0.579999,,,,7.643876,7.643876,,16.800279,,,,,,903.822387,0.066146,0.000000,0.000000,0.000000,,-459.670013,1000.000000,,0.000000,0.000000,,,,0.047094,"UNDEFINED",0.000000,0.997565,0.000000,,,,,"","",,,,7.643876,,0.000000,,0.000000,,,0.000000,0.000000,"",,,0.000000,,-1.000000,,0.000000,0.000000,0.000000,-1.000000,,,,,,,,,,,"",,,,,,,,,,"Volumetric",,,,,,,,,,0.000000,,,,,,,,,,0.000000,0.000000,,,,,,,,,,,,
"2FBBC659","Nodes",1114701.907430,1669338.047671,1313.064347,"Default Known Flow Node",69.999969,0.579999,1000.000000,0.000000,"Known Flow",0.000000,0.000000,2.16999993085665e-07,40.000000,0.579999,1000.000000,0.000000,0.000000,13.000000,0.000000,0.515375,0.579999,,,,7.642690,7.642690,,16.800279,,,,,,903.822387,0.066146,0.000000,0.000000,0.000000,,-459.670013,1000.000000,,0.000000,0.000000,,,,0.047094,"SETFLOW",0.000000,0.997565,0.000000,,,,,"","",,,,7.642690,,0.000000,,0.000000,,,0.000000,0.000000,"",,,0.000000,,-1.000000,,0.000000,0.000000,-1.000000,-1.000000,,,,,,,,,,,"",,,,,,,,,,"Volumetric",,,,,,,,,,-1.192904,,,,,,,,,,-1.192904,-0.028629,,,,,,,,,,,,
"2FC15373","Nodes",1118488.480064,1669323.970032,1313.064347,"Default Known Flow Node",69.999969,0.579999,1000.000000,0.000000,"Known Flow",0.000000,0.000000,2.16999993085665e-07,40.000000,0.579999,1000.000000,0.000000,0.000000,13.000000,0.000000,0.515371,0.579999,,,,6.973001,6.973001,,16.800279,,,,,,903.822387,0.066147,0.000000,0.000000,0.000000,,-459.670013,1000.000000,,0.000000,0.000000,,,,0.047018,"UNDEFINED",0.000000,0.997569,0.000000,,,,,"","",,,,6.973001,,0.000000,,0.000000,,,0.000000,0.000000,"",,,0.000000,,-1.000000,,0.000000,0.000000,0.000000,-1.000000,,,,,,,,,,,"",,,,,,,,,,"Volumetric",,,,,,,,,,0.000000,,,,,,,,,,0.000000,0.000000,,,,,,,,,,,,
"2FC18AE8","Nodes",1119666.160739,1672274.443919,1313.064347,"Default Known Flow Node",69.999969,0.579999,1000.000000,0.000000,"Known Flow",0.000000,0.000000,2.16999993085665e-07,40.000000,0.579999,1000.000000,0.000000,0.000000,13.000000,0.000000,0.515380,0.579999,,,,8.697414,8.697414,,16.800279,,,,,,903.822387,0.066145,0.000000,0.000000,0.000000,,-459.670013,1000.000000,,0.000000,0.000000,,,,0.047214,"UNDEFINED",0.000000,0.997558,0.000000,,,,,"","",,,,8.697414,,0.000000,,0.000000,,,0.000000,0.000000,"",,,0.000000,,-1.000000,,0.000000,0.000000,0.000000,-1.000000,,,,,,,,,,,"",,,,,,,,,,"Volumetric",,,,,,,,,,0.000000,,,,,,,,,,0.000000,0.000000,,,,,,,,,,,,
"0BEC4522","Nodes",1114831.201292,1669589.084418,1313.064347,"Default Known Flow Node",69.999969,0.579999,1000.000000,0.000000,"Known Flow",0.000000,0.000000,2.16999993085665e-07,40.000000,0.579999,1000.000000,0.000000,0.000000,13.000000,0.000000,0.515375,0.579999,,,,7.638554,7.638554,,16.800279,,,,,,903.822387,0.066146,0.000000,0.000000,0.000000,,-459.670013,1000.000000,,0.000000,0.000000,,,,0.047093,"SETFLOW",0.000000,0.997565,0.000000,,,,,"","",,,,7.638554,,0.000000,,0.000000,,,0.000000,0.000000,"",,,0.000000,"V76590",-1.000000,,0.000000,0.000000,-1.000000,-1.000000,,,,,,,,,,,"",,,,,,,,,,"Volumetric",,,,,,,,,,-0.024774,,,,,,,,,,-0.024774,-0.000594,,,,,,,,,,,,
"0BEC4523","Nodes",1114838.697174,1669604.131778,1313.064347,"Default Known Flow Node",69.999969,0.579999,1000.000000,0.000000,"Known Flow",0.000000,0.000000,2.16999993085665e-07,40.000000,0.579999,1000.000000,0.000000,0.000000,13.000000,0.000000,0.515375,0.579999,,,,7.638061,7.638061,,16.800279,,,,,,903.822387,0.066146,0.000000,0.000000,0.000000,,-459.670013,1000.000000,,0.000000,0.000000,,,,0.047093,"SETFLOW",0.000000,0.997565,0.000000,,,,,"","",,,,7.638061,,0.000000,,0.000000,,,0.000000,0.000000,"",,,0.000000,,-1.000000,,0.000000,0.000000,-1.000000,-1.000000,,,,,,,,,,,"",,,,,,,,,,"Volumetric",,,,,,,,,,-0.123873,,,,,,,,,,-0.123873,-0.002972,,,,,,,,,,,,
"2FC1B707","Nodes",1114864.816377,1669587.070479,1313.064347,"Default Known Flow Node",69.999969,0.579999,1000.000000,0.000000,"Known Flow",0.000000,0.000000,2.16999993085665e-07,40.000000,0.579999,1000.000000,0.000000,0.000000,13.000000,0.000000,0.515375,0.579999,,,,7.638585,7.638585,,16.800279,,,,,,903.822387,0.066146,0.000000,0.000000,0.000000,,-459.670013,1000.000000,,0.000000,0.000000,,,,0.047093,"UNDEFINED",0.000000,0.997565,0.000000,,,,,"","",,,,7.638585,,0.000000,,0.000000,,,0.000000,0.000000,"",,,0.000000,"V76591",-1.000000,,0.000000,0.000000,0.000000,-1.000000,,,,,,,,,,,"",,,,,,,,,,"Volumetric",,,,,,,,,,0.000000,,,,,,,,,,0.000000,0.000000,,,,,,,,,,,,
"2FC1B6EF","Nodes",1114869.255427,1669583.537480,1313.064347,"Default Known Flow Node",69.999969,0.579999,1000.000000,0.000000,"Known Flow",0.000000,0.000000,2.16999993085665e-07,40.000000,0.579999,1000.000000,0.000000,0.000000,13.000000,0.000000,0.515375,0.579999,,,,7.638686,7.638686,,16.800279,,,,,,903.822387,0.066146,0.000000,0.000000,0.000000,,-459.670013,1000.000000,,0.000000,0.000000,,,,0.047093,"UNDEFINED",0.000000,0.997565,0.000000,,,,,"","",,,,7.638686,,0.000000,,0.000000,,,0.000000,0.000000,"",,,0.000000,,-1.000000,,0.000000,0.000000,0.000000,-1.000000,,,,,,,,,,,"",,,,,,,,,,"Volumetric",,,,,,,,,,0.000000,,,,,,,,,,0.000000,0.000000,,,,,,,,,,,,
"2FC1B6F1","Nodes",1114870.310215,1669578.405387,1313.064347,"Default Known Flow Node",69.999969,0.579999,1000.000000,0.000000,"Known Flow",0.000000,0.000000,2.16999993085665e-07,40.000000,0.579999,1000.000000,0.000000,0.000000,13.000000,0.000000,0.515375,0.579999,,,,7.638979,7.638979,,16.800279,,,,,,903.822387,0.066146,0.000000,0.000000,0.000000,,-459.670013,1000.000000,,0.000000,0.000000,,,,0.047093,"UNDEFINED",0.000000,0.997565,0.000000,,,,,"","",,,,7.638979,,0.000000,,0.000000,,,0.000000,0.000000,"",,,0.000000,,-1.000000,,0.000000,0.000000,0.000000,-1.000000,,,,,,,,,,,"",,,,,,,,,,"Volumetric",,,,,,,,,,0.000000,,,,,,,,,,0.000000,0.000000,,,,,,,,,,,,
"0BEC452B","Nodes",1114961.110113,1669823.113632,1313.064347,"Default Known Flow Node",69.999969,0.579999,1000.000000,0.000000,"Known Flow",0.000000,0.000000,2.16999993085665e-07,40.000000,0.579999,1000.000000,0.000000,0.000000,13.000000,0.000000,0.515375,0.579999,,,,7.631705,7.631705,,16.800279,,,,,,903.822387,0.066146,0.000000,0.000000,0.000000,,-459.670013,1000.000000,,0.000000,0.000000,,,,0.047093,"SETFLOW",0.000000,0.997565,0.000000,,,,,"","",,,,7.631705,,0.000000,,0.000000,,,0.000000,0.000000,"",,,0.000000,,-1.000000,,0.000000,0.000000,-1.000000,-1.000000,,,,,,,,,,,"",,,,,,,,,,"Volumetric",,,,,,,,,,-0.161809,,,,,,,,,,-0.161809,-0.003883,,,,,,,,,,,,
"2FC1B6F7","Nodes",1114995.263329,1669815.017660,1313.064347,"Default Known Flow Node",69.999969,0.579999,1000.000000,0.000000,"Known Flow",0.000000,0.000000,2.16999993085665e-07,40.000000,0.579999,1000.000000,0.000000,0.000000,13.000000,0.000000,0.515375,0.579999,,,,7.633392,7.633392,,16.800279,,,,,,903.822387,0.066146,0.000000,0.000000,0.000000,,-459.670013,1000.000000,,0.000000,0.000000,,,,0.047093,"UNDEFINED",0.000000,0.997565,0.000000,,,,,"","",,,,7.633392,,0.000000,,0.000000,,,0.000000,0.000000,"",,,0.000000,,-1.000000,,0.000000,0.000000,0.000000,-1.000000,,,,,,,,,,,"",,,,,,,,,,"Volumetric",,,,,,,,,,0.000000,,,,,,,,,,0.000000,0.000000,,,,,,,,,,,,
"2FC1B69F","Nodes",1115002.932876,1669815.697424,1313.064347,"Default Known Flow Node",69.999969,0.579999,1000.000000,0.000000,"Known Flow",0.000000,0.000000,2.16999993085665e-07,40.000000,0.579999,1000.000000,0.000000,0.000000,13.000000,0.000000,0.515375,0.579999,,,,7.640413,7.640413,,16.800279,,,,,,903.822387,0.066146,0.000000,0.000000,0.000000,,-459.670013,1000.000000,,0.000000,0.000000,,,,0.047094,"UNDEFINED",0.000000,0.997565,0.000000,,,,,"","",,,,7.640413,,0.000000,,0.000000,,,0.000000,0.000000,"",,,0.000000,,-1.000000,,0.000000,0.000000,0.000000,-1.000000,,,,,,,,,,,"",,,,,,,,,,"Volumetric",,,,,,,,,,0.000000,,,,,,,,,,0.000000,0.000000,,,,,,,,,,,,
"2FBF8EFF","Nodes",1115005.627335,1669813.377658,1313.064347,"Default Known Flow Node",69.999969,0.579999,1000.000000,0.000000,"Known Flow",0.000000,0.000000,2.16999993085665e-07,40.000000,0.579999,1000.000000,0.000000,0.000000,13.000000,0.000000,0.515375,0.579999,,,,7.640693,7.640693,,16.800279,,,,,,903.822387,0.066146,0.000000,0.000000,0.000000,,-459.670013,1000.000000,,0.000000,0.000000,,,,0.047094,"UNDEFINED",0.000000,0.997565,0.000000,,,,,"","",,,,7.640693,,0.000000,,0.000000,,,0.000000,0.000000,"",,,0.000000,"V75352",-1.000000,,0.000000,0.000000,0.000000,-1.000000,,,,,,,,,,,"",,,,,,,,,,"Volumetric",,,,,,,,,,0.000000,,,,,,,,,,0.000000,0.000000,,,,,,,,,,,,
"2FC1B711","Nodes",1114961.524480,1669824.021610,1313.064347,"Default Known Flow Node",69.999969,0.579999,1000.000000,0.000000,"Known Flow",0.000000,0.000000,2.16999993085665e-07,40.000000,0.579999,1000.000000,0.000000,0.000000,13.000000,0.000000,0.515375,0.579999,,,,7.631683,7.631683,,16.800279,,,,,,903.822387,0.066146,0.000000,0.000000,0.000000,,-459.670013,1000.000000,,0.000000,0.000000,,,,0.047093,"UNDEFINED",0.000000,0.997565,0.000000,,,,,"","",,,,7.631683,,0.000000,,0.000000,,,0.000000,0.000000,"",,,0.000000,"V78203",-1.000000,,0.000000,0.000000,0.000000,-1.000000,,,,,,,,,,,"",,,,,,,,,,"Volumetric",,,,,,,,,,0.000000,,,,,,,,,,0.000000,0.000000,,,,,,,,,,,,
"2FC1B6F9","Nodes",1114963.651614,1669828.585244,1313.064347,"Default Known Flow Node",69.999969,0.579999,1000.000000,0.000000,"Known Flow",0.000000,0.000000,2.16999993085665e-07,40.000000,0.579999,1000.000000,0.000000,0.000000,13.000000,0.000000,0.515375,0.579999,,,,7.631576,7.631576,,16.800279,,,,,,903.822387,0.066146,0.000000,0.000000,0.000000,,-459.670013,1000.000000,,0.000000,0.000000,,,,0.047093,"UNDEFINED",0.000000,0.997565,0.000000,,,,,"","",,,,7.631576,,0.000000,,0.000000,,,0.000000,0.000000,"",,,0.000000,,-1.000000,,0.000000,0.000000,0.000000,-1.000000,,,,,,,,,,,"",,,,,,,,,,"Volumetric",,,,,,,,,,0.000000,,,,,,,,,,0.000000,0.000000,,,,,,,,,,,,
"2FBF2255","Nodes",1114964.015606,1669829.286423,1313.064347,"Default Known Flow Node",69.999969,0.579999,1000.000000,0.000000,"Known Flow",0.000000,0.000000,2.16999993085665e-07,40.000000,0.579999,1000.000000,0.000000,0.000000,13.000000,0.000000,0.515375,0.579999,,,,7.631554,7.631554,,16.800279,,,,,,903.822387,0.066146,0.000000,0.000000,0.000000,,-459.670013,1000.000000,,0.000000,0.000000,,,,0.047093,"UNDEFINED",0.000000,0.997565,0.000000,,,,,"","",,,,7.631554,,0.000000,,0.000000,,,0.000000,0.000000,"",,,0.000000,,-1.000000,,0.000000,0.000000,0.000000,-1.000000,,,,,,,,,,,"",,,,,,,,,,"Volumetric",,,,,,,,,,0.000000,,,,,,,,,,0.000000,0.000000,,,,,,,,,,,,
"R5881","Nodes",1114800.803224,1669948.175104,1313.064347,"Default Known Flow Node",69.999969,0.579999,1000.000000,0.000000,"Known Flow",0.000000,0.000000,2.16999993085665e-07,40.000000,0.579999,1000.000000,0.000000,0.000000,13.000000,0.000000,0.515375,0.579999,,,,7.625407,7.625407,,16.800279,,,,,,903.822387,0.066146,0.000000,0.000000,0.000000,,-459.670013,1000.000000,,0.000000,0.000000,,,,0.047092,"UNDEFINED",0.000000,0.997565,0.000000,,,,,"","",,,,7.625407,,0.000000,,0.000000,,,0.000000,0.000000,"",,,0.000000,"47-18 Bowne St",-1.000000,,0.000000,0.000000,0.000000,-1.000000,,,,,,,,,,,"",,,,,,,,,,"Volumetric",,,,,,,,,,0.000000,,,,,,,,,,0.000000,0.000000,,,,,,,,,,,,
"2FC1C8A3","Nodes",1114620.792636,1670067.000111,1313.064347,"Default Known Flow Node",69.999969,0.579999,1000.000000,0.000000,"Known Flow",0.000000,0.000000,2.16999993085665e-07,40.000000,0.579999,1000.000000,0.000000,0.000000,13.000000,0.000000,0.515375,0.579999,,,,7.618961,7.618961,,16.800279,,,,,,903.822387,0.066146,0.000000,0.000000,0.000000,,-459.670013,1000.000000,,0.000000,0.000000,,,,0.047091,"UNDEFINED",0.000000,0.997565,0.000000,,,,,"","",,,,7.618961,,0.000000,,0.000000,,,0.000000,0.000000,"",,,0.000000,,-1.000000,,0.000000,0.000000,0.000000,-1.000000,,,,,,,,,,,"",,,,,,,,,,"Volumetric",,,,,,,,,,0.000000,,,,,,,,,,0.000000,0.000000,,,,,,,,,,,,
"2FC1E298","Nodes",1118115.995938,1668628.377518,1313.064347,"Default Known Flow Node",69.999969,0.579999,1000.000000,0.000000,"Known Flow",0.000000,0.000000,2.16999993085665e-07,40.000000,0.579999,1000.000000,0.000000,0.000000,13.000000,0.000000,0.515379,0.579999,,,,8.492452,8.492452,,16.800279,,,,,,903.822387,0.066146,0.000000,0.000000,0.000000,,-459.670013,1000.000000,,0.000000,0.000000,,,,0.047190,"UNDEFINED",0.000000,0.997560,0.000000,,,,,"","",,,,8.492452,,0.000000,,0.000000,,,0.000000,0.000000,"",,,0.000000,"V79371",-1.000000,,0.000000,0.000000,0.000000,-1.000000,,,,,,,,,,,"",,,,,,,,,,"Volumetric",,,,,,,,,,0.000000,,,,,,,,,,0.000000,0.000000,,,,,,,,,,,,
"2FBF23BA","Nodes",1118111.431173,1668629.833177,1313.064347,"Default Known Flow Node",69.999969,0.579999,1000.000000,0.000000,"Known Flow",0.000000,0.000000,2.16999993085665e-07,40.000000,0.579999,1000.000000,0.000000,0.000000,13.000000,0.000000,0.515379,0.579999,,,,8.501130,8.501130,,16.800279,,,,,,903.822387,0.066146,0.000000,0.000000,0.000000,,-459.670013,1000.000000,,0.000000,0.000000,,,,0.047191,"UNDEFINED",0.000000,0.997560,0.000000,,,,,"","",,,,8.501130,,0.000000,,0.000000,,,0.000000,0.000000,"",,,0.000000,,-1.000000,,0.000000,0.000000,0.000000,-1.000000,,,,,,,,,,,"",,,,,,,,,,"Volumetric",,,,,,,,,,0.000000,,,,,,,,,,0.000000,0.000000,,,,,,,,,,,,
"2FBF23B8","Nodes",1118110.482212,1668630.148738,1313.064347,"Default Known Flow Node",69.999969,0.579999,1000.000000,0.000000,"Known Flow",0.000000,0.000000,2.16999993085665e-07,40.000000,0.579999,1000.000000,0.000000,0.000000,13.000000,0.000000,0.515379,0.579999,,,,8.500188,8.500188,,16.800279,,,,,,903.822387,0.066146,0.000000,0.000000,0.000000,,-459.670013,1000.000000,,0.000000,0.000000,,,,0.047191,"UNDEFINED",0.000000,0.997560,0.000000,,,,,"","",,,,8.500188,,0.000000,,0.000000,,,0.000000,0.000000,"",,,0.000000,,-1.000000,,0.000000,0.000000,0.000000,-1.000000,,,,,,,,,,,"",,,,,,,,,,"Volumetric",,,,,,,,,,0.000000,,,,,,,,,,0.000000,0.000000,,,,,,,,,,,,
"0BF46ED3","Nodes",1118086.076578,1668696.048435,1313.064347,"Default Known Flow Node",69.999969,0.579999,1000.000000,0.000000,"Known Flow",0.000000,0.000000,2.16999993085665e-07,40.000000,0.579999,1000.000000,0.000000,0.000000,13.000000,0.000000,0.515379,0.579999,,,,8.391774,8.391774,,16.800279,,,,,,903.822387,0.066146,0.000000,0.000000,0.000000,,-459.670013,1000.000000,,0.000000,0.000000,,,,0.047179,"UNDEFINED",0.000000,0.997560,0.000000,,,,,"","",,,,8.391774,,0.000000,,0.000000,,,0.000000,0.000000,"",,,0.000000,"V11068",-1.000000,,0.000000,0.000000,0.000000,-1.000000,,,,,,,,,,,"",,,,,,,,,,"Volumetric",,,,,,,,,,0.000000,,,,,,,,,,0.000000,0.000000,,,,,,,,,,,,
"0BF46E95","Nodes",1118090.946399,1668699.831177,1313.064347,"Default Known Flow Node",69.999969,0.579999,1000.000000,0.000000,"Known Flow",0.000000,0.000000,2.16999993085665e-07,40.000000,0.579999,1000.000000,0.000000,0.000000,13.000000,0.000000,0.515379,0.579999,,,,8.420136,8.420136,,16.800279,,,,,,903.822387,0.066146,0.000000,0.000000,0.000000,,-459.670013,1000.000000,,0.000000,0.000000,,,,0.047182,"UNDEFINED",0.000000,0.997560,0.000000,,,,,"","",,,,8.420136,,0.000000,,0.000000,,,0.000000,0.000000,"",,,0.000000,,-1.000000,,0.000000,0.000000,0.000000,-1.000000,,,,,,,,,,,"",,,,,,,,,,"Volumetric",,,,,,,,,,0.000000,,,,,,,,,,0.000000,0.000000,,,,,,,,,,,,
"2FBF8E18","Nodes",1118091.234579,1668701.837316,1313.064347,"Default Known Flow Node",69.999969,0.579999,1000.000000,0.000000,"Known Flow",0.000000,0.000000,2.16999993085665e-07,40.000000,0.579999,1000.000000,0.000000,0.000000,13.000000,0.000000,0.515379,0.579999,,,,8.420136,8.420136,,16.800279,,,,,,903.822387,0.066146,0.000000,0.000000,0.000000,,-459.670013,1000.000000,,0.000000,0.000000,,,,0.047182,"UNDEFINED",0.000000,0.997560,0.000000,,,,,"","",,,,8.420136,,0.000000,,0.000000,,,0.000000,0.000000,"",,,0.000000,,-1.000000,,0.000000,0.000000,0.000000,-1.000000,,,,,,,,,,,"",,,,,,,,,,"Volumetric",,,,,,,,,,0.000000,,,,,,,,,,0.000000,0.000000,,,,,,,,,,,,
"2FBF8E1B","Nodes",1118080.885308,1668701.626692,1313.064347,"Default Known Flow Node",69.999969,0.579999,1000.000000,0.000000,"Known Flow",0.000000,0.000000,2.16999993085665e-07,40.000000,0.579999,1000.000000,0.000000,0.000000,13.000000,0.000000,0.515379,0.579999,,,,8.420136,8.420136,,16.800279,,,,,,903.822387,0.066146,0.000000,0.000000,0.000000,,-459.670013,1000.000000,,0.000000,0.000000,,,,0.047182,"UNDEFINED",0.000000,0.997560,0.000000,,,,,"","",,,,8.420136,,0.000000,,0.000000,,,0.000000,0.000000,"",,,0.000000,"V11070",-1.000000,,0.000000,0.000000,0.000000,-1.000000,,,,,,,,,,,"",,,,,,,,,,"Volumetric",,,,,,,,,,0.000000,,,,,,,,,,0.000000,0.000000,,,,,,,,,,,,
"2FC1E2A1","Nodes",1118076.128145,1668578.473281,1313.064347,"Default Known Flow Node",69.999969,0.579999,1000.000000,0.000000,"Known Flow",0.000000,0.000000,2.16999993085665e-07,40.000000,0.579999,1000.000000,0.000000,0.000000,13.000000,0.000000,0.515383,0.579999,,,,9.130834,9.130834,,16.800279,,,,,,903.822387,0.066145,0.000000,0.000000,0.000000,,-459.670013,1000.000000,,0.000000,0.000000,,,,0.047263,"UNDEFINED",0.000000,0.997556,0.000000,,,,,"","",,,,9.130834,,0.000000,,0.000000,,,0.000000,0.000000,"",,,0.000000,"V78197",-1.000000,,0.000000,0.000000,0.000000,-1.000000,,,,,,,,,,,"",,,,,,,,,,"Volumetric",,,,,,,,,,0.000000,,,,,,,,,,0.000000,0.000000,,,,,,,,,,,,
"GR247","Nodes",1118063.214447,1668526.987247,1313.064347,"Default Known Node",69.999969,0.579999,1000.000000,0.000000,"Known Pressure/Flow",0.000000,0.000000,2.16999993085665e-07,40.000000,0.579999,1000.000000,0.000000,0.000000,13.000000,0.000000,0.515385,0.579999,,,,9.500000,9.500000,,16.800279,,,,,,903.822387,0.066145,0.000000,0.000000,0.000000,,-459.670013,1000.000000,,0.000000,0.000000,,,,0.047305,"UNDEFINED",0.000000,0.997554,0.000000,,,,,"","",,,,9.500000,,0.000000,,0.000000,,,0.000000,0.000000,"",,,0.000000,,-1.000000,,0.000000,0.000000,0.000000,-1.000000,,,,,,,,,,,"",,,,,,,,,,"Volumetric",,,,,,,,,,0.000000,,,,,,,,,,0.000000,0.000000,,,,,,,,,,,,
"0BF4781A","Nodes",1119805.796911,1668177.687491,1313.064347,"Default Known Flow Node",69.999969,0.579999,1000.000000,0.000000,"Known Flow",0.000000,0.000000,2.16999993085665e-07,40.000000,0.579999,1000.000000,0.000000,0.000000,13.000000,0.000000,0.515374,0.579999,,,,7.482634,7.482634,,16.800279,,,,,,903.822387,0.066146,0.000000,0.000000,0.000000,,-459.670013,1000.000000,,0.000000,0.000000,,,,0.047076,"SETFLOW",0.000000,0.997566,0.000000,,,,,"","",,,,7.482634,,0.000000,,0.000000,,,0.000000,0.000000,"",,,0.000000,"37-04 Parsons Blvd (POE 37 Ave) Q= 3.579 mcfh, Firm DONE",-1.000000,,0.000000,0.000000,-1.000000,-1.000000,,,,,,,,,,,,,,,,"",,,,,,,,,,"Volumetric",,,,,,,,,,-3.578999,,,,,-3.578999,-0.085895,,,,,,,,,,,,
"2FC05A04","Nodes",1119805.487528,1668175.711585,1313.064347,"Default Known Flow Node",69.999969,0.579999,1000.000000,0.000000,"Known Flow",0.000000,0.000000,2.16999993085665e-07,40.000000,0.579999,1000.000000,0.000000,0.000000,13.000000,0.000000,0.515374,0.579999,,,,7.482608,7.482608,,16.800279,,,,,,903.822387,0.066146,0.000000,0.000000,0.000000,,-459.670013,1000.000000,,0.000000,0.000000,,,,0.047076,"UNDEFINED",0.000000,0.997566,0.000000,,,,,"","",,,,7.482608,,0.000000,,0.000000,,,0.000000,0.000000,"",,,0.000000,,-1.000000,,0.000000,0.000000,0.000000,-1.000000,,,,,,,,,,,"",,,,,,,,,,"Volumetric",,,,,,,,,,0.000000,,,,,,,,,,0.000000,0.000000,,,,,,,,,,,,
"2FBB5E02","Nodes",1119785.377622,1668047.277703,1313.064347,"Default Known Flow Node",69.999969,0.579999,1000.000000,0.000000,"Known Flow",0.000000,0.000000,2.16999993085665e-07,40.000000,0.579999,1000.000000,0.000000,0.000000,13.000000,0.000000,0.515374,0.579999,,,,7.481320,7.481320,,16.800279,,,,,,903.822387,0.066146,0.000000,0.000000,0.000000,,-459.670013,1000.000000,,0.000000,0.000000,,,,0.047076,"UNDEFINED",0.000000,0.997566,0.000000,,,,,"","",,,,7.481320,,0.000000,,0.000000,,,0.000000,0.000000,"",,,0.000000,,-1.000000,,0.000000,0.000000,0.000000,-1.000000,,,,,,,,,,,"",,,,,,,,,,"Volumetric",,,,,,,,,,0.000000,,,,,,,,,,0.000000,0.000000,,,,,,,,,,,,
"2FBB5E03","Nodes",1119784.758856,1668043.325891,1313.064347,"Default Known Flow Node",69.999969,0.579999,1000.000000,0.000000,"Known Flow",0.000000,0.000000,2.16999993085665e-07,40.000000,0.579999,1000.000000,0.000000,0.000000,13.000000,0.000000,0.515374,0.579999,,,,7.481269,7.481269,,16.800279,,,,,,903.822387,0.066146,0.000000,0.000000,0.000000,,-459.670013,1000.000000,,0.000000,0.000000,,,,0.047076,"UNDEFINED",0.000000,0.997566,0.000000,,,,,"","",,,,7.481269,,0.000000,,0.000000,,,0.000000,0.000000,"",,,0.000000,,-1.000000,,0.000000,0.000000,0.000000,-1.000000,,,,,,,,,,,"",,,,,,,,,,"Volumetric",,,,,,,,,,0.000000,,,,,,,,,,0.000000,0.000000,,,,,,,,,,,,
"3W12","Nodes",1119664.248657,1668352.569384,1313.064347,"Default Known Flow Node",69.999969,0.579999,1000.000000,0.000000,"Known Flow",0.000000,0.000000,2.16999993085665e-07,40.000000,0.579999,1000.000000,0.000000,0.000000,13.000000,0.000000,0.515376,0.579999,,,,7.860787,7.860787,,16.800279,,,,,,903.822387,0.066146,0.000000,0.000000,0.000000,,-459.670013,1000.000000,,0.000000,0.000000,,,,0.047119,"SETFLOW",0.000000,0.997563,0.000000,,,,,"","",,,,7.860787,,0.000000,,0.000000,,,0.000000,0.000000,"",,,0.000000,"DIVERSIFIED BLDG CORP - 37-14 PARSON BLVD, Moved to Firm 4/4/17",-1.000000,,0.000000,0.000000,-1.000000,-1.000000,,,,,,,,,,,"",,,,,,,,,,"Volumetric",,,,,,,,,,-0.858311,,,,,,,,,,-0.858311,-0.020599,,,,,,,,,,,,
"2FBDBB1B","Nodes",1119685.880281,1668349.166358,1313.064347,"Default Known Flow Node",69.999969,0.579999,1000.000000,0.000000,"Known Flow",0.000000,0.000000,2.16999993085665e-07,40.000000,0.579999,1000.000000,0.000000,0.000000,13.000000,0.000000,0.515376,0.579999,,,,7.865084,7.865084,,16.800279,,,,,,903.822387,0.066146,0.000000,0.000000,0.000000,,-459.670013,1000.000000,,0.000000,0.000000,,,,0.047119,"SETFLOW",0.000000,0.997563,0.000000,,,,,"","",,,,7.865084,,0.000000,,0.000000,,,0.000000,0.000000,"",,,0.000000,"37-15 Parsons Blvd, Q= 2.992 mcfh, Firm DONE",-1.000000,,0.000000,0.000000,-1.000000,-1.000000,,,,,,,,,,,,,,,,"",,,,,,,,,,"Volumetric",,,,,,,,,,-2.991999,,,,,-2.991999,-0.071807,,,,,,,,,,,,
"2FBE475C","Nodes",1119680.950210,1668350.002485,1313.064347,"Default Known Flow Node",69.999969,0.579999,1000.000000,0.000000,"Known Flow",0.000000,0.000000,2.16999993085665e-07,40.000000,0.579999,1000.000000,0.000000,0.000000,13.000000,0.000000,0.515376,0.579999,,,,7.863682,7.863682,,16.800279,,,,,,903.822387,0.066146,0.000000,0.000000,0.000000,,-459.670013,1000.000000,,0.000000,0.000000,,,,0.047119,"UNDEFINED",0.000000,0.997563,0.000000,,,,,"","",,,,7.863682,,0.000000,,0.000000,,,0.000000,0.000000,"",,,0.000000,,-1.000000,,0.000000,0.000000,0.000000,-1.000000,,,,,,,,,,,"",,,,,,,,,,"Volumetric",,,,,,,,,,0.000000,,,,,,,,,,0.000000,0.000000,,,,,,,,,,,,
"2FBFC036","Nodes",1120035.528924,1677850.369763,1313.064347,"Default Known Flow Node",69.999969,0.579999,1000.000000,0.000000,"Known Flow",0.000000,0.000000,2.16999993085665e-07,40.000000,0.579999,1000.000000,0.000000,0.000000,13.000000,0.000000,0.515372,0.579999,,,,7.183006,7.183006,,16.800279,,,,,,903.822387,0.066146,0.000000,0.000000,0.000000,,-459.670013,1000.000000,,0.000000,0.000000,,,,0.047042,"UNDEFINED",0.000000,0.997567,0.000000,,,,,"","",,,,7.183006,,0.000000,,0.000000,,,0.000000,0.000000,"",,,0.000000,,-1.000000,,0.000000,0.000000,0.000000,-1.000000,,,,,,,,,,,"",,,,,,,,,,"Volumetric",,,,,,,,,,0.000000,,,,,,,,,,0.000000,0.000000,,,,,,,,,,,,
"2FC23E57","Nodes",1120197.963073,1669093.237096,1313.064347,"Default Known Flow Node",69.999969,0.579999,1000.000000,0.000000,"Known Flow",0.000000,0.000000,2.16999993085665e-07,40.000000,0.579999,1000.000000,0.000000,0.000000,13.000000,0.000000,0.515379,0.579999,,,,8.389827,8.389827,,16.800279,,,,,,903.822387,0.066146,0.000000,0.000000,0.000000,,-459.670013,1000.000000,,0.000000,0.000000,,,,0.047179,"UNDEFINED",0.000000,0.997560,0.000000,,,,,"","",,,,8.389827,,0.000000,,0.000000,,,0.000000,0.000000,"",,,0.000000,"V83612",-1.000000,,0.000000,0.000000,0.000000,-1.000000,,,,,,,,,,,"",,,,,,,,,,"Volumetric",,,,,,,,,,0.000000,,,,,,,,,,0.000000,0.000000,,,,,,,,,,,,
"14474NOB","Nodes",1120195.629951,1669063.913188,1313.064347,"Default Known Flow Node",69.999969,0.579999,1000.000000,0.000000,"Known Flow",0.000000,0.000000,2.16999993085665e-07,40.000000,0.579999,1000.000000,0.000000,0.000000,13.000000,0.000000,0.515379,0.579999,,,,8.387269,8.387269,,16.800279,,,,,,903.822387,0.066146,0.000000,0.000000,0.000000,,-459.670013,1000.000000,,0.000000,0.000000,,,,0.047178,"SETFLOW",0.000000,0.997560,0.000000,,,,,"","",,,,8.387269,,0.000000,,0.000000,,,0.000000,0.000000,"",,,0.000000,"144-74 Northern Blvd, Q= 9.859 mcfh, Firm",-1.000000,,0.000000,0.000000,0.000000,-1.000000,,,,,,,,,,,"",,,"",,,,,,,"Volumetric",,,"Volumetric",,,,,,,0.000000,,,-9.858999,,,,,,,0.000000,0.000000,,,,,,,,,,,,
"2FBF3290","Nodes",1120194.992193,1668983.235481,1313.064347,"Default Known Flow Node",69.999969,0.579999,1000.000000,0.000000,"Known Flow",0.000000,0.000000,2.16999993085665e-07,40.000000,0.579999,1000.000000,0.000000,0.000000,13.000000,0.000000,0.515379,0.579999,,,,8.362064,8.362064,,16.800279,,,,,,903.822387,0.066146,0.000000,0.000000,0.000000,,-459.670013,1000.000000,,0.000000,0.000000,,,,0.047176,"UNDEFINED",0.000000,0.997560,0.000000,,,,,"","",,,,8.362064,,0.000000,,0.000000,,,0.000000,0.000000,"",,,0.000000,,-1.000000,,0.000000,0.000000,0.000000,-1.000000,,,,,,,,,,,"",,,,,,,,,,"Volumetric",,,,,,,,,,0.000000,,,,,,,,,,0.000000,0.000000,,,,,,,,,,,,
"2FC23E52","Nodes",1120196.152629,1668855.400532,1313.064347,"Default Known Flow Node",69.999969,0.579999,1000.000000,0.000000,"Known Flow",0.000000,0.000000,2.16999993085665e-07,40.000000,0.579999,1000.000000,0.000000,0.000000,13.000000,0.000000,0.515378,0.579999,,,,8.300810,8.300810,,16.800279,,,,,,903.822387,0.066146,0.000000,0.000000,0.000000,,-459.670013,1000.000000,,0.000000,0.000000,,,,0.047169,"UNDEFINED",0.000000,0.997561,0.000000,,,,,"","",,,,8.300810,,0.000000,,0.000000,,,0.000000,0.000000,"",,,0.000000,,-1.000000,,0.000000,0.000000,0.000000,-1.000000,,,,,,,,,,,"",,,,,,,,,,"Volumetric",,,,,,,,,,0.000000,,,,,,,,,,0.000000,0.000000,,,,,,,,,,,,
"2FBF8E26","Nodes",1122237.271612,1676440.582843,1313.064347,"Default Known Flow Node",69.999969,0.579999,1000.000000,0.000000,"Known Flow",0.000000,0.000000,2.16999993085665e-07,40.000000,0.579999,1000.000000,0.000000,0.000000,13.000000,0.000000,0.515378,0.579999,,,,8.244847,8.244847,,16.800279,,,,,,903.822387,0.066146,0.000000,0.000000,0.000000,,-459.670013,1000.000000,,0.000000,0.000000,,,,0.047162,"UNDEFINED",0.000000,0.997561,0.000000,,,,,"","",,,,8.244847,,0.000000,,0.000000,,,0.000000,0.000000,"",,,0.000000,,-1.000000,,0.000000,0.000000,0.000000,-1.000000,,,,,,,,,,,"",,,,,,,,,,"Volumetric",,,,,,,,,,0.000000,,,,,,,,,,0.000000,0.000000,,,,,,,,,,,,
"0BEC48C0","Nodes",1120201.389084,1669993.048212,1313.064347,"Default Known Flow Node",69.999969,0.579999,1000.000000,0.000000,"Known Flow",0.000000,0.000000,2.16999993085665e-07,40.000000,0.579999,1000.000000,0.000000,0.000000,13.000000,0.000000,0.515380,0.579999,,,,8.538092,8.538092,,16.800279,,,,,,903.822387,0.066145,0.000000,0.000000,0.000000,,-459.670013,1000.000000,,0.000000,0.000000,,,,0.047196,"UNDEFINED",0.000000,0.997559,0.000000,,,,,"","",,,,8.538092,,0.000000,,0.000000,,,0.000000,0.000000,"",,,0.000000,,-1.000000,,0.000000,0.000000,-1.000000,-1.000000,,,,,,,,,,,"",,,,,,,,,,"Volumetric",,,,,,,,,,0.000000,,,,,,,,,,0.000000,0.000000,,,,,,,,,,,,
"2FC280DD","Nodes",1120203.095991,1669935.962536,1313.064347,"Default Known Flow Node",69.999969,0.579999,1000.000000,0.000000,"Known Flow",0.000000,0.000000,2.16999993085665e-07,40.000000,0.579999,1000.000000,0.000000,0.000000,13.000000,0.000000,0.515380,0.579999,,,,8.532808,8.532808,,16.800279,,,,,,903.822387,0.066145,0.000000,0.000000,0.000000,,-459.670013,1000.000000,,0.000000,0.000000,,,,0.047195,"UNDEFINED",0.000000,0.997559,0.000000,,,,,"","",,,,8.532808,,0.000000,,0.000000,,,0.000000,0.000000,"",,,0.000000,"V89372",-1.000000,,0.000000,0.000000,0.000000,-1.000000,,,,,,,,,,,"",,,,,,,,,,"Volumetric",,,,,,,,,,0.000000,,,,,,,,,,0.000000,0.000000,,,,,,,,,,,,
"2FBB87D4","Nodes",1120204.641783,1669618.690243,1313.064347,"Default Known Flow Node",69.999969,0.579999,1000.000000,0.000000,"Known Flow",0.000000,0.000000,2.16999993085665e-07,40.000000,0.579999,1000.000000,0.000000,0.000000,13.000000,0.000000,0.515379,0.579999,,,,8.450825,8.450825,,16.800279,,,,,,903.822387,0.066146,0.000000,0.000000,0.000000,,-459.670013,1000.000000,,0.000000,0.000000,,,,0.047186,"UNDEFINED",0.000000,0.997560,0.000000,,,,,"","",,,,8.450825,,0.000000,,0.000000,,,0.000000,0.000000,"",,,0.000000,,-1.000000,,0.000000,0.000000,0.000000,-1.000000,,,,,,,,,,,"",,,,,,,,,,"Volumetric",,,,,,,,,,0.000000,,,,,,,,,,0.000000,0.000000,,,,,,,,,,,,
"2FBB8927","Nodes",1120204.638857,1669620.526461,1313.064347,"Default Known Flow Node",69.999969,0.579999,1000.000000,0.000000,"Known Flow",0.000000,0.000000,2.16999993085665e-07,40.000000,0.579999,1000.000000,0.000000,0.000000,13.000000,0.000000,0.515379,0.579999,,,,8.455056,8.455056,,16.800279,,,,,,903.822387,0.066146,0.000000,0.000000,0.000000,,-459.670013,1000.000000,,0.000000,0.000000,,,,0.047186,"UNDEFINED",0.000000,0.997560,0.000000,,,,,"","",,,,8.455056,,0.000000,,0.000000,,,0.000000,0.000000,"",,,0.000000,,-1.000000,,0.000000,0.000000,0.000000,-1.000000,,,,,,,,,,,"",,,,,,,,,,"Volumetric",,,,,,,,,,0.000000,,,,,,,,,,0.000000,0.000000,,,,,,,,,,,,
"2FC280CB","Nodes",1120207.431655,1669633.380258,1313.064347,"Default Known Flow Node",69.999969,0.579999,1000.000000,0.000000,"Known Flow",0.000000,0.000000,2.16999993085665e-07,40.000000,0.579999,1000.000000,0.000000,0.000000,13.000000,0.000000,0.515379,0.579999,,,,8.477883,8.477883,,16.800279,,,,,,903.822387,0.066146,0.000000,0.000000,0.000000,,-459.670013,1000.000000,,0.000000,0.000000,,,,0.047189,"UNDEFINED",0.000000,0.997560,0.000000,,,,,"","",,,,8.477883,,0.000000,,0.000000,,,0.000000,0.000000,"",,,0.000000,,-1.000000,,0.000000,0.000000,0.000000,-1.000000,,,,,,,,,,,"",,,,,,,,,,"Volumetric",,,,,,,,,,0.000000,,,,,,,,,,0.000000,0.000000,,,,,,,,,,,,
"2FC280D4","Nodes",1120208.448471,1669646.382100,1313.064347,"Default Known Flow Node",69.999969,0.579999,1000.000000,0.000000,"Known Flow",0.000000,0.000000,2.16999993085665e-07,40.000000,0.579999,1000.000000,0.000000,0.000000,13.000000,0.000000,0.515379,0.579999,,,,8.500709,8.500709,,16.800279,,,,,,903.822387,0.066146,0.000000,0.000000,0.000000,,-459.670013,1000.000000,,0.000000,0.000000,,,,0.047191,"UNDEFINED",0.000000,0.997560,0.000000,,,,,"","",,,,8.500709,,0.000000,,0.000000,,,0.000000,0.000000,"",,,0.000000,,-1.000000,,0.000000,0.000000,0.000000,-1.000000,,,,,,,,,,,"",,,,,,,,,,"Volumetric",,,,,,,,,,0.000000,,,,,,,,,,0.000000,0.000000,,,,,,,,,,,,
"2FC280D6","Nodes",1120208.423101,1669649.382589,1313.064347,"Default Known Flow Node",69.999969,0.579999,1000.000000,0.000000,"Known Flow",0.000000,0.000000,2.16999993085665e-07,40.000000,0.579999,1000.000000,0.000000,0.000000,13.000000,0.000000,0.515379,0.579999,,,,8.505977,8.505977,,16.800279,,,,,,903.822387,0.066146,0.000000,0.000000,0.000000,,-459.670013,1000.000000,,0.000000,0.000000,,,,0.047192,"UNDEFINED",0.000000,0.997560,0.000000,,,,,"","",,,,8.505977,,0.000000,,0.000000,,,0.000000,0.000000,"",,,0.000000,,-1.000000,,0.000000,0.000000,0.000000,-1.000000,,,,,,,,,,,"",,,,,,,,,,"Volumetric",,,,,,,,,,0.000000,,,,,,,,,,0.000000,0.000000,,,,,,,,,,,,
"0BEC48F3","Nodes",1120201.180763,1669999.948095,1313.064347,"Default Known Flow Node",69.999969,0.579999,1000.000000,0.000000,"Known Flow",0.000000,0.000000,2.16999993085665e-07,40.000000,0.579999,1000.000000,0.000000,0.000000,13.000000,0.000000,0.515380,0.579999,,,,8.536088,8.536088,,16.800279,,,,,,903.822387,0.066145,0.000000,0.000000,0.000000,,-459.670013,1000.000000,,0.000000,0.000000,,,,0.047195,"SETFLOW",0.000000,0.997559,0.000000,,,,,"","",,,,8.536088,,0.000000,,0.000000,,,0.000000,0.000000,"",,,0.000000,,-1.000000,,0.000000,0.000000,-1.000000,-1.000000,,,,,,,,,,,"",,,,,,,,,,"Volumetric",,,,,,,,,,-0.017567,,,,,,,,,,-0.017567,-0.000421,,,,,,,,,,,,
"0BEC5169","Nodes",1120133.069626,1670008.674684,1313.064347,"Default Known Flow Node",69.999969,0.579999,1000.000000,0.000000,"Known Flow",0.000000,0.000000,2.16999993085665e-07,40.000000,0.579999,1000.000000,0.000000,0.000000,13.000000,0.000000,0.515379,0.579999,,,,8.512921,8.512921,,16.800279,,,,,,903.822387,0.066146,0.000000,0.000000,0.000000,,-459.670013,1000.000000,,0.000000,0.000000,,,,0.047193,"UNDEFINED",0.000000,0.997560,0.000000,,,,,"","",,,,8.512921,,0.000000,,0.000000,,,0.000000,0.000000,"",,,0.000000,,-1.000000,,0.000000,0.000000,-1.000000,-1.000000,,,,,,,,,,,"",,,,,,,,,,"Volumetric",,,,,,,,,,0.000000,,,,,,,,,,0.000000,0.000000,,,,,,,,,,,,
"2FBE6BF2","Nodes",1120401.910479,1670924.656816,1313.064347,"Default Known Flow Node",69.999969,0.579999,1000.000000,0.000000,"Known Flow",0.000000,0.000000,2.16999993085665e-07,40.000000,0.579999,1000.000000,0.000000,0.000000,13.000000,0.000000,0.515380,0.579999,,,,8.653510,8.653510,,16.800279,,,,,,903.822387,0.066145,0.000000,0.000000,0.000000,,-459.670013,1000.000000,,0.000000,0.000000,,,,0.047209,"UNDEFINED",0.000000,0.997559,0.000000,,,,,"","",,,,8.653510,,0.000000,,0.000000,,,0.000000,0.000000,"",,,0.000000,,-1.000000,,0.000000,0.000000,0.000000,-1.000000,,,,,,,,,,,"",,,,,,,,,,"Volumetric",,,,,,,,,,0.000000,,,,,,,,,,0.000000,0.000000,,,,,,,,,,,,
"2FBE6BF4","Nodes",1120401.194338,1670932.585356,1313.064347,"Default Known Flow Node",69.999969,0.579999,1000.000000,0.000000,"Known Flow",0.000000,0.000000,2.16999993085665e-07,40.000000,0.579999,1000.000000,0.000000,0.000000,13.000000,0.000000,0.515380,0.579999,,,,8.653549,8.653549,,16.800279,,,,,,903.822387,0.066145,0.000000,0.000000,0.000000,,-459.670013,1000.000000,,0.000000,0.000000,,,,0.047209,"UNDEFINED",0.000000,0.997559,0.000000,,,,,"","",,,,8.653549,,0.000000,,0.000000,,,0.000000,0.000000,"",,,0.000000,"V57006",-1.000000,,0.000000,0.000000,0.000000,-1.000000,,,,,,,,,,,"",,,,,,,,,,"Volumetric",,,,,,,,,,0.000000,,,,,,,,,,0.000000,0.000000,,,,,,,,,,,,
"2FBE6BFA","Nodes",1120335.044246,1671198.615677,1313.064347,"Default Known Flow Node",69.999969,0.579999,1000.000000,0.000000,"Known Flow",0.000000,0.000000,2.16999993085665e-07,40.000000,0.579999,1000.000000,0.000000,0.000000,13.000000,0.000000,0.515380,0.579999,,,,8.654881,8.654881,,16.800279,,,,,,903.822387,0.066145,0.000000,0.000000,0.000000,,-459.670013,1000.000000,,0.000000,0.000000,,,,0.047209,"UNDEFINED",0.000000,0.997559,0.000000,,,,,"","",,,,8.654881,,0.000000,,0.000000,,,0.000000,0.000000,"",,,0.000000,"V57005",-1.000000,,0.000000,0.000000,0.000000,-1.000000,,,,,,,,,,,"",,,,,,,,,,"Volumetric",,,,,,,,,,0.000000,,,,,,,,,,0.000000,0.000000,,,,,,,,,,,,
"2FBE6BFB","Nodes",1120335.410743,1671228.765278,1313.064347,"Default Known Flow Node",69.999969,0.579999,1000.000000,0.000000,"Known Flow",0.000000,0.000000,2.16999993085665e-07,40.000000,0.579999,1000.000000,0.000000,0.000000,13.000000,0.000000,0.515380,0.579999,,,,8.655019,8.655019,,16.800279,,,,,,903.822387,0.066145,0.000000,0.000000,0.000000,,-459.670013,1000.000000,,0.000000,0.000000,,,,0.047209,"UNDEFINED",0.000000,0.997559,0.000000,,,,,"","",,,,8.655019,,0.000000,,0.000000,,,0.000000,0.000000,"",,,0.000000,,-1.000000,,0.000000,0.000000,0.000000,-1.000000,,,,,,,,,,,"",,,,,,,,,,"Volumetric",,,,,,,,,,0.000000,,,,,,,,,,0.000000,0.000000,,,,,,,,,,,,
"0BEC5244","Nodes",1120320.475324,1671257.244949,1313.064347,"Default Known Flow Node",69.999969,0.579999,1000.000000,0.000000,"Known Flow",0.000000,0.000000,2.16999993085665e-07,40.000000,0.579999,1000.000000,0.000000,0.000000,13.000000,0.000000,0.515380,0.579999,,,,8.655186,8.655186,,16.800279,,,,,,903.822387,0.066145,0.000000,0.000000,0.000000,,-459.670013,1000.000000,,0.000000,0.000000,,,,0.047209,"UNDEFINED",0.000000,0.997559,0.000000,,,,,"","",,,,8.655186,,0.000000,,0.000000,,,0.000000,0.000000,"",,,0.000000,,-1.000000,,0.000000,0.000000,-1.000000,-1.000000,,,,,,,,,,,"",,,,,,,,,,"Volumetric",,,,,,,,,,0.000000,,,,,,,,,,0.000000,0.000000,,,,,,,,,,,,
"2FBE8003","Nodes",1120306.671286,1671255.010562,1313.064347,"Default Known Flow Node",69.999969,0.579999,1000.000000,0.000000,"Known Flow",0.000000,0.000000,2.16999993085665e-07,40.000000,0.579999,1000.000000,0.000000,0.000000,13.000000,0.000000,0.515380,0.579999,,,,8.655186,8.655186,,16.800279,,,,,,903.822387,0.066145,0.000000,0.000000,0.000000,,-459.670013,1000.000000,,0.000000,0.000000,,,,0.047209,"UNDEFINED",0.000000,0.997559,0.000000,,,,,"","",,,,8.655186,,0.000000,,0.000000,,,0.000000,0.000000,"",,,0.000000,"V57686",-1.000000,,0.000000,0.000000,0.000000,-1.000000,,,,,,,,,,,"",,,,,,,,,,"Volumetric",,,,,,,,,,0.000000,,,,,,,,,,0.000000,0.000000,,,,,,,,,,,,
"2FBE8000","Nodes",1120297.266981,1671260.376352,1313.064347,"Default Known Flow Node",69.999969,0.579999,1000.000000,0.000000,"Known Flow",0.000000,0.000000,2.16999993085665e-07,40.000000,0.579999,1000.000000,0.000000,0.000000,13.000000,0.000000,0.515380,0.579999,,,,8.655186,8.655186,,16.800279,,,,,,903.822387,0.066145,0.000000,0.000000,0.000000,,-459.670013,1000.000000,,0.000000,0.000000,,,,0.047209,"UNDEFINED",0.000000,0.997559,0.000000,,,,,"","",,,,8.655186,,0.000000,,0.000000,,,0.000000,0.000000,"",,,0.000000,,-1.000000,,0.000000,0.000000,0.000000,-1.000000,,,,,,,,,,,"",,,,,,,,,,"Volumetric",,,,,,,,,,0.000000,,,,,,,,,,0.000000,0.000000,,,,,,,,,,,,
"2FBDFF07","Nodes",1120309.601225,1671408.874602,1313.064347,"Default Known Flow Node",69.999969,0.579999,1000.000000,0.000000,"Known Flow",0.000000,0.000000,2.16999993085665e-07,40.000000,0.579999,1000.000000,0.000000,0.000000,13.000000,0.000000,0.515380,0.579999,,,,8.657007,8.657007,,16.800279,,,,,,903.822387,0.066145,0.000000,0.000000,0.000000,,-459.670013,1000.000000,,0.000000,0.000000,,,,0.047209,"UNDEFINED",0.000000,0.997559,0.000000,,,,,"","",,,,8.657007,,0.000000,,0.000000,,,0.000000,0.000000,"",,,0.000000,,-1.000000,,0.000000,0.000000,0.000000,-1.000000,,,,,,,,,,,"",,,,,,,,,,"Volumetric",,,,,,,,,,0.000000,,,,,,,,,,0.000000,0.000000,,,,,,,,,,,,
"2FC0B95B","Nodes",1118331.078585,1668577.245877,1313.064347,"Default Known Flow Node",69.999969,0.579999,1000.000000,0.000000,"Known Flow",0.000000,0.000000,2.16999993085665e-07,40.000000,0.579999,1000.000000,0.000000,0.000000,13.000000,0.000000,0.515377,0.579999,,,,8.039437,8.039437,,16.800279,,,,,,903.822387,0.066146,0.000000,0.000000,0.000000,,-459.670013,1000.000000,,0.000000,0.000000,,,,0.047139,"UNDEFINED",0.000000,0.997562,0.000000,,,,,"","",,,,8.039437,,0.000000,,0.000000,,,0.000000,0.000000,"",,,0.000000,,-1.000000,,0.000000,0.000000,0.000000,-1.000000,,,,,,,,,,,"",,,,,,,,,,"Volumetric",,,,,,,,,,0.000000,,,,,,,,,,0.000000,0.000000,,,,,,,,,,,,
"0BEC4742","Nodes",1118322.407875,1668508.514139,1313.064347,"Default Known Flow Node",69.999969,0.579999,1000.000000,0.000000,"Known Flow",0.000000,0.000000,2.16999993085665e-07,40.000000,0.579999,1000.000000,0.000000,0.000000,13.000000,0.000000,0.515377,0.579999,,,,7.984641,7.984641,,16.800279,,,,,,903.822387,0.066146,0.000000,0.000000,0.000000,,-459.670013,1000.000000,,0.000000,0.000000,,,,0.047133,"UNDEFINED",0.000000,0.997563,0.000000,,,,,"","",,,,7.984641,,0.000000,,0.000000,,,0.000000,0.000000,"",,,0.000000,"V65501",-1.000000,,0.000000,0.000000,-1.000000,-1.000000,,,,,,,,,,,"",,,,,,,,,,"Volumetric",,,,,,,,,,0.000000,,,,,,,,,,0.000000,0.000000,,,,,,,,,,,,
"2FBFF7B6","Nodes",1118329.672042,1668586.606381,1313.064347,"Default Known Flow Node",69.999969,0.579999,1000.000000,0.000000,"Known Flow",0.000000,0.000000,2.16999993085665e-07,40.000000,0.579999,1000.000000,0.000000,0.000000,13.000000,0.000000,0.515377,0.579999,,,,8.091386,8.091386,,16.800279,,,,,,903.822387,0.066146,0.000000,0.000000,0.000000,,-459.670013,1000.000000,,0.000000,0.000000,,,,0.047145,"UNDEFINED",0.000000,0.997562,0.000000,,,,,"","",,,,8.091386,,0.000000,,0.000000,,,0.000000,0.000000,"",,,0.000000,,-1.000000,,0.000000,0.000000,0.000000,-1.000000,,,,,,,,,,,"",,,,,,,,,,"Volumetric",,,,,,,,,,0.000000,,,,,,,,,,0.000000,0.000000,,,,,,,,,,,,
"14403BaclayAve","Nodes",1118394.722841,1668575.452132,1313.064347,"Default Known Flow Node",69.999969,0.579999,1000.000000,0.000000,"Known Flow",0.000000,0.000000,2.16999993085665e-07,40.000000,0.579999,1000.000000,0.000000,0.000000,13.000000,0.000000,0.515377,0.579999,,,,8.020446,8.020446,,16.800279,,,,,,903.822387,0.066146,0.000000,0.000000,0.000000,,-459.670013,1000.000000,,0.000000,0.000000,,,,0.047137,"SETFLOW",0.000000,0.997562,0.000000,,,,,"","",,,,8.020446,,0.000000,,0.000000,,,0.000000,0.000000,"",,,0.000000,"144-03 Barclay Ave (POE Parsons Blvd), Q=4.236 mcfh, Firm",-1.000000,,0.000000,0.000000,0.000000,-1.000000,,,,,,,,,,,,,,"",,,,,,,,,,"Volumetric",,,,,,,,,,-4.236000,,,,,,,0.000000,0.000000,,,,,,,,,,,,
"2FBFF7BB","Nodes",1118327.956302,1668586.896131,1313.064347,"Default Known Flow Node",69.999969,0.579999,1000.000000,0.000000,"Known Flow",0.000000,0.000000,2.16999993085665e-07,40.000000,0.579999,1000.000000,0.000000,0.000000,13.000000,0.000000,0.515377,0.579999,,,,8.094820,8.094820,,16.800279,,,,,,903.822387,0.066146,0.000000,0.000000,0.000000,,-459.670013,1000.000000,,0.000000,0.000000,,,,0.047145,"UNDEFINED",0.000000,0.997562,0.000000,,,,,"","",,,,8.094820,,0.000000,,0.000000,,,0.000000,0.000000,"",,,0.000000,,-1.000000,,0.000000,0.000000,0.000000,-1.000000,,,,,,,,,,,"",,,,,,,,,,"Volumetric",,,,,,,,,,0.000000,,,,,,,,,,0.000000,0.000000,,,,,,,,,,,,
"2FBFF7B9","Nodes",1118306.249014,1668590.443025,1313.064347,"Default Known Flow Node",69.999969,0.579999,1000.000000,0.000000,"Known Flow",0.000000,0.000000,2.16999993085665e-07,40.000000,0.579999,1000.000000,0.000000,0.000000,13.000000,0.000000,0.515377,0.579999,,,,8.157560,8.157560,,16.800279,,,,,,903.822387,0.066146,0.000000,0.000000,0.000000,,-459.670013,1000.000000,,0.000000,0.000000,,,,0.047152,"UNDEFINED",0.000000,0.997562,0.000000,,,,,"","",,,,8.157560,,0.000000,,0.000000,,,0.000000,0.000000,"",,,0.000000,"V77719",-1.000000,,0.000000,0.000000,0.000000,-1.000000,,,,,,,,,,,"",,,,,,,,,,"Volumetric",,,,,,,,,,0.000000,,,,,,,,,,0.000000,0.000000,,,,,,,,,,,,
"2FC27263","Nodes",1118329.537611,1668583.549092,1313.064347,"Default Known Flow Node",69.999969,0.579999,1000.000000,0.000000,"Known Flow",0.000000,0.000000,2.16999993085665e-07,40.000000,0.579999,1000.000000,0.000000,0.000000,13.000000,0.000000,0.515377,0.579999,,,,8.068295,8.068295,,16.800279,,,,,,903.822387,0.066146,0.000000,0.000000,0.000000,,-459.670013,1000.000000,,0.000000,0.000000,,,,0.047142,"UNDEFINED",0.000000,0.997562,0.000000,,,,,"","",,,,8.068295,,0.000000,,0.000000,,,0.000000,0.000000,"",,,0.000000,"V89547",-1.000000,,0.000000,0.000000,0.000000,-1.000000,,,,,,,,,,,"",,,,,,,,,,"Volumetric",,,,,,,,,,0.000000,,,,,,,,,,0.000000,0.000000,,,,,,,,,,,,
"0BF4882F","Nodes",1121476.449411,1668172.184705,1313.064347,"Default Known Flow Node",69.999969,0.579999,1000.000000,0.000000,"Known Flow",0.000000,0.000000,2.16999993085665e-07,40.000000,0.579999,1000.000000,0.000000,0.000000,13.000000,0.000000,0.515381,0.579999,,,,8.723826,8.723826,,16.800279,,,,,,903.822387,0.066145,0.000000,0.000000,0.000000,,-459.670013,1000.000000,,0.000000,0.000000,,,,0.047217,"UNDEFINED",0.000000,0.997558,0.000000,,,,,"","",,,,8.723826,,0.000000,,0.000000,,,0.000000,0.000000,"",,,0.000000,,-1.000000,,0.000000,0.000000,0.000000,-1.000000,,,,,,,,,,,"",,,,,,,,,,"Volumetric",,,,,,,,,,0.000000,,,,,,,,,,0.000000,0.000000,,,,,,,,,,,,
"0BF4871B","Nodes",1121476.315751,1668181.395269,1313.064347,"Default Known Flow Node",69.999969,0.579999,1000.000000,0.000000,"Known Flow",0.000000,0.000000,2.16999993085665e-07,40.000000,0.579999,1000.000000,0.000000,0.000000,13.000000,0.000000,0.515381,0.579999,,,,8.723239,8.723239,,16.800279,,,,,,903.822387,0.066145,0.000000,0.000000,0.000000,,-459.670013,1000.000000,,0.000000,0.000000,,,,0.047217,"UNDEFINED",0.000000,0.997558,0.000000,,,,,"","",,,,8.723239,,0.000000,,0.000000,,,0.000000,0.000000,"",,,0.000000,,-1.000000,,0.000000,0.000000,0.000000,-1.000000,,,,,,,,,,,"",,,,,,,,,,"Volumetric",,,,,,,,,,0.000000,,,,,,,,,,0.000000,0.000000,,,,,,,,,,,,
"0BF48755","Nodes",1121476.305806,1668193.642636,1313.064347,"Default Known Flow Node",69.999969,0.579999,1000.000000,0.000000,"Known Flow",0.000000,0.000000,2.16999993085665e-07,40.000000,0.579999,1000.000000,0.000000,0.000000,13.000000,0.000000,0.515381,0.579999,,,,8.722457,8.722457,,16.800279,,,,,,903.822387,0.066145,0.000000,0.000000,0.000000,,-459.670013,1000.000000,,0.000000,0.000000,,,,0.047217,"UNDEFINED",0.000000,0.997558,0.000000,,,,,"","",,,,8.722457,,0.000000,,0.000000,,,0.000000,0.000000,"",,,0.000000,"V17396",-1.000000,,0.000000,0.000000,0.000000,-1.000000,,,,,,,,,,,"",,,,,,,,,,"Volumetric",,,,,,,,,,0.000000,,,,,,,,,,0.000000,0.000000,,,,,,,,,,,,
"0BEC0B6C","Nodes",1121471.119889,1668181.418663,1313.064347,"Default Known Flow Node",69.999969,0.579999,1000.000000,0.000000,"Known Flow",0.000000,0.000000,2.16999993085665e-07,40.000000,0.579999,1000.000000,0.000000,0.000000,13.000000,0.000000,0.515381,0.579999,,,,8.723239,8.723239,,16.800279,,,,,,903.822387,0.066145,0.000000,0.000000,0.000000,,-459.670013,1000.000000,,0.000000,0.000000,,,,0.047217,"UNDEFINED",0.000000,0.997558,0.000000,,,,,"","",,,,8.723239,,0.000000,,0.000000,,,0.000000,0.000000,"",,,0.000000,,-1.000000,,0.000000,0.000000,0.000000,-1.000000,,,,,,,,,,,"",,,,,,,,,,"Volumetric",,,,,,,,,,0.000000,,,,,,,,,,0.000000,0.000000,,,,,,,,,,,,
"0BEC0B6D","Nodes",1121470.352474,1668201.467399,1313.064347,"Default Known Flow Node",69.999969,0.579999,1000.000000,0.000000,"Known Flow",0.000000,0.000000,2.16999993085665e-07,40.000000,0.579999,1000.000000,0.000000,0.000000,13.000000,0.000000,0.515381,0.579999,,,,8.721936,8.721936,,16.800279,,,,,,903.822387,0.066145,0.000000,0.000000,0.000000,,-459.670013,1000.000000,,0.000000,0.000000,,,,0.047216,"UNDEFINED",0.000000,0.997558,0.000000,,,,,"","",,,,8.721936,,0.000000,,0.000000,,,0.000000,0.000000,"",,,0.000000,,-1.000000,,0.000000,0.000000,0.000000,-1.000000,,,,,,,,,,,"",,,,,,,,,,"Volumetric",,,,,,,,,,0.000000,,,,,,,,,,0.000000,0.000000,,,,,,,,,,,,
"0BF48766","Nodes",1121472.768460,1668208.374130,1313.064347,"Default Known Flow Node",69.999969,0.579999,1000.000000,0.000000,"Known Flow",0.000000,0.000000,2.16999993085665e-07,40.000000,0.579999,1000.000000,0.000000,0.000000,13.000000,0.000000,0.515381,0.579999,,,,8.703358,8.703358,,16.800279,,,,,,903.822387,0.066145,0.000000,0.000000,0.000000,,-459.670013,1000.000000,,0.000000,0.000000,,,,0.047214,"UNDEFINED",0.000000,0.997558,0.000000,,,,,"","",,,,8.703358,,0.000000,,0.000000,,,0.000000,0.000000,"",,,0.000000,,-1.000000,,0.000000,0.000000,0.000000,-1.000000,,,,,,,,,,,"",,,,,,,,,,"Volumetric",,,,,,,,,,0.000000,,,,,,,,,,0.000000,0.000000,,,,,,,,,,,,
"0BEC30B9","Nodes",1121472.914861,1668203.688946,1313.064347,"Default Known Flow Node",69.999969,0.579999,1000.000000,0.000000,"Known Flow",0.000000,0.000000,2.16999993085665e-07,40.000000,0.579999,1000.000000,0.000000,0.000000,13.000000,0.000000,0.515381,0.579999,,,,8.703358,8.703358,,16.800279,,,,,,903.822387,0.066145,0.000000,0.000000,0.000000,,-459.670013,1000.000000,,0.000000,0.000000,,,,0.047214,"UNDEFINED",0.000000,0.997558,0.000000,,,,,"","",,,,8.703358,,0.000000,,0.000000,,,0.000000,0.000000,"",,,0.000000,,-1.000000,,0.000000,0.000000,0.000000,-1.000000,,,,,,,,,,,"",,,,,,,,,,"Volumetric",,,,,,,,,,0.000000,,,,,,,,,,0.000000,0.000000,,,,,,,,,,,,
"0BEC30BA","Nodes",1121472.705638,1668211.588323,1313.064347,"Default Known Flow Node",69.999969,0.579999,1000.000000,0.000000,"Known Flow",0.000000,0.000000,2.16999993085665e-07,40.000000,0.579999,1000.000000,0.000000,0.000000,13.000000,0.000000,0.515381,0.579999,,,,8.703358,8.703358,,16.800279,,,,,,903.822387,0.066145,0.000000,0.000000,0.000000,,-459.670013,1000.000000,,0.000000,0.000000,,,,0.047214,"UNDEFINED",0.000000,0.997558,0.000000,,,,,"","",,,,8.703358,,0.000000,,0.000000,,,0.000000,0.000000,"",,,0.000000,,-1.000000,,0.000000,0.000000,0.000000,-1.000000,,,,,,,,,,,"",,,,,,,,,,"Volumetric",,,,,,,,,,0.000000,,,,,,,,,,0.000000,0.000000,,,,,,,,,,,,
"0BEC0B70","Nodes",1121461.825235,1668208.491790,1313.064347,"Default Known Flow Node",69.999969,0.579999,1000.000000,0.000000,"Known Flow",0.000000,0.000000,2.16999993085665e-07,40.000000,0.579999,1000.000000,0.000000,0.000000,13.000000,0.000000,0.515381,0.579999,,,,8.703677,8.703677,,16.800279,,,,,,903.822387,0.066145,0.000000,0.000000,0.000000,,-459.670013,1000.000000,,0.000000,0.000000,,,,0.047214,"UNDEFINED",0.000000,0.997558,0.000000,,,,,"","",,,,8.703677,,0.000000,,0.000000,,,0.000000,0.000000,"",,,0.000000,,-1.000000,,0.000000,0.000000,0.000000,-1.000000,,,,,,,,,,,"",,,,,,,,,,"Volumetric",,,,,,,,,,0.000000,,,,,,,,,,0.000000,0.000000,,,,,,,,,,,,
"0BEC0B6F","Nodes",1121458.707009,1668208.536336,1313.064347,"Default Known Flow Node",69.999969,0.579999,1000.000000,0.000000,"Known Flow",0.000000,0.000000,2.16999993085665e-07,40.000000,0.579999,1000.000000,0.000000,0.000000,13.000000,0.000000,0.515381,0.579999,,,,8.703763,8.703763,,16.800279,,,,,,903.822387,0.066145,0.000000,0.000000,0.000000,,-459.670013,1000.000000,,0.000000,0.000000,,,,0.047214,"UNDEFINED",0.000000,0.997558,0.000000,,,,,"","",,,,8.703763,,0.000000,,0.000000,,,0.000000,0.000000,"",,,0.000000,,-1.000000,,0.000000,0.000000,0.000000,-1.000000,,,,,,,,,,,"",,,,,,,,,,"Volumetric",,,,,,,,,,0.000000,,,,,,,,,,0.000000,0.000000,,,,,,,,,,,,
"2FB1BED7","Nodes",1121462.199927,1668215.654658,1313.064347,"Default Known Flow Node",69.999969,0.579999,1000.000000,0.000000,"Known Flow",0.000000,0.000000,2.16999993085665e-07,40.000000,0.579999,1000.000000,0.000000,0.000000,13.000000,0.000000,0.515381,0.579999,,,,8.710298,8.710298,,16.800279,,,,,,903.822387,0.066145,0.000000,0.000000,0.000000,,-459.670013,1000.000000,,0.000000,0.000000,,,,0.047215,"UNDEFINED",0.000000,0.997558,0.000000,,,,,"","",,,,8.710298,,0.000000,,0.000000,,,0.000000,0.000000,"",,,0.000000,,-1.000000,,0.000000,0.000000,0.000000,-1.000000,,,,,,,,,,,"",,,,,,,,,,"Volumetric",,,,,,,,,,0.000000,,,,,,,,,,0.000000,0.000000,,,,,,,,,,,,
"0BEC0B6E","Nodes",1121445.069866,1668213.433299,1313.064347,"Default Known Flow Node",69.999969,0.579999,1000.000000,0.000000,"Known Flow",0.000000,0.000000,2.16999993085665e-07,40.000000,0.579999,1000.000000,0.000000,0.000000,13.000000,0.000000,0.515380,0.579999,,,,8.695551,8.695551,,16.800279,,,,,,903.822387,0.066145,0.000000,0.000000,0.000000,,-459.670013,1000.000000,,0.000000,0.000000,,,,0.047213,"UNDEFINED",0.000000,0.997558,0.000000,,,,,"","",,,,8.695551,,0.000000,,0.000000,,,0.000000,0.000000,"",,,0.000000,,-1.000000,,0.000000,0.000000,0.000000,-1.000000,,,,,,,,,,,"",,,,,,,,,,"Volumetric",,,,,,,,,,0.000000,,,,,,,,,,0.000000,0.000000,,,,,,,,,,,,
"0BEC0B72","Nodes",1121437.464035,1668213.872097,1313.064347,"Default Known Flow Node",69.999969,0.579999,1000.000000,0.000000,"Known Flow",0.000000,0.000000,2.16999993085665e-07,40.000000,0.579999,1000.000000,0.000000,0.000000,13.000000,0.000000,0.515380,0.579999,,,,8.678822,8.678822,,16.800279,,,,,,903.822387,0.066145,0.000000,0.000000,0.000000,,-459.670013,1000.000000,,0.000000,0.000000,,,,0.047212,"UNDEFINED",0.000000,0.997559,0.000000,,,,,"","",,,,8.678822,,0.000000,,0.000000,,,0.000000,0.000000,"",,,0.000000,,-1.000000,,0.000000,0.000000,0.000000,-1.000000,,,,,,,,,,,"",,,,,,,,,,"Volumetric",,,,,,,,,,0.000000,,,,,,,,,,0.000000,0.000000,,,,,,,,,,,,
"0BEC4A03","Nodes",1121436.288673,1668213.897008,1313.064347,"Default Known Flow Node",69.999969,0.579999,1000.000000,0.000000,"Known Flow",0.000000,0.000000,2.16999993085665e-07,40.000000,0.579999,1000.000000,0.000000,0.000000,13.000000,0.000000,0.515380,0.579999,,,,8.677942,8.677942,,16.800279,,,,,,903.822387,0.066145,0.000000,0.000000,0.000000,,-459.670013,1000.000000,,0.000000,0.000000,,,,0.047211,"UNDEFINED",0.000000,0.997559,0.000000,,,,,"","",,,,8.677942,,0.000000,,0.000000,,,0.000000,0.000000,"",,,0.000000,,-1.000000,,0.000000,0.000000,0.000000,-1.000000,,,,,,,,,,,"",,,,,,,,,,"Volumetric",,,,,,,,,,0.000000,,,,,,,,,,0.000000,0.000000,,,,,,,,,,,,
"0BEC0B71","Nodes",1121435.504761,1668213.892377,1313.064347,"Default Known Flow Node",69.999969,0.579999,1000.000000,0.000000,"Known Flow",0.000000,0.000000,2.16999993085665e-07,40.000000,0.579999,1000.000000,0.000000,0.000000,13.000000,0.000000,0.515380,0.579999,,,,8.677061,8.677061,,16.800279,,,,,,903.822387,0.066145,0.000000,0.000000,0.000000,,-459.670013,1000.000000,,0.000000,0.000000,,,,0.047211,"UNDEFINED",0.000000,0.997559,0.000000,,,,,"","",,,,8.677061,,0.000000,,0.000000,,,0.000000,0.000000,"",,,0.000000,,-1.000000,,0.000000,0.000000,0.000000,-1.000000,,,,,,,,,,,"",,,,,,,,,,"Volumetric",,,,,,,,,,0.000000,,,,,,,,,,0.000000,0.000000,,,,,,,,,,,,
"0BF48752","Nodes",1121436.293286,1668212.653710,1313.064347,"Default Known Flow Node",69.999969,0.579999,1000.000000,0.000000,"Known Flow",0.000000,0.000000,2.16999993085665e-07,40.000000,0.579999,1000.000000,0.000000,0.000000,13.000000,0.000000,0.515380,0.579999,,,,8.677942,8.677942,,16.800279,,,,,,903.822387,0.066145,0.000000,0.000000,0.000000,,-459.670013,1000.000000,,0.000000,0.000000,,,,0.047211,"UNDEFINED",0.000000,0.997559,0.000000,,,,,"","",,,,8.677942,,0.000000,,0.000000,,,0.000000,0.000000,"",,,0.000000,,-1.000000,,0.000000,0.000000,0.000000,-1.000000,,,,,,,,,,,"",,,,,,,,,,"Volumetric",,,,,,,,,,0.000000,,,,,,,,,,0.000000,0.000000,,,,,,,,,,,,
"2FBF54B1","Nodes",1121977.681121,1671994.728512,1313.064347,"Default Known Flow Node",69.999969,0.579999,1000.000000,0.000000,"Known Flow",0.000000,0.000000,2.16999993085665e-07,40.000000,0.579999,1000.000000,0.000000,0.000000,13.000000,0.000000,0.515380,0.579999,,,,8.588827,8.588827,,16.800279,,,,,,903.822387,0.066145,0.000000,0.000000,0.000000,,-459.670013,1000.000000,,0.000000,0.000000,,,,0.047201,"SETFLOW",0.000000,0.997559,0.000000,,,,,"","",,,,8.588827,,0.000000,,0.000000,,,0.000000,0.000000,"",,,0.000000,,-1.000000,,0.000000,0.000000,-1.000000,-1.000000,,,,,,,,,,,"",,,,,,,,,,"Volumetric",,,,,,,,,,-0.010810,,,,,,,,,,-0.010810,-0.000259,,,,,,,,,,,,
"2FBF54B5","Nodes",1122173.545382,1672041.845145,1313.064347,"Default Known Flow Node",69.999969,0.579999,1000.000000,0.000000,"Known Flow",0.000000,0.000000,2.16999993085665e-07,40.000000,0.579999,1000.000000,0.000000,0.000000,13.000000,0.000000,0.515380,0.579999,,,,8.586759,8.586759,,16.800279,,,,,,903.822387,0.066145,0.000000,0.000000,0.000000,,-459.670013,1000.000000,,0.000000,0.000000,,,,0.047201,"SETFLOW",0.000000,0.997559,0.000000,,,,,"","",,,,8.586759,,0.000000,,0.000000,,,0.000000,0.000000,"",,,0.000000,"V90848",-1.000000,,0.000000,0.000000,-1.000000,-1.000000,,,,,,,,,,,"",,,,,,,,,,"Volumetric",,,,,,,,,,-0.004991,,,,,,,,,,-0.004992,-0.000119,,,,,,,,,,,,
"2FB9BB44","Nodes",1121907.582510,1670701.815327,1313.064347,"Default Known Flow Node",69.999969,0.579999,1000.000000,0.000000,"Known Flow",0.000000,0.000000,2.16999993085665e-07,40.000000,0.579999,1000.000000,0.000000,0.000000,13.000000,0.000000,0.515380,0.579999,,,,8.657264,8.657264,,16.800279,,,,,,903.822387,0.066145,0.000000,0.000000,0.000000,,-459.670013,1000.000000,,0.000000,0.000000,,,,0.047209,"UNDEFINED",0.000000,0.997559,0.000000,,,,,"","",,,,8.657264,,0.000000,,0.000000,,,0.000000,0.000000,"",,,0.000000,"V20803",-1.000000,,0.000000,0.000000,0.000000,-1.000000,,,,,,,,,,,"",,,,,,,,,,"Volumetric",,,,,,,,,,0.000000,,,,,,,,,,0.000000,0.000000,,,,,,,,,,,,
"2FB9BB41","Nodes",1121937.277079,1670703.044480,1313.064347,"Default Known Flow Node",69.999969,0.579999,1000.000000,0.000000,"Known Flow",0.000000,0.000000,2.16999993085665e-07,40.000000,0.579999,1000.000000,0.000000,0.000000,13.000000,0.000000,0.515380,0.579999,,,,8.657263,8.657263,,16.800279,,,,,,903.822387,0.066145,0.000000,0.000000,0.000000,,-459.670013,1000.000000,,0.000000,0.000000,,,,0.047209,"UNDEFINED",0.000000,0.997559,0.000000,,,,,"","",,,,8.657263,,0.000000,,0.000000,,,0.000000,0.000000,"",,,0.000000,,-1.000000,,0.000000,0.000000,0.000000,-1.000000,,,,,,,,,,,"",,,,,,,,,,"Volumetric",,,,,,,,,,0.000000,,,,,,,,,,0.000000,0.000000,,,,,,,,,,,,
"2FBF54B3","Nodes",1122178.328501,1672043.068063,1313.064347,"Default Known Flow Node",69.999969,0.579999,1000.000000,0.000000,"Known Flow",0.000000,0.000000,2.16999993085665e-07,40.000000,0.579999,1000.000000,0.000000,0.000000,13.000000,0.000000,0.515380,0.579999,,,,8.586710,8.586710,,16.800279,,,,,,903.822387,0.066145,0.000000,0.000000,0.000000,,-459.670013,1000.000000,,0.000000,0.000000,,,,0.047201,"UNDEFINED",0.000000,0.997559,0.000000,,,,,"","",,,,8.586710,,0.000000,,0.000000,,,0.000000,0.000000,"",,,0.000000,,-1.000000,,0.000000,0.000000,0.000000,-1.000000,,,,,,,,,,,"",,,,,,,,,,"Volumetric",,,,,,,,,,0.000000,,,,,,,,,,0.000000,0.000000,,,,,,,,,,,,
"2FBF54B2","Nodes",1122180.367006,1672043.535015,1313.064347,"Default Known Flow Node",69.999969,0.579999,1000.000000,0.000000,"Known Flow",0.000000,0.000000,2.16999993085665e-07,40.000000,0.579999,1000.000000,0.000000,0.000000,13.000000,0.000000,0.515380,0.579999,,,,8.586640,8.586640,,16.800279,,,,,,903.822387,0.066145,0.000000,0.000000,0.000000,,-459.670013,1000.000000,,0.000000,0.000000,,,,0.047201,"UNDEFINED",0.000000,0.997559,0.000000,,,,,"","",,,,8.586640,,0.000000,,0.000000,,,0.000000,0.000000,"",,,0.000000,,-1.000000,,0.000000,0.000000,0.000000,-1.000000,,,,,,,,,,,"",,,,,,,,,,"Volumetric",,,,,,,,,,0.000000,,,,,,,,,,0.000000,0.000000,,,,,,,,,,,,
"2FBC2382","Nodes",1120881.760862,1678262.430481,1313.064347,"Default Known Flow Node",69.999969,0.579999,1000.000000,0.000000,"Known Flow",0.000000,0.000000,2.16999993085665e-07,40.000000,0.579999,1000.000000,0.000000,0.000000,13.000000,0.000000,0.515372,0.579999,,,,7.152129,7.152129,,16.800279,,,,,,903.822387,0.066146,0.000000,0.000000,0.000000,,-459.670013,1000.000000,,0.000000,0.000000,,,,0.047038,"UNDEFINED",0.000000,0.997568,0.000000,,,,,"","",,,,7.152129,,0.000000,,0.000000,,,0.000000,0.000000,"",,,0.000000,"V55509",-1.000000,,0.000000,0.000000,-1.000000,-1.000000,,,,,,,,,,,"",,,,,,,,,,"Volumetric",,,,,,,,,,0.000000,,,,,,,,,,0.000000,0.000000,,,,,,,,,,,,
"2FBD9084","Nodes",1120000.857881,1672623.419079,1313.064347,"Default Known Flow Node",69.999969,0.579999,1000.000000,0.000000,"Known Flow",0.000000,0.000000,2.16999993085665e-07,40.000000,0.579999,1000.000000,0.000000,0.000000,13.000000,0.000000,0.515381,0.579999,,,,8.712599,8.712599,,16.800279,,,,,,903.822387,0.066145,0.000000,0.000000,0.000000,,-459.670013,1000.000000,,0.000000,0.000000,,,,0.047215,"SETFLOW",0.000000,0.997558,0.000000,,,,,"","",,,,8.712599,,0.000000,,0.000000,,,0.000000,0.000000,"",,,0.000000,,-1.000000,,0.000000,0.000000,-1.000000,-1.000000,,,,,,,,,,,"",,,,,,,,,,"Volumetric",,,,,,,,,,-0.022112,,,,,,,,,,-0.022112,-0.000530,,,,,,,,,,,,
"2FBD90AC","Nodes",1120009.592044,1672587.838037,1313.064347,"Default Known Flow Node",69.999969,0.579999,1000.000000,0.000000,"Known Flow",0.000000,0.000000,2.16999993085665e-07,40.000000,0.579999,1000.000000,0.000000,0.000000,13.000000,0.000000,0.515381,0.579999,,,,8.711872,8.711872,,16.800279,,,,,,903.822387,0.066145,0.000000,0.000000,0.000000,,-459.670013,1000.000000,,0.000000,0.000000,,,,0.047215,"UNDEFINED",0.000000,0.997558,0.000000,,,,,"","",,,,8.711872,,0.000000,,0.000000,,,0.000000,0.000000,"",,,0.000000,"V57632",-1.000000,,0.000000,0.000000,0.000000,-1.000000,,,,,,,,,,,"",,,,,,,,,,"Volumetric",,,,,,,,,,0.000000,,,,,,,,,,0.000000,0.000000,,,,,,,,,,,,
"2FBD9085","Nodes",1120009.325382,1672579.670192,1313.064347,"Default Known Flow Node",69.999969,0.579999,1000.000000,0.000000,"Known Flow",0.000000,0.000000,2.16999993085665e-07,40.000000,0.579999,1000.000000,0.000000,0.000000,13.000000,0.000000,0.515381,0.579999,,,,8.711398,8.711398,,16.800279,,,,,,903.822387,0.066145,0.000000,0.000000,0.000000,,-459.670013,1000.000000,,0.000000,0.000000,,,,0.047215,"UNDEFINED",0.000000,0.997558,0.000000,,,,,"","",,,,8.711398,,0.000000,,0.000000,,,0.000000,0.000000,"",,,0.000000,,-1.000000,,0.000000,0.000000,0.000000,-1.000000,,,,,,,,,,,"",,,,,,,,,,"Volumetric",,,,,,,,,,0.000000,,,,,,,,,,0.000000,0.000000,,,,,,,,,,,,
"2FBD9086","Nodes",1120010.066775,1672585.895015,1313.064347,"Default Known Flow Node",69.999969,0.579999,1000.000000,0.000000,"Known Flow",0.000000,0.000000,2.16999993085665e-07,40.000000,0.579999,1000.000000,0.000000,0.000000,13.000000,0.000000,0.515381,0.579999,,,,8.711831,8.711831,,16.800279,,,,,,903.822387,0.066145,0.000000,0.000000,0.000000,,-459.670013,1000.000000,,0.000000,0.000000,,,,0.047215,"UNDEFINED",0.000000,0.997558,0.000000,,,,,"","",,,,8.711831,,0.000000,,0.000000,,,0.000000,0.000000,"",,,0.000000,,-1.000000,,0.000000,0.000000,0.000000,-1.000000,,,,,,,,,,,"",,,,,,,,,,"Volumetric",,,,,,,,,,0.000000,,,,,,,,,,0.000000,0.000000,,,,,,,,,,,,
"2FBD90AB","Nodes",1119979.531730,1672618.178856,1313.064347,"Default Known Flow Node",69.999969,0.579999,1000.000000,0.000000,"Known Flow",0.000000,0.000000,2.16999993085665e-07,40.000000,0.579999,1000.000000,0.000000,0.000000,13.000000,0.000000,0.515381,0.579999,,,,8.712609,8.712609,,16.800279,,,,,,903.822387,0.066145,0.000000,0.000000,0.000000,,-459.670013,1000.000000,,0.000000,0.000000,,,,0.047215,"UNDEFINED",0.000000,0.997558,0.000000,,,,,"","",,,,8.712609,,0.000000,,0.000000,,,0.000000,0.000000,"",,,0.000000,"V57631",-1.000000,,0.000000,0.000000,0.000000,-1.000000,,,,,,,,,,,"",,,,,,,,,,"Volumetric",,,,,,,,,,0.000000,,,,,,,,,,0.000000,0.000000,,,,,,,,,,,,
"2FBD90AA","Nodes",1119967.872575,1672615.338798,1313.064347,"Default Known Flow Node",69.999969,0.579999,1000.000000,0.000000,"Known Flow",0.000000,0.000000,2.16999993085665e-07,40.000000,0.579999,1000.000000,0.000000,0.000000,13.000000,0.000000,0.515381,0.579999,,,,8.712614,8.712614,,16.800279,,,,,,903.822387,0.066145,0.000000,0.000000,0.000000,,-459.670013,1000.000000,,0.000000,0.000000,,,,0.047215,"UNDEFINED",0.000000,0.997558,0.000000,,,,,"","",,,,8.712614,,0.000000,,0.000000,,,0.000000,0.000000,"",,,0.000000,,-1.000000,,0.000000,0.000000,0.000000,-1.000000,,,,,,,,,,,"",,,,,,,,,,"Volumetric",,,,,,,,,,0.000000,,,,,,,,,,0.000000,0.000000,,,,,,,,,,,,
"2FBD908A","Nodes",1120074.029123,1672644.556309,1313.064347,"Default Known Flow Node",69.999969,0.579999,1000.000000,0.000000,"Known Flow",0.000000,0.000000,2.16999993085665e-07,40.000000,0.579999,1000.000000,0.000000,0.000000,13.000000,0.000000,0.515381,0.579999,,,,8.712487,8.712487,,16.800279,,,,,,903.822387,0.066145,0.000000,0.000000,0.000000,,-459.670013,1000.000000,,0.000000,0.000000,,,,0.047215,"UNDEFINED",0.000000,0.997558,0.000000,,,,,"","",,,,8.712487,,0.000000,,0.000000,,,0.000000,0.000000,"",,,0.000000,,-1.000000,,0.000000,0.000000,0.000000,-1.000000,,,,,,,,,,,"",,,,,,,,,,"Volumetric",,,,,,,,,,0.000000,,,,,,,,,,0.000000,0.000000,,,,,,,,,,,,
"2FBD9089","Nodes",1120068.579526,1672639.901266,1313.064347,"Default Known Flow Node",69.999969,0.579999,1000.000000,0.000000,"Known Flow",0.000000,0.000000,2.16999993085665e-07,40.000000,0.579999,1000.000000,0.000000,0.000000,13.000000,0.000000,0.515381,0.579999,,,,8.712519,8.712519,,16.800279,,,,,,903.822387,0.066145,0.000000,0.000000,0.000000,,-459.670013,1000.000000,,0.000000,0.000000,,,,0.047215,"UNDEFINED",0.000000,0.997558,0.000000,,,,,"","",,,,8.712519,,0.000000,,0.000000,,,0.000000,0.000000,"",,,0.000000,,-1.000000,,0.000000,0.000000,0.000000,-1.000000,,,,,,,,,,,"",,,,,,,,,,"Volumetric",,,,,,,,,,0.000000,,,,,,,,,,0.000000,0.000000,,,,,,,,,,,,
"2FBD90B1","Nodes",1120057.833198,1672637.241239,1313.064347,"Default Known Flow Node",69.999969,0.579999,1000.000000,0.000000,"Known Flow",0.000000,0.000000,2.16999993085665e-07,40.000000,0.579999,1000.000000,0.000000,0.000000,13.000000,0.000000,0.515381,0.579999,,,,8.712534,8.712534,,16.800279,,,,,,903.822387,0.066145,0.000000,0.000000,0.000000,,-459.670013,1000.000000,,0.000000,0.000000,,,,0.047215,"UNDEFINED",0.000000,0.997558,0.000000,,,,,"","",,,,8.712534,,0.000000,,0.000000,,,0.000000,0.000000,"",,,0.000000,"V60799",-1.000000,,0.000000,0.000000,0.000000,-1.000000,,,,,,,,,,,"",,,,,,,,,,"Volumetric",,,,,,,,,,0.000000,,,,,,,,,,0.000000,0.000000,,,,,,,,,,,,
"2FBA5017","Nodes",1117935.033701,1669760.955040,1313.064347,"Default Known Flow Node",69.999969,0.579999,1000.000000,0.000000,"Known Flow",0.000000,0.000000,2.16999993085665e-07,40.000000,0.579999,1000.000000,0.000000,0.000000,13.000000,0.000000,0.515369,0.579999,,,,6.695058,6.695058,,16.800279,,,,,,903.822387,0.066147,0.000000,0.000000,0.000000,,-459.670013,1000.000000,,0.000000,0.000000,,,,0.046986,"UNDEFINED",0.000000,0.997570,0.000000,,,,,"","",,,,6.695058,,0.000000,,0.000000,,,0.000000,0.000000,"",,,0.000000,,-1.000000,,0.000000,0.000000,-1.000000,-1.000000,,,,,,,,,,,"",,,,,,,,,,"Volumetric",,,,,,,,,,0.000000,,,,,,,,,,0.000000,0.000000,,,,,,,,,,,,
"2FC0DB9B","Nodes",1117937.177982,1669760.494750,1313.064347,"Default Known Flow Node",69.999969,0.579999,1000.000000,0.000000,"Known Flow",0.000000,0.000000,2.16999993085665e-07,40.000000,0.579999,1000.000000,0.000000,0.000000,13.000000,0.000000,0.515369,0.579999,,,,6.695049,6.695049,,16.800279,,,,,,903.822387,0.066147,0.000000,0.000000,0.000000,,-459.670013,1000.000000,,0.000000,0.000000,,,,0.046986,"SETFLOW",0.000000,0.997570,0.000000,,,,,"","",,,,6.695049,,0.000000,,0.000000,,,0.000000,0.000000,"",,,0.000000,"42-26 147 St, Q= 1.227 mcfh, Firm DONE",-1.000000,,0.000000,0.000000,0.000000,-1.000000,,,,,,,,,,,,,,,,"",,,,,,,,,,"Volumetric",,,,,,,,,,-1.226999,,,,,-1.226999,-0.029447,,,,,,,,,,,,
"2FBF4A3C","Nodes",1118212.384676,1669705.961726,1313.064347,"Default Known Flow Node",69.999969,0.579999,1000.000000,0.000000,"Known Flow",0.000000,0.000000,2.16999993085665e-07,40.000000,0.579999,1000.000000,0.000000,0.000000,13.000000,0.000000,0.515369,0.579999,,,,6.697745,6.697745,,16.800279,,,,,,903.822387,0.066147,0.000000,0.000000,0.000000,,-459.670013,1000.000000,,0.000000,0.000000,,,,0.046986,"UNDEFINED",0.000000,0.997570,0.000000,,,,,"","",,,,6.697745,,0.000000,,0.000000,,,0.000000,0.000000,"",,,0.000000,,-1.000000,,0.000000,0.000000,0.000000,-1.000000,,,,,,,,,,,"",,,,,,,,,,"Volumetric",,,,,,,,,,0.000000,,,,,,,,,,0.000000,0.000000,,,,,,,,,,,,
"2FBF4A44","Nodes",1118200.463663,1669702.561537,1313.064347,"Default Known Flow Node",69.999969,0.579999,1000.000000,0.000000,"Known Flow",0.000000,0.000000,2.16999993085665e-07,40.000000,0.579999,1000.000000,0.000000,0.000000,13.000000,0.000000,0.515369,0.579999,,,,6.697625,6.697625,,16.800279,,,,,,903.822387,0.066147,0.000000,0.000000,0.000000,,-459.670013,1000.000000,,0.000000,0.000000,,,,0.046986,"UNDEFINED",0.000000,0.997570,0.000000,,,,,"","",,,,6.697625,,0.000000,,0.000000,,,0.000000,0.000000,"",,,0.000000,"V89621",-1.000000,,0.000000,0.000000,0.000000,-1.000000,,,,,,,,,,,"",,,,,,,,,,"Volumetric",,,,,,,,,,0.000000,,,,,,,,,,0.000000,0.000000,,,,,,,,,,,,
"2FBA5001","Nodes",1117940.037219,1669759.831570,1313.064347,"Default Known Flow Node",69.999969,0.579999,1000.000000,0.000000,"Known Flow",0.000000,0.000000,2.16999993085665e-07,40.000000,0.579999,1000.000000,0.000000,0.000000,13.000000,0.000000,0.515369,0.579999,,,,6.695147,6.695147,,16.800279,,,,,,903.822387,0.066147,0.000000,0.000000,0.000000,,-459.670013,1000.000000,,0.000000,0.000000,,,,0.046986,"UNDEFINED",0.000000,0.997570,0.000000,,,,,"","",,,,6.695147,,0.000000,,0.000000,,,0.000000,0.000000,"",,,0.000000,,-1.000000,,0.000000,0.000000,0.000000,-1.000000,,,,,,,,,,,"",,,,,,,,,,"Volumetric",,,,,,,,,,0.000000,,,,,,,,,,0.000000,0.000000,,,,,,,,,,,,
"2FBA2A3C","Nodes",1116603.082631,1671470.190513,1313.064347,"Default Known Flow Node",69.999969,0.579999,1000.000000,0.000000,"Known Flow",0.000000,0.000000,2.16999993085665e-07,40.000000,0.579999,1000.000000,0.000000,0.000000,13.000000,0.000000,0.515373,0.579999,,,,7.300202,7.300202,,16.800279,,,,,,903.822387,0.066146,0.000000,0.000000,0.000000,,-459.670013,1000.000000,,0.000000,0.000000,,,,0.047055,"SETFLOW",0.000000,0.997567,0.000000,,,,,"","",,,,7.300202,,0.000000,,0.000000,,,0.000000,0.000000,"",,,0.000000,"V20940",-1.000000,,0.000000,0.000000,-1.000000,-1.000000,,,,,,,,,,,"",,,,,,,,,,"Volumetric",,,,,,,,,,-0.038783,,,,,,,,,,-0.038783,-0.000930,,,,,,,,,,,,
"2FBA2A3B","Nodes",1116600.181179,1671469.424829,1313.064347,"Default Known Flow Node",69.999969,0.579999,1000.000000,0.000000,"Known Flow",0.000000,0.000000,2.16999993085665e-07,40.000000,0.579999,1000.000000,0.000000,0.000000,13.000000,0.000000,0.515373,0.579999,,,,7.300805,7.300805,,16.800279,,,,,,903.822387,0.066146,0.000000,0.000000,0.000000,,-459.670013,1000.000000,,0.000000,0.000000,,,,0.047055,"UNDEFINED",0.000000,0.997567,0.000000,,,,,"","",,,,7.300805,,0.000000,,0.000000,,,0.000000,0.000000,"",,,0.000000,,-1.000000,,0.000000,0.000000,0.000000,-1.000000,,,,,,,,,,,"",,,,,,,,,,"Volumetric",,,,,,,,,,0.000000,,,,,,,,,,0.000000,0.000000,,,,,,,,,,,,
"2FBA2A39","Nodes",1116856.469753,1671535.912823,1313.064347,"Default Known Flow Node",69.999969,0.579999,1000.000000,0.000000,"Known Flow",0.000000,0.000000,2.16999993085665e-07,40.000000,0.579999,1000.000000,0.000000,0.000000,13.000000,0.000000,0.515372,0.579999,,,,7.247868,7.247868,,16.800279,,,,,,903.822387,0.066146,0.000000,0.000000,0.000000,,-459.670013,1000.000000,,0.000000,0.000000,,,,0.047049,"UNDEFINED",0.000000,0.997567,0.000000,,,,,"","",,,,7.247868,,0.000000,,0.000000,,,0.000000,0.000000,"",,,0.000000,,-1.000000,,0.000000,0.000000,0.000000,-1.000000,,,,,,,,,,,"",,,,,,,,,,"Volumetric",,,,,,,,,,0.000000,,,,,,,,,,0.000000,0.000000,,,,,,,,,,,,
"2FBA2A38","Nodes",1116851.657152,1671534.568086,1313.064347,"Default Known Flow Node",69.999969,0.579999,1000.000000,0.000000,"Known Flow",0.000000,0.000000,2.16999993085665e-07,40.000000,0.579999,1000.000000,0.000000,0.000000,13.000000,0.000000,0.515372,0.579999,,,,7.248799,7.248799,,16.800279,,,,,,903.822387,0.066146,0.000000,0.000000,0.000000,,-459.670013,1000.000000,,0.000000,0.000000,,,,0.047049,"SETFLOW",0.000000,0.997567,0.000000,,,,,"","",,,,7.248799,,0.000000,,0.000000,,,0.000000,0.000000,"",,,0.000000,"V20941",-1.000000,,0.000000,0.000000,0.000000,-1.000000,,,,,,,,,,,"",,,,,,,,,,"Volumetric",,,,,,,,,,-0.068015,,,,,,,,,,-0.068015,-0.001632,,,,,,,,,,,,
"2FBA2A3A","Nodes",1116597.279726,1671468.659146,1313.064347,"Default Known Flow Node",69.999969,0.579999,1000.000000,0.000000,"Known Flow",0.000000,0.000000,2.16999993085665e-07,40.000000,0.579999,1000.000000,0.000000,0.000000,13.000000,0.000000,0.515373,0.579999,,,,7.304586,7.304586,,16.800279,,,,,,903.822387,0.066146,0.000000,0.000000,0.000000,,-459.670013,1000.000000,,0.000000,0.000000,,,,0.047055,"UNDEFINED",0.000000,0.997567,0.000000,,,,,"","",,,,7.304586,,0.000000,,0.000000,,,0.000000,0.000000,"",,,0.000000,,-1.000000,,0.000000,0.000000,0.000000,-1.000000,,,,,,,,,,,"",,,,,,,,,,"Volumetric",,,,,,,,,,0.000000,,,,,,,,,,0.000000,0.000000,,,,,,,,,,,,
"2FBA73C0","Nodes",1116738.175774,1672848.204922,1313.064347,"Default Known Flow Node",69.999969,0.579999,1000.000000,0.000000,"Known Flow",0.000000,0.000000,2.16999993085665e-07,40.000000,0.579999,1000.000000,0.000000,0.000000,13.000000,0.000000,0.515373,0.579999,,,,7.384372,7.384372,,16.800279,,,,,,903.822387,0.066146,0.000000,0.000000,0.000000,,-459.670013,1000.000000,,0.000000,0.000000,,,,0.047065,"UNDEFINED",0.000000,0.997566,0.000000,,,,,"","",,,,7.384372,,0.000000,,0.000000,,,0.000000,0.000000,"",,,0.000000,,-1.000000,,0.000000,0.000000,0.000000,-1.000000,,,,,,,,,,,"",,,,,,,,,,"Volumetric",,,,,,,,,,0.000000,,,,,,,,,,0.000000,0.000000,,,,,,,,,,,,
"2FB9C5CE","Nodes",1116740.347411,1672848.793701,1313.064347,"Default Known Flow Node",69.999969,0.579999,1000.000000,0.000000,"Known Flow",0.000000,0.000000,2.16999993085665e-07,40.000000,0.579999,1000.000000,0.000000,0.000000,13.000000,0.000000,0.515373,0.579999,,,,7.384521,7.384521,,16.800279,,,,,,903.822387,0.066146,0.000000,0.000000,0.000000,,-459.670013,1000.000000,,0.000000,0.000000,,,,0.047065,"UNDEFINED",0.000000,0.997566,0.000000,,,,,"","",,,,7.384521,,0.000000,,0.000000,,,0.000000,0.000000,"",,,0.000000,,-1.000000,,0.000000,0.000000,0.000000,-1.000000,,,,,,,,,,,"",,,,,,,,,,"Volumetric",,,,,,,,,,0.000000,,,,,,,,,,0.000000,0.000000,,,,,,,,,,,,
"2FB9C5D1","Nodes",1116737.053584,1672852.157223,1313.064347,"Default Known Flow Node",69.999969,0.579999,1000.000000,0.000000,"Known Flow",0.000000,0.000000,2.16999993085665e-07,40.000000,0.579999,1000.000000,0.000000,0.000000,13.000000,0.000000,0.515373,0.579999,,,,7.384372,7.384372,,16.800279,,,,,,903.822387,0.066146,0.000000,0.000000,0.000000,,-459.670013,1000.000000,,0.000000,0.000000,,,,0.047065,"UNDEFINED",0.000000,0.997566,0.000000,,,,,"","",,,,7.384372,,0.000000,,0.000000,,,0.000000,0.000000,"",,,0.000000,"V20952",-1.000000,,0.000000,0.000000,0.000000,-1.000000,,,,,,,,,,,"",,,,,,,,,,"Volumetric",,,,,,,,,,0.000000,,,,,,,,,,0.000000,0.000000,,,,,,,,,,,,
"2FB9C5CF","Nodes",1116729.327999,1672879.535743,1313.064347,"Default Known Flow Node",69.999969,0.579999,1000.000000,0.000000,"Known Flow",0.000000,0.000000,2.16999993085665e-07,40.000000,0.579999,1000.000000,0.000000,0.000000,13.000000,0.000000,0.515373,0.579999,,,,7.384372,7.384372,,16.800279,,,,,,903.822387,0.066146,0.000000,0.000000,0.000000,,-459.670013,1000.000000,,0.000000,0.000000,,,,0.047065,"UNDEFINED",0.000000,0.997566,0.000000,,,,,"","",,,,7.384372,,0.000000,,0.000000,,,0.000000,0.000000,"",,,0.000000,,-1.000000,,0.000000,0.000000,0.000000,-1.000000,,,,,,,,,,,"",,,,,,,,,,"Volumetric",,,,,,,,,,0.000000,,,,,,,,,,0.000000,0.000000,,,,,,,,,,,,
"2FB9C5D0","Nodes",1116732.944976,1672880.484150,1313.064347,"Default Known Flow Node",69.999969,0.579999,1000.000000,0.000000,"Known Flow",0.000000,0.000000,2.16999993085665e-07,40.000000,0.579999,1000.000000,0.000000,0.000000,13.000000,0.000000,0.515373,0.579999,,,,7.384372,7.384372,,16.800279,,,,,,903.822387,0.066146,0.000000,0.000000,0.000000,,-459.670013,1000.000000,,0.000000,0.000000,,,,0.047065,"UNDEFINED",0.000000,0.997566,0.000000,,,,,"","",,,,7.384372,,0.000000,,0.000000,,,0.000000,0.000000,"",,,0.000000,,-1.000000,,0.000000,0.000000,0.000000,-1.000000,,,,,,,,,,,"",,,,,,,,,,"Volumetric",,,,,,,,,,0.000000,,,,,,,,,,0.000000,0.000000,,,,,,,,,,,,
"2FBA73C8","Nodes",1116616.463097,1672848.758504,1313.064347,"Default Known Flow Node",69.999969,0.579999,1000.000000,0.000000,"Known Flow",0.000000,0.000000,2.16999993085665e-07,40.000000,0.579999,1000.000000,0.000000,0.000000,13.000000,0.000000,0.515373,0.579999,,,,7.384372,7.384372,,16.800279,,,,,,903.822387,0.066146,0.000000,0.000000,0.000000,,-459.670013,1000.000000,,0.000000,0.000000,,,,0.047065,"UNDEFINED",0.000000,0.997566,0.000000,,,,,"","",,,,7.384372,,0.000000,,0.000000,,,0.000000,0.000000,"",,,0.000000,,-1.000000,,0.000000,0.000000,0.000000,-1.000000,,,,,,,,,,,"",,,,,,,,,,"Volumetric",,,,,,,,,,0.000000,,,,,,,,,,0.000000,0.000000,,,,,,,,,,,,
"2FBB2E5C","Nodes",1116323.172703,1673738.397977,1313.064347,"Default Known Flow Node",69.999969,0.579999,1000.000000,0.000000,"Known Flow",0.000000,0.000000,2.16999993085665e-07,40.000000,0.579999,1000.000000,0.000000,0.000000,13.000000,0.000000,0.515376,0.579999,,,,7.865199,7.865199,,16.800279,,,,,,903.822387,0.066146,0.000000,0.000000,0.000000,,-459.670013,1000.000000,,0.000000,0.000000,,,,0.047119,"UNDEFINED",0.000000,0.997563,0.000000,,,,,"","",,,,7.865199,,0.000000,,0.000000,,,0.000000,0.000000,"",,,0.000000,,-1.000000,,0.000000,0.000000,0.000000,-1.000000,,,,,,,,,,,"",,,,,,,,,,"Volumetric",,,,,,,,,,0.000000,,,,,,,,,,0.000000,0.000000,,,,,,,,,,,,
"2FB9969G","Nodes",1117064.025008,1678191.577232,1313.064347,"Default Known Flow Node",69.999969,0.579999,1000.000000,0.000000,"Known Flow",0.000000,0.000000,2.16999993085665e-07,40.000000,0.579999,1000.000000,0.000000,0.000000,13.000000,0.000000,0.515375,0.579999,,,,7.640661,7.640661,,16.800279,,,,,,903.822387,0.066146,0.000000,0.000000,0.000000,,-459.670013,1000.000000,,0.000000,0.000000,,,,0.047094,"UNDEFINED",0.000000,0.997565,0.000000,,,,,"","",,,,7.640661,,0.000000,,0.000000,,,0.000000,0.000000,"",,,0.000000,,-1.000000,,0.000000,0.000000,0.000000,-1.000000,,,,,,,,,,,"",,,,,,,,,,"Volumetric",,,,,,,,,,0.000000,,,,,,,,,,0.000000,0.000000,,,,,,,,,,,,
"2FBEC62C","Nodes",1117044.921737,1678197.673334,1313.064347,"Default Known Flow Node",69.999969,0.579999,1000.000000,0.000000,"Known Flow",0.000000,0.000000,2.16999993085665e-07,40.000000,0.579999,1000.000000,0.000000,0.000000,13.000000,0.000000,0.515375,0.579999,,,,7.663198,7.663198,,16.800279,,,,,,903.822387,0.066146,0.000000,0.000000,0.000000,,-459.670013,1000.000000,,0.000000,0.000000,,,,0.047096,"UNDEFINED",0.000000,0.997564,0.000000,,,,,"","",,,,7.663198,,0.000000,,0.000000,,,0.000000,0.000000,"",,,0.000000,"V77637",-1.000000,,0.000000,0.000000,-1.000000,-1.000000,,,,,,,,,,,"",,,,,,,,,,"Volumetric",,,,,,,,,,0.000000,,,,,,,,,,0.000000,0.000000,,,,,,,,,,,,
"2FBEC61A","Nodes",1117045.078562,1678190.572104,1313.064347,"Default Known Flow Node",69.999969,0.579999,1000.000000,0.000000,"Known Flow",0.000000,0.000000,2.16999993085665e-07,40.000000,0.579999,1000.000000,0.000000,0.000000,13.000000,0.000000,0.515375,0.579999,,,,7.662590,7.662590,,16.800279,,,,,,903.822387,0.066146,0.000000,0.000000,0.000000,,-459.670013,1000.000000,,0.000000,0.000000,,,,0.047096,"SETFLOW",0.000000,0.997564,0.000000,,,,,"","",,,,7.662590,,0.000000,,0.000000,,,0.000000,0.000000,"",,,0.000000,,-1.000000,,0.000000,0.000000,-1.000000,-1.000000,,,,,,,,,,,"",,,,,,,,,,"Volumetric",,,,,,,,,,-0.004210,,,,,,,,,,-0.004210,-0.000101,,,,,,,,,,,,
"2FBEC619","Nodes",1117039.959368,1678426.872147,1313.064347,"Default Known Flow Node",69.999969,0.579999,1000.000000,0.000000,"Known Flow",0.000000,0.000000,2.16999993085665e-07,40.000000,0.579999,1000.000000,0.000000,0.000000,13.000000,0.000000,0.515375,0.579999,,,,7.683096,7.683096,,16.800279,,,,,,903.822387,0.066146,0.000000,0.000000,0.000000,,-459.670013,1000.000000,,0.000000,0.000000,,,,0.047098,"SETFLOW",0.000000,0.997564,0.000000,,,,,"","",,,,7.683096,,0.000000,,0.000000,,,0.000000,0.000000,"",,,0.000000,,-1.000000,,0.000000,0.000000,-1.000000,-1.000000,,,,,,,,,,,"",,,,,,,,,,"Volumetric",,,,,,,,,,-0.014613,,,,,,,,,,-0.014613,-0.000350,,,,,,,,,,,,
"2FBBBCA8","Nodes",1117034.691918,1678480.834806,1313.064347,"Default Known Flow Node",69.999969,0.579999,1000.000000,0.000000,"Known Flow",0.000000,0.000000,2.16999993085665e-07,40.000000,0.579999,1000.000000,0.000000,0.000000,13.000000,0.000000,0.515375,0.579999,,,,7.699254,7.699254,,16.800279,,,,,,903.822387,0.066146,0.000000,0.000000,0.000000,,-459.670013,1000.000000,,0.000000,0.000000,,,,0.047100,"UNDEFINED",0.000000,0.997564,0.000000,,,,,"","",,,,7.699254,,0.000000,,0.000000,,,0.000000,0.000000,"",,,0.000000,,-1.000000,,0.000000,0.000000,0.000000,-1.000000,,,,,,,,,,,"",,,,,,,,,,"Volumetric",,,,,,,,,,0.000000,,,,,,,,,,0.000000,0.000000,,,,,,,,,,,,
"2FBD88B4","Nodes",1117320.520000,1676936.150000,1313.064347,"Default Known Flow Node",69.999969,0.579999,1000.000000,0.000000,"Known Flow",0.000000,0.000000,2.16999993085665e-07,40.000000,0.579999,1000.000000,0.000000,0.000000,13.000000,0.000000,0.515372,0.579999,,,,7.173097,7.173097,,16.800279,,,,,,903.822387,0.066146,0.000000,0.000000,0.000000,,-459.670013,1000.000000,,0.000000,0.000000,,,,0.047041,"SETFLOW",0.000000,0.997567,0.000000,,,,,"","",,,,7.173097,,0.000000,,0.000000,,,0.000000,0.000000,"",,,0.000000,,-1.000000,,0.000000,0.000000,-1.000000,-1.000000,,,,,,,,,,,"",,,,,,,,,,"Volumetric",,,,,,,,,,-0.092702,,,,,,,,,,-0.092702,-0.002224,,,,,,,,,,,,
"2FBD9185","Nodes",1117122.286548,1676930.107807,1313.064347,"Default Known Flow Node",69.999969,0.579999,1000.000000,0.000000,"Known Flow",0.000000,0.000000,2.16999993085665e-07,40.000000,0.579999,1000.000000,0.000000,0.000000,13.000000,0.000000,0.515372,0.579999,,,,7.186709,7.186709,,16.800279,,,,,,903.822387,0.066146,0.000000,0.000000,0.000000,,-459.670013,1000.000000,,0.000000,0.000000,,,,0.047042,"UNDEFINED",0.000000,0.997567,0.000000,,,,,"","",,,,7.186709,,0.000000,,0.000000,,,0.000000,0.000000,"",,,0.000000,,-1.000000,,0.000000,0.000000,-1.000000,-1.000000,,,,,,,,,,,"",,,,,,,,,,"Volumetric",,,,,,,,,,0.000000,,,,,,,,,,0.000000,0.000000,,,,,,,,,,,,
"2FB9969E","Nodes",1117064.000277,1678195.036846,1313.064347,"Default Known Flow Node",69.999969,0.579999,1000.000000,0.000000,"Known Flow",0.000000,0.000000,2.16999993085665e-07,40.000000,0.579999,1000.000000,0.000000,0.000000,13.000000,0.000000,0.515375,0.579999,,,,7.640092,7.640092,,16.800279,,,,,,903.822387,0.066146,0.000000,0.000000,0.000000,,-459.670013,1000.000000,,0.000000,0.000000,,,,0.047094,"UNDEFINED",0.000000,0.997565,0.000000,,,,,"","",,,,7.640092,,0.000000,,0.000000,,,0.000000,0.000000,"",,,0.000000,,-1.000000,,0.000000,0.000000,-1.000000,-1.000000,,,,,,,,,,,"",,,,,,,,,,"Volumetric",,,,,,,,,,0.000000,,,,,,,,,,0.000000,0.000000,,,,,,,,,,,,
"2FBEC61C","Nodes",1117051.980554,1678190.781552,1313.064347,"Default Known Flow Node",69.999969,0.579999,1000.000000,0.000000,"Known Flow",0.000000,0.000000,2.16999993085665e-07,40.000000,0.579999,1000.000000,0.000000,0.000000,13.000000,0.000000,0.515375,0.579999,,,,7.661309,7.661309,,16.800279,,,,,,903.822387,0.066146,0.000000,0.000000,0.000000,,-459.670013,1000.000000,,0.000000,0.000000,,,,0.047096,"UNDEFINED",0.000000,0.997565,0.000000,,,,,"","",,,,7.661309,,0.000000,,0.000000,,,0.000000,0.000000,"",,,0.000000,,-1.000000,,0.000000,0.000000,0.000000,-1.000000,,,,,,,,,,,"",,,,,,,,,,"Volumetric",,,,,,,,,,0.000000,,,,,,,,,,0.000000,0.000000,,,,,,,,,,,,
"2FBEC61B","Nodes",1117049.917594,1678190.712112,1313.064347,"Default Known Flow Node",69.999969,0.579999,1000.000000,0.000000,"Known Flow",0.000000,0.000000,2.16999993085665e-07,40.000000,0.579999,1000.000000,0.000000,0.000000,13.000000,0.000000,0.515375,0.579999,,,,7.662286,7.662286,,16.800279,,,,,,903.822387,0.066146,0.000000,0.000000,0.000000,,-459.670013,1000.000000,,0.000000,0.000000,,,,0.047096,"UNDEFINED",0.000000,0.997565,0.000000,,,,,"","",,,,7.662286,,0.000000,,0.000000,,,0.000000,0.000000,"",,,0.000000,,-1.000000,,0.000000,0.000000,0.000000,-1.000000,,,,,,,,,,,"",,,,,,,,,,"Volumetric",,,,,,,,,,0.000000,,,,,,,,,,0.000000,0.000000,,,,,,,,,,,,
"2FBCEEEA","Nodes",1117027.689639,1678480.755765,1313.064347,"Default Known Flow Node",69.999969,0.579999,1000.000000,0.000000,"Known Flow",0.000000,0.000000,2.16999993085665e-07,40.000000,0.579999,1000.000000,0.000000,0.000000,13.000000,0.000000,0.515375,0.579999,,,,7.700367,7.700367,,16.800279,,,,,,903.822387,0.066146,0.000000,0.000000,0.000000,,-459.670013,1000.000000,,0.000000,0.000000,,,,0.047100,"UNDEFINED",0.000000,0.997564,0.000000,,,,,"","",,,,7.700367,,0.000000,,0.000000,,,0.000000,0.000000,"",,,0.000000,"V48419",-1.000000,,0.000000,0.000000,0.000000,-1.000000,,,,,,,,,,,"",,,,,,,,,,"Volumetric",,,,,,,,,,0.000000,,,,,,,,,,0.000000,0.000000,,,,,,,,,,,,
"2FBBBCA5","Nodes",1117026.945902,1678442.481206,1313.064347,"Default Known Flow Node",69.999969,0.579999,1000.000000,0.000000,"Known Flow",0.000000,0.000000,2.16999993085665e-07,40.000000,0.579999,1000.000000,0.000000,0.000000,13.000000,0.000000,0.515375,0.579999,,,,7.690444,7.690444,,16.800279,,,,,,903.822387,0.066146,0.000000,0.000000,0.000000,,-459.670013,1000.000000,,0.000000,0.000000,,,,0.047099,"UNDEFINED",0.000000,0.997564,0.000000,,,,,"","",,,,7.690444,,0.000000,,0.000000,,,0.000000,0.000000,"",,,0.000000,,-1.000000,,0.000000,0.000000,0.000000,-1.000000,,,,,,,,,,,"",,,,,,,,,,"Volumetric",,,,,,,,,,0.000000,,,,,,,,,,0.000000,0.000000,,,,,,,,,,,,
"2FBBBCAB","Nodes",1117026.834875,1678448.570271,1313.064347,"Default Known Flow Node",69.999969,0.579999,1000.000000,0.000000,"Known Flow",0.000000,0.000000,2.16999993085665e-07,40.000000,0.579999,1000.000000,0.000000,0.000000,13.000000,0.000000,0.515375,0.579999,,,,7.692282,7.692282,,16.800279,,,,,,903.822387,0.066146,0.000000,0.000000,0.000000,,-459.670013,1000.000000,,0.000000,0.000000,,,,0.047099,"UNDEFINED",0.000000,0.997564,0.000000,,,,,"","",,,,7.692282,,0.000000,,0.000000,,,0.000000,0.000000,"",,,0.000000,"V48418",-1.000000,,0.000000,0.000000,0.000000,-1.000000,,,,,,,,,,,"",,,,,,,,,,"Volumetric",,,,,,,,,,0.000000,,,,,,,,,,0.000000,0.000000,,,,,,,,,,,,
"2FBEC620","Nodes",1117023.003194,1678190.060434,1313.064347,"Default Known Flow Node",69.999969,0.579999,1000.000000,0.000000,"Known Flow",0.000000,0.000000,2.16999993085665e-07,40.000000,0.579999,1000.000000,0.000000,0.000000,13.000000,0.000000,0.515375,0.579999,,,,7.663327,7.663327,,16.800279,,,,,,903.822387,0.066146,0.000000,0.000000,0.000000,,-459.670013,1000.000000,,0.000000,0.000000,,,,0.047096,"UNDEFINED",0.000000,0.997564,0.000000,,,,,"","",,,,7.663327,,0.000000,,0.000000,,,0.000000,0.000000,"",,,0.000000,"V77638",-1.000000,,0.000000,0.000000,0.000000,-1.000000,,,,,,,,,,,"",,,,,,,,,,"Volumetric",,,,,,,,,,0.000000,,,,,,,,,,0.000000,0.000000,,,,,,,,,,,,
"0BEC458F","Nodes",1115887.766480,1668611.165263,1313.064347,"Default Known Flow Node",69.999969,0.579999,1000.000000,0.000000,"Known Flow",0.000000,0.000000,2.16999993085665e-07,40.000000,0.579999,1000.000000,0.000000,0.000000,13.000000,0.000000,0.515380,0.579999,,,,8.591750,8.591750,,16.800279,,,,,,903.822387,0.066145,0.000000,0.000000,0.000000,,-459.670013,1000.000000,,0.000000,0.000000,,,,0.047202,"UNDEFINED",0.000000,0.997559,0.000000,,,,,"","",,,,8.591750,,0.000000,,0.000000,,,0.000000,0.000000,"",,,0.000000,"V22019",-1.000000,,0.000000,0.000000,-1.000000,-1.000000,,,,,,,,,,,"",,,,,,,,,,"Volumetric",,,,,,,,,,0.000000,,,,,,,,,,0.000000,0.000000,,,,,,,,,,,,
"2FBA9A07","Nodes",1115895.698072,1668605.859409,1313.064347,"Default Known Flow Node",69.999969,0.579999,1000.000000,0.000000,"Known Flow",0.000000,0.000000,2.16999993085665e-07,40.000000,0.579999,1000.000000,0.000000,0.000000,13.000000,0.000000,0.515380,0.579999,,,,8.600215,8.600215,,16.800279,,,,,,903.822387,0.066145,0.000000,0.000000,0.000000,,-459.670013,1000.000000,,0.000000,0.000000,,,,0.047203,"UNDEFINED",0.000000,0.997559,0.000000,,,,,"","",,,,8.600215,,0.000000,,0.000000,,,0.000000,0.000000,"",,,0.000000,,-1.000000,,0.000000,0.000000,0.000000,-1.000000,,,,,,,,,,,"",,,,,,,,,,"Volumetric",,,,,,,,,,0.000000,,,,,,,,,,0.000000,0.000000,,,,,,,,,,,,
"2FBA9A00","Nodes",1115918.140286,1668643.873277,1313.064347,"Default Known Flow Node",69.999969,0.579999,1000.000000,0.000000,"Known Flow",0.000000,0.000000,2.16999993085665e-07,40.000000,0.579999,1000.000000,0.000000,0.000000,13.000000,0.000000,0.515380,0.579999,,,,8.582196,8.582196,,16.800279,,,,,,903.822387,0.066145,0.000000,0.000000,0.000000,,-459.670013,1000.000000,,0.000000,0.000000,,,,0.047201,"UNDEFINED",0.000000,0.997559,0.000000,,,,,"","",,,,8.582196,,0.000000,,0.000000,,,0.000000,0.000000,"",,,0.000000,,-1.000000,,0.000000,0.000000,0.000000,-1.000000,,,,,,,,,,,"",,,,,,,,,,"Volumetric",,,,,,,,,,0.000000,,,,,,,,,,0.000000,0.000000,,,,,,,,,,,,
"2FBEAE55","Nodes",1115917.323831,1668588.932402,1313.064347,"Default Known Flow Node",69.999969,0.579999,1000.000000,0.000000,"Known Flow",0.000000,0.000000,2.16999993085665e-07,40.000000,0.579999,1000.000000,0.000000,0.000000,13.000000,0.000000,0.515380,0.579999,,,,8.583667,8.583667,,16.800279,,,,,,903.822387,0.066145,0.000000,0.000000,0.000000,,-459.670013,1000.000000,,0.000000,0.000000,,,,0.047201,"UNDEFINED",0.000000,0.997559,0.000000,,,,,"","",,,,8.583667,,0.000000,,0.000000,,,0.000000,0.000000,"",,,0.000000,,-1.000000,,0.000000,0.000000,0.000000,-1.000000,,,,,,,,,,,"",,,,,,,,,,"Volumetric",,,,,,,,,,0.000000,,,,,,,,,,0.000000,0.000000,,,,,,,,,,,,
"3W17","Nodes",1116069.118463,1668487.260075,1313.064347,"Default Known Flow Node",69.999969,0.579999,1000.000000,0.000000,"Known Flow",0.000000,0.000000,2.16999993085665e-07,40.000000,0.579999,1000.000000,0.000000,0.000000,13.000000,0.000000,0.515379,0.579999,,,,8.475681,8.475681,,16.800279,,,,,,903.822387,0.066146,0.000000,0.000000,0.000000,,-459.670013,1000.000000,,0.000000,0.000000,,,,0.047188,"SETFLOW",0.000000,0.997560,0.000000,,,,,"","",,,,8.475681,,0.000000,,0.000000,,,0.000000,0.000000,"",,,0.000000,"Franconia Village, 43-57 Union St,  Moved To Firm 8/14/15",-1.000000,,0.000000,0.000000,-1.000000,-1.000000,,,,,,,,,,,,,,,,"",,,,,,,,,,"Volumetric",,,,,,,,,,-0.597417,,,,,-0.597417,-0.014338,,,,,,,,,,,,
"0BF46212","Nodes",1116237.822227,1668374.124250,1313.064347,"Default Known Flow Node",69.999969,0.579999,1000.000000,0.000000,"Known Flow",0.000000,0.000000,2.16999993085665e-07,40.000000,0.579999,1000.000000,0.000000,0.000000,13.000000,0.000000,0.515379,0.579999,,,,8.360217,8.360217,,16.800279,,,,,,903.822387,0.066146,0.000000,0.000000,0.000000,,-459.670013,1000.000000,,0.000000,0.000000,,,,0.047175,"SETFLOW",0.000000,0.997560,0.000000,,,,,"","",,,,8.360217,,0.000000,,0.000000,,,0.000000,0.000000,"",,,0.000000,"43-35 Union St, Q= 13.266 mcfh, Firm DONE",-1.000000,,0.000000,0.000000,-1.000000,-1.000000,,,,,,,,,,,,,,,,"",,,,,,,,,,"Volumetric",,,,,,,,,,-13.266000,,,,,-13.266000,-0.318384,,,,,,,,,,,,
"2FBEAE4E","Nodes",1116260.576426,1668358.986491,1313.064347,"Default Known Flow Node",69.999969,0.579999,1000.000000,0.000000,"Known Flow",0.000000,0.000000,2.16999993085665e-07,40.000000,0.579999,1000.000000,0.000000,0.000000,13.000000,0.000000,0.515379,0.579999,,,,8.353771,8.353771,,16.800279,,,,,,903.822387,0.066146,0.000000,0.000000,0.000000,,-459.670013,1000.000000,,0.000000,0.000000,,,,0.047175,"UNDEFINED",0.000000,0.997560,0.000000,,,,,"","",,,,8.353771,,0.000000,,0.000000,,,0.000000,0.000000,"",,,0.000000,,-1.000000,,0.000000,0.000000,0.000000,-1.000000,,,,,,,,,,,"",,,,,,,,,,"Volumetric",,,,,,,,,,0.000000,,,,,,,,,,0.000000,0.000000,,,,,,,,,,,,
"2FBEAE4F","Nodes",1116272.425208,1668352.716327,1313.064347,"Default Known Flow Node",69.999969,0.579999,1000.000000,0.000000,"Known Flow",0.000000,0.000000,2.16999993085665e-07,40.000000,0.579999,1000.000000,0.000000,0.000000,13.000000,0.000000,0.515378,0.579999,,,,8.302451,8.302451,,16.800279,,,,,,903.822387,0.066146,0.000000,0.000000,0.000000,,-459.670013,1000.000000,,0.000000,0.000000,,,,0.047169,"UNDEFINED",0.000000,0.997561,0.000000,,,,,"","",,,,8.302451,,0.000000,,0.000000,,,0.000000,0.000000,"",,,0.000000,,-1.000000,,0.000000,0.000000,0.000000,-1.000000,,,,,,,,,,,"",,,,,,,,,,"Volumetric",,,,,,,,,,0.000000,,,,,,,,,,0.000000,0.000000,,,,,,,,,,,,
"2FBA9410","Nodes",1115451.005212,1670080.635417,1313.064347,"Default Known Flow Node",69.999969,0.579999,1000.000000,0.000000,"Known Flow",0.000000,0.000000,2.16999993085665e-07,40.000000,0.579999,1000.000000,0.000000,0.000000,13.000000,0.000000,0.515374,0.579999,,,,7.552161,7.552161,,16.800279,,,,,,903.822387,0.066146,0.000000,0.000000,0.000000,,-459.670013,1000.000000,,0.000000,0.000000,,,,0.047084,"UNDEFINED",0.000000,0.997565,0.000000,,,,,"","",,,,7.552161,,0.000000,,0.000000,,,0.000000,0.000000,"",,,0.000000,,-1.000000,,0.000000,0.000000,0.000000,-1.000000,,,,,,,,,,,"",,,,,,,,,,"Volumetric",,,,,,,,,,0.000000,,,,,,,,,,0.000000,0.000000,,,,,,,,,,,,
"2FBA9411","Nodes",1115452.650000,1670079.500000,1313.064347,"Default Known Flow Node",69.999969,0.579999,1000.000000,0.000000,"Known Flow",0.000000,0.000000,2.16999993085665e-07,40.000000,0.579999,1000.000000,0.000000,0.000000,13.000000,0.000000,0.515374,0.579999,,,,7.552161,7.552161,,16.800279,,,,,,903.822387,0.066146,0.000000,0.000000,0.000000,,-459.670013,1000.000000,,0.000000,0.000000,,,,0.047084,"UNDEFINED",0.000000,0.997565,0.000000,,,,,"","",,,,7.552161,,0.000000,,0.000000,,,0.000000,0.000000,"",,,0.000000,,-1.000000,,0.000000,0.000000,0.000000,-1.000000,,,,,,,,,,,"",,,,,,,,,,"Volumetric",,,,,,,,,,0.000000,,,,,,,,,,0.000000,0.000000,,,,,,,,,,,,
"2FBA9412","Nodes",1115468.310000,1670068.730000,1313.064347,"Default Known Flow Node",69.999969,0.579999,1000.000000,0.000000,"Known Flow",0.000000,0.000000,2.16999993085665e-07,40.000000,0.579999,1000.000000,0.000000,0.000000,13.000000,0.000000,0.515374,0.579999,,,,7.552161,7.552161,,16.800279,,,,,,903.822387,0.066146,0.000000,0.000000,0.000000,,-459.670013,1000.000000,,0.000000,0.000000,,,,0.047084,"UNDEFINED",0.000000,0.997565,0.000000,,,,,"","",,,,7.552161,,0.000000,,0.000000,,,0.000000,0.000000,"",,,0.000000,,-1.000000,,0.000000,0.000000,0.000000,-1.000000,,,,,,,,,,,"",,,,,,,,,,"Volumetric",,,,,,,,,,0.000000,,,,,,,,,,0.000000,0.000000,,,,,,,,,,,,
"2FBA9413","Nodes",1115469.135260,1670068.170000,1313.064347,"Default Known Flow Node",69.999969,0.579999,1000.000000,0.000000,"Known Flow",0.000000,0.000000,2.16999993085665e-07,40.000000,0.579999,1000.000000,0.000000,0.000000,13.000000,0.000000,0.515374,0.579999,,,,7.552161,7.552161,,16.800279,,,,,,903.822387,0.066146,0.000000,0.000000,0.000000,,-459.670013,1000.000000,,0.000000,0.000000,,,,0.047084,"UNDEFINED",0.000000,0.997565,0.000000,,,,,"","",,,,7.552161,,0.000000,,0.000000,,,0.000000,0.000000,"",,,0.000000,,-1.000000,,0.000000,0.000000,0.000000,-1.000000,,,,,,,,,,,"",,,,,,,,,,"Volumetric",,,,,,,,,,0.000000,,,,,,,,,,0.000000,0.000000,,,,,,,,,,,,
"2FBECAC1","Nodes",1116045.181469,1671866.410087,1313.064347,"Default Known Flow Node",69.999969,0.579999,1000.000000,0.000000,"Known Flow",0.000000,0.000000,2.16999993085665e-07,40.000000,0.579999,1000.000000,0.000000,0.000000,13.000000,0.000000,0.515374,0.579999,,,,7.445215,7.445215,,16.800279,,,,,,903.822387,0.066146,0.000000,0.000000,0.000000,,-459.670013,1000.000000,,0.000000,0.000000,,,,0.047071,"SETFLOW",0.000000,0.997566,0.000000,,,,,"","",,,,7.445215,,0.000000,,0.000000,,,0.000000,0.000000,"",,,0.000000,,-1.000000,,0.000000,0.000000,-1.000000,-1.000000,,,,,,,,,,,"",,,,,,,,,,"Volumetric",,,,,,,,,,-0.065110,,,,,,,,,,-0.065110,-0.001562,,,,,,,,,,,,
"2FBA2AB8","Nodes",1115738.740992,1672318.592842,1313.064347,"Default Known Flow Node",69.999969,0.579999,1000.000000,0.000000,"Known Flow",0.000000,0.000000,2.16999993085665e-07,40.000000,0.579999,1000.000000,0.000000,0.000000,13.000000,0.000000,0.515373,0.579999,,,,7.380488,7.380488,,16.800279,,,,,,903.822387,0.066146,0.000000,0.000000,0.000000,,-459.670013,1000.000000,,0.000000,0.000000,,,,0.047064,"UNDEFINED",0.000000,0.997566,0.000000,,,,,"","",,,,7.380488,,0.000000,,0.000000,,,0.000000,0.000000,"",,,0.000000,"V21023",-1.000000,,0.000000,0.000000,0.000000,-1.000000,,,,,,,,,,,"",,,,,,,,,,"Volumetric",,,,,,,,,,0.000000,,,,,,,,,,0.000000,0.000000,,,,,,,,,,,,
"2FBA28D8","Nodes",1115732.692600,1672317.114463,1313.064347,"Default Known Flow Node",69.999969,0.579999,1000.000000,0.000000,"Known Flow",0.000000,0.000000,2.16999993085665e-07,40.000000,0.579999,1000.000000,0.000000,0.000000,13.000000,0.000000,0.515373,0.579999,,,,7.380566,7.380566,,16.800279,,,,,,903.822387,0.066146,0.000000,0.000000,0.000000,,-459.670013,1000.000000,,0.000000,0.000000,,,,0.047064,"SETFLOW",0.000000,0.997566,0.000000,,,,,"","",,,,7.380566,,0.000000,,0.000000,,,0.000000,0.000000,"",,,0.000000,,-1.000000,,0.000000,0.000000,-1.000000,-1.000000,,,,,,,,,,,"",,,,,,,,,,"Volumetric",,,,,,,,,,-0.029279,,,,,,,,,,-0.029279,-0.000702,,,,,,,,,,,,
"2FBA3A73","Nodes",1115664.557928,1672567.554605,1313.064347,"Default Known Flow Node",69.999969,0.579999,1000.000000,0.000000,"Known Flow",0.000000,0.000000,2.16999993085665e-07,40.000000,0.579999,1000.000000,0.000000,0.000000,13.000000,0.000000,0.515373,0.579999,,,,7.368763,7.368763,,16.800279,,,,,,903.822387,0.066146,0.000000,0.000000,0.000000,,-459.670013,1000.000000,,0.000000,0.000000,,,,0.047063,"UNDEFINED",0.000000,0.997566,0.000000,,,,,"","",,,,7.368763,,0.000000,,0.000000,,,0.000000,0.000000,"",,,0.000000,,-1.000000,,0.000000,0.000000,-1.000000,-1.000000,,,,,,,,,,,"",,,,,,,,,,"Volumetric",,,,,,,,,,0.000000,,,,,,,,,,0.000000,0.000000,,,,,,,,,,,,
"2FBA3A72","Nodes",1115667.478935,1672568.246472,1313.064347,"Default Known Flow Node",69.999969,0.579999,1000.000000,0.000000,"Known Flow",0.000000,0.000000,2.16999993085665e-07,40.000000,0.579999,1000.000000,0.000000,0.000000,13.000000,0.000000,0.515373,0.579999,,,,7.368758,7.368758,,16.800279,,,,,,903.822387,0.066146,0.000000,0.000000,0.000000,,-459.670013,1000.000000,,0.000000,0.000000,,,,0.047063,"UNDEFINED",0.000000,0.997566,0.000000,,,,,"","",,,,7.368758,,0.000000,,0.000000,,,0.000000,0.000000,"",,,0.000000,"V21529",-1.000000,,0.000000,0.000000,0.000000,-1.000000,,,,,,,,,,,"",,,,,,,,,,"Volumetric",,,,,,,,,,0.000000,,,,,,,,,,0.000000,0.000000,,,,,,,,,,,,
"2FBECAC2","Nodes",1116154.510000,1671892.860000,1313.064347,"Default Known Flow Node",69.999969,0.579999,1000.000000,0.000000,"Known Flow",0.000000,0.000000,2.16999993085665e-07,40.000000,0.579999,1000.000000,0.000000,0.000000,13.000000,0.000000,0.515374,0.579999,,,,7.438707,7.438707,,16.800279,,,,,,903.822387,0.066146,0.000000,0.000000,0.000000,,-459.670013,1000.000000,,0.000000,0.000000,,,,0.047071,"UNDEFINED",0.000000,0.997566,0.000000,,,,,"","",,,,7.438707,,0.000000,,0.000000,,,0.000000,0.000000,"",,,0.000000,,-1.000000,,0.000000,0.000000,0.000000,-1.000000,,,,,,,,,,,"",,,,,,,,,,"Volumetric",,,,,,,,,,0.000000,,,,,,,,,,0.000000,0.000000,,,,,,,,,,,,
"2FBA28E6","Nodes",1115735.713086,1672304.774118,1313.064347,"Default Known Flow Node",69.999969,0.579999,1000.000000,0.000000,"Known Flow",0.000000,0.000000,2.16999993085665e-07,40.000000,0.579999,1000.000000,0.000000,0.000000,13.000000,0.000000,0.515373,0.579999,,,,7.382357,7.382357,,16.800279,,,,,,903.822387,0.066146,0.000000,0.000000,0.000000,,-459.670013,1000.000000,,0.000000,0.000000,,,,0.047064,"UNDEFINED",0.000000,0.997566,0.000000,,,,,"","",,,,7.382357,,0.000000,,0.000000,,,0.000000,0.000000,"",,,0.000000,"V21022",-1.000000,,0.000000,0.000000,0.000000,-1.000000,,,,,,,,,,,"",,,,,,,,,,"Volumetric",,,,,,,,,,0.000000,,,,,,,,,,0.000000,0.000000,,,,,,,,,,,,
"2FBE22CB","Nodes",1115719.151215,1672581.890169,1313.064347,"Default Known Flow Node",69.999969,0.579999,1000.000000,0.000000,"Known Flow",0.000000,0.000000,2.16999993085665e-07,40.000000,0.579999,1000.000000,0.000000,0.000000,13.000000,0.000000,0.515373,0.579999,,,,7.368308,7.368308,,16.800279,,,,,,903.822387,0.066146,0.000000,0.000000,0.000000,,-459.670013,1000.000000,,0.000000,0.000000,,,,0.047063,"UNDEFINED",0.000000,0.997566,0.000000,,,,,"","",,,,7.368308,,0.000000,,0.000000,,,0.000000,0.000000,"",,,0.000000,,-1.000000,,0.000000,0.000000,0.000000,-1.000000,,,,,,,,,,,"",,,,,,,,,,"Volumetric",,,,,,,,,,0.000000,,,,,,,,,,0.000000,0.000000,,,,,,,,,,,,
"2FBE22CA","Nodes",1115721.093960,1672582.365341,1313.064347,"Default Known Flow Node",69.999969,0.579999,1000.000000,0.000000,"Known Flow",0.000000,0.000000,2.16999993085665e-07,40.000000,0.579999,1000.000000,0.000000,0.000000,13.000000,0.000000,0.515373,0.579999,,,,7.368299,7.368299,,16.800279,,,,,,903.822387,0.066146,0.000000,0.000000,0.000000,,-459.670013,1000.000000,,0.000000,0.000000,,,,0.047063,"UNDEFINED",0.000000,0.997566,0.000000,,,,,"","",,,,7.368299,,0.000000,,0.000000,,,0.000000,0.000000,"",,,0.000000,,-1.000000,,0.000000,0.000000,0.000000,-1.000000,,,,,,,,,,,"",,,,,,,,,,"Volumetric",,,,,,,,,,0.000000,,,,,,,,,,0.000000,0.000000,,,,,,,,,,,,
"2FBA53E4","Nodes",1115828.960000,1672608.730000,1313.064347,"Default Known Flow Node",69.999969,0.579999,1000.000000,0.000000,"Known Flow",0.000000,0.000000,2.16999993085665e-07,40.000000,0.579999,1000.000000,0.000000,0.000000,13.000000,0.000000,0.515373,0.579999,,,,7.367985,7.367985,,16.800279,,,,,,903.822387,0.066146,0.000000,0.000000,0.000000,,-459.670013,1000.000000,,0.000000,0.000000,,,,0.047063,"UNDEFINED",0.000000,0.997566,0.000000,,,,,"","",,,,7.367985,,0.000000,,0.000000,,,0.000000,0.000000,"",,,0.000000,,-1.000000,,0.000000,0.000000,0.000000,-1.000000,,,,,,,,,,,"",,,,,,,,,,"Volumetric",,,,,,,,,,0.000000,,,,,,,,,,0.000000,0.000000,,,,,,,,,,,,
"2FBA53E6","Nodes",1115830.339330,1672609.067434,1313.064347,"Default Known Flow Node",69.999969,0.579999,1000.000000,0.000000,"Known Flow",0.000000,0.000000,2.16999993085665e-07,40.000000,0.579999,1000.000000,0.000000,0.000000,13.000000,0.000000,0.515373,0.579999,,,,7.367981,7.367981,,16.800279,,,,,,903.822387,0.066146,0.000000,0.000000,0.000000,,-459.670013,1000.000000,,0.000000,0.000000,,,,0.047063,"UNDEFINED",0.000000,0.997566,0.000000,,,,,"","",,,,7.367981,,0.000000,,0.000000,,,0.000000,0.000000,"",,,0.000000,,-1.000000,,0.000000,0.000000,0.000000,-1.000000,,,,,,,,,,,"",,,,,,,,,,"Volumetric",,,,,,,,,,0.000000,,,,,,,,,,0.000000,0.000000,,,,,,,,,,,,
"2FBA53E8","Nodes",1115833.619790,1672594.927081,1313.064347,"Default Known Flow Node",69.999969,0.579999,1000.000000,0.000000,"Known Flow",0.000000,0.000000,2.16999993085665e-07,40.000000,0.579999,1000.000000,0.000000,0.000000,13.000000,0.000000,0.515373,0.579999,,,,7.367981,7.367981,,16.800279,,,,,,903.822387,0.066146,0.000000,0.000000,0.000000,,-459.670013,1000.000000,,0.000000,0.000000,,,,0.047063,"UNDEFINED",0.000000,0.997566,0.000000,,,,,"","",,,,7.367981,,0.000000,,0.000000,,,0.000000,0.000000,"",,,0.000000,,-1.000000,,0.000000,0.000000,0.000000,-1.000000,,,,,,,,,,,"",,,,,,,,,,"Volumetric",,,,,,,,,,0.000000,,,,,,,,,,0.000000,0.000000,,,,,,,,,,,,
"2FBB4124","Nodes",1115832.649673,1672594.692314,1313.064347,"Default Known Flow Node",69.999969,0.579999,1000.000000,0.000000,"Known Flow",0.000000,0.000000,2.16999993085665e-07,40.000000,0.579999,1000.000000,0.000000,0.000000,13.000000,0.000000,0.515373,0.579999,,,,7.367981,7.367981,,16.800279,,,,,,903.822387,0.066146,0.000000,0.000000,0.000000,,-459.670013,1000.000000,,0.000000,0.000000,,,,0.047063,"UNDEFINED",0.000000,0.997566,0.000000,,,,,"","",,,,7.367981,,0.000000,,0.000000,,,0.000000,0.000000,"",,,0.000000,,-1.000000,,0.000000,0.000000,0.000000,-1.000000,,,,,,,,,,,"",,,,,,,,,,"Volumetric",,,,,,,,,,0.000000,,,,,,,,,,0.000000,0.000000,,,,,,,,,,,,
"2FBB411F","Nodes",1115872.567633,1672604.473907,1313.064347,"Default Known Flow Node",69.999969,0.579999,1000.000000,0.000000,"Known Flow",0.000000,0.000000,2.16999993085665e-07,40.000000,0.579999,1000.000000,0.000000,0.000000,13.000000,0.000000,0.515373,0.579999,,,,7.367981,7.367981,,16.800279,,,,,,903.822387,0.066146,0.000000,0.000000,0.000000,,-459.670013,1000.000000,,0.000000,0.000000,,,,0.047063,"UNDEFINED",0.000000,0.997566,0.000000,,,,,"","",,,,7.367981,,0.000000,,0.000000,,,0.000000,0.000000,"",,,0.000000,,-1.000000,,0.000000,0.000000,0.000000,-1.000000,,,,,,,,,,,"",,,,,,,,,,"Volumetric",,,,,,,,,,0.000000,,,,,,,,,,0.000000,0.000000,,,,,,,,,,,,
"2FBE22CD","Nodes",1115718.714935,1672583.745784,1313.064347,"Default Known Flow Node",69.999969,0.579999,1000.000000,0.000000,"Known Flow",0.000000,0.000000,2.16999993085665e-07,40.000000,0.579999,1000.000000,0.000000,0.000000,13.000000,0.000000,0.515373,0.579999,,,,7.368308,7.368308,,16.800279,,,,,,903.822387,0.066146,0.000000,0.000000,0.000000,,-459.670013,1000.000000,,0.000000,0.000000,,,,0.047063,"UNDEFINED",0.000000,0.997566,0.000000,,,,,"","",,,,7.368308,,0.000000,,0.000000,,,0.000000,0.000000,"",,,0.000000,"V87258",-1.000000,,0.000000,0.000000,0.000000,-1.000000,,,,,,,,,,,"",,,,,,,,,,"Volumetric",,,,,,,,,,0.000000,,,,,,,,,,0.000000,0.000000,,,,,,,,,,,,
"2FBE22C9","Nodes",1115689.488543,1672723.912235,1313.064347,"Default Known Flow Node",69.999969,0.579999,1000.000000,0.000000,"Known Flow",0.000000,0.000000,2.16999993085665e-07,40.000000,0.579999,1000.000000,0.000000,0.000000,13.000000,0.000000,0.515373,0.579999,,,,7.368308,7.368308,,16.800279,,,,,,903.822387,0.066146,0.000000,0.000000,0.000000,,-459.670013,1000.000000,,0.000000,0.000000,,,,0.047063,"UNDEFINED",0.000000,0.997566,0.000000,,,,,"","",,,,7.368308,,0.000000,,0.000000,,,0.000000,0.000000,"",,,0.000000,,-1.000000,,0.000000,0.000000,0.000000,-1.000000,,,,,,,,,,,"",,,,,,,,,,"Volumetric",,,,,,,,,,0.000000,,,,,,,,,,0.000000,0.000000,,,,,,,,,,,,
"2FBE5F1F","Nodes",1115667.926856,1677900.447875,1313.064347,"Default Known Flow Node",69.999969,0.579999,1000.000000,0.000000,"Known Flow",0.000000,0.000000,2.16999993085665e-07,40.000000,0.579999,1000.000000,0.000000,0.000000,13.000000,0.000000,0.515378,0.579999,,,,8.220555,8.220555,,16.800279,,,,,,903.822387,0.066146,0.000000,0.000000,0.000000,,-459.670013,1000.000000,,0.000000,0.000000,,,,0.047160,"UNDEFINED",0.000000,0.997561,0.000000,,,,,"","",,,,8.220555,,0.000000,,0.000000,,,0.000000,0.000000,"",,,0.000000,,-1.000000,,0.000000,0.000000,0.000000,-1.000000,,,,,,,,,,,"",,,,,,,,,,"Volumetric",,,,,,,,,,0.000000,,,,,,,,,,0.000000,0.000000,,,,,,,,,,,,
"2FBE5F31","Nodes",1115671.974646,1677900.968384,1313.064347,"Default Known Flow Node",69.999969,0.579999,1000.000000,0.000000,"Known Flow",0.000000,0.000000,2.16999993085665e-07,40.000000,0.579999,1000.000000,0.000000,0.000000,13.000000,0.000000,0.515378,0.579999,,,,8.219676,8.219676,,16.800279,,,,,,903.822387,0.066146,0.000000,0.000000,0.000000,,-459.670013,1000.000000,,0.000000,0.000000,,,,0.047159,"UNDEFINED",0.000000,0.997561,0.000000,,,,,"","",,,,8.219676,,0.000000,,0.000000,,,0.000000,0.000000,"",,,0.000000,"V63556",-1.000000,,0.000000,0.000000,0.000000,-1.000000,,,,,,,,,,,"",,,,,,,,,,"Volumetric",,,,,,,,,,0.000000,,,,,,,,,,0.000000,0.000000,,,,,,,,,,,,
"2FBE5F20","Nodes",1115711.925455,1677906.328872,1313.064347,"Default Known Flow Node",69.999969,0.579999,1000.000000,0.000000,"Known Flow",0.000000,0.000000,2.16999993085665e-07,40.000000,0.579999,1000.000000,0.000000,0.000000,13.000000,0.000000,0.515378,0.579999,,,,8.210667,8.210667,,16.800279,,,,,,903.822387,0.066146,0.000000,0.000000,0.000000,,-459.670013,1000.000000,,0.000000,0.000000,,,,0.047158,"UNDEFINED",0.000000,0.997561,0.000000,,,,,"","",,,,8.210667,,0.000000,,0.000000,,,0.000000,0.000000,"",,,0.000000,,-1.000000,,0.000000,0.000000,0.000000,-1.000000,,,,,,,,,,,"",,,,,,,,,,"Volumetric",,,,,,,,,,0.000000,,,,,,,,,,0.000000,0.000000,,,,,,,,,,,,
"2FBE5F1B","Nodes",1115678.338056,1677666.495971,1313.064347,"Default Known Flow Node",69.999969,0.579999,1000.000000,0.000000,"Known Flow",0.000000,0.000000,2.16999993085665e-07,40.000000,0.579999,1000.000000,0.000000,0.000000,13.000000,0.000000,0.515377,0.579999,,,,8.149044,8.149044,,16.800279,,,,,,903.822387,0.066146,0.000000,0.000000,0.000000,,-459.670013,1000.000000,,0.000000,0.000000,,,,0.047151,"UNDEFINED",0.000000,0.997562,0.000000,,,,,"","",,,,8.149044,,0.000000,,0.000000,,,0.000000,0.000000,"",,,0.000000,,-1.000000,,0.000000,0.000000,0.000000,-1.000000,,,,,,,,,,,"",,,,,,,,,,"Volumetric",,,,,,,,,,0.000000,,,,,,,,,,0.000000,0.000000,,,,,,,,,,,,
"2FBE228C","Nodes",1114245.121555,1668193.552927,1313.064347,"Default Known Flow Node",69.999969,0.579999,1000.000000,0.000000,"Known Flow",0.000000,0.000000,2.16999993085665e-07,40.000000,0.579999,1000.000000,0.000000,0.000000,13.000000,0.000000,0.515375,0.579999,,,,7.646753,7.646753,,16.800279,,,,,,903.822387,0.066146,0.000000,0.000000,0.000000,,-459.670013,1000.000000,,0.000000,0.000000,,,,0.047094,"UNDEFINED",0.000000,0.997565,0.000000,,,,,"","",,,,7.646753,,0.000000,,0.000000,,,0.000000,0.000000,"",,,0.000000,"V63802",-1.000000,,0.000000,0.000000,0.000000,-1.000000,,,,,,,,,,,"",,,,,,,,,,"Volumetric",,,,,,,,,,0.000000,,,,,,,,,,0.000000,0.000000,,,,,,,,,,,,
"4731COST","Nodes",1114295.642857,1668109.385638,1313.064347,"Default Known Flow Node",69.999969,0.579999,1000.000000,0.000000,"Known Flow",0.000000,0.000000,2.16999993085665e-07,40.000000,0.579999,1000.000000,0.000000,0.000000,13.000000,0.000000,0.515375,0.579999,,,,7.646262,7.646262,,16.800279,,,,,,903.822387,0.066146,0.000000,0.000000,0.000000,,-459.670013,1000.000000,,0.000000,0.000000,,,,0.047094,"SETFLOW",0.000000,0.997565,0.000000,,,,,"","",,,,7.646262,,0.000000,,0.000000,,,0.000000,0.000000,"",,,0.000000,"47-31 Colden St, Q= 0.363 mcfh, Firm DONE",-1.000000,,0.000000,0.000000,0.000000,-1.000000,,,,,,,,,,,,,,,,"",,,,,,,,,,"Volumetric",,,,,,,,,,-0.362999,,,,,-0.362999,-0.008711,,,,,,,,,,,,
"2FBE228E","Nodes",1114321.419032,1668066.443144,1313.064347,"Default Known Flow Node",69.999969,0.579999,1000.000000,0.000000,"Known Flow",0.000000,0.000000,2.16999993085665e-07,40.000000,0.579999,1000.000000,0.000000,0.000000,13.000000,0.000000,0.515375,0.579999,,,,7.646262,7.646262,,16.800279,,,,,,903.822387,0.066146,0.000000,0.000000,0.000000,,-459.670013,1000.000000,,0.000000,0.000000,,,,0.047094,"UNDEFINED",0.000000,0.997565,0.000000,,,,,"","",,,,7.646262,,0.000000,,0.000000,,,0.000000,0.000000,"",,,0.000000,"V63803",-1.000000,,0.000000,0.000000,0.000000,-1.000000,,,,,,,,,,,"",,,,,,,,,,"Volumetric",,,,,,,,,,0.000000,,,,,,,,,,0.000000,0.000000,,,,,,,,,,,,
"2FBE228B","Nodes",1114324.139123,1668061.927577,1313.064347,"Default Known Flow Node",69.999969,0.579999,1000.000000,0.000000,"Known Flow",0.000000,0.000000,2.16999993085665e-07,40.000000,0.579999,1000.000000,0.000000,0.000000,13.000000,0.000000,0.515375,0.579999,,,,7.646262,7.646262,,16.800279,,,,,,903.822387,0.066146,0.000000,0.000000,0.000000,,-459.670013,1000.000000,,0.000000,0.000000,,,,0.047094,"UNDEFINED",0.000000,0.997565,0.000000,,,,,"","",,,,7.646262,,0.000000,,0.000000,,,0.000000,0.000000,"",,,0.000000,,-1.000000,,0.000000,0.000000,0.000000,-1.000000,,,,,,,,,,,"",,,,,,,,,,"Volumetric",,,,,,,,,,0.000000,,,,,,,,,,0.000000,0.000000,,,,,,,,,,,,
"2FBC6BAA","Nodes",1114679.851952,1672060.889920,1313.064347,"Default Known Flow Node",69.999969,0.579999,1000.000000,0.000000,"Known Flow",0.000000,0.000000,2.16999993085665e-07,40.000000,0.579999,1000.000000,0.000000,0.000000,13.000000,0.000000,0.515374,0.579999,,,,7.473912,7.473912,,16.800279,,,,,,903.822387,0.066146,0.000000,0.000000,0.000000,,-459.670013,1000.000000,,0.000000,0.000000,,,,0.047075,"SETFLOW",0.000000,0.997566,0.000000,,,,,"","",,,,7.473912,,0.000000,,0.000000,,,0.000000,0.000000,"",,,0.000000,,-1.000000,,0.000000,0.000000,-1.000000,-1.000000,,,,,,,,,,,"",,,,,,,,,,"Volumetric",,,,,,,,,,-0.375249,,,,,,,,,,-0.375249,-0.009005,,,,,,,,,,,,
"2FBC6BAC","Nodes",1114680.818311,1672061.147063,1313.064347,"Default Known Flow Node",69.999969,0.579999,1000.000000,0.000000,"Known Flow",0.000000,0.000000,2.16999993085665e-07,40.000000,0.579999,1000.000000,0.000000,0.000000,13.000000,0.000000,0.515374,0.579999,,,,7.473678,7.473678,,16.800279,,,,,,903.822387,0.066146,0.000000,0.000000,0.000000,,-459.670013,1000.000000,,0.000000,0.000000,,,,0.047075,"UNDEFINED",0.000000,0.997566,0.000000,,,,,"","",,,,7.473678,,0.000000,,0.000000,,,0.000000,0.000000,"",,,0.000000,,-1.000000,,0.000000,0.000000,0.000000,-1.000000,,,,,,,,,,,"",,,,,,,,,,"Volumetric",,,,,,,,,,0.000000,,,,,,,,,,0.000000,0.000000,,,,,,,,,,,,
"2FB19FAD","Nodes",1115549.750000,1673389.000000,1313.064347,"Default Known Flow Node",69.999969,0.579999,1000.000000,0.000000,"Known Flow",0.000000,0.000000,2.16999993085665e-07,40.000000,0.579999,1000.000000,0.000000,0.000000,13.000000,0.000000,0.515375,0.579999,,,,7.718370,7.718370,,16.800279,,,,,,903.822387,0.066146,0.000000,0.000000,0.000000,,-459.670013,1000.000000,,0.000000,0.000000,,,,0.047102,"UNDEFINED",0.000000,0.997564,0.000000,,,,,"","",,,,7.718370,,0.000000,,0.000000,,,0.000000,0.000000,"",,,0.000000,,-1.000000,,0.000000,0.000000,-1.000000,-1.000000,,,,,,,,,,,"",,,,,,,,,,"Volumetric",,,,,,,,,,0.000000,,,,,,,,,,0.000000,0.000000,,,,,,,,,,,,
"3W13","Nodes",1119480.487077,1668103.133684,1313.064347,"Default Known Flow Node",69.999969,0.579999,1000.000000,0.000000,"Known Flow",0.000000,0.000000,2.16999993085665e-07,40.000000,0.579999,1000.000000,0.000000,0.000000,13.000000,0.000000,0.515375,0.579999,,,,7.665603,7.665603,,16.800279,,,,,,903.822387,0.066146,0.000000,0.000000,0.000000,,-459.670013,1000.000000,,0.000000,0.000000,,,,0.047096,"SETFLOW",0.000000,0.997564,0.000000,,,,,"","",,,,7.665603,,0.000000,,0.000000,,,0.000000,0.000000,"",,,0.000000,"Diversified Bldg Corp - 143-37 38 Ave, Moved to Firm 4/4/17",-1.000000,,0.000000,0.000000,-1.000000,-1.000000,,,,,,,,,,,"",,,,,,,,,,"Volumetric",,,,,,,,,,-1.257984,,,,,,,,,,-1.257984,-0.030191,,,,,,,,,,,,
"0BEC44D5","Nodes",1115118.750000,1668598.120000,1313.064347,"Default Known Flow Node",69.999969,0.579999,1000.000000,0.000000,"Known Flow",0.000000,0.000000,2.16999993085665e-07,40.000000,0.579999,1000.000000,0.000000,0.000000,13.000000,0.000000,0.515376,0.579999,,,,7.937941,7.937941,,16.800279,,,,,,903.822387,0.066146,0.000000,0.000000,0.000000,,-459.670013,1000.000000,,0.000000,0.000000,,,,0.047127,"SETFLOW",0.000000,0.997563,0.000000,,,,,"","",,,,7.937941,,0.000000,,0.000000,,,0.000000,0.000000,"",,,0.000000,,-1.000000,,0.000000,0.000000,-1.000000,-1.000000,,,,,,,,,,,"",,,,,,,,,,"Volumetric",,,,,,,,,,-0.126420,,,,,,,,,,-0.126420,-0.003034,,,,,,,,,,,,
"2FBA5221","Nodes",1117090.370000,1669006.250000,1313.064347,"Default Known Flow Node",69.999969,0.579999,1000.000000,0.000000,"Known Flow",0.000000,0.000000,2.16999993085665e-07,40.000000,0.579999,1000.000000,0.000000,0.000000,13.000000,0.000000,0.515375,0.579999,,,,7.690992,7.690992,,16.800279,,,,,,903.822387,0.066146,0.000000,0.000000,0.000000,,-459.670013,1000.000000,,0.000000,0.000000,,,,0.047099,"UNDEFINED",0.000000,0.997564,0.000000,,,,,"","",,,,7.690992,,0.000000,,0.000000,,,0.000000,0.000000,"",,,0.000000,,-1.000000,,0.000000,0.000000,-1.000000,-1.000000,,,,,,,,,,,"",,,,,,,,,,"Volumetric",,,,,,,,,,0.000000,,,,,,,,,,0.000000,0.000000,,,,,,,,,,,,
"2FBA5222","Nodes",1117091.870000,1669008.620000,1313.064347,"Default Known Flow Node",69.999969,0.579999,1000.000000,0.000000,"Known Flow",0.000000,0.000000,2.16999993085665e-07,40.000000,0.579999,1000.000000,0.000000,0.000000,13.000000,0.000000,0.515375,0.579999,,,,7.690980,7.690980,,16.800279,,,,,,903.822387,0.066146,0.000000,0.000000,0.000000,,-459.670013,1000.000000,,0.000000,0.000000,,,,0.047099,"UNDEFINED",0.000000,0.997564,0.000000,,,,,"","",,,,7.690980,,0.000000,,0.000000,,,0.000000,0.000000,"",,,0.000000,,-1.000000,,0.000000,0.000000,-1.000000,-1.000000,,,,,,,,,,,"",,,,,,,,,,"Volumetric",,,,,,,,,,0.000000,,,,,,,,,,0.000000,0.000000,,,,,,,,,,,,
"2FB2133B","Nodes",1116698.370000,1669266.250000,1313.064347,"Default Known Flow Node",69.999969,0.579999,1000.000000,0.000000,"Known Flow",0.000000,0.000000,2.16999993085665e-07,40.000000,0.579999,1000.000000,0.000000,0.000000,13.000000,0.000000,0.515375,0.579999,,,,7.690044,7.690044,,16.800279,,,,,,903.822387,0.066146,0.000000,0.000000,0.000000,,-459.670013,1000.000000,,0.000000,0.000000,,,,0.047099,"SETFLOW",0.000000,0.997564,0.000000,,,,,"","",,,,7.690044,,0.000000,,0.000000,,,0.000000,0.000000,"",,,0.000000,,-1.000000,,0.000000,0.000000,-1.000000,-1.000000,,,,,,,,,,,"",,,,,,,,,,"Volumetric",,,,,,,,,,-0.034451,,,,,,,,,,-0.034451,-0.000826,,,,,,,,,,,,
"2FBA522A","Nodes",1117286.620000,1669305.620000,1313.064347,"Default Known Flow Node",69.999969,0.579999,1000.000000,0.000000,"Known Flow",0.000000,0.000000,2.16999993085665e-07,40.000000,0.579999,1000.000000,0.000000,0.000000,13.000000,0.000000,0.515375,0.579999,,,,7.690478,7.690478,,16.800279,,,,,,903.822387,0.066146,0.000000,0.000000,0.000000,,-459.670013,1000.000000,,0.000000,0.000000,,,,0.047099,"UNDEFINED",0.000000,0.997564,0.000000,,,,,"","",,,,7.690478,,0.000000,,0.000000,,,0.000000,0.000000,"",,,0.000000,,-1.000000,,0.000000,0.000000,-1.000000,-1.000000,,,,,,,,,,,"",,,,,,,,,,"Volumetric",,,,,,,,,,0.000000,,,,,,,,,,0.000000,0.000000,,,,,,,,,,,,
"2FBA5212","Nodes",1117328.500000,1669346.000000,1313.064347,"Default Known Flow Node",69.999969,0.579999,1000.000000,0.000000,"Known Flow",0.000000,0.000000,2.16999993085665e-07,40.000000,0.579999,1000.000000,0.000000,0.000000,13.000000,0.000000,0.515375,0.579999,,,,7.693432,7.693432,,16.800279,,,,,,903.822387,0.066146,0.000000,0.000000,0.000000,,-459.670013,1000.000000,,0.000000,0.000000,,,,0.047100,"UNDEFINED",0.000000,0.997564,0.000000,,,,,"","",,,,7.693432,,0.000000,,0.000000,,,0.000000,0.000000,"",,,0.000000,,-1.000000,,0.000000,0.000000,-1.000000,-1.000000,,,,,,,,,,,"",,,,,,,,,,"Volumetric",,,,,,,,,,0.000000,,,,,,,,,,0.000000,0.000000,,,,,,,,,,,,
"2FBA521D","Nodes",1117316.000000,1669357.370000,1313.064347,"Default Known Flow Node",69.999969,0.579999,1000.000000,0.000000,"Known Flow",0.000000,0.000000,2.16999993085665e-07,40.000000,0.579999,1000.000000,0.000000,0.000000,13.000000,0.000000,0.515375,0.579999,,,,7.688331,7.688331,,16.800279,,,,,,903.822387,0.066146,0.000000,0.000000,0.000000,,-459.670013,1000.000000,,0.000000,0.000000,,,,0.047099,"UNDEFINED",0.000000,0.997564,0.000000,,,,,"","",,,,7.688331,,0.000000,,0.000000,,,0.000000,0.000000,"",,,0.000000,,-1.000000,,0.000000,0.000000,-1.000000,-1.000000,,,,,,,,,,,"",,,,,,,,,,"Volumetric",,,,,,,,,,0.000000,,,,,,,,,,0.000000,0.000000,,,,,,,,,,,,
"2FB9EF6A","Nodes",1118532.542368,1676676.139595,1313.064347,"Default Known Flow Node",69.999969,0.579999,1000.000000,0.000000,"Known Flow",0.000000,0.000000,2.16999993085665e-07,40.000000,0.579999,1000.000000,0.000000,0.000000,13.000000,0.000000,0.515372,0.579999,,,,7.200391,7.200391,,16.800279,,,,,,903.822387,0.066146,0.000000,0.000000,0.000000,,-459.670013,1000.000000,,0.000000,0.000000,,,,0.047044,"UNDEFINED",0.000000,0.997567,0.000000,,,,,"","",,,,7.200391,,0.000000,,0.000000,,,0.000000,0.000000,"",,,0.000000,,-1.000000,,0.000000,0.000000,-1.000000,-1.000000,,,,,,,,,,,"",,,,,,,,,,"Volumetric",,,,,,,,,,0.000000,,,,,,,,,,0.000000,0.000000,,,,,,,,,,,,
"Q3No437","Nodes",1118537.602390,1676779.421634,1313.064347,"Default Known Flow Node",69.999969,0.579999,1000.000000,0.000000,"Known Flow",0.000000,0.000000,2.16999993085665e-07,40.000000,0.579999,1000.000000,0.000000,0.000000,13.000000,0.000000,0.515372,0.579999,,,,7.187958,7.187958,,16.800279,,,,,,903.822387,0.066146,0.000000,0.000000,0.000000,,-459.670013,1000.000000,,0.000000,0.000000,,,,0.047042,"UNDEFINED",0.000000,0.997567,0.000000,,,,,"","",,,,7.187958,,0.000000,,0.000000,,,0.000000,0.000000,"",,,0.000000,,-1.000000,,0.000000,0.000000,0.000000,-1.000000,,,,,,,,,,,"",,,,,,,,,,"Volumetric",,,,,,,,,,0.000000,,,,,,,,,,0.000000,0.000000,,,,,,,,,,,,
"0BF47F5A","Nodes",1120629.000000,1668402.000000,1313.064347,"Default Known Flow Node",69.999969,0.579999,1000.000000,0.000000,"Known Flow",0.000000,0.000000,2.16999993085665e-07,40.000000,0.579999,1000.000000,0.000000,0.000000,13.000000,0.000000,0.515379,0.579999,,,,8.443266,8.443266,,16.800279,,,,,,903.822387,0.066146,0.000000,0.000000,0.000000,,-459.670013,1000.000000,,0.000000,0.000000,,,,0.047185,"SETFLOW",0.000000,0.997560,0.000000,,,,,"","",,,,8.443266,,0.000000,,0.000000,,,0.000000,0.000000,"",,,0.000000,"144-16 35 Ave, Q = -4.63 mcfh, Firm DONE",-1.000000,,0.000000,0.000000,-1.000000,-1.000000,,,,,,,,,,,,,,,,"",,,,,,,,,,"Volumetric",,,,,,,,,,-4.630000,,,,,-4.630000,-0.111120,,,,,,,,,,,,
"2FBB2805","Nodes",1118615.654675,1668206.581091,1313.064347,"Default Known Flow Node",69.999969,0.579999,1000.000000,0.000000,"Known Flow",0.000000,0.000000,2.16999993085665e-07,40.000000,0.579999,1000.000000,0.000000,0.000000,13.000000,0.000000,0.515372,0.579999,,,,7.160266,7.160266,,16.800279,,,,,,903.822387,0.066146,0.000000,0.000000,0.000000,,-459.670013,1000.000000,,0.000000,0.000000,,,,0.047039,"SETFLOW",0.000000,0.997567,0.000000,,,,,"","",,,,7.160266,,0.000000,,0.000000,,,0.000000,0.000000,"",,,0.000000,"143-25 41 Ave, Q= 6.787 mcfh, Firm DONE",-1.000000,,0.000000,0.000000,-1.000000,-1.000000,,,,,,,,,,,,,,,,"",,,,,,,,,,"Volumetric",,,,,,,,,,-6.787000,,,,,-6.787000,-0.162888,,,,,,,,,,,,
"2FC0DE5D","Nodes",1118599.812000,1668123.213440,1313.064347,"Default Known Flow Node",69.999969,0.579999,1000.000000,0.000000,"Known Flow",0.000000,0.000000,2.16999993085665e-07,40.000000,0.579999,1000.000000,0.000000,0.000000,13.000000,0.000000,0.515372,0.579999,,,,7.168131,7.168131,,16.800279,,,,,,903.822387,0.066146,0.000000,0.000000,0.000000,,-459.670013,1000.000000,,0.000000,0.000000,,,,0.047040,"SETFLOW",0.000000,0.997567,0.000000,,,,,"","",,,,7.168131,,0.000000,,0.000000,,,0.000000,0.000000,"",,,0.000000,"143-28 41 Ave, Q = -3.143 mcfh, Firm DONE",-1.000000,,0.000000,0.000000,0.000000,-1.000000,,,,,,,,,,,,,,,,"",,,,,,,,,,"Volumetric",,,,,,,,,,-3.142999,,,,,-3.142999,-0.075431,,,,,,,,,,,,
"2FBDDC6C","Nodes",1118628.370000,1668277.000000,1313.064347,"Default Known Flow Node",69.999969,0.579999,1000.000000,0.000000,"Known Flow",0.000000,0.000000,2.16999993085665e-07,40.000000,0.579999,1000.000000,0.000000,0.000000,13.000000,0.000000,0.515372,0.579999,,,,7.165951,7.165951,,16.800279,,,,,,903.822387,0.066146,0.000000,0.000000,0.000000,,-459.670013,1000.000000,,0.000000,0.000000,,,,0.047040,"SETFLOW",0.000000,0.997567,0.000000,,,,,"","",,,,7.165951,,0.000000,,0.000000,,,0.000000,0.000000,"",,,0.000000,"143-43 41 Ave, Q= 5.517 mcfh, Firm DONE",-1.000000,,0.000000,0.000000,-1.000000,-1.000000,,,,,,,,,,,,,,,,"",,,,,,,,,,"Volumetric",,,,,,,,,,-5.792849,,,,,-5.792849,-0.139028,,,,,,,,,,,,
"0BF474DB","Nodes",1118764.084270,1669210.627604,1313.064347,"Default Known Flow Node",69.999969,0.579999,1000.000000,0.000000,"Known Flow",0.000000,0.000000,2.16999993085665e-07,40.000000,0.579999,1000.000000,0.000000,0.000000,13.000000,0.000000,0.515369,0.579999,,,,6.596593,6.596593,,16.800279,,,,,,903.822387,0.066147,0.000000,0.000000,0.000000,,-459.670013,1000.000000,,0.000000,0.000000,,,,0.046975,"SETFLOW",0.000000,0.997571,0.000000,,,,,"","",,,,6.596593,,0.000000,,0.000000,,,0.000000,0.000000,"",,,0.000000,"144-70 41 Ave, Q= 6.688 mcfh, Firm",-1.000000,,0.000000,0.000000,0.000000,-1.000000,,,,,,,,,,,"",,,"",,,,,,,"Volumetric",,,"Volumetric",,,,,,,0.000000,,,-6.688000,,,,,,,0.000000,0.000000,,,,,,,,,,,,
"0BF474D5","Nodes",1118751.930853,1669142.486044,1313.064347,"Default Known Flow Node",69.999969,0.579999,1000.000000,0.000000,"Known Flow",0.000000,0.000000,2.16999993085665e-07,40.000000,0.579999,1000.000000,0.000000,0.000000,13.000000,0.000000,0.515369,0.579999,,,,6.605334,6.605334,,16.800279,,,,,,903.822387,0.066147,0.000000,0.000000,0.000000,,-459.670013,1000.000000,,0.000000,0.000000,,,,0.046976,"SETFLOW",0.000000,0.997571,0.000000,,,,,"","",,,,6.605334,,0.000000,,0.000000,,,0.000000,0.000000,"",,,0.000000,"144-45 41 Ave, Q= 10.914 mcfh, Firm DONE",-1.000000,,0.000000,0.000000,-1.000000,-1.000000,,,,,,,,,,,,,,,,"",,,,,,,,,,"Volumetric",,,,,,,,,,-10.913998,,,,,-10.913998,-0.261935,,,,,,,,,,,,
"0BF474D8","Nodes",1118737.250000,1669060.250000,1313.064347,"Default Known Flow Node",69.999969,0.579999,1000.000000,0.000000,"Known Flow",0.000000,0.000000,2.16999993085665e-07,40.000000,0.579999,1000.000000,0.000000,0.000000,13.000000,0.000000,0.515370,0.579999,,,,6.804144,6.804144,,16.800279,,,,,,903.822387,0.066147,0.000000,0.000000,0.000000,,-459.670013,1000.000000,,0.000000,0.000000,,,,0.046999,"UNDEFINED",0.000000,0.997570,0.000000,,,,,"","",,,,6.804144,,0.000000,,0.000000,,,0.000000,0.000000,"",,,0.000000,,-1.000000,,0.000000,0.000000,-1.000000,-1.000000,,,,,,,,,,,"",,,,,,,,,,"Volumetric",,,,,,,,,,0.000000,,,,,,,,,,0.000000,0.000000,,,,,,,,,,,,
"0BF47F5B","Nodes",1120628.104406,1668557.082190,1313.064347,"Default Known Flow Node",69.999969,0.579999,1000.000000,0.000000,"Known Flow",0.000000,0.000000,2.16999993085665e-07,40.000000,0.579999,1000.000000,0.000000,0.000000,13.000000,0.000000,0.515379,0.579999,,,,8.446105,8.446105,,16.800279,,,,,,903.822387,0.066146,0.000000,0.000000,0.000000,,-459.670013,1000.000000,,0.000000,0.000000,,,,0.047185,"UNDEFINED",0.000000,0.997560,0.000000,,,,,"","",,,,8.446105,,0.000000,,0.000000,,,0.000000,0.000000,"",,,0.000000,"144-30 35 Ave, Q = -9.106 mcfh, Firm (S12-40427-Q)",-1.000000,,0.000000,0.000000,-1.000000,-1.000000,,,,,,,,,,,"",,,,,,,,,,"Volumetric",,,,,,,,,,0.000000,,,,,,,,,,0.000000,0.000000,,,,,,,,,,,,
"0BF47C25","Nodes",1119866.476528,1668636.700115,1313.064347,"Default Known Flow Node",69.999969,0.579999,1000.000000,0.000000,"Known Flow",0.000000,0.000000,2.16999993085665e-07,40.000000,0.579999,1000.000000,0.000000,0.000000,13.000000,0.000000,0.515375,0.579999,,,,7.646508,7.646508,,16.800279,,,,,,903.822387,0.066146,0.000000,0.000000,0.000000,,-459.670013,1000.000000,,0.000000,0.000000,,,,0.047094,"SETFLOW",0.000000,0.997565,0.000000,,,,,"","",,,,7.646508,,0.000000,,0.000000,,,0.000000,0.000000,"",,,0.000000,"144-24 37 Ave, Q = -6.497 mcfh, Firm (S14-74196-Q) DONE",-1.000000,,0.000000,0.000000,-1.000000,-1.000000,,,,,,,,,,,,,,,,"",,,,,,,,,,"Volumetric",,,,,,,,,,-6.497000,,,,,-6.497000,-0.155928,,,,,,,,,,,,
"Q3No163","Nodes",1119866.126925,1668634.728639,1313.064347,"Default Known Flow Node",69.999969,0.579999,1000.000000,0.000000,"Known Flow",0.000000,0.000000,2.16999993085665e-07,40.000000,0.579999,1000.000000,0.000000,0.000000,13.000000,0.000000,0.515375,0.579999,,,,7.646776,7.646776,,16.800279,,,,,,903.822387,0.066146,0.000000,0.000000,0.000000,,-459.670013,1000.000000,,0.000000,0.000000,,,,0.047094,"UNDEFINED",0.000000,0.997565,0.000000,,,,,"","",,,,7.646776,,0.000000,,0.000000,,,0.000000,0.000000,"",,,0.000000,,-1.000000,,0.000000,0.000000,0.000000,-1.000000,,,,,,,,,,,"",,,,,,,,,,"Volumetric",,,,,,,,,,0.000000,,,,,,,,,,0.000000,0.000000,,,,,,,,,,,,
"2FBA0FCF","Nodes",1120796.620000,1668241.120000,1313.064347,"Default Known Flow Node",69.999969,0.579999,1000.000000,0.000000,"Known Flow",0.000000,0.000000,2.16999993085665e-07,40.000000,0.579999,1000.000000,0.000000,0.000000,13.000000,0.000000,0.515379,0.579999,,,,8.447211,8.447211,,16.800279,,,,,,903.822387,0.066146,0.000000,0.000000,0.000000,,-459.670013,1000.000000,,0.000000,0.000000,,,,0.047185,"SETFLOW",0.000000,0.997560,0.000000,,,,,"","",,,,8.447211,,0.000000,,0.000000,,,0.000000,0.000000,"",,,0.000000,"34-15 Parsons Blvd, Q= 8.946 mcfh, Firm DONE",-1.000000,,0.000000,0.000000,-1.000000,-1.000000,,,,,,,,,,,,,,,,"",,,,,,,,,,"Volumetric",,,,,,,,,,-8.946000,,,,,-8.946000,-0.214704,,,,,,,,,,,,
"0BF5D4CD","Nodes",1120289.383742,1670615.345080,1313.064347,"Default Known Flow Node",69.999969,0.579999,1000.000000,0.000000,"Known Flow",0.000000,0.000000,2.16999993085665e-07,40.000000,0.579999,1000.000000,0.000000,0.000000,13.000000,0.000000,0.515380,0.579999,,,,8.637738,8.637738,,16.800279,,,,,,903.822387,0.066145,0.000000,0.000000,0.000000,,-459.670013,1000.000000,,0.000000,0.000000,,,,0.047207,"SETFLOW",0.000000,0.997559,0.000000,,,,,"","",,,,8.637738,,0.000000,,0.000000,,,0.000000,0.000000,"",,,0.000000,"35-10 150 St, Q = 9.396 mcfh, Firm (S14-99016-Q) DONE",-1.000000,,0.000000,0.000000,-1.000000,-1.000000,,,,,,,,,,,,,,,,"",,,,,,,,,,"Volumetric",,,,,,,,,,-9.395998,,,,,-9.395998,-0.225503,,,,,,,,,,,,
"Q3No404","Nodes",1120286.987893,1670615.223783,1313.064347,"Default Known Flow Node",69.999969,0.579999,1000.000000,0.000000,"Known Flow",0.000000,0.000000,2.16999993085665e-07,40.000000,0.579999,1000.000000,0.000000,0.000000,13.000000,0.000000,0.515380,0.579999,,,,8.638353,8.638353,,16.800279,,,,,,903.822387,0.066145,0.000000,0.000000,0.000000,,-459.670013,1000.000000,,0.000000,0.000000,,,,0.047207,"UNDEFINED",0.000000,0.997559,0.000000,,,,,"","",,,,8.638353,,0.000000,,0.000000,,,0.000000,0.000000,"",,,0.000000,,-1.000000,,0.000000,0.000000,0.000000,-1.000000,,,,,,,,,,,"",,,,,,,,,,"Volumetric",,,,,,,,,,0.000000,,,,,,,,,,0.000000,0.000000,,,,,,,,,,,,
"0BF47F5C","Nodes",1120627.785531,1668572.919622,1313.064347,"Default Known Flow Node",69.999969,0.579999,1000.000000,0.000000,"Known Flow",0.000000,0.000000,2.16999993085665e-07,40.000000,0.579999,1000.000000,0.000000,0.000000,13.000000,0.000000,0.515379,0.579999,,,,8.446392,8.446392,,16.800279,,,,,,903.822387,0.066146,0.000000,0.000000,0.000000,,-459.670013,1000.000000,,0.000000,0.000000,,,,0.047185,"SETFLOW",0.000000,0.997560,0.000000,,,,,"","",,,,8.446392,,0.000000,,0.000000,,,0.000000,0.000000,"",,,0.000000,"144-32 35 Ave, Q = -8.809 mcfh, Firm (S14-88893-Q) DONE",-1.000000,,0.000000,0.000000,-1.000000,-1.000000,,,,,,,,,,,,,,,,"",,,,,,,,,,"Volumetric",,,,,,,,,,-8.809000,,,,,-8.809000,-0.211416,,,,,,,,,,,,
"Q3No22","Nodes",1121150.152319,1674006.714188,1313.064347,"Default Known Flow Node",69.999969,0.579999,1000.000000,0.000000,"Known Flow",0.000000,0.000000,2.16999993085665e-07,40.000000,0.579999,1000.000000,0.000000,0.000000,13.000000,0.000000,0.515380,0.579999,,,,8.653624,8.653624,,16.800279,,,,,,903.822387,0.066145,0.000000,0.000000,0.000000,,-459.670013,1000.000000,,0.000000,0.000000,,,,0.047209,"UNDEFINED",0.000000,0.997559,0.000000,,,,,"","",,,,8.653624,,0.000000,,0.000000,,,0.000000,0.000000,"",,,0.000000,,-1.000000,,0.000000,0.000000,0.000000,-1.000000,,,,,,,,,,,"",,,,,,,,,,"Volumetric",,,,,,,,,,0.000000,,,,,,,,,,0.000000,0.000000,,,,,,,,,,,,
"Q3No24","Nodes",1115685.209444,1678163.510231,1313.064347,"Default Known Flow Node",69.999969,0.579999,1000.000000,0.000000,"Known Flow",0.000000,0.000000,2.16999993085665e-07,40.000000,0.579999,1000.000000,0.000000,0.000000,13.000000,0.000000,0.515378,0.579999,,,,8.300910,8.300910,,16.800279,,,,,,903.822387,0.066146,0.000000,0.000000,0.000000,,-459.670013,1000.000000,,0.000000,0.000000,,,,0.047169,"UNDEFINED",0.000000,0.997561,0.000000,,,,,"","",,,,8.300910,,0.000000,,0.000000,,,0.000000,0.000000,"",,,0.000000,,-1.000000,,0.000000,0.000000,0.000000,-1.000000,,,,,,,,,,,"",,,,,,,,,,"Volumetric",,,,,,,,,,0.000000,,,,,,,,,,0.000000,0.000000,,,,,,,,,,,,
"Q3No25","Nodes",1115689.203709,1678163.671943,1313.064347,"Default Known Flow Node",69.999969,0.579999,1000.000000,0.000000,"Known Flow",0.000000,0.000000,2.16999993085665e-07,40.000000,0.579999,1000.000000,0.000000,0.000000,13.000000,0.000000,0.515378,0.579999,,,,8.299675,8.299675,,16.800279,,,,,,903.822387,0.066146,0.000000,0.000000,0.000000,,-459.670013,1000.000000,,0.000000,0.000000,,,,0.047168,"UNDEFINED",0.000000,0.997561,0.000000,,,,,"","",,,,8.299675,,0.000000,,0.000000,,,0.000000,0.000000,"",,,0.000000,,-1.000000,,0.000000,0.000000,0.000000,-1.000000,,,,,,,,,,,"",,,,,,,,,,"Volumetric",,,,,,,,,,0.000000,,,,,,,,,,0.000000,0.000000,,,,,,,,,,,,
"Q3No26","Nodes",1115697.210871,1678164.164530,1313.064347,"Default Known Flow Node",69.999969,0.579999,1000.000000,0.000000,"Known Flow",0.000000,0.000000,2.16999993085665e-07,40.000000,0.579999,1000.000000,0.000000,0.000000,13.000000,0.000000,0.515378,0.579999,,,,8.297203,8.297203,,16.800279,,,,,,903.822387,0.066146,0.000000,0.000000,0.000000,,-459.670013,1000.000000,,0.000000,0.000000,,,,0.047168,"UNDEFINED",0.000000,0.997561,0.000000,,,,,"","",,,,8.297203,,0.000000,,0.000000,,,0.000000,0.000000,"",,,0.000000,,-1.000000,,0.000000,0.000000,0.000000,-1.000000,,,,,,,,,,,"",,,,,,,,,,"Volumetric",,,,,,,,,,0.000000,,,,,,,,,,0.000000,0.000000,,,,,,,,,,,,
"Q3No33","Nodes",1119679.365700,1678568.622968,1313.064347,"Default Known Flow Node",69.999969,0.579999,1000.000000,0.000000,"Known Flow",0.000000,0.000000,2.16999993085665e-07,40.000000,0.579999,1000.000000,0.000000,0.000000,13.000000,0.000000,0.515372,0.579999,,,,7.181192,7.181192,,16.800279,,,,,,903.822387,0.066146,0.000000,0.000000,0.000000,,-459.670013,1000.000000,,0.000000,0.000000,,,,0.047041,"UNDEFINED",0.000000,0.997567,0.000000,,,,,"","",,,,7.181192,,0.000000,,0.000000,,,0.000000,0.000000,"",,,0.000000,,-1.000000,,0.000000,0.000000,0.000000,-1.000000,,,,,,,,,,,"",,,,,,,,,,"Volumetric",,,,,,,,,,0.000000,,,,,,,,,,0.000000,0.000000,,,,,,,,,,,,
"Q3No34","Nodes",1119677.547347,1678568.929919,1313.064347,"Default Known Flow Node",69.999969,0.579999,1000.000000,0.000000,"Known Flow",0.000000,0.000000,2.16999993085665e-07,40.000000,0.579999,1000.000000,0.000000,0.000000,13.000000,0.000000,0.515372,0.579999,,,,7.181196,7.181196,,16.800279,,,,,,903.822387,0.066146,0.000000,0.000000,0.000000,,-459.670013,1000.000000,,0.000000,0.000000,,,,0.047041,"UNDEFINED",0.000000,0.997567,0.000000,,,,,"","",,,,7.181196,,0.000000,,0.000000,,,0.000000,0.000000,"",,,0.000000,,-1.000000,,0.000000,0.000000,0.000000,-1.000000,,,,,,,,,,,"",,,,,,,,,,"Volumetric",,,,,,,,,,0.000000,,,,,,,,,,0.000000,0.000000,,,,,,,,,,,,
"Q3No35","Nodes",1119676.530878,1678569.047204,1313.064347,"Default Known Flow Node",69.999969,0.579999,1000.000000,0.000000,"Known Flow",0.000000,0.000000,2.16999993085665e-07,40.000000,0.579999,1000.000000,0.000000,0.000000,13.000000,0.000000,0.515372,0.579999,,,,7.181198,7.181198,,16.800279,,,,,,903.822387,0.066146,0.000000,0.000000,0.000000,,-459.670013,1000.000000,,0.000000,0.000000,,,,0.047041,"UNDEFINED",0.000000,0.997567,0.000000,,,,,"","",,,,7.181198,,0.000000,,0.000000,,,0.000000,0.000000,"",,,0.000000,,-1.000000,,0.000000,0.000000,0.000000,-1.000000,,,,,,,,,,,"",,,,,,,,,,"Volumetric",,,,,,,,,,0.000000,,,,,,,,,,0.000000,0.000000,,,,,,,,,,,,
"Q3No42","Nodes",1119472.211889,1671643.436814,1313.064347,"Default Known Flow Node",69.999969,0.579999,1000.000000,0.000000,"Known Flow",0.000000,0.000000,2.16999993085665e-07,40.000000,0.579999,1000.000000,0.000000,0.000000,13.000000,0.000000,0.515377,0.579999,,,,8.150509,8.150509,,16.800279,,,,,,903.822387,0.066146,0.000000,0.000000,0.000000,,-459.670013,1000.000000,,0.000000,0.000000,,,,0.047152,"UNDEFINED",0.000000,0.997562,0.000000,,,,,"","",,,,8.150509,,0.000000,,0.000000,,,0.000000,0.000000,"",,,0.000000,,-1.000000,,0.000000,0.000000,0.000000,-1.000000,,,,,,,,,,,"",,,,,,,,,,"Volumetric",,,,,,,,,,0.000000,,,,,,,,,,0.000000,0.000000,,,,,,,,,,,,
"Q3No43","Nodes",1119474.639016,1671631.684986,1313.064347,"Default Known Flow Node",69.999969,0.579999,1000.000000,0.000000,"Known Flow",0.000000,0.000000,2.16999993085665e-07,40.000000,0.579999,1000.000000,0.000000,0.000000,13.000000,0.000000,0.515377,0.579999,,,,8.151303,8.151303,,16.800279,,,,,,903.822387,0.066146,0.000000,0.000000,0.000000,,-459.670013,1000.000000,,0.000000,0.000000,,,,0.047152,"UNDEFINED",0.000000,0.997562,0.000000,,,,,"","",,,,8.151303,,0.000000,,0.000000,,,0.000000,0.000000,"",,,0.000000,,-1.000000,,0.000000,0.000000,0.000000,-1.000000,,,,,,,,,,,"",,,,,,,,,,"Volumetric",,,,,,,,,,0.000000,,,,,,,,,,0.000000,0.000000,,,,,,,,,,,,
"Q3No44","Nodes",1119473.904597,1671614.530564,1313.064347,"Default Known Flow Node",69.999969,0.579999,1000.000000,0.000000,"Known Flow",0.000000,0.000000,2.16999993085665e-07,40.000000,0.579999,1000.000000,0.000000,0.000000,13.000000,0.000000,0.515377,0.579999,,,,8.152494,8.152494,,16.800279,,,,,,903.822387,0.066146,0.000000,0.000000,0.000000,,-459.670013,1000.000000,,0.000000,0.000000,,,,0.047152,"UNDEFINED",0.000000,0.997562,0.000000,,,,,"","",,,,8.152494,,0.000000,,0.000000,,,0.000000,0.000000,"",,,0.000000,,-1.000000,,0.000000,0.000000,0.000000,-1.000000,,,,,,,,,,,"",,,,,,,,,,"Volumetric",,,,,,,,,,0.000000,,,,,,,,,,0.000000,0.000000,,,,,,,,,,,,
"Q3No47","Nodes",1119167.284439,1671565.278269,1313.064347,"Default Known Flow Node",69.999969,0.579999,1000.000000,0.000000,"Known Flow",0.000000,0.000000,2.16999993085665e-07,40.000000,0.579999,1000.000000,0.000000,0.000000,13.000000,0.000000,0.515377,0.579999,,,,8.083063,8.083063,,16.800279,,,,,,903.822387,0.066146,0.000000,0.000000,0.000000,,-459.670013,1000.000000,,0.000000,0.000000,,,,0.047144,"UNDEFINED",0.000000,0.997562,0.000000,,,,,"","",,,,8.083063,,0.000000,,0.000000,,,0.000000,0.000000,"",,,0.000000,,-1.000000,,0.000000,0.000000,0.000000,-1.000000,,,,,,,,,,,"",,,,,,,,,,"Volumetric",,,,,,,,,,0.000000,,,,,,,,,,0.000000,0.000000,,,,,,,,,,,,
"Q3No49","Nodes",1119129.863898,1671552.536342,1313.064347,"Default Known Flow Node",69.999969,0.579999,1000.000000,0.000000,"Known Flow",0.000000,0.000000,2.16999993085665e-07,40.000000,0.579999,1000.000000,0.000000,0.000000,13.000000,0.000000,0.515377,0.579999,,,,8.058357,8.058357,,16.800279,,,,,,903.822387,0.066146,0.000000,0.000000,0.000000,,-459.670013,1000.000000,,0.000000,0.000000,,,,0.047141,"UNDEFINED",0.000000,0.997562,0.000000,,,,,"","",,,,8.058357,,0.000000,,0.000000,,,0.000000,0.000000,"",,,0.000000,,-1.000000,,0.000000,0.000000,0.000000,-1.000000,,,,,,,,,,,"",,,,,,,,,,"Volumetric",,,,,,,,,,0.000000,,,,,,,,,,0.000000,0.000000,,,,,,,,,,,,
"Q3No51","Nodes",1119083.517292,1671855.144095,1313.064347,"Default Known Flow Node",69.999969,0.579999,1000.000000,0.000000,"Known Flow",0.000000,0.000000,2.16999993085665e-07,40.000000,0.579999,1000.000000,0.000000,0.000000,13.000000,0.000000,0.515377,0.579999,,,,8.039331,8.039331,,16.800279,,,,,,903.822387,0.066146,0.000000,0.000000,0.000000,,-459.670013,1000.000000,,0.000000,0.000000,,,,0.047139,"UNDEFINED",0.000000,0.997562,0.000000,,,,,"","",,,,8.039331,,0.000000,,0.000000,,,0.000000,0.000000,"",,,0.000000,,-1.000000,,0.000000,0.000000,0.000000,-1.000000,,,,,,,,,,,"",,,,,,,,,,"Volumetric",,,,,,,,,,0.000000,,,,,,,,,,0.000000,0.000000,,,,,,,,,,,,
"Q3No52","Nodes",1119047.983179,1671867.314794,1313.064347,"Default Known Flow Node",69.999969,0.579999,1000.000000,0.000000,"Known Flow",0.000000,0.000000,2.16999993085665e-07,40.000000,0.579999,1000.000000,0.000000,0.000000,13.000000,0.000000,0.515377,0.579999,,,,8.038983,8.038983,,16.800279,,,,,,903.822387,0.066146,0.000000,0.000000,0.000000,,-459.670013,1000.000000,,0.000000,0.000000,,,,0.047139,"UNDEFINED",0.000000,0.997562,0.000000,,,,,"","",,,,8.038983,,0.000000,,0.000000,,,0.000000,0.000000,"",,,0.000000,,-1.000000,,0.000000,0.000000,0.000000,-1.000000,,,,,,,,,,,"",,,,,,,,,,"Volumetric",,,,,,,,,,0.000000,,,,,,,,,,0.000000,0.000000,,,,,,,,,,,,
"Q3No54","Nodes",1118998.641857,1672071.135395,1313.064347,"Default Known Flow Node",69.999969,0.579999,1000.000000,0.000000,"Known Flow",0.000000,0.000000,2.16999993085665e-07,40.000000,0.579999,1000.000000,0.000000,0.000000,13.000000,0.000000,0.515377,0.579999,,,,8.038088,8.038088,,16.800279,,,,,,903.822387,0.066146,0.000000,0.000000,0.000000,,-459.670013,1000.000000,,0.000000,0.000000,,,,0.047139,"UNDEFINED",0.000000,0.997562,0.000000,,,,,"","",,,,8.038088,,0.000000,,0.000000,,,0.000000,0.000000,"",,,0.000000,,-1.000000,,0.000000,0.000000,0.000000,-1.000000,,,,,,,,,,,"",,,,,,,,,,"Volumetric",,,,,,,,,,0.000000,,,,,,,,,,0.000000,0.000000,,,,,,,,,,,,
"Q3No55","Nodes",1118997.982589,1672073.009104,1313.064347,"Default Known Flow Node",69.999969,0.579999,1000.000000,0.000000,"Known Flow",0.000000,0.000000,2.16999993085665e-07,40.000000,0.579999,1000.000000,0.000000,0.000000,13.000000,0.000000,0.515377,0.579999,,,,8.038088,8.038088,,16.800279,,,,,,903.822387,0.066146,0.000000,0.000000,0.000000,,-459.670013,1000.000000,,0.000000,0.000000,,,,0.047139,"UNDEFINED",0.000000,0.997562,0.000000,,,,,"","",,,,8.038088,,0.000000,,0.000000,,,0.000000,0.000000,"",,,0.000000,,-1.000000,,0.000000,0.000000,0.000000,-1.000000,,,,,,,,,,,"",,,,,,,,,,"Volumetric",,,,,,,,,,0.000000,,,,,,,,,,0.000000,0.000000,,,,,,,,,,,,
"Q3No56","Nodes",1118996.163767,1672080.577750,1313.064347,"Default Known Flow Node",69.999969,0.579999,1000.000000,0.000000,"Known Flow",0.000000,0.000000,2.16999993085665e-07,40.000000,0.579999,1000.000000,0.000000,0.000000,13.000000,0.000000,0.515377,0.579999,,,,8.038088,8.038088,,16.800279,,,,,,903.822387,0.066146,0.000000,0.000000,0.000000,,-459.670013,1000.000000,,0.000000,0.000000,,,,0.047139,"UNDEFINED",0.000000,0.997562,0.000000,,,,,"","",,,,8.038088,,0.000000,,0.000000,,,0.000000,0.000000,"",,,0.000000,,-1.000000,,0.000000,0.000000,0.000000,-1.000000,,,,,,,,,,,"",,,,,,,,,,"Volumetric",,,,,,,,,,0.000000,,,,,,,,,,0.000000,0.000000,,,,,,,,,,,,
"Q3No59","Nodes",1115899.298459,1675836.825608,1313.064347,"Default Known Flow Node",69.999969,0.579999,1000.000000,0.000000,"Known Flow",0.000000,0.000000,2.16999993085665e-07,40.000000,0.579999,1000.000000,0.000000,0.000000,13.000000,0.000000,0.515374,0.579999,,,,7.595358,7.595358,,16.800279,,,,,,903.822387,0.066146,0.000000,0.000000,0.000000,,-459.670013,1000.000000,,0.000000,0.000000,,,,0.047088,"UNDEFINED",0.000000,0.997565,0.000000,,,,,"","",,,,7.595358,,0.000000,,0.000000,,,0.000000,0.000000,"",,,0.000000,,-1.000000,,0.000000,0.000000,0.000000,-1.000000,,,,,,,,,,,"",,,,,,,,,,"Volumetric",,,,,,,,,,0.000000,,,,,,,,,,0.000000,0.000000,,,,,,,,,,,,
"Q3No604","Nodes",1115889.775834,1675836.212229,1313.064347,"Default Known Flow Node",69.999969,0.579999,1000.000000,0.000000,"Known Flow",0.000000,0.000000,2.16999993085665e-07,40.000000,0.579999,1000.000000,0.000000,0.000000,13.000000,0.000000,0.515374,0.579999,,,,7.596771,7.596771,,16.800279,,,,,,903.822387,0.066146,0.000000,0.000000,0.000000,,-459.670013,1000.000000,,0.000000,0.000000,,,,0.047089,"UNDEFINED",0.000000,0.997565,0.000000,,,,,"","",,,,7.596771,,0.000000,,0.000000,,,0.000000,0.000000,"",,,0.000000,,-1.000000,,0.000000,0.000000,0.000000,-1.000000,,,,,,,,,,,"",,,,,,,,,,"Volumetric",,,,,,,,,,0.000000,,,,,,,,,,0.000000,0.000000,,,,,,,,,,,,
"Q3No105","Nodes",1118650.879413,1674184.102978,1313.064347,"Default Known Flow Node",69.999969,0.579999,1000.000000,0.000000,"Known Flow",0.000000,0.000000,2.16999993085665e-07,40.000000,0.579999,1000.000000,0.000000,0.000000,13.000000,0.000000,0.515381,0.579999,,,,8.738628,8.738628,,16.800279,,,,,,903.822387,0.066145,0.000000,0.000000,0.000000,,-459.670013,1000.000000,,0.000000,0.000000,,,,0.047218,"UNDEFINED",0.000000,0.997558,0.000000,,,,,"","",,,,8.738628,,0.000000,,0.000000,,,0.000000,0.000000,"",,,0.000000,,-1.000000,,0.000000,0.000000,0.000000,-1.000000,,,,,,,,,,,"",,,,,,,,,,"Volumetric",,,,,,,,,,0.000000,,,,,,,,,,0.000000,0.000000,,,,,,,,,,,,
"Q3No106","Nodes",1118653.804580,1674184.767233,1313.064347,"Default Known Flow Node",69.999969,0.579999,1000.000000,0.000000,"Known Flow",0.000000,0.000000,2.16999993085665e-07,40.000000,0.579999,1000.000000,0.000000,0.000000,13.000000,0.000000,0.515381,0.579999,,,,8.741959,8.741959,,16.800279,,,,,,903.822387,0.066145,0.000000,0.000000,0.000000,,-459.670013,1000.000000,,0.000000,0.000000,,,,0.047219,"UNDEFINED",0.000000,0.997558,0.000000,,,,,"","",,,,8.741959,,0.000000,,0.000000,,,0.000000,0.000000,"",,,0.000000,,-1.000000,,0.000000,0.000000,0.000000,-1.000000,,,,,,,,,,,"",,,,,,,,,,"Volumetric",,,,,,,,,,0.000000,,,,,,,,,,0.000000,0.000000,,,,,,,,,,,,
"Q3No132","Nodes",1119703.898352,1674453.364120,1313.064347,"Default Known Flow Node",69.999969,0.579999,1000.000000,0.000000,"Known Flow",0.000000,0.000000,2.16999993085665e-07,40.000000,0.579999,1000.000000,0.000000,0.000000,13.000000,0.000000,0.515381,0.579999,,,,8.874605,8.874605,,16.800279,,,,,,903.822387,0.066145,0.000000,0.000000,0.000000,,-459.670013,1000.000000,,0.000000,0.000000,,,,0.047234,"UNDEFINED",0.000000,0.997557,0.000000,,,,,"","",,,,8.874605,,0.000000,,0.000000,,,0.000000,0.000000,"",,,0.000000,,-1.000000,,0.000000,0.000000,0.000000,-1.000000,,,,,,,,,,,"",,,,,,,,,,"Volumetric",,,,,,,,,,0.000000,,,,,,,,,,0.000000,0.000000,,,,,,,,,,,,
"Q3No134","Nodes",1119583.352483,1674428.186615,1313.064347,"Default Known Flow Node",69.999969,0.579999,1000.000000,0.000000,"Known Flow",0.000000,0.000000,2.16999993085665e-07,40.000000,0.579999,1000.000000,0.000000,0.000000,13.000000,0.000000,0.515382,0.579999,,,,8.921841,8.921841,,16.800279,,,,,,903.822387,0.066145,0.000000,0.000000,0.000000,,-459.670013,1000.000000,,0.000000,0.000000,,,,0.047239,"UNDEFINED",0.000000,0.997557,0.000000,,,,,"","",,,,8.921841,,0.000000,,0.000000,,,0.000000,0.000000,"",,,0.000000,,-1.000000,,0.000000,0.000000,0.000000,-1.000000,,,,,,,,,,,"",,,,,,,,,,"Volumetric",,,,,,,,,,0.000000,,,,,,,,,,0.000000,0.000000,,,,,,,,,,,,
"Q3No135","Nodes",1119579.317917,1674426.918609,1313.064347,"Default Known Flow Node",69.999969,0.579999,1000.000000,0.000000,"Known Flow",0.000000,0.000000,2.16999993085665e-07,40.000000,0.579999,1000.000000,0.000000,0.000000,13.000000,0.000000,0.515382,0.579999,,,,8.924098,8.924098,,16.800279,,,,,,903.822387,0.066145,0.000000,0.000000,0.000000,,-459.670013,1000.000000,,0.000000,0.000000,,,,0.047239,"UNDEFINED",0.000000,0.997557,0.000000,,,,,"","",,,,8.924098,,0.000000,,0.000000,,,0.000000,0.000000,"",,,0.000000,,-1.000000,,0.000000,0.000000,0.000000,-1.000000,,,,,,,,,,,"",,,,,,,,,,"Volumetric",,,,,,,,,,0.000000,,,,,,,,,,0.000000,0.000000,,,,,,,,,,,,
"Q3No136","Nodes",1119577.473543,1674426.457515,1313.064347,"Default Known Flow Node",69.999969,0.579999,1000.000000,0.000000,"Known Flow",0.000000,0.000000,2.16999993085665e-07,40.000000,0.579999,1000.000000,0.000000,0.000000,13.000000,0.000000,0.515382,0.579999,,,,8.924851,8.924851,,16.800279,,,,,,903.822387,0.066145,0.000000,0.000000,0.000000,,-459.670013,1000.000000,,0.000000,0.000000,,,,0.047240,"UNDEFINED",0.000000,0.997557,0.000000,,,,,"","",,,,8.924851,,0.000000,,0.000000,,,0.000000,0.000000,"",,,0.000000,,-1.000000,,0.000000,0.000000,0.000000,-1.000000,,,,,,,,,,,"",,,,,,,,,,"Volumetric",,,,,,,,,,0.000000,,,,,,,,,,0.000000,0.000000,,,,,,,,,,,,
"Q3No138","Nodes",1119575.650004,1674425.925610,1313.064347,"Default Known Flow Node",69.999969,0.579999,1000.000000,0.000000,"Known Flow",0.000000,0.000000,2.16999993085665e-07,40.000000,0.579999,1000.000000,0.000000,0.000000,13.000000,0.000000,0.515382,0.579999,,,,8.924433,8.924433,,16.800279,,,,,,903.822387,0.066145,0.000000,0.000000,0.000000,,-459.670013,1000.000000,,0.000000,0.000000,,,,0.047239,"UNDEFINED",0.000000,0.997557,0.000000,,,,,"","",,,,8.924433,,0.000000,,0.000000,,,0.000000,0.000000,"",,,0.000000,,-1.000000,,0.000000,0.000000,0.000000,-1.000000,,,,,,,,,,,"",,,,,,,,,,"Volumetric",,,,,,,,,,0.000000,,,,,,,,,,0.000000,0.000000,,,,,,,,,,,,
"Q3No139","Nodes",1119578.065818,1674429.840658,1313.064347,"Default Known Flow Node",69.999969,0.579999,1000.000000,0.000000,"Known Flow",0.000000,0.000000,2.16999993085665e-07,40.000000,0.579999,1000.000000,0.000000,0.000000,13.000000,0.000000,0.515382,0.579999,,,,8.928741,8.928741,,16.800279,,,,,,903.822387,0.066145,0.000000,0.000000,0.000000,,-459.670013,1000.000000,,0.000000,0.000000,,,,0.047240,"UNDEFINED",0.000000,0.997557,0.000000,,,,,"","",,,,8.928741,,0.000000,,0.000000,,,0.000000,0.000000,"",,,0.000000,,-1.000000,,0.000000,0.000000,0.000000,-1.000000,,,,,,,,,,,"",,,,,,,,,,"Volumetric",,,,,,,,,,0.000000,,,,,,,,,,0.000000,0.000000,,,,,,,,,,,,
"2FC08ECD","Nodes",1120932.127543,1672868.823334,1313.064347,"Default Known Flow Node",69.999969,0.579999,1000.000000,0.000000,"Known Flow",0.000000,0.000000,2.16999993085665e-07,40.000000,0.579999,1000.000000,0.000000,0.000000,13.000000,0.000000,0.515381,0.579999,,,,8.703578,8.703578,,16.800279,,,,,,903.822387,0.066145,0.000000,0.000000,0.000000,,-459.670013,1000.000000,,0.000000,0.000000,,,,0.047214,"UNDEFINED",0.000000,0.997558,0.000000,,,,,"","",,,,8.703578,,0.000000,,0.000000,,,0.000000,0.000000,"",,,0.000000,,-1.000000,,0.000000,0.000000,0.000000,-1.000000,,,,,,,,,,,"",,,,,,,,,,"Volumetric",,,,,,,,,,0.000000,,,,,,,,,,0.000000,0.000000,,,,,,,,,,,,
"Q3No149","Nodes",1120077.260873,1676416.740530,1313.064347,"Default Known Flow Node",69.999969,0.579999,1000.000000,0.000000,"Known Flow",0.000000,0.000000,2.16999993085665e-07,40.000000,0.579999,1000.000000,0.000000,0.000000,13.000000,0.000000,0.515374,0.579999,,,,7.516588,7.516588,,16.800279,,,,,,903.822387,0.066146,0.000000,0.000000,0.000000,,-459.670013,1000.000000,,0.000000,0.000000,,,,0.047080,"UNDEFINED",0.000000,0.997565,0.000000,,,,,"","",,,,7.516588,,0.000000,,0.000000,,,0.000000,0.000000,"",,,0.000000,,-1.000000,,0.000000,0.000000,0.000000,-1.000000,,,,,,,,,,,"",,,,,,,,,,"Volumetric",,,,,,,,,,0.000000,,,,,,,,,,0.000000,0.000000,,,,,,,,,,,,
"Q3No154","Nodes",1119454.094759,1671713.563598,1313.064347,"Default Known Flow Node",69.999969,0.579999,1000.000000,0.000000,"Known Flow",0.000000,0.000000,2.16999993085665e-07,40.000000,0.579999,1000.000000,0.000000,0.000000,13.000000,0.000000,0.515377,0.579999,,,,8.149376,8.149376,,16.800279,,,,,,903.822387,0.066146,0.000000,0.000000,0.000000,,-459.670013,1000.000000,,0.000000,0.000000,,,,0.047151,"UNDEFINED",0.000000,0.997562,0.000000,,,,,"","",,,,8.149376,,0.000000,,0.000000,,,0.000000,0.000000,"",,,0.000000,,-1.000000,,0.000000,0.000000,0.000000,-1.000000,,,,,,,,,,,"",,,,,,,,,,"Volumetric",,,,,,,,,,0.000000,,,,,,,,,,0.000000,0.000000,,,,,,,,,,,,
"Q3No158","Nodes",1114411.880987,1669851.485816,1313.064347,"Default Known Flow Node",69.999969,0.579999,1000.000000,0.000000,"Known Flow",0.000000,0.000000,2.16999993085665e-07,40.000000,0.579999,1000.000000,0.000000,0.000000,13.000000,0.000000,0.515374,0.579999,,,,7.576951,7.576951,,16.800279,,,,,,903.822387,0.066146,0.000000,0.000000,0.000000,,-459.670013,1000.000000,,0.000000,0.000000,,,,0.047086,"UNDEFINED",0.000000,0.997565,0.000000,,,,,"","",,,,7.576951,,0.000000,,0.000000,,,0.000000,0.000000,"",,,0.000000,,-1.000000,,0.000000,0.000000,0.000000,-1.000000,,,,,,,,,,,"",,,,,,,,,,"Volumetric",,,,,,,,,,0.000000,,,,,,,,,,0.000000,0.000000,,,,,,,,,,,,
"Q3No193","Nodes",1121045.089045,1670112.898977,1313.064347,"Default Known Flow Node",69.999969,0.579999,1000.000000,0.000000,"Known Flow",0.000000,0.000000,2.16999993085665e-07,40.000000,0.579999,1000.000000,0.000000,0.000000,13.000000,0.000000,0.515380,0.579999,,,,8.619854,8.619854,,16.800279,,,,,,903.822387,0.066145,0.000000,0.000000,0.000000,,-459.670013,1000.000000,,0.000000,0.000000,,,,0.047205,"UNDEFINED",0.000000,0.997559,0.000000,,,,,"","",,,,8.619854,,0.000000,,0.000000,,,0.000000,0.000000,"",,,0.000000,,-1.000000,,0.000000,0.000000,0.000000,-1.000000,,,,,,,,,,,"",,,,,,,,,,"Volumetric",,,,,,,,,,0.000000,,,,,,,,,,0.000000,0.000000,,,,,,,,,,,,
"Q3No195","Nodes",1121038.515256,1670054.251525,1313.064347,"Default Known Flow Node",69.999969,0.579999,1000.000000,0.000000,"Known Flow",0.000000,0.000000,2.16999993085665e-07,40.000000,0.579999,1000.000000,0.000000,0.000000,13.000000,0.000000,0.515380,0.579999,,,,8.619714,8.619714,,16.800279,,,,,,903.822387,0.066145,0.000000,0.000000,0.000000,,-459.670013,1000.000000,,0.000000,0.000000,,,,0.047205,"UNDEFINED",0.000000,0.997559,0.000000,,,,,"","",,,,8.619714,,0.000000,,0.000000,,,0.000000,0.000000,"",,,0.000000,,-1.000000,,0.000000,0.000000,0.000000,-1.000000,,,,,,,,,,,"",,,,,,,,,,"Volumetric",,,,,,,,,,0.000000,,,,,,,,,,0.000000,0.000000,,,,,,,,,,,,
"Q3No199","Nodes",1120684.693736,1670059.792617,1313.064347,"Default Known Flow Node",69.999969,0.579999,1000.000000,0.000000,"Known Flow",0.000000,0.000000,2.16999993085665e-07,40.000000,0.579999,1000.000000,0.000000,0.000000,13.000000,0.000000,0.515380,0.579999,,,,8.615576,8.615576,,16.800279,,,,,,903.822387,0.066145,0.000000,0.000000,0.000000,,-459.670013,1000.000000,,0.000000,0.000000,,,,0.047204,"UNDEFINED",0.000000,0.997559,0.000000,,,,,"","",,,,8.615576,,0.000000,,0.000000,,,0.000000,0.000000,"",,,0.000000,,-1.000000,,0.000000,0.000000,0.000000,-1.000000,,,,,,,,,,,"",,,,,,,,,,"Volumetric",,,,,,,,,,0.000000,,,,,,,,,,0.000000,0.000000,,,,,,,,,,,,
"Q3No200","Nodes",1120681.349122,1670056.006353,1313.064347,"Default Known Flow Node",69.999969,0.579999,1000.000000,0.000000,"Known Flow",0.000000,0.000000,2.16999993085665e-07,40.000000,0.579999,1000.000000,0.000000,0.000000,13.000000,0.000000,0.515380,0.579999,,,,8.615398,8.615398,,16.800279,,,,,,903.822387,0.066145,0.000000,0.000000,0.000000,,-459.670013,1000.000000,,0.000000,0.000000,,,,0.047204,"UNDEFINED",0.000000,0.997559,0.000000,,,,,"","",,,,8.615398,,0.000000,,0.000000,,,0.000000,0.000000,"",,,0.000000,,-1.000000,,0.000000,0.000000,0.000000,-1.000000,,,,,,,,,,,"",,,,,,,,,,"Volumetric",,,,,,,,,,0.000000,,,,,,,,,,0.000000,0.000000,,,,,,,,,,,,
"Q3No204","Nodes",1120680.349726,1670055.970980,1313.064347,"Default Known Flow Node",69.999969,0.579999,1000.000000,0.000000,"Known Flow",0.000000,0.000000,2.16999993085665e-07,40.000000,0.579999,1000.000000,0.000000,0.000000,13.000000,0.000000,0.515380,0.579999,,,,8.615363,8.615363,,16.800279,,,,,,903.822387,0.066145,0.000000,0.000000,0.000000,,-459.670013,1000.000000,,0.000000,0.000000,,,,0.047204,"UNDEFINED",0.000000,0.997559,0.000000,,,,,"","",,,,8.615363,,0.000000,,0.000000,,,0.000000,0.000000,"",,,0.000000,,-1.000000,,0.000000,0.000000,0.000000,-1.000000,,,,,,,,,,,"",,,,,,,,,,"Volumetric",,,,,,,,,,0.000000,,,,,,,,,,0.000000,0.000000,,,,,,,,,,,,
"Q3No201","Nodes",1120682.375768,1670056.081018,1313.064347,"Default Known Flow Node",69.999969,0.579999,1000.000000,0.000000,"Known Flow",0.000000,0.000000,2.16999993085665e-07,40.000000,0.579999,1000.000000,0.000000,0.000000,13.000000,0.000000,0.515380,0.579999,,,,8.615398,8.615398,,16.800279,,,,,,903.822387,0.066145,0.000000,0.000000,0.000000,,-459.670013,1000.000000,,0.000000,0.000000,,,,0.047204,"UNDEFINED",0.000000,0.997559,0.000000,,,,,"","",,,,8.615398,,0.000000,,0.000000,,,0.000000,0.000000,"",,,0.000000,,-1.000000,,0.000000,0.000000,0.000000,-1.000000,,,,,,,,,,,"",,,,,,,,,,"Volumetric",,,,,,,,,,0.000000,,,,,,,,,,0.000000,0.000000,,,,,,,,,,,,
"Q3No202","Nodes",1120684.391729,1670056.211682,1313.064347,"Default Known Flow Node",69.999969,0.579999,1000.000000,0.000000,"Known Flow",0.000000,0.000000,2.16999993085665e-07,40.000000,0.579999,1000.000000,0.000000,0.000000,13.000000,0.000000,0.515380,0.579999,,,,8.615398,8.615398,,16.800279,,,,,,903.822387,0.066145,0.000000,0.000000,0.000000,,-459.670013,1000.000000,,0.000000,0.000000,,,,0.047204,"UNDEFINED",0.000000,0.997559,0.000000,,,,,"","",,,,8.615398,,0.000000,,0.000000,,,0.000000,0.000000,"",,,0.000000,,-1.000000,,0.000000,0.000000,0.000000,-1.000000,,,,,,,,,,,"",,,,,,,,,,"Volumetric",,,,,,,,,,0.000000,,,,,,,,,,0.000000,0.000000,,,,,,,,,,,,
"Q3No205","Nodes",1120673.085630,1670056.915189,1313.064347,"Default Known Flow Node",69.999969,0.579999,1000.000000,0.000000,"Known Flow",0.000000,0.000000,2.16999993085665e-07,40.000000,0.579999,1000.000000,0.000000,0.000000,13.000000,0.000000,0.515380,0.579999,,,,8.613638,8.613638,,16.800279,,,,,,903.822387,0.066145,0.000000,0.000000,0.000000,,-459.670013,1000.000000,,0.000000,0.000000,,,,0.047204,"UNDEFINED",0.000000,0.997559,0.000000,,,,,"","",,,,8.613638,,0.000000,,0.000000,,,0.000000,0.000000,"",,,0.000000,,-1.000000,,0.000000,0.000000,0.000000,-1.000000,,,,,,,,,,,"",,,,,,,,,,"Volumetric",,,,,,,,,,0.000000,,,,,,,,,,0.000000,0.000000,,,,,,,,,,,,
"Q3No210","Nodes",1117277.133960,1670856.522188,1313.064347,"Default Known Flow Node",69.999969,0.579999,1000.000000,0.000000,"Known Flow",0.000000,0.000000,2.16999993085665e-07,40.000000,0.579999,1000.000000,0.000000,0.000000,13.000000,0.000000,0.515370,0.579999,,,,6.848270,6.848270,,16.800279,,,,,,903.822387,0.066147,0.000000,0.000000,0.000000,,-459.670013,1000.000000,,0.000000,0.000000,,,,0.047004,"UNDEFINED",0.000000,0.997569,0.000000,,,,,"","",,,,6.848270,,0.000000,,0.000000,,,0.000000,0.000000,"",,,0.000000,,-1.000000,,0.000000,0.000000,0.000000,-1.000000,,,,,,,,,,,"",,,,,,,,,,"Volumetric",,,,,,,,,,0.000000,,,,,,,,,,0.000000,0.000000,,,,,,,,,,,,
"Q3No211","Nodes",1117210.960302,1670556.369930,1313.064347,"Default Known Flow Node",69.999969,0.579999,1000.000000,0.000000,"Known Flow",0.000000,0.000000,2.16999993085665e-07,40.000000,0.579999,1000.000000,0.000000,0.000000,13.000000,0.000000,0.515370,0.579999,,,,6.858989,6.858989,,16.800279,,,,,,903.822387,0.066147,0.000000,0.000000,0.000000,,-459.670013,1000.000000,,0.000000,0.000000,,,,0.047005,"UNDEFINED",0.000000,0.997569,0.000000,,,,,"","",,,,6.858989,,0.000000,,0.000000,,,0.000000,0.000000,"",,,0.000000,,-1.000000,,0.000000,0.000000,0.000000,-1.000000,,,,,,,,,,,"",,,,,,,,,,"Volumetric",,,,,,,,,,0.000000,,,,,,,,,,0.000000,0.000000,,,,,,,,,,,,
"Q3No212","Nodes",1117216.875230,1670555.318387,1313.064347,"Default Known Flow Node",69.999969,0.579999,1000.000000,0.000000,"Known Flow",0.000000,0.000000,2.16999993085665e-07,40.000000,0.579999,1000.000000,0.000000,0.000000,13.000000,0.000000,0.515370,0.579999,,,,6.858169,6.858169,,16.800279,,,,,,903.822387,0.066147,0.000000,0.000000,0.000000,,-459.670013,1000.000000,,0.000000,0.000000,,,,0.047005,"UNDEFINED",0.000000,0.997569,0.000000,,,,,"","",,,,6.858169,,0.000000,,0.000000,,,0.000000,0.000000,"",,,0.000000,,-1.000000,,0.000000,0.000000,0.000000,-1.000000,,,,,,,,,,,"",,,,,,,,,,"Volumetric",,,,,,,,,,0.000000,,,,,,,,,,0.000000,0.000000,,,,,,,,,,,,
"Q3No214","Nodes",1117378.310386,1669898.283676,1313.064347,"Default Known Flow Node",69.999969,0.579999,1000.000000,0.000000,"Known Flow",0.000000,0.000000,2.16999993085665e-07,40.000000,0.579999,1000.000000,0.000000,0.000000,13.000000,0.000000,0.515370,0.579999,,,,6.819567,6.819567,,16.800279,,,,,,903.822387,0.066147,0.000000,0.000000,0.000000,,-459.670013,1000.000000,,0.000000,0.000000,,,,0.047000,"UNDEFINED",0.000000,0.997569,0.000000,,,,,"","",,,,6.819567,,0.000000,,0.000000,,,0.000000,0.000000,"",,,0.000000,,-1.000000,,0.000000,0.000000,0.000000,-1.000000,,,,,,,,,,,"",,,,,,,,,,"Volumetric",,,,,,,,,,0.000000,,,,,,,,,,0.000000,0.000000,,,,,,,,,,,,
"Q3No216","Nodes",1117560.018453,1670488.597771,1313.064347,"Default Known Flow Node",69.999969,0.579999,1000.000000,0.000000,"Known Flow",0.000000,0.000000,2.16999993085665e-07,40.000000,0.579999,1000.000000,0.000000,0.000000,13.000000,0.000000,0.515369,0.579999,,,,6.703049,6.703049,,16.800279,,,,,,903.822387,0.066147,0.000000,0.000000,0.000000,,-459.670013,1000.000000,,0.000000,0.000000,,,,0.046987,"UNDEFINED",0.000000,0.997570,0.000000,,,,,"","",,,,6.703049,,0.000000,,0.000000,,,0.000000,0.000000,"",,,0.000000,,-1.000000,,0.000000,0.000000,0.000000,-1.000000,,,,,,,,,,,"",,,,,,,,,,"Volumetric",,,,,,,,,,0.000000,,,,,,,,,,0.000000,0.000000,,,,,,,,,,,,
"0BEC4F57","Nodes",1117802.225409,1670792.980485,1313.064347,"Default Known Flow Node",69.999969,0.579999,1000.000000,0.000000,"Known Flow",0.000000,0.000000,2.16999993085665e-07,40.000000,0.579999,1000.000000,0.000000,0.000000,13.000000,0.000000,0.515369,0.579999,,,,6.607981,6.607981,,16.800279,,,,,,903.822387,0.066147,0.000000,0.000000,0.000000,,-459.670013,1000.000000,,0.000000,0.000000,,,,0.046976,"SETFLOW",0.000000,0.997571,0.000000,,,,,"","",,,,6.607981,,0.000000,,0.000000,,,0.000000,0.000000,"",,,0.000000,,-1.000000,,0.000000,0.000000,-1.000000,-1.000000,,,,,,,,,,,"",,,,,,,,,,"Volumetric",,,,,,,,,,-0.662573,,,,,,,,,,-0.662573,-0.015901,,,,,,,,,,,,
"Q3No227","Nodes",1117820.896327,1670789.458541,1313.064347,"Default Known Flow Node",69.999969,0.579999,1000.000000,0.000000,"Known Flow",0.000000,0.000000,2.16999993085665e-07,40.000000,0.579999,1000.000000,0.000000,0.000000,13.000000,0.000000,0.515369,0.579999,,,,6.605379,6.605379,,16.800279,,,,,,903.822387,0.066147,0.000000,0.000000,0.000000,,-459.670013,1000.000000,,0.000000,0.000000,,,,0.046976,"UNDEFINED",0.000000,0.997571,0.000000,,,,,"","",,,,6.605379,,0.000000,,0.000000,,,0.000000,0.000000,"",,,0.000000,,-1.000000,,0.000000,0.000000,0.000000,-1.000000,,,,,,,,,,,"",,,,,,,,,,"Volumetric",,,,,,,,,,0.000000,,,,,,,,,,0.000000,0.000000,,,,,,,,,,,,
"Q3No228","Nodes",1117826.792406,1670788.346348,1313.064347,"Default Known Flow Node",69.999969,0.579999,1000.000000,0.000000,"Known Flow",0.000000,0.000000,2.16999993085665e-07,40.000000,0.579999,1000.000000,0.000000,0.000000,13.000000,0.000000,0.515369,0.579999,,,,6.604557,6.604557,,16.800279,,,,,,903.822387,0.066147,0.000000,0.000000,0.000000,,-459.670013,1000.000000,,0.000000,0.000000,,,,0.046976,"UNDEFINED",0.000000,0.997571,0.000000,,,,,"","",,,,6.604557,,0.000000,,0.000000,,,0.000000,0.000000,"",,,0.000000,,-1.000000,,0.000000,0.000000,0.000000,-1.000000,,,,,,,,,,,"",,,,,,,,,,"Volumetric",,,,,,,,,,0.000000,,,,,,,,,,0.000000,0.000000,,,,,,,,,,,,
"Q3No238","Nodes",1119988.921081,1676973.020360,1313.064347,"Default Known Flow Node",69.999969,0.579999,1000.000000,0.000000,"Known Flow",0.000000,0.000000,2.16999993085665e-07,40.000000,0.579999,1000.000000,0.000000,0.000000,13.000000,0.000000,0.515373,0.579999,,,,7.429438,7.429438,,16.800279,,,,,,903.822387,0.066146,0.000000,0.000000,0.000000,,-459.670013,1000.000000,,0.000000,0.000000,,,,0.047070,"UNDEFINED",0.000000,0.997566,0.000000,,,,,"","",,,,7.429438,,0.000000,,0.000000,,,0.000000,0.000000,"",,,0.000000,,-1.000000,,0.000000,0.000000,0.000000,-1.000000,,,,,,,,,,,"",,,,,,,,,,"Volumetric",,,,,,,,,,0.000000,,,,,,,,,,0.000000,0.000000,,,,,,,,,,,,
"Q3No239","Nodes",1119991.849918,1676973.669810,1313.064347,"Default Known Flow Node",69.999969,0.579999,1000.000000,0.000000,"Known Flow",0.000000,0.000000,2.16999993085665e-07,40.000000,0.579999,1000.000000,0.000000,0.000000,13.000000,0.000000,0.515373,0.579999,,,,7.429420,7.429420,,16.800279,,,,,,903.822387,0.066146,0.000000,0.000000,0.000000,,-459.670013,1000.000000,,0.000000,0.000000,,,,0.047070,"UNDEFINED",0.000000,0.997566,0.000000,,,,,"","",,,,7.429420,,0.000000,,0.000000,,,0.000000,0.000000,"",,,0.000000,,-1.000000,,0.000000,0.000000,0.000000,-1.000000,,,,,,,,,,,"",,,,,,,,,,"Volumetric",,,,,,,,,,0.000000,,,,,,,,,,0.000000,0.000000,,,,,,,,,,,,
"Q3No243","Nodes",1119929.829893,1677229.797711,1313.064347,"Default Known Flow Node",69.999969,0.579999,1000.000000,0.000000,"Known Flow",0.000000,0.000000,2.16999993085665e-07,40.000000,0.579999,1000.000000,0.000000,0.000000,13.000000,0.000000,0.515373,0.579999,,,,7.400842,7.400842,,16.800279,,,,,,903.822387,0.066146,0.000000,0.000000,0.000000,,-459.670013,1000.000000,,0.000000,0.000000,,,,0.047066,"UNDEFINED",0.000000,0.997566,0.000000,,,,,"","",,,,7.400842,,0.000000,,0.000000,,,0.000000,0.000000,"",,,0.000000,,-1.000000,,0.000000,0.000000,0.000000,-1.000000,,,,,,,,,,,"",,,,,,,,,,"Volumetric",,,,,,,,,,0.000000,,,,,,,,,,0.000000,0.000000,,,,,,,,,,,,
"Q3No244","Nodes",1119931.773804,1677230.268096,1313.064347,"Default Known Flow Node",69.999969,0.579999,1000.000000,0.000000,"Known Flow",0.000000,0.000000,2.16999993085665e-07,40.000000,0.579999,1000.000000,0.000000,0.000000,13.000000,0.000000,0.515373,0.579999,,,,7.400842,7.400842,,16.800279,,,,,,903.822387,0.066146,0.000000,0.000000,0.000000,,-459.670013,1000.000000,,0.000000,0.000000,,,,0.047066,"UNDEFINED",0.000000,0.997566,0.000000,,,,,"","",,,,7.400842,,0.000000,,0.000000,,,0.000000,0.000000,"",,,0.000000,,-1.000000,,0.000000,0.000000,0.000000,-1.000000,,,,,,,,,,,"",,,,,,,,,,"Volumetric",,,,,,,,,,0.000000,,,,,,,,,,0.000000,0.000000,,,,,,,,,,,,
"Q3No245","Nodes",1119932.745760,1677230.503289,1313.064347,"Default Known Flow Node",69.999969,0.579999,1000.000000,0.000000,"Known Flow",0.000000,0.000000,2.16999993085665e-07,40.000000,0.579999,1000.000000,0.000000,0.000000,13.000000,0.000000,0.515373,0.579999,,,,7.400842,7.400842,,16.800279,,,,,,903.822387,0.066146,0.000000,0.000000,0.000000,,-459.670013,1000.000000,,0.000000,0.000000,,,,0.047066,"UNDEFINED",0.000000,0.997566,0.000000,,,,,"","",,,,7.400842,,0.000000,,0.000000,,,0.000000,0.000000,"",,,0.000000,,-1.000000,,0.000000,0.000000,0.000000,-1.000000,,,,,,,,,,,"",,,,,,,,,,"Volumetric",,,,,,,,,,0.000000,,,,,,,,,,0.000000,0.000000,,,,,,,,,,,,
"Q3No246","Nodes",1119942.971405,1677238.850939,1313.064347,"Default Known Flow Node",69.999969,0.579999,1000.000000,0.000000,"Known Flow",0.000000,0.000000,2.16999993085665e-07,40.000000,0.579999,1000.000000,0.000000,0.000000,13.000000,0.000000,0.515373,0.579999,,,,7.400836,7.400836,,16.800279,,,,,,903.822387,0.066146,0.000000,0.000000,0.000000,,-459.670013,1000.000000,,0.000000,0.000000,,,,0.047066,"UNDEFINED",0.000000,0.997566,0.000000,,,,,"","",,,,7.400836,,0.000000,,0.000000,,,0.000000,0.000000,"",,,0.000000,,-1.000000,,0.000000,0.000000,0.000000,-1.000000,,,,,,,,,,,"",,,,,,,,,,"Volumetric",,,,,,,,,,0.000000,,,,,,,,,,0.000000,0.000000,,,,,,,,,,,,
"Q3No247","Nodes",1120262.024492,1677310.492871,1313.064347,"Default Known Flow Node",69.999969,0.579999,1000.000000,0.000000,"Known Flow",0.000000,0.000000,2.16999993085665e-07,40.000000,0.579999,1000.000000,0.000000,0.000000,13.000000,0.000000,0.515373,0.579999,,,,7.400727,7.400727,,16.800279,,,,,,903.822387,0.066146,0.000000,0.000000,0.000000,,-459.670013,1000.000000,,0.000000,0.000000,,,,0.047066,"UNDEFINED",0.000000,0.997566,0.000000,,,,,"","",,,,7.400727,,0.000000,,0.000000,,,0.000000,0.000000,"",,,0.000000,,-1.000000,,0.000000,0.000000,0.000000,-1.000000,,,,,,,,,,,"",,,,,,,,,,"Volumetric",,,,,,,,,,0.000000,,,,,,,,,,0.000000,0.000000,,,,,,,,,,,,
"Q3No250","Nodes",1119865.689509,1677220.910060,1313.064347,"Default Known Flow Node",69.999969,0.579999,1000.000000,0.000000,"Known Flow",0.000000,0.000000,2.16999993085665e-07,40.000000,0.579999,1000.000000,0.000000,0.000000,13.000000,0.000000,0.515373,0.579999,,,,7.399102,7.399102,,16.800279,,,,,,903.822387,0.066146,0.000000,0.000000,0.000000,,-459.670013,1000.000000,,0.000000,0.000000,,,,0.047066,"UNDEFINED",0.000000,0.997566,0.000000,,,,,"","",,,,7.399102,,0.000000,,0.000000,,,0.000000,0.000000,"",,,0.000000,,-1.000000,,0.000000,0.000000,0.000000,-1.000000,,,,,,,,,,,"",,,,,,,,,,"Volumetric",,,,,,,,,,0.000000,,,,,,,,,,0.000000,0.000000,,,,,,,,,,,,
"Q3No251","Nodes",1119879.492249,1677223.229052,1313.064347,"Default Known Flow Node",69.999969,0.579999,1000.000000,0.000000,"Known Flow",0.000000,0.000000,2.16999993085665e-07,40.000000,0.579999,1000.000000,0.000000,0.000000,13.000000,0.000000,0.515373,0.579999,,,,7.400235,7.400235,,16.800279,,,,,,903.822387,0.066146,0.000000,0.000000,0.000000,,-459.670013,1000.000000,,0.000000,0.000000,,,,0.047066,"UNDEFINED",0.000000,0.997566,0.000000,,,,,"","",,,,7.400235,,0.000000,,0.000000,,,0.000000,0.000000,"",,,0.000000,,-1.000000,,0.000000,0.000000,0.000000,-1.000000,,,,,,,,,,,"",,,,,,,,,,"Volumetric",,,,,,,,,,0.000000,,,,,,,,,,0.000000,0.000000,,,,,,,,,,,,
"Q3No252","Nodes",1119875.939628,1677222.341383,1313.064347,"Default Known Flow Node",69.999969,0.579999,1000.000000,0.000000,"Known Flow",0.000000,0.000000,2.16999993085665e-07,40.000000,0.579999,1000.000000,0.000000,0.000000,13.000000,0.000000,0.515373,0.579999,,,,7.400206,7.400206,,16.800279,,,,,,903.822387,0.066146,0.000000,0.000000,0.000000,,-459.670013,1000.000000,,0.000000,0.000000,,,,0.047066,"UNDEFINED",0.000000,0.997566,0.000000,,,,,"","",,,,7.400206,,0.000000,,0.000000,,,0.000000,0.000000,"",,,0.000000,,-1.000000,,0.000000,0.000000,0.000000,-1.000000,,,,,,,,,,,"",,,,,,,,,,"Volumetric",,,,,,,,,,0.000000,,,,,,,,,,0.000000,0.000000,,,,,,,,,,,,
"Q3No253","Nodes",1119873.954244,1677222.018181,1313.064347,"Default Known Flow Node",69.999969,0.579999,1000.000000,0.000000,"Known Flow",0.000000,0.000000,2.16999993085665e-07,40.000000,0.579999,1000.000000,0.000000,0.000000,13.000000,0.000000,0.515373,0.579999,,,,7.400163,7.400163,,16.800279,,,,,,903.822387,0.066146,0.000000,0.000000,0.000000,,-459.670013,1000.000000,,0.000000,0.000000,,,,0.047066,"UNDEFINED",0.000000,0.997566,0.000000,,,,,"","",,,,7.400163,,0.000000,,0.000000,,,0.000000,0.000000,"",,,0.000000,,-1.000000,,0.000000,0.000000,0.000000,-1.000000,,,,,,,,,,,"",,,,,,,,,,"Volumetric",,,,,,,,,,0.000000,,,,,,,,,,0.000000,0.000000,,,,,,,,,,,,
"Q3No254","Nodes",1119831.744328,1677472.358019,1313.064347,"Default Known Flow Node",69.999969,0.579999,1000.000000,0.000000,"Known Flow",0.000000,0.000000,2.16999993085665e-07,40.000000,0.579999,1000.000000,0.000000,0.000000,13.000000,0.000000,0.515373,0.579999,,,,7.376572,7.376572,,16.800279,,,,,,903.822387,0.066146,0.000000,0.000000,0.000000,,-459.670013,1000.000000,,0.000000,0.000000,,,,0.047064,"UNDEFINED",0.000000,0.997566,0.000000,,,,,"","",,,,7.376572,,0.000000,,0.000000,,,0.000000,0.000000,"",,,0.000000,,-1.000000,,0.000000,0.000000,0.000000,-1.000000,,,,,,,,,,,"",,,,,,,,,,"Volumetric",,,,,,,,,,0.000000,,,,,,,,,,0.000000,0.000000,,,,,,,,,,,,
"Q3No256","Nodes",1119928.376655,1676957.436743,1313.064347,"Default Known Flow Node",69.999969,0.579999,1000.000000,0.000000,"Known Flow",0.000000,0.000000,2.16999993085665e-07,40.000000,0.579999,1000.000000,0.000000,0.000000,13.000000,0.000000,0.515373,0.579999,,,,7.429296,7.429296,,16.800279,,,,,,903.822387,0.066146,0.000000,0.000000,0.000000,,-459.670013,1000.000000,,0.000000,0.000000,,,,0.047070,"UNDEFINED",0.000000,0.997566,0.000000,,,,,"","",,,,7.429296,,0.000000,,0.000000,,,0.000000,0.000000,"",,,0.000000,,-1.000000,,0.000000,0.000000,0.000000,-1.000000,,,,,,,,,,,"",,,,,,,,,,"Volumetric",,,,,,,,,,0.000000,,,,,,,,,,0.000000,0.000000,,,,,,,,,,,,
"Q3No257","Nodes",1119933.475665,1676963.862407,1313.064347,"Default Known Flow Node",69.999969,0.579999,1000.000000,0.000000,"Known Flow",0.000000,0.000000,2.16999993085665e-07,40.000000,0.579999,1000.000000,0.000000,0.000000,13.000000,0.000000,0.515373,0.579999,,,,7.429319,7.429319,,16.800279,,,,,,903.822387,0.066146,0.000000,0.000000,0.000000,,-459.670013,1000.000000,,0.000000,0.000000,,,,0.047070,"UNDEFINED",0.000000,0.997566,0.000000,,,,,"","",,,,7.429319,,0.000000,,0.000000,,,0.000000,0.000000,"",,,0.000000,,-1.000000,,0.000000,0.000000,0.000000,-1.000000,,,,,,,,,,,"",,,,,,,,,,"Volumetric",,,,,,,,,,0.000000,,,,,,,,,,0.000000,0.000000,,,,,,,,,,,,
"Q3No258","Nodes",1119937.345778,1676964.829935,1313.064347,"Default Known Flow Node",69.999969,0.579999,1000.000000,0.000000,"Known Flow",0.000000,0.000000,2.16999993085665e-07,40.000000,0.579999,1000.000000,0.000000,0.000000,13.000000,0.000000,0.515373,0.579999,,,,7.429328,7.429328,,16.800279,,,,,,903.822387,0.066146,0.000000,0.000000,0.000000,,-459.670013,1000.000000,,0.000000,0.000000,,,,0.047070,"UNDEFINED",0.000000,0.997566,0.000000,,,,,"","",,,,7.429328,,0.000000,,0.000000,,,0.000000,0.000000,"",,,0.000000,,-1.000000,,0.000000,0.000000,0.000000,-1.000000,,,,,,,,,,,"",,,,,,,,,,"Volumetric",,,,,,,,,,0.000000,,,,,,,,,,0.000000,0.000000,,,,,,,,,,,,
"Q3No259","Nodes",1119940.419104,1676965.399069,1313.064347,"Default Known Flow Node",69.999969,0.579999,1000.000000,0.000000,"Known Flow",0.000000,0.000000,2.16999993085665e-07,40.000000,0.579999,1000.000000,0.000000,0.000000,13.000000,0.000000,0.515373,0.579999,,,,7.429330,7.429330,,16.800279,,,,,,903.822387,0.066146,0.000000,0.000000,0.000000,,-459.670013,1000.000000,,0.000000,0.000000,,,,0.047070,"UNDEFINED",0.000000,0.997566,0.000000,,,,,"","",,,,7.429330,,0.000000,,0.000000,,,0.000000,0.000000,"",,,0.000000,,-1.000000,,0.000000,0.000000,0.000000,-1.000000,,,,,,,,,,,"",,,,,,,,,,"Volumetric",,,,,,,,,,0.000000,,,,,,,,,,0.000000,0.000000,,,,,,,,,,,,
"Q3No260","Nodes",1120069.120307,1676720.273614,1313.064347,"Default Known Flow Node",69.999969,0.579999,1000.000000,0.000000,"Known Flow",0.000000,0.000000,2.16999993085665e-07,40.000000,0.579999,1000.000000,0.000000,0.000000,13.000000,0.000000,0.515374,0.579999,,,,7.463366,7.463366,,16.800279,,,,,,903.822387,0.066146,0.000000,0.000000,0.000000,,-459.670013,1000.000000,,0.000000,0.000000,,,,0.047073,"UNDEFINED",0.000000,0.997566,0.000000,,,,,"","",,,,7.463366,,0.000000,,0.000000,,,0.000000,0.000000,"",,,0.000000,,-1.000000,,0.000000,0.000000,0.000000,-1.000000,,,,,,,,,,,"",,,,,,,,,,"Volumetric",,,,,,,,,,0.000000,,,,,,,,,,0.000000,0.000000,,,,,,,,,,,,
"0BEC5F68","Nodes",1120532.000000,1676710.620000,1313.064347,"Default Known Flow Node",69.999969,0.579999,1000.000000,0.000000,"Known Flow",0.000000,0.000000,2.16999993085665e-07,40.000000,0.579999,1000.000000,0.000000,0.000000,13.000000,0.000000,0.515374,0.579999,,,,7.462432,7.462432,,16.800279,,,,,,903.822387,0.066146,0.000000,0.000000,0.000000,,-459.670013,1000.000000,,0.000000,0.000000,,,,0.047073,"UNDEFINED",0.000000,0.997566,0.000000,,,,,"","",,,,7.462432,,0.000000,,0.000000,,,0.000000,0.000000,"",,,0.000000,,-1.000000,,0.000000,0.000000,-1.000000,-1.000000,,,,,,,,,,,"",,,,,,,,,,"Volumetric",,,,,,,,,,0.000000,,,,,,,,,,0.000000,0.000000,,,,,,,,,,,,
"Q3No264","Nodes",1120478.135670,1676815.502783,1313.064347,"Default Known Flow Node",69.999969,0.579999,1000.000000,0.000000,"Known Flow",0.000000,0.000000,2.16999993085665e-07,40.000000,0.579999,1000.000000,0.000000,0.000000,13.000000,0.000000,0.515374,0.579999,,,,7.462758,7.462758,,16.800279,,,,,,903.822387,0.066146,0.000000,0.000000,0.000000,,-459.670013,1000.000000,,0.000000,0.000000,,,,0.047073,"UNDEFINED",0.000000,0.997566,0.000000,,,,,"","",,,,7.462758,,0.000000,,0.000000,,,0.000000,0.000000,"",,,0.000000,,-1.000000,,0.000000,0.000000,0.000000,-1.000000,,,,,,,,,,,"",,,,,,,,,,"Volumetric",,,,,,,,,,0.000000,,,,,,,,,,0.000000,0.000000,,,,,,,,,,,,
"Q3No267","Nodes",1120512.354848,1676830.783030,1313.064347,"Default Known Flow Node",69.999969,0.579999,1000.000000,0.000000,"Known Flow",0.000000,0.000000,2.16999993085665e-07,40.000000,0.579999,1000.000000,0.000000,0.000000,13.000000,0.000000,0.515374,0.579999,,,,7.463259,7.463259,,16.800279,,,,,,903.822387,0.066146,0.000000,0.000000,0.000000,,-459.670013,1000.000000,,0.000000,0.000000,,,,0.047073,"UNDEFINED",0.000000,0.997566,0.000000,,,,,"","",,,,7.463259,,0.000000,,0.000000,,,0.000000,0.000000,"",,,0.000000,,-1.000000,,0.000000,0.000000,0.000000,-1.000000,,,,,,,,,,,"",,,,,,,,,,"Volumetric",,,,,,,,,,0.000000,,,,,,,,,,0.000000,0.000000,,,,,,,,,,,,
"Q3No282","Nodes",1121353.575274,1678151.669970,1313.064347,"Default Known Flow Node",69.999969,0.579999,1000.000000,0.000000,"Known Flow",0.000000,0.000000,2.16999993085665e-07,40.000000,0.579999,1000.000000,0.000000,0.000000,13.000000,0.000000,0.515372,0.579999,,,,7.150366,7.150366,,16.800279,,,,,,903.822387,0.066146,0.000000,0.000000,0.000000,,-459.670013,1000.000000,,0.000000,0.000000,,,,0.047038,"UNDEFINED",0.000000,0.997568,0.000000,,,,,"","",,,,7.150366,,0.000000,,0.000000,,,0.000000,0.000000,"",,,0.000000,,-1.000000,,0.000000,0.000000,0.000000,-1.000000,,,,,,,,,,,"",,,,,,,,,,"Volumetric",,,,,,,,,,0.000000,,,,,,,,,,0.000000,0.000000,,,,,,,,,,,,
"Q3No283","Nodes",1121357.941044,1678146.626022,1313.064347,"Default Known Flow Node",69.999969,0.579999,1000.000000,0.000000,"Known Flow",0.000000,0.000000,2.16999993085665e-07,40.000000,0.579999,1000.000000,0.000000,0.000000,13.000000,0.000000,0.515372,0.579999,,,,7.150350,7.150350,,16.800279,,,,,,903.822387,0.066146,0.000000,0.000000,0.000000,,-459.670013,1000.000000,,0.000000,0.000000,,,,0.047038,"UNDEFINED",0.000000,0.997568,0.000000,,,,,"","",,,,7.150350,,0.000000,,0.000000,,,0.000000,0.000000,"",,,0.000000,,-1.000000,,0.000000,0.000000,0.000000,-1.000000,,,,,,,,,,,"",,,,,,,,,,"Volumetric",,,,,,,,,,0.000000,,,,,,,,,,0.000000,0.000000,,,,,,,,,,,,
"Q3No284","Nodes",1121363.779189,1678145.241871,1313.064347,"Default Known Flow Node",69.999969,0.579999,1000.000000,0.000000,"Known Flow",0.000000,0.000000,2.16999993085665e-07,40.000000,0.579999,1000.000000,0.000000,0.000000,13.000000,0.000000,0.515372,0.579999,,,,7.150337,7.150337,,16.800279,,,,,,903.822387,0.066146,0.000000,0.000000,0.000000,,-459.670013,1000.000000,,0.000000,0.000000,,,,0.047038,"UNDEFINED",0.000000,0.997568,0.000000,,,,,"","",,,,7.150337,,0.000000,,0.000000,,,0.000000,0.000000,"",,,0.000000,,-1.000000,,0.000000,0.000000,0.000000,-1.000000,,,,,,,,,,,"",,,,,,,,,,"Volumetric",,,,,,,,,,0.000000,,,,,,,,,,0.000000,0.000000,,,,,,,,,,,,
"Q3No287","Nodes",1121419.746459,1678402.604818,1313.064347,"Default Known Flow Node",69.999969,0.579999,1000.000000,0.000000,"Known Flow",0.000000,0.000000,2.16999993085665e-07,40.000000,0.579999,1000.000000,0.000000,0.000000,13.000000,0.000000,0.515372,0.579999,,,,7.150106,7.150106,,16.800279,,,,,,903.822387,0.066146,0.000000,0.000000,0.000000,,-459.670013,1000.000000,,0.000000,0.000000,,,,0.047038,"UNDEFINED",0.000000,0.997568,0.000000,,,,,"","",,,,7.150106,,0.000000,,0.000000,,,0.000000,0.000000,"",,,0.000000,,-1.000000,,0.000000,0.000000,0.000000,-1.000000,,,,,,,,,,,"",,,,,,,,,,"Volumetric",,,,,,,,,,0.000000,,,,,,,,,,0.000000,0.000000,,,,,,,,,,,,
"Q3No301","Nodes",1114198.070880,1670004.641049,1313.064347,"Default Known Flow Node",69.999969,0.579999,1000.000000,0.000000,"Known Flow",0.000000,0.000000,2.16999993085665e-07,40.000000,0.579999,1000.000000,0.000000,0.000000,13.000000,0.000000,0.515374,0.579999,,,,7.553606,7.553606,,16.800279,,,,,,903.822387,0.066146,0.000000,0.000000,0.000000,,-459.670013,1000.000000,,0.000000,0.000000,,,,0.047084,"UNDEFINED",0.000000,0.997565,0.000000,,,,,"","",,,,7.553606,,0.000000,,0.000000,,,0.000000,0.000000,"",,,0.000000,,-1.000000,,0.000000,0.000000,0.000000,-1.000000,,,,,,,,,,,"",,,,,,,,,,"Volumetric",,,,,,,,,,0.000000,,,,,,,,,,0.000000,0.000000,,,,,,,,,,,,
"Q3No302","Nodes",1114185.779213,1670003.703549,1313.064347,"Default Known Flow Node",69.999969,0.579999,1000.000000,0.000000,"Known Flow",0.000000,0.000000,2.16999993085665e-07,40.000000,0.579999,1000.000000,0.000000,0.000000,13.000000,0.000000,0.515374,0.579999,,,,7.553535,7.553535,,16.800279,,,,,,903.822387,0.066146,0.000000,0.000000,0.000000,,-459.670013,1000.000000,,0.000000,0.000000,,,,0.047084,"UNDEFINED",0.000000,0.997565,0.000000,,,,,"","",,,,7.553535,,0.000000,,0.000000,,,0.000000,0.000000,"",,,0.000000,,-1.000000,,0.000000,0.000000,0.000000,-1.000000,,,,,,,,,,,"",,,,,,,,,,"Volumetric",,,,,,,,,,0.000000,,,,,,,,,,0.000000,0.000000,,,,,,,,,,,,
"Q3No335","Nodes",1119404.623477,1671958.690340,1313.064347,"Default Known Flow Node",69.999969,0.579999,1000.000000,0.000000,"Known Flow",0.000000,0.000000,2.16999993085665e-07,40.000000,0.579999,1000.000000,0.000000,0.000000,13.000000,0.000000,0.515377,0.579999,,,,8.064172,8.064172,,16.800279,,,,,,903.822387,0.066146,0.000000,0.000000,0.000000,,-459.670013,1000.000000,,0.000000,0.000000,,,,0.047142,"UNDEFINED",0.000000,0.997562,0.000000,,,,,"","",,,,8.064172,,0.000000,,0.000000,,,0.000000,0.000000,"",,,0.000000,,-1.000000,,0.000000,0.000000,0.000000,-1.000000,,,,,,,,,,,"",,,,,,,,,,"Volumetric",,,,,,,,,,0.000000,,,,,,,,,,0.000000,0.000000,,,,,,,,,,,,
"2FC11689","Nodes",1114202.236479,1671050.554536,1313.064347,"Default Known Flow Node",69.999969,0.579999,1000.000000,0.000000,"Known Flow",0.000000,0.000000,2.16999993085665e-07,40.000000,0.579999,1000.000000,0.000000,0.000000,13.000000,0.000000,0.515376,0.579999,,,,7.860671,7.860671,,16.800279,,,,,,903.822387,0.066146,0.000000,0.000000,0.000000,,-459.670013,1000.000000,,0.000000,0.000000,,,,0.047119,"UNDEFINED",0.000000,0.997563,0.000000,,,,,"","",,,,7.860671,,0.000000,,0.000000,,,0.000000,0.000000,"",,,0.000000,"V72233",-1.000000,,0.000000,0.000000,0.000000,-1.000000,,,,,,,,,,,"",,,,,,,,,,"Volumetric",,,,,,,,,,0.000000,,,,,,,,,,0.000000,0.000000,,,,,,,,,,,,
"Q3No370","Nodes",1114201.099616,1671048.774668,1313.064347,"Default Known Flow Node",69.999969,0.579999,1000.000000,0.000000,"Known Flow",0.000000,0.000000,2.16999993085665e-07,40.000000,0.579999,1000.000000,0.000000,0.000000,13.000000,0.000000,0.515376,0.579999,,,,7.860609,7.860609,,16.800279,,,,,,903.822387,0.066146,0.000000,0.000000,0.000000,,-459.670013,1000.000000,,0.000000,0.000000,,,,0.047119,"UNDEFINED",0.000000,0.997563,0.000000,,,,,"","",,,,7.860609,,0.000000,,0.000000,,,0.000000,0.000000,"",,,0.000000,,-1.000000,,0.000000,0.000000,0.000000,-1.000000,,,,,,,,,,,"",,,,,,,,,,"Volumetric",,,,,,,,,,0.000000,,,,,,,,,,0.000000,0.000000,,,,,,,,,,,,
"Q3No371","Nodes",1114200.599888,1671047.941788,1313.064347,"Default Known Flow Node",69.999969,0.579999,1000.000000,0.000000,"Known Flow",0.000000,0.000000,2.16999993085665e-07,40.000000,0.579999,1000.000000,0.000000,0.000000,13.000000,0.000000,0.515376,0.579999,,,,7.860502,7.860502,,16.800279,,,,,,903.822387,0.066146,0.000000,0.000000,0.000000,,-459.670013,1000.000000,,0.000000,0.000000,,,,0.047119,"UNDEFINED",0.000000,0.997563,0.000000,,,,,"","",,,,7.860502,,0.000000,,0.000000,,,0.000000,0.000000,"",,,0.000000,,-1.000000,,0.000000,0.000000,0.000000,-1.000000,,,,,,,,,,,"",,,,,,,,,,"Volumetric",,,,,,,,,,0.000000,,,,,,,,,,0.000000,0.000000,,,,,,,,,,,,
"Q3No372","Nodes",1114192.867985,1671049.468735,1313.064347,"Default Known Flow Node",69.999969,0.579999,1000.000000,0.000000,"Known Flow",0.000000,0.000000,2.16999993085665e-07,40.000000,0.579999,1000.000000,0.000000,0.000000,13.000000,0.000000,0.515376,0.579999,,,,7.853780,7.853780,,16.800279,,,,,,903.822387,0.066146,0.000000,0.000000,0.000000,,-459.670013,1000.000000,,0.000000,0.000000,,,,0.047118,"UNDEFINED",0.000000,0.997563,0.000000,,,,,"","",,,,7.853780,,0.000000,,0.000000,,,0.000000,0.000000,"",,,0.000000,,-1.000000,,0.000000,0.000000,0.000000,-1.000000,,,,,,,,,,,"",,,,,,,,,,"Volumetric",,,,,,,,,,0.000000,,,,,,,,,,0.000000,0.000000,,,,,,,,,,,,
"Q3No374","Nodes",1114238.411636,1671103.460614,1313.064347,"Default Known Flow Node",69.999969,0.579999,1000.000000,0.000000,"Known Flow",0.000000,0.000000,2.16999993085665e-07,40.000000,0.579999,1000.000000,0.000000,0.000000,13.000000,0.000000,0.515376,0.579999,,,,7.862744,7.862744,,16.800279,,,,,,903.822387,0.066146,0.000000,0.000000,0.000000,,-459.670013,1000.000000,,0.000000,0.000000,,,,0.047119,"UNDEFINED",0.000000,0.997563,0.000000,,,,,"","",,,,7.862744,,0.000000,,0.000000,,,0.000000,0.000000,"",,,0.000000,,-1.000000,,0.000000,0.000000,0.000000,-1.000000,,,,,,,,,,,"",,,,,,,,,,"Volumetric",,,,,,,,,,0.000000,,,,,,,,,,0.000000,0.000000,,,,,,,,,,,,
"Q3No375","Nodes",1114238.894771,1671104.336167,1313.064347,"Default Known Flow Node",69.999969,0.579999,1000.000000,0.000000,"Known Flow",0.000000,0.000000,2.16999993085665e-07,40.000000,0.579999,1000.000000,0.000000,0.000000,13.000000,0.000000,0.515376,0.579999,,,,7.862421,7.862421,,16.800279,,,,,,903.822387,0.066146,0.000000,0.000000,0.000000,,-459.670013,1000.000000,,0.000000,0.000000,,,,0.047119,"UNDEFINED",0.000000,0.997563,0.000000,,,,,"","",,,,7.862421,,0.000000,,0.000000,,,0.000000,0.000000,"",,,0.000000,,-1.000000,,0.000000,0.000000,0.000000,-1.000000,,,,,,,,,,,"",,,,,,,,,,"Volumetric",,,,,,,,,,0.000000,,,,,,,,,,0.000000,0.000000,,,,,,,,,,,,
"Q3No376","Nodes",1114230.920118,1671113.933470,1313.064347,"Default Known Flow Node",69.999969,0.579999,1000.000000,0.000000,"Known Flow",0.000000,0.000000,2.16999993085665e-07,40.000000,0.579999,1000.000000,0.000000,0.000000,13.000000,0.000000,0.515376,0.579999,,,,7.855937,7.855937,,16.800279,,,,,,903.822387,0.066146,0.000000,0.000000,0.000000,,-459.670013,1000.000000,,0.000000,0.000000,,,,0.047118,"UNDEFINED",0.000000,0.997563,0.000000,,,,,"","",,,,7.855937,,0.000000,,0.000000,,,0.000000,0.000000,"",,,0.000000,,-1.000000,,0.000000,0.000000,0.000000,-1.000000,,,,,,,,,,,"",,,,,,,,,,"Volumetric",,,,,,,,,,0.000000,,,,,,,,,,0.000000,0.000000,,,,,,,,,,,,
"Q3No378","Nodes",1114294.551612,1671052.674194,1313.064347,"Default Known Flow Node",69.999969,0.579999,1000.000000,0.000000,"Known Flow",0.000000,0.000000,2.16999993085665e-07,40.000000,0.579999,1000.000000,0.000000,0.000000,13.000000,0.000000,0.515376,0.579999,,,,7.907573,7.907573,,16.800279,,,,,,903.822387,0.066146,0.000000,0.000000,0.000000,,-459.670013,1000.000000,,0.000000,0.000000,,,,0.047124,"UNDEFINED",0.000000,0.997563,0.000000,,,,,"","",,,,7.907573,,0.000000,,0.000000,,,0.000000,0.000000,"",,,0.000000,,-1.000000,,0.000000,0.000000,0.000000,-1.000000,,,,,,,,,,,"",,,,,,,,,,"Volumetric",,,,,,,,,,0.000000,,,,,,,,,,0.000000,0.000000,,,,,,,,,,,,
"Q3No379","Nodes",1114297.145469,1671051.166937,1313.064347,"Default Known Flow Node",69.999969,0.579999,1000.000000,0.000000,"Known Flow",0.000000,0.000000,2.16999993085665e-07,40.000000,0.579999,1000.000000,0.000000,0.000000,13.000000,0.000000,0.515376,0.579999,,,,7.913754,7.913754,,16.800279,,,,,,903.822387,0.066146,0.000000,0.000000,0.000000,,-459.670013,1000.000000,,0.000000,0.000000,,,,0.047125,"UNDEFINED",0.000000,0.997563,0.000000,,,,,"","",,,,7.913754,,0.000000,,0.000000,,,0.000000,0.000000,"",,,0.000000,,-1.000000,,0.000000,0.000000,0.000000,-1.000000,,,,,,,,,,,"",,,,,,,,,,"Volumetric",,,,,,,,,,0.000000,,,,,,,,,,0.000000,0.000000,,,,,,,,,,,,
"Q3No412","Nodes",1118506.559800,1675745.169779,1313.064347,"Default Known Flow Node",69.999969,0.579999,1000.000000,0.000000,"Known Flow",0.000000,0.000000,2.16999993085665e-07,40.000000,0.579999,1000.000000,0.000000,0.000000,13.000000,0.000000,0.515375,0.579999,,,,7.760569,7.760569,,16.800279,,,,,,903.822387,0.066146,0.000000,0.000000,0.000000,,-459.670013,1000.000000,,0.000000,0.000000,,,,0.047107,"UNDEFINED",0.000000,0.997564,0.000000,,,,,"","",,,,7.760569,,0.000000,,0.000000,,,0.000000,0.000000,"",,,0.000000,,-1.000000,,0.000000,0.000000,0.000000,-1.000000,,,,,,,,,,,"",,,,,,,,,,"Volumetric",,,,,,,,,,0.000000,,,,,,,,,,0.000000,0.000000,,,,,,,,,,,,
"Q3No414","Nodes",1118486.756649,1675786.105829,1313.064347,"Default Known Flow Node",69.999969,0.579999,1000.000000,0.000000,"Known Flow",0.000000,0.000000,2.16999993085665e-07,40.000000,0.579999,1000.000000,0.000000,0.000000,13.000000,0.000000,0.515375,0.579999,,,,7.717237,7.717237,,16.800279,,,,,,903.822387,0.066146,0.000000,0.000000,0.000000,,-459.670013,1000.000000,,0.000000,0.000000,,,,0.047102,"UNDEFINED",0.000000,0.997564,0.000000,,,,,"","",,,,7.717237,,0.000000,,0.000000,,,0.000000,0.000000,"",,,0.000000,,-1.000000,,0.000000,0.000000,0.000000,-1.000000,,,,,,,,,,,"",,,,,,,,,,"Volumetric",,,,,,,,,,0.000000,,,,,,,,,,0.000000,0.000000,,,,,,,,,,,,
"Q3No415","Nodes",1118478.767149,1675785.040817,1313.064347,"Default Known Flow Node",69.999969,0.579999,1000.000000,0.000000,"Known Flow",0.000000,0.000000,2.16999993085665e-07,40.000000,0.579999,1000.000000,0.000000,0.000000,13.000000,0.000000,0.515375,0.579999,,,,7.717151,7.717151,,16.800279,,,,,,903.822387,0.066146,0.000000,0.000000,0.000000,,-459.670013,1000.000000,,0.000000,0.000000,,,,0.047102,"UNDEFINED",0.000000,0.997564,0.000000,,,,,"","",,,,7.717151,,0.000000,,0.000000,,,0.000000,0.000000,"",,,0.000000,,-1.000000,,0.000000,0.000000,0.000000,-1.000000,,,,,,,,,,,"",,,,,,,,,,"Volumetric",,,,,,,,,,0.000000,,,,,,,,,,0.000000,0.000000,,,,,,,,,,,,
"Q3No417","Nodes",1118548.419249,1675801.281758,1313.064347,"Default Known Flow Node",69.999969,0.579999,1000.000000,0.000000,"Known Flow",0.000000,0.000000,2.16999993085665e-07,40.000000,0.579999,1000.000000,0.000000,0.000000,13.000000,0.000000,0.515375,0.579999,,,,7.717151,7.717151,,16.800279,,,,,,903.822387,0.066146,0.000000,0.000000,0.000000,,-459.670013,1000.000000,,0.000000,0.000000,,,,0.047102,"UNDEFINED",0.000000,0.997564,0.000000,,,,,"","",,,,7.717151,,0.000000,,0.000000,,,0.000000,0.000000,"",,,0.000000,,-1.000000,,0.000000,0.000000,0.000000,-1.000000,,,,,,,,,,,"",,,,,,,,,,"Volumetric",,,,,,,,,,0.000000,,,,,,,,,,0.000000,0.000000,,,,,,,,,,,,
"Q3No418","Nodes",1118554.908434,1675803.936930,1313.064347,"Default Known Flow Node",69.999969,0.579999,1000.000000,0.000000,"Known Flow",0.000000,0.000000,2.16999993085665e-07,40.000000,0.579999,1000.000000,0.000000,0.000000,13.000000,0.000000,0.515375,0.579999,,,,7.716751,7.716751,,16.800279,,,,,,903.822387,0.066146,0.000000,0.000000,0.000000,,-459.670013,1000.000000,,0.000000,0.000000,,,,0.047102,"UNDEFINED",0.000000,0.997564,0.000000,,,,,"","",,,,7.716751,,0.000000,,0.000000,,,0.000000,0.000000,"",,,0.000000,,-1.000000,,0.000000,0.000000,0.000000,-1.000000,,,,,,,,,,,"",,,,,,,,,,"Volumetric",,,,,,,,,,0.000000,,,,,,,,,,0.000000,0.000000,,,,,,,,,,,,
"Q3No422","Nodes",1118542.379700,1676074.201804,1313.064347,"Default Known Flow Node",69.999969,0.579999,1000.000000,0.000000,"Known Flow",0.000000,0.000000,2.16999993085665e-07,40.000000,0.579999,1000.000000,0.000000,0.000000,13.000000,0.000000,0.515374,0.579999,,,,7.476857,7.476857,,16.800279,,,,,,903.822387,0.066146,0.000000,0.000000,0.000000,,-459.670013,1000.000000,,0.000000,0.000000,,,,0.047075,"UNDEFINED",0.000000,0.997566,0.000000,,,,,"","",,,,7.476857,,0.000000,,0.000000,,,0.000000,0.000000,"",,,0.000000,,-1.000000,,0.000000,0.000000,0.000000,-1.000000,,,,,,,,,,,"",,,,,,,,,,"Volumetric",,,,,,,,,,0.000000,,,,,,,,,,0.000000,0.000000,,,,,,,,,,,,
"Q3No423","Nodes",1118545.789481,1676076.414235,1313.064347,"Default Known Flow Node",69.999969,0.579999,1000.000000,0.000000,"Known Flow",0.000000,0.000000,2.16999993085665e-07,40.000000,0.579999,1000.000000,0.000000,0.000000,13.000000,0.000000,0.515374,0.579999,,,,7.476767,7.476767,,16.800279,,,,,,903.822387,0.066146,0.000000,0.000000,0.000000,,-459.670013,1000.000000,,0.000000,0.000000,,,,0.047075,"UNDEFINED",0.000000,0.997566,0.000000,,,,,"","",,,,7.476767,,0.000000,,0.000000,,,0.000000,0.000000,"",,,0.000000,,-1.000000,,0.000000,0.000000,0.000000,-1.000000,,,,,,,,,,,"",,,,,,,,,,"Volumetric",,,,,,,,,,0.000000,,,,,,,,,,0.000000,0.000000,,,,,,,,,,,,
"Q3No425","Nodes",1118485.071820,1676060.025748,1313.064347,"Default Known Flow Node",69.999969,0.579999,1000.000000,0.000000,"Known Flow",0.000000,0.000000,2.16999993085665e-07,40.000000,0.579999,1000.000000,0.000000,0.000000,13.000000,0.000000,0.515374,0.579999,,,,7.476275,7.476275,,16.800279,,,,,,903.822387,0.066146,0.000000,0.000000,0.000000,,-459.670013,1000.000000,,0.000000,0.000000,,,,0.047075,"UNDEFINED",0.000000,0.997566,0.000000,,,,,"","",,,,7.476275,,0.000000,,0.000000,,,0.000000,0.000000,"",,,0.000000,,-1.000000,,0.000000,0.000000,0.000000,-1.000000,,,,,,,,,,,"",,,,,,,,,,"Volumetric",,,,,,,,,,0.000000,,,,,,,,,,0.000000,0.000000,,,,,,,,,,,,
"Q3No426","Nodes",1118481.508892,1676060.109909,1313.064347,"Default Known Flow Node",69.999969,0.579999,1000.000000,0.000000,"Known Flow",0.000000,0.000000,2.16999993085665e-07,40.000000,0.579999,1000.000000,0.000000,0.000000,13.000000,0.000000,0.515374,0.579999,,,,7.472234,7.472234,,16.800279,,,,,,903.822387,0.066146,0.000000,0.000000,0.000000,,-459.670013,1000.000000,,0.000000,0.000000,,,,0.047074,"UNDEFINED",0.000000,0.997566,0.000000,,,,,"","",,,,7.472234,,0.000000,,0.000000,,,0.000000,0.000000,"",,,0.000000,,-1.000000,,0.000000,0.000000,0.000000,-1.000000,,,,,,,,,,,"",,,,,,,,,,"Volumetric",,,,,,,,,,0.000000,,,,,,,,,,0.000000,0.000000,,,,,,,,,,,,
"Q3No430","Nodes",1118541.269704,1676348.914541,1313.064347,"Default Known Flow Node",69.999969,0.579999,1000.000000,0.000000,"Known Flow",0.000000,0.000000,2.16999993085665e-07,40.000000,0.579999,1000.000000,0.000000,0.000000,13.000000,0.000000,0.515373,0.579999,,,,7.327298,7.327298,,16.800279,,,,,,903.822387,0.066146,0.000000,0.000000,0.000000,,-459.670013,1000.000000,,0.000000,0.000000,,,,0.047058,"UNDEFINED",0.000000,0.997566,0.000000,,,,,"","",,,,7.327298,,0.000000,,0.000000,,,0.000000,0.000000,"",,,0.000000,,-1.000000,,0.000000,0.000000,0.000000,-1.000000,,,,,,,,,,,"",,,,,,,,,,"Volumetric",,,,,,,,,,0.000000,,,,,,,,,,0.000000,0.000000,,,,,,,,,,,,
"Q3No431","Nodes",1118543.211662,1676349.392797,1313.064347,"Default Known Flow Node",69.999969,0.579999,1000.000000,0.000000,"Known Flow",0.000000,0.000000,2.16999993085665e-07,40.000000,0.579999,1000.000000,0.000000,0.000000,13.000000,0.000000,0.515373,0.579999,,,,7.327436,7.327436,,16.800279,,,,,,903.822387,0.066146,0.000000,0.000000,0.000000,,-459.670013,1000.000000,,0.000000,0.000000,,,,0.047058,"UNDEFINED",0.000000,0.997566,0.000000,,,,,"","",,,,7.327436,,0.000000,,0.000000,,,0.000000,0.000000,"",,,0.000000,,-1.000000,,0.000000,0.000000,0.000000,-1.000000,,,,,,,,,,,"",,,,,,,,,,"Volumetric",,,,,,,,,,0.000000,,,,,,,,,,0.000000,0.000000,,,,,,,,,,,,
"Q3No433","Nodes",1118513.289235,1676344.974538,1313.064347,"Default Known Flow Node",69.999969,0.579999,1000.000000,0.000000,"Known Flow",0.000000,0.000000,2.16999993085665e-07,40.000000,0.579999,1000.000000,0.000000,0.000000,13.000000,0.000000,0.515373,0.579999,,,,7.324088,7.324088,,16.800279,,,,,,903.822387,0.066146,0.000000,0.000000,0.000000,,-459.670013,1000.000000,,0.000000,0.000000,,,,0.047058,"UNDEFINED",0.000000,0.997566,0.000000,,,,,"","",,,,7.324088,,0.000000,,0.000000,,,0.000000,0.000000,"",,,0.000000,,-1.000000,,0.000000,0.000000,0.000000,-1.000000,,,,,,,,,,,"",,,,,,,,,,"Volumetric",,,,,,,,,,0.000000,,,,,,,,,,0.000000,0.000000,,,,,,,,,,,,
"Q3No438","Nodes",1118541.468367,1676858.331572,1313.064347,"Default Known Flow Node",69.999969,0.579999,1000.000000,0.000000,"Known Flow",0.000000,0.000000,2.16999993085665e-07,40.000000,0.579999,1000.000000,0.000000,0.000000,13.000000,0.000000,0.515372,0.579999,,,,7.178513,7.178513,,16.800279,,,,,,903.822387,0.066146,0.000000,0.000000,0.000000,,-459.670013,1000.000000,,0.000000,0.000000,,,,0.047041,"UNDEFINED",0.000000,0.997567,0.000000,,,,,"","",,,,7.178513,,0.000000,,0.000000,,,0.000000,0.000000,"",,,0.000000,,-1.000000,,0.000000,0.000000,0.000000,-1.000000,,,,,,,,,,,"",,,,,,,,,,"Volumetric",,,,,,,,,,0.000000,,,,,,,,,,0.000000,0.000000,,,,,,,,,,,,
"2FC0CF9B","Nodes",1118000.606631,1676027.651945,1313.064347,"Default Known Flow Node",69.999969,0.579999,1000.000000,0.000000,"Known Flow",0.000000,0.000000,2.16999993085665e-07,40.000000,0.579999,1000.000000,0.000000,0.000000,13.000000,0.000000,0.515372,0.579999,,,,7.119435,7.119435,,16.800279,,,,,,903.822387,0.066146,0.000000,0.000000,0.000000,,-459.670013,1000.000000,,0.000000,0.000000,,,,0.047034,"SETFLOW",0.000000,0.997568,0.000000,,,,,"","",,,,7.119435,,0.000000,,0.000000,,,0.000000,0.000000,"",,,0.000000,"171-08 39 Ave, Q = -2.365 mcfh, Firm DONE",-1.000000,,0.000000,0.000000,0.000000,-1.000000,,,,,,,,,,,,,,,,"",,,,,,,,,,"Volumetric",,,,,,,,,,-2.365000,,,,,-2.365000,-0.056760,,,,,,,,,,,,
"Q3No447","Nodes",1118000.822901,1676035.384350,1313.064347,"Default Known Flow Node",69.999969,0.579999,1000.000000,0.000000,"Known Flow",0.000000,0.000000,2.16999993085665e-07,40.000000,0.579999,1000.000000,0.000000,0.000000,13.000000,0.000000,0.515372,0.579999,,,,7.124776,7.124776,,16.800279,,,,,,903.822387,0.066146,0.000000,0.000000,0.000000,,-459.670013,1000.000000,,0.000000,0.000000,,,,0.047035,"UNDEFINED",0.000000,0.997568,0.000000,,,,,"","",,,,7.124776,,0.000000,,0.000000,,,0.000000,0.000000,"",,,0.000000,,-1.000000,,0.000000,0.000000,0.000000,-1.000000,,,,,,,,,,,"",,,,,,,,,,"Volumetric",,,,,,,,,,0.000000,,,,,,,,,,0.000000,0.000000,,,,,,,,,,,,
"Q3No451","Nodes",1118197.904088,1667839.711144,1313.064347,"Default Known Flow Node",69.999969,0.579999,1000.000000,0.000000,"Known Flow",0.000000,0.000000,2.16999993085665e-07,40.000000,0.579999,1000.000000,0.000000,0.000000,13.000000,0.000000,0.515374,0.579999,,,,7.528096,7.528096,,16.800279,,,,,,903.822387,0.066146,0.000000,0.000000,0.000000,,-459.670013,1000.000000,,0.000000,0.000000,,,,0.047081,"UNDEFINED",0.000000,0.997565,0.000000,,,,,"","",,,,7.528096,,0.000000,,0.000000,,,0.000000,0.000000,"",,,0.000000,,-1.000000,,0.000000,0.000000,0.000000,-1.000000,,,,,,,,,,,"",,,,,,,,,,"Volumetric",,,,,,,,,,0.000000,,,,,,,,,,0.000000,0.000000,,,,,,,,,,,,
"0BF471B6","Nodes",1118251.687465,1668133.932479,1313.064347,"Default Known Flow Node",69.999969,0.579999,1000.000000,0.000000,"Known Flow",0.000000,0.000000,2.16999993085665e-07,40.000000,0.579999,1000.000000,0.000000,0.000000,13.000000,0.000000,0.515375,0.579999,,,,7.691245,7.691245,,16.800279,,,,,,903.822387,0.066146,0.000000,0.000000,0.000000,,-459.670013,1000.000000,,0.000000,0.000000,,,,0.047099,"SETFLOW",0.000000,0.997564,0.000000,,,,,"","",,,,7.691245,,0.000000,,0.000000,,,0.000000,0.000000,"",,,0.000000,"143-23 Barclay Ave, Q = -1.0 mcfh, Firm DONE",-1.000000,,0.000000,0.000000,0.000000,-1.000000,,,,,,,,,,,,,,,,"",,,,,,,,,,"Volumetric",,,,,,,,,,-1.500000,,,,,-1.500000,-0.036000,,,,,,,,,,,,
"Q3No571","Nodes",1122256.126477,1668045.564018,1313.064347,"Default Known Flow Node",69.999969,0.579999,1000.000000,0.000000,"Known Flow",0.000000,0.000000,2.16999993085665e-07,40.000000,0.579999,1000.000000,0.000000,0.000000,13.000000,0.000000,0.515380,0.579999,,,,8.690335,8.690335,,16.800279,,,,,,903.822387,0.066145,0.000000,0.000000,0.000000,,-459.670013,1000.000000,,0.000000,0.000000,,,,0.047213,"UNDEFINED",0.000000,0.997558,0.000000,,,,,"","",,,,8.690335,,0.000000,,0.000000,,,0.000000,0.000000,"",,,0.000000,,-1.000000,,0.000000,0.000000,0.000000,-1.000000,,,,,,,,,,,"",,,,,,,,,,"Volumetric",,,,,,,,,,0.000000,,,,,,,,,,0.000000,0.000000,,,,,,,,,,,,
"Q3No587","Nodes",1116003.759904,1675211.926553,1313.064347,"Default Known Flow Node",69.999969,0.579999,1000.000000,0.000000,"Known Flow",0.000000,0.000000,2.16999993085665e-07,40.000000,0.579999,1000.000000,0.000000,0.000000,13.000000,0.000000,0.515375,0.579999,,,,7.794641,7.794641,,16.800279,,,,,,903.822387,0.066146,0.000000,0.000000,0.000000,,-459.670013,1000.000000,,0.000000,0.000000,,,,0.047111,"UNDEFINED",0.000000,0.997564,0.000000,,,,,"","",,,,7.794641,,0.000000,,0.000000,,,0.000000,0.000000,"",,,0.000000,,-1.000000,,0.000000,0.000000,0.000000,-1.000000,,,,,,,,,,,"",,,,,,,,,,"Volumetric",,,,,,,,,,0.000000,,,,,,,,,,0.000000,0.000000,,,,,,,,,,,,
"Q3No588","Nodes",1116003.094005,1675229.043589,1313.064347,"Default Known Flow Node",69.999969,0.579999,1000.000000,0.000000,"Known Flow",0.000000,0.000000,2.16999993085665e-07,40.000000,0.579999,1000.000000,0.000000,0.000000,13.000000,0.000000,0.515375,0.579999,,,,7.708573,7.708573,,16.800279,,,,,,903.822387,0.066146,0.000000,0.000000,0.000000,,-459.670013,1000.000000,,0.000000,0.000000,,,,0.047101,"UNDEFINED",0.000000,0.997564,0.000000,,,,,"","",,,,7.708573,,0.000000,,0.000000,,,0.000000,0.000000,"",,,0.000000,,-1.000000,,0.000000,0.000000,0.000000,-1.000000,,,,,,,,,,,"",,,,,,,,,,"Volumetric",,,,,,,,,,0.000000,,,,,,,,,,0.000000,0.000000,,,,,,,,,,,,
"Q3No591","Nodes",1115959.061866,1675446.689868,1313.064347,"Default Known Flow Node",69.999969,0.579999,1000.000000,0.000000,"Known Flow",0.000000,0.000000,2.16999993085665e-07,40.000000,0.579999,1000.000000,0.000000,0.000000,13.000000,0.000000,0.515375,0.579999,,,,7.664518,7.664518,,16.800279,,,,,,903.822387,0.066146,0.000000,0.000000,0.000000,,-459.670013,1000.000000,,0.000000,0.000000,,,,0.047096,"UNDEFINED",0.000000,0.997564,0.000000,,,,,"","",,,,7.664518,,0.000000,,0.000000,,,0.000000,0.000000,"",,,0.000000,"V72384",-1.000000,,0.000000,0.000000,0.000000,-1.000000,,,,,,,,,,,"",,,,,,,,,,"Volumetric",,,,,,,,,,0.000000,,,,,,,,,,0.000000,0.000000,,,,,,,,,,,,
"Q3No592","Nodes",1115960.022456,1675446.967679,1313.064347,"Default Known Flow Node",69.999969,0.579999,1000.000000,0.000000,"Known Flow",0.000000,0.000000,2.16999993085665e-07,40.000000,0.579999,1000.000000,0.000000,0.000000,13.000000,0.000000,0.515375,0.579999,,,,7.664500,7.664500,,16.800279,,,,,,903.822387,0.066146,0.000000,0.000000,0.000000,,-459.670013,1000.000000,,0.000000,0.000000,,,,0.047096,"UNDEFINED",0.000000,0.997564,0.000000,,,,,"","",,,,7.664500,,0.000000,,0.000000,,,0.000000,0.000000,"",,,0.000000,,-1.000000,,0.000000,0.000000,0.000000,-1.000000,,,,,,,,,,,"",,,,,,,,,,"Volumetric",,,,,,,,,,0.000000,,,,,,,,,,0.000000,0.000000,,,,,,,,,,,,
"Q3No593","Nodes",1115961.936607,1675447.389991,1313.064347,"Default Known Flow Node",69.999969,0.579999,1000.000000,0.000000,"Known Flow",0.000000,0.000000,2.16999993085665e-07,40.000000,0.579999,1000.000000,0.000000,0.000000,13.000000,0.000000,0.515375,0.579999,,,,7.664465,7.664465,,16.800279,,,,,,903.822387,0.066146,0.000000,0.000000,0.000000,,-459.670013,1000.000000,,0.000000,0.000000,,,,0.047096,"UNDEFINED",0.000000,0.997564,0.000000,,,,,"","",,,,7.664465,,0.000000,,0.000000,,,0.000000,0.000000,"",,,0.000000,,-1.000000,,0.000000,0.000000,0.000000,-1.000000,,,,,,,,,,,"",,,,,,,,,,"Volumetric",,,,,,,,,,0.000000,,,,,,,,,,0.000000,0.000000,,,,,,,,,,,,
"Q3No596","Nodes",1115946.381185,1675443.697246,1313.064347,"Default Known Flow Node",69.999969,0.579999,1000.000000,0.000000,"Known Flow",0.000000,0.000000,2.16999993085665e-07,40.000000,0.579999,1000.000000,0.000000,0.000000,13.000000,0.000000,0.515375,0.579999,,,,7.664620,7.664620,,16.800279,,,,,,903.822387,0.066146,0.000000,0.000000,0.000000,,-459.670013,1000.000000,,0.000000,0.000000,,,,0.047096,"UNDEFINED",0.000000,0.997564,0.000000,,,,,"","",,,,7.664620,,0.000000,,0.000000,,,0.000000,0.000000,"",,,0.000000,,-1.000000,,0.000000,0.000000,0.000000,-1.000000,,,,,,,,,,,"",,,,,,,,,,"Volumetric",,,,,,,,,,0.000000,,,,,,,,,,0.000000,0.000000,,,,,,,,,,,,
"Q3No597","Nodes",1115945.408366,1675443.465661,1313.064347,"Default Known Flow Node",69.999969,0.579999,1000.000000,0.000000,"Known Flow",0.000000,0.000000,2.16999993085665e-07,40.000000,0.579999,1000.000000,0.000000,0.000000,13.000000,0.000000,0.515375,0.579999,,,,7.664620,7.664620,,16.800279,,,,,,903.822387,0.066146,0.000000,0.000000,0.000000,,-459.670013,1000.000000,,0.000000,0.000000,,,,0.047096,"UNDEFINED",0.000000,0.997564,0.000000,,,,,"","",,,,7.664620,,0.000000,,0.000000,,,0.000000,0.000000,"",,,0.000000,,-1.000000,,0.000000,0.000000,0.000000,-1.000000,,,,,,,,,,,"",,,,,,,,,,"Volumetric",,,,,,,,,,0.000000,,,,,,,,,,0.000000,0.000000,,,,,,,,,,,,
"Q3No598","Nodes",1115934.410288,1675443.209259,1313.064347,"Default Known Flow Node",69.999969,0.579999,1000.000000,0.000000,"Known Flow",0.000000,0.000000,2.16999993085665e-07,40.000000,0.579999,1000.000000,0.000000,0.000000,13.000000,0.000000,0.515375,0.579999,,,,7.664578,7.664578,,16.800279,,,,,,903.822387,0.066146,0.000000,0.000000,0.000000,,-459.670013,1000.000000,,0.000000,0.000000,,,,0.047096,"UNDEFINED",0.000000,0.997564,0.000000,,,,,"","",,,,7.664578,,0.000000,,0.000000,,,0.000000,0.000000,"",,,0.000000,,-1.000000,,0.000000,0.000000,0.000000,-1.000000,,,,,,,,,,,"",,,,,,,,,,"Volumetric",,,,,,,,,,0.000000,,,,,,,,,,0.000000,0.000000,,,,,,,,,,,,
"2FB1B8EB","Nodes",1115306.500000,1675291.370000,1313.064347,"Default Known Flow Node",69.999969,0.579999,1000.000000,0.000000,"Known Flow",0.000000,0.000000,2.16999993085665e-07,40.000000,0.579999,1000.000000,0.000000,0.000000,13.000000,0.000000,0.515375,0.579999,,,,7.662657,7.662657,,16.800279,,,,,,903.822387,0.066146,0.000000,0.000000,0.000000,,-459.670013,1000.000000,,0.000000,0.000000,,,,0.047096,"SETFLOW",0.000000,0.997564,0.000000,,,,,"","",,,,7.662657,,0.000000,,0.000000,,,0.000000,0.000000,"",,,0.000000,,-1.000000,,0.000000,0.000000,-1.000000,-1.000000,,,,,,,,,,,"",,,,,,,,,,"Volumetric",,,,,,,,,,-0.065519,,,,,,,,,,-0.065519,-0.001572,,,,,,,,,,,,
"Q3No600","Nodes",1115884.285819,1675702.443166,1313.064347,"Default Known Flow Node",69.999969,0.579999,1000.000000,0.000000,"Known Flow",0.000000,0.000000,2.16999993085665e-07,40.000000,0.579999,1000.000000,0.000000,0.000000,13.000000,0.000000,0.515375,0.579999,,,,7.620864,7.620864,,16.800279,,,,,,903.822387,0.066146,0.000000,0.000000,0.000000,,-459.670013,1000.000000,,0.000000,0.000000,,,,0.047091,"UNDEFINED",0.000000,0.997565,0.000000,,,,,"","",,,,7.620864,,0.000000,,0.000000,,,0.000000,0.000000,"",,,0.000000,,-1.000000,,0.000000,0.000000,0.000000,-1.000000,,,,,,,,,,,"",,,,,,,,,,"Volumetric",,,,,,,,,,0.000000,,,,,,,,,,0.000000,0.000000,,,,,,,,,,,,
"Q3No601","Nodes",1115869.062449,1675701.585982,1313.064347,"Default Known Flow Node",69.999969,0.579999,1000.000000,0.000000,"Known Flow",0.000000,0.000000,2.16999993085665e-07,40.000000,0.579999,1000.000000,0.000000,0.000000,13.000000,0.000000,0.515375,0.579999,,,,7.620733,7.620733,,16.800279,,,,,,903.822387,0.066146,0.000000,0.000000,0.000000,,-459.670013,1000.000000,,0.000000,0.000000,,,,0.047091,"UNDEFINED",0.000000,0.997565,0.000000,,,,,"","",,,,7.620733,,0.000000,,0.000000,,,0.000000,0.000000,"",,,0.000000,,-1.000000,,0.000000,0.000000,0.000000,-1.000000,,,,,,,,,,,"",,,,,,,,,,"Volumetric",,,,,,,,,,0.000000,,,,,,,,,,0.000000,0.000000,,,,,,,,,,,,
"Q3No603","Nodes",1115858.824077,1675834.412688,1313.064347,"Default Known Flow Node",69.999969,0.579999,1000.000000,0.000000,"Known Flow",0.000000,0.000000,2.16999993085665e-07,40.000000,0.579999,1000.000000,0.000000,0.000000,13.000000,0.000000,0.515374,0.579999,,,,7.598166,7.598166,,16.800279,,,,,,903.822387,0.066146,0.000000,0.000000,0.000000,,-459.670013,1000.000000,,0.000000,0.000000,,,,0.047089,"UNDEFINED",0.000000,0.997565,0.000000,,,,,"","",,,,7.598166,,0.000000,,0.000000,,,0.000000,0.000000,"",,,0.000000,,-1.000000,,0.000000,0.000000,0.000000,-1.000000,,,,,,,,,,,"",,,,,,,,,,"Volumetric",,,,,,,,,,0.000000,,,,,,,,,,0.000000,0.000000,,,,,,,,,,,,
"Q3No606","Nodes",1115795.708796,1676113.150818,1313.064347,"Default Known Flow Node",69.999969,0.579999,1000.000000,0.000000,"Known Flow",0.000000,0.000000,2.16999993085665e-07,40.000000,0.579999,1000.000000,0.000000,0.000000,13.000000,0.000000,0.515374,0.579999,,,,7.564317,7.564317,,16.800279,,,,,,903.822387,0.066146,0.000000,0.000000,0.000000,,-459.670013,1000.000000,,0.000000,0.000000,,,,0.047085,"UNDEFINED",0.000000,0.997565,0.000000,,,,,"","",,,,7.564317,,0.000000,,0.000000,,,0.000000,0.000000,"",,,0.000000,"V72389",-1.000000,,0.000000,0.000000,0.000000,-1.000000,,,,,,,,,,,"",,,,,,,,,,"Volumetric",,,,,,,,,,0.000000,,,,,,,,,,0.000000,0.000000,,,,,,,,,,,,
"Q3No607","Nodes",1115812.058293,1676114.682422,1313.064347,"Default Known Flow Node",69.999969,0.579999,1000.000000,0.000000,"Known Flow",0.000000,0.000000,2.16999993085665e-07,40.000000,0.579999,1000.000000,0.000000,0.000000,13.000000,0.000000,0.515374,0.579999,,,,7.562985,7.562985,,16.800279,,,,,,903.822387,0.066146,0.000000,0.000000,0.000000,,-459.670013,1000.000000,,0.000000,0.000000,,,,0.047085,"UNDEFINED",0.000000,0.997565,0.000000,,,,,"","",,,,7.562985,,0.000000,,0.000000,,,0.000000,0.000000,"",,,0.000000,,-1.000000,,0.000000,0.000000,0.000000,-1.000000,,,,,,,,,,,"",,,,,,,,,,"Volumetric",,,,,,,,,,0.000000,,,,,,,,,,0.000000,0.000000,,,,,,,,,,,,
"Q3No608","Nodes",1115817.054790,1676114.868976,1313.064347,"Default Known Flow Node",69.999969,0.579999,1000.000000,0.000000,"Known Flow",0.000000,0.000000,2.16999993085665e-07,40.000000,0.579999,1000.000000,0.000000,0.000000,13.000000,0.000000,0.515374,0.579999,,,,7.562634,7.562634,,16.800279,,,,,,903.822387,0.066146,0.000000,0.000000,0.000000,,-459.670013,1000.000000,,0.000000,0.000000,,,,0.047085,"UNDEFINED",0.000000,0.997565,0.000000,,,,,"","",,,,7.562634,,0.000000,,0.000000,,,0.000000,0.000000,"",,,0.000000,,-1.000000,,0.000000,0.000000,0.000000,-1.000000,,,,,,,,,,,"",,,,,,,,,,"Volumetric",,,,,,,,,,0.000000,,,,,,,,,,0.000000,0.000000,,,,,,,,,,,,
"Q3No611","Nodes",1115779.344092,1676117.800577,1313.064347,"Default Known Flow Node",69.999969,0.579999,1000.000000,0.000000,"Known Flow",0.000000,0.000000,2.16999993085665e-07,40.000000,0.579999,1000.000000,0.000000,0.000000,13.000000,0.000000,0.515374,0.579999,,,,7.564516,7.564516,,16.800279,,,,,,903.822387,0.066146,0.000000,0.000000,0.000000,,-459.670013,1000.000000,,0.000000,0.000000,,,,0.047085,"UNDEFINED",0.000000,0.997565,0.000000,,,,,"","",,,,7.564516,,0.000000,,0.000000,,,0.000000,0.000000,"",,,0.000000,,-1.000000,,0.000000,0.000000,0.000000,-1.000000,,,,,,,,,,,"",,,,,,,,,,"Volumetric",,,,,,,,,,0.000000,,,,,,,,,,0.000000,0.000000,,,,,,,,,,,,
"Q3No612","Nodes",1115778.344420,1676117.775486,1313.064347,"Default Known Flow Node",69.999969,0.579999,1000.000000,0.000000,"Known Flow",0.000000,0.000000,2.16999993085665e-07,40.000000,0.579999,1000.000000,0.000000,0.000000,13.000000,0.000000,0.515374,0.579999,,,,7.564515,7.564515,,16.800279,,,,,,903.822387,0.066146,0.000000,0.000000,0.000000,,-459.670013,1000.000000,,0.000000,0.000000,,,,0.047085,"UNDEFINED",0.000000,0.997565,0.000000,,,,,"","",,,,7.564515,,0.000000,,0.000000,,,0.000000,0.000000,"",,,0.000000,,-1.000000,,0.000000,0.000000,0.000000,-1.000000,,,,,,,,,,,"",,,,,,,,,,"Volumetric",,,,,,,,,,0.000000,,,,,,,,,,0.000000,0.000000,,,,,,,,,,,,
"Q3No613","Nodes",1115770.599692,1676118.981899,1313.064347,"Default Known Flow Node",69.999969,0.579999,1000.000000,0.000000,"Known Flow",0.000000,0.000000,2.16999993085665e-07,40.000000,0.579999,1000.000000,0.000000,0.000000,13.000000,0.000000,0.515374,0.579999,,,,7.564447,7.564447,,16.800279,,,,,,903.822387,0.066146,0.000000,0.000000,0.000000,,-459.670013,1000.000000,,0.000000,0.000000,,,,0.047085,"UNDEFINED",0.000000,0.997565,0.000000,,,,,"","",,,,7.564447,,0.000000,,0.000000,,,0.000000,0.000000,"",,,0.000000,,-1.000000,,0.000000,0.000000,0.000000,-1.000000,,,,,,,,,,,"",,,,,,,,,,"Volumetric",,,,,,,,,,0.000000,,,,,,,,,,0.000000,0.000000,,,,,,,,,,,,
"Q3No615","Nodes",1115754.807057,1676413.870814,1313.064347,"Default Known Flow Node",69.999969,0.579999,1000.000000,0.000000,"Known Flow",0.000000,0.000000,2.16999993085665e-07,40.000000,0.579999,1000.000000,0.000000,0.000000,13.000000,0.000000,0.515374,0.579999,,,,7.539653,7.539653,,16.800279,,,,,,903.822387,0.066146,0.000000,0.000000,0.000000,,-459.670013,1000.000000,,0.000000,0.000000,,,,0.047082,"UNDEFINED",0.000000,0.997565,0.000000,,,,,"","",,,,7.539653,,0.000000,,0.000000,,,0.000000,0.000000,"",,,0.000000,,-1.000000,,0.000000,0.000000,0.000000,-1.000000,,,,,,,,,,,"",,,,,,,,,,"Volumetric",,,,,,,,,,0.000000,,,,,,,,,,0.000000,0.000000,,,,,,,,,,,,
"Q3No616","Nodes",1115758.155004,1676413.939417,1313.064347,"Default Known Flow Node",69.999969,0.579999,1000.000000,0.000000,"Known Flow",0.000000,0.000000,2.16999993085665e-07,40.000000,0.579999,1000.000000,0.000000,0.000000,13.000000,0.000000,0.515374,0.579999,,,,7.539718,7.539718,,16.800279,,,,,,903.822387,0.066146,0.000000,0.000000,0.000000,,-459.670013,1000.000000,,0.000000,0.000000,,,,0.047082,"UNDEFINED",0.000000,0.997565,0.000000,,,,,"","",,,,7.539718,,0.000000,,0.000000,,,0.000000,0.000000,"",,,0.000000,,-1.000000,,0.000000,0.000000,0.000000,-1.000000,,,,,,,,,,,"",,,,,,,,,,"Volumetric",,,,,,,,,,0.000000,,,,,,,,,,0.000000,0.000000,,,,,,,,,,,,
"Q3No618","Nodes",1115743.094972,1676351.226222,1313.064347,"Default Known Flow Node",69.999969,0.579999,1000.000000,0.000000,"Known Flow",0.000000,0.000000,2.16999993085665e-07,40.000000,0.579999,1000.000000,0.000000,0.000000,13.000000,0.000000,0.515374,0.579999,,,,7.548116,7.548116,,16.800279,,,,,,903.822387,0.066146,0.000000,0.000000,0.000000,,-459.670013,1000.000000,,0.000000,0.000000,,,,0.047083,"UNDEFINED",0.000000,0.997565,0.000000,,,,,"","",,,,7.548116,,0.000000,,0.000000,,,0.000000,0.000000,"",,,0.000000,,-1.000000,,0.000000,0.000000,0.000000,-1.000000,,,,,,,,,,,"",,,,,,,,,,"Volumetric",,,,,,,,,,0.000000,,,,,,,,,,0.000000,0.000000,,,,,,,,,,,,
"Q3No619","Nodes",1115751.286129,1676411.661818,1313.064347,"Default Known Flow Node",69.999969,0.579999,1000.000000,0.000000,"Known Flow",0.000000,0.000000,2.16999993085665e-07,40.000000,0.579999,1000.000000,0.000000,0.000000,13.000000,0.000000,0.515374,0.579999,,,,7.544065,7.544065,,16.800279,,,,,,903.822387,0.066146,0.000000,0.000000,0.000000,,-459.670013,1000.000000,,0.000000,0.000000,,,,0.047083,"UNDEFINED",0.000000,0.997565,0.000000,,,,,"","",,,,7.544065,,0.000000,,0.000000,,,0.000000,0.000000,"",,,0.000000,,-1.000000,,0.000000,0.000000,0.000000,-1.000000,,,,,,,,,,,"",,,,,,,,,,"Volumetric",,,,,,,,,,0.000000,,,,,,,,,,0.000000,0.000000,,,,,,,,,,,,
"Q3No622","Nodes",1115727.756559,1676409.951001,1313.064347,"Default Known Flow Node",69.999969,0.579999,1000.000000,0.000000,"Known Flow",0.000000,0.000000,2.16999993085665e-07,40.000000,0.579999,1000.000000,0.000000,0.000000,13.000000,0.000000,0.515374,0.579999,,,,7.539294,7.539294,,16.800279,,,,,,903.822387,0.066146,0.000000,0.000000,0.000000,,-459.670013,1000.000000,,0.000000,0.000000,,,,0.047082,"UNDEFINED",0.000000,0.997565,0.000000,,,,,"","",,,,7.539294,,0.000000,,0.000000,,,0.000000,0.000000,"",,,0.000000,,-1.000000,,0.000000,0.000000,0.000000,-1.000000,,,,,,,,,,,"",,,,,,,,,,"Volumetric",,,,,,,,,,0.000000,,,,,,,,,,0.000000,0.000000,,,,,,,,,,,,
"Q3No651","Nodes",1117634.940000,1676198.356400,1313.064347,"Default Known Flow Node",69.999969,0.579999,1000.000000,0.000000,"Known Flow",0.000000,0.000000,2.16999993085665e-07,40.000000,0.579999,1000.000000,0.000000,0.000000,13.000000,0.000000,0.515372,0.579999,,,,7.187036,7.187036,,16.800279,,,,,,903.822387,0.066146,0.000000,0.000000,0.000000,,-459.670013,1000.000000,,0.000000,0.000000,,,,0.047042,"UNDEFINED",0.000000,0.997567,0.000000,,,,,"","",,,,7.187036,,0.000000,,0.000000,,,0.000000,0.000000,"",,,0.000000,,-1.000000,,0.000000,0.000000,0.000000,-1.000000,,,,,,,,,,,"",,,,,,,,,,"Volumetric",,,,,,,,,,0.000000,,,,,,,,,,0.000000,0.000000,,,,,,,,,,,,
"Q3No653","Nodes",1117671.607622,1676381.565817,1313.064347,"Default Known Flow Node",69.999969,0.579999,1000.000000,0.000000,"Known Flow",0.000000,0.000000,2.16999993085665e-07,40.000000,0.579999,1000.000000,0.000000,0.000000,13.000000,0.000000,0.515372,0.579999,,,,7.174775,7.174775,,16.800279,,,,,,903.822387,0.066146,0.000000,0.000000,0.000000,,-459.670013,1000.000000,,0.000000,0.000000,,,,0.047041,"UNDEFINED",0.000000,0.997567,0.000000,,,,,"","",,,,7.174775,,0.000000,,0.000000,,,0.000000,0.000000,"",,,0.000000,,-1.000000,,0.000000,0.000000,0.000000,-1.000000,,,,,,,,,,,"",,,,,,,,,,"Volumetric",,,,,,,,,,0.000000,,,,,,,,,,0.000000,0.000000,,,,,,,,,,,,
"Q3No654","Nodes",1117677.373261,1676391.639523,1313.064347,"Default Known Flow Node",69.999969,0.579999,1000.000000,0.000000,"Known Flow",0.000000,0.000000,2.16999993085665e-07,40.000000,0.579999,1000.000000,0.000000,0.000000,13.000000,0.000000,0.515372,0.579999,,,,7.174616,7.174616,,16.800279,,,,,,903.822387,0.066146,0.000000,0.000000,0.000000,,-459.670013,1000.000000,,0.000000,0.000000,,,,0.047041,"UNDEFINED",0.000000,0.997567,0.000000,,,,,"","",,,,7.174616,,0.000000,,0.000000,,,0.000000,0.000000,"",,,0.000000,,-1.000000,,0.000000,0.000000,0.000000,-1.000000,,,,,,,,,,,"",,,,,,,,,,"Volumetric",,,,,,,,,,0.000000,,,,,,,,,,0.000000,0.000000,,,,,,,,,,,,
"Q3No663","Nodes",1117661.598551,1676687.129809,1313.064347,"Default Known Flow Node",69.999969,0.579999,1000.000000,0.000000,"Known Flow",0.000000,0.000000,2.16999993085665e-07,40.000000,0.579999,1000.000000,0.000000,0.000000,13.000000,0.000000,0.515372,0.579999,,,,7.160992,7.160992,,16.800279,,,,,,903.822387,0.066146,0.000000,0.000000,0.000000,,-459.670013,1000.000000,,0.000000,0.000000,,,,0.047039,"UNDEFINED",0.000000,0.997567,0.000000,,,,,"","",,,,7.160992,,0.000000,,0.000000,,,0.000000,0.000000,"",,,0.000000,,-1.000000,,0.000000,0.000000,0.000000,-1.000000,,,,,,,,,,,"",,,,,,,,,,"Volumetric",,,,,,,,,,0.000000,,,,,,,,,,0.000000,0.000000,,,,,,,,,,,,
"Q3No664","Nodes",1117653.472780,1676690.044300,1313.064347,"Default Known Flow Node",69.999969,0.579999,1000.000000,0.000000,"Known Flow",0.000000,0.000000,2.16999993085665e-07,40.000000,0.579999,1000.000000,0.000000,0.000000,13.000000,0.000000,0.515372,0.579999,,,,7.162330,7.162330,,16.800279,,,,,,903.822387,0.066146,0.000000,0.000000,0.000000,,-459.670013,1000.000000,,0.000000,0.000000,,,,0.047039,"UNDEFINED",0.000000,0.997567,0.000000,,,,,"","",,,,7.162330,,0.000000,,0.000000,,,0.000000,0.000000,"",,,0.000000,,-1.000000,,0.000000,0.000000,0.000000,-1.000000,,,,,,,,,,,"",,,,,,,,,,"Volumetric",,,,,,,,,,0.000000,,,,,,,,,,0.000000,0.000000,,,,,,,,,,,,
"Q3No696","Nodes",1121252.631034,1671354.423183,1313.064347,"Default Known Flow Node",69.999969,0.579999,1000.000000,0.000000,"Known Flow",0.000000,0.000000,2.16999993085665e-07,40.000000,0.579999,1000.000000,0.000000,0.000000,13.000000,0.000000,0.515380,0.579999,,,,8.639496,8.639496,,16.800279,,,,,,903.822387,0.066145,0.000000,0.000000,0.000000,,-459.670013,1000.000000,,0.000000,0.000000,,,,0.047207,"UNDEFINED",0.000000,0.997559,0.000000,,,,,"","",,,,8.639496,,0.000000,,0.000000,,,0.000000,0.000000,"",,,0.000000,,-1.000000,,0.000000,0.000000,0.000000,-1.000000,,,,,,,,,,,"",,,,,,,,,,"Volumetric",,,,,,,,,,0.000000,,,,,,,,,,0.000000,0.000000,,,,,,,,,,,,
"Q3No705","Nodes",1121253.499090,1671351.504346,1313.064347,"Default Known Flow Node",69.999969,0.579999,1000.000000,0.000000,"Known Flow",0.000000,0.000000,2.16999993085665e-07,40.000000,0.579999,1000.000000,0.000000,0.000000,13.000000,0.000000,0.515380,0.579999,,,,8.639496,8.639496,,16.800279,,,,,,903.822387,0.066145,0.000000,0.000000,0.000000,,-459.670013,1000.000000,,0.000000,0.000000,,,,0.047207,"UNDEFINED",0.000000,0.997559,0.000000,,,,,"","",,,,8.639496,,0.000000,,0.000000,,,0.000000,0.000000,"",,,0.000000,,-1.000000,,0.000000,0.000000,0.000000,-1.000000,,,,,,,,,,,"",,,,,,,,,,"Volumetric",,,,,,,,,,0.000000,,,,,,,,,,0.000000,0.000000,,,,,,,,,,,,
"Q3No738","Nodes",1118706.244642,1674437.146272,1313.064347,"Default Known Flow Node",69.999969,0.579999,1000.000000,0.000000,"Known Flow",0.000000,0.000000,2.16999993085665e-07,40.000000,0.579999,1000.000000,0.000000,0.000000,13.000000,0.000000,0.515380,0.579999,,,,8.669967,8.669967,,16.800279,,,,,,903.822387,0.066145,0.000000,0.000000,0.000000,,-459.670013,1000.000000,,0.000000,0.000000,,,,0.047211,"UNDEFINED",0.000000,0.997559,0.000000,,,,,"","",,,,8.669967,,0.000000,,0.000000,,,0.000000,0.000000,"",,,0.000000,,-1.000000,,0.000000,0.000000,0.000000,-1.000000,,,,,,,,,,,"",,,,,,,,,,"Volumetric",,,,,,,,,,0.000000,,,,,,,,,,0.000000,0.000000,,,,,,,,,,,,
"Q3No739","Nodes",1118700.517129,1674421.618349,1313.064347,"Default Known Flow Node",69.999969,0.579999,1000.000000,0.000000,"Known Flow",0.000000,0.000000,2.16999993085665e-07,40.000000,0.579999,1000.000000,0.000000,0.000000,13.000000,0.000000,0.515380,0.579999,,,,8.673720,8.673720,,16.800279,,,,,,903.822387,0.066145,0.000000,0.000000,0.000000,,-459.670013,1000.000000,,0.000000,0.000000,,,,0.047211,"UNDEFINED",0.000000,0.997559,0.000000,,,,,"","",,,,8.673720,,0.000000,,0.000000,,,0.000000,0.000000,"",,,0.000000,,-1.000000,,0.000000,0.000000,0.000000,-1.000000,,,,,,,,,,,"",,,,,,,,,,"Volumetric",,,,,,,,,,0.000000,,,,,,,,,,0.000000,0.000000,,,,,,,,,,,,
"Q3No741","Nodes",1118712.679910,1674485.196149,1313.064347,"Default Known Flow Node",69.999969,0.579999,1000.000000,0.000000,"Known Flow",0.000000,0.000000,2.16999993085665e-07,40.000000,0.579999,1000.000000,0.000000,0.000000,13.000000,0.000000,0.515380,0.579999,,,,8.659739,8.659739,,16.800279,,,,,,903.822387,0.066145,0.000000,0.000000,0.000000,,-459.670013,1000.000000,,0.000000,0.000000,,,,0.047209,"UNDEFINED",0.000000,0.997559,0.000000,,,,,"","",,,,8.659739,,0.000000,,0.000000,,,0.000000,0.000000,"",,,0.000000,,-1.000000,,0.000000,0.000000,0.000000,-1.000000,,,,,,,,,,,"",,,,,,,,,,"Volumetric",,,,,,,,,,0.000000,,,,,,,,,,0.000000,0.000000,,,,,,,,,,,,
"Q3No742","Nodes",1118711.390805,1674501.478101,1313.064347,"Default Known Flow Node",69.999969,0.579999,1000.000000,0.000000,"Known Flow",0.000000,0.000000,2.16999993085665e-07,40.000000,0.579999,1000.000000,0.000000,0.000000,13.000000,0.000000,0.515380,0.579999,,,,8.655954,8.655954,,16.800279,,,,,,903.822387,0.066145,0.000000,0.000000,0.000000,,-459.670013,1000.000000,,0.000000,0.000000,,,,0.047209,"UNDEFINED",0.000000,0.997559,0.000000,,,,,"","",,,,8.655954,,0.000000,,0.000000,,,0.000000,0.000000,"",,,0.000000,,-1.000000,,0.000000,0.000000,0.000000,-1.000000,,,,,,,,,,,"",,,,,,,,,,"Volumetric",,,,,,,,,,0.000000,,,,,,,,,,0.000000,0.000000,,,,,,,,,,,,
"Q3No745","Nodes",1118769.703526,1674491.536793,1313.064347,"Default Known Flow Node",69.999969,0.579999,1000.000000,0.000000,"Known Flow",0.000000,0.000000,2.16999993085665e-07,40.000000,0.579999,1000.000000,0.000000,0.000000,13.000000,0.000000,0.515380,0.579999,,,,8.661634,8.661634,,16.800279,,,,,,903.822387,0.066145,0.000000,0.000000,0.000000,,-459.670013,1000.000000,,0.000000,0.000000,,,,0.047210,"UNDEFINED",0.000000,0.997559,0.000000,,,,,"","",,,,8.661634,,0.000000,,0.000000,,,0.000000,0.000000,"",,,0.000000,,-1.000000,,0.000000,0.000000,0.000000,-1.000000,,,,,,,,,,,"",,,,,,,,,,"Volumetric",,,,,,,,,,0.000000,,,,,,,,,,0.000000,0.000000,,,,,,,,,,,,
"Q3No771","Nodes",1114506.512007,1671523.176887,1313.064347,"Default Known Flow Node",69.999969,0.579999,1000.000000,0.000000,"Known Flow",0.000000,0.000000,2.16999993085665e-07,40.000000,0.579999,1000.000000,0.000000,0.000000,13.000000,0.000000,0.515375,0.579999,,,,7.712134,7.712134,,16.800279,,,,,,903.822387,0.066146,0.000000,0.000000,0.000000,,-459.670013,1000.000000,,0.000000,0.000000,,,,0.047102,"UNDEFINED",0.000000,0.997564,0.000000,,,,,"","",,,,7.712134,,0.000000,,0.000000,,,0.000000,0.000000,"",,,0.000000,,-1.000000,,0.000000,0.000000,0.000000,-1.000000,,,,,,,,,,,"",,,,,,,,,,"Volumetric",,,,,,,,,,0.000000,,,,,,,,,,0.000000,0.000000,,,,,,,,,,,,
"Q3No772","Nodes",1114505.866880,1671525.998426,1313.064347,"Default Known Flow Node",69.999969,0.579999,1000.000000,0.000000,"Known Flow",0.000000,0.000000,2.16999993085665e-07,40.000000,0.579999,1000.000000,0.000000,0.000000,13.000000,0.000000,0.515375,0.579999,,,,7.711755,7.711755,,16.800279,,,,,,903.822387,0.066146,0.000000,0.000000,0.000000,,-459.670013,1000.000000,,0.000000,0.000000,,,,0.047102,"UNDEFINED",0.000000,0.997564,0.000000,,,,,"","",,,,7.711755,,0.000000,,0.000000,,,0.000000,0.000000,"",,,0.000000,,-1.000000,,0.000000,0.000000,0.000000,-1.000000,,,,,,,,,,,"",,,,,,,,,,"Volumetric",,,,,,,,,,0.000000,,,,,,,,,,0.000000,0.000000,,,,,,,,,,,,
"2FC01537","Nodes",1114505.021387,1671529.701529,1313.064347,"Default Known Flow Node",69.999969,0.579999,1000.000000,0.000000,"Known Flow",0.000000,0.000000,2.16999993085665e-07,40.000000,0.579999,1000.000000,0.000000,0.000000,13.000000,0.000000,0.515375,0.579999,,,,7.711696,7.711696,,16.800279,,,,,,903.822387,0.066146,0.000000,0.000000,0.000000,,-459.670013,1000.000000,,0.000000,0.000000,,,,0.047102,"UNDEFINED",0.000000,0.997564,0.000000,,,,,"","",,,,7.711696,,0.000000,,0.000000,,,0.000000,0.000000,"",,,0.000000,"V71933",-1.000000,,0.000000,0.000000,0.000000,-1.000000,,,,,,,,,,,"",,,,,,,,,,"Volumetric",,,,,,,,,,0.000000,,,,,,,,,,0.000000,0.000000,,,,,,,,,,,,
"Q3No775","Nodes",1114491.612315,1671587.120088,1313.064347,"Default Known Flow Node",69.999969,0.579999,1000.000000,0.000000,"Known Flow",0.000000,0.000000,2.16999993085665e-07,40.000000,0.579999,1000.000000,0.000000,0.000000,13.000000,0.000000,0.515375,0.579999,,,,7.710075,7.710075,,16.800279,,,,,,903.822387,0.066146,0.000000,0.000000,0.000000,,-459.670013,1000.000000,,0.000000,0.000000,,,,0.047102,"UNDEFINED",0.000000,0.997564,0.000000,,,,,"","",,,,7.710075,,0.000000,,0.000000,,,0.000000,0.000000,"",,,0.000000,,-1.000000,,0.000000,0.000000,0.000000,-1.000000,,,,,,,,,,,"",,,,,,,,,,"Volumetric",,,,,,,,,,0.000000,,,,,,,,,,0.000000,0.000000,,,,,,,,,,,,
"Q3No776","Nodes",1114480.262798,1671636.079244,1313.064347,"Default Known Flow Node",69.999969,0.579999,1000.000000,0.000000,"Known Flow",0.000000,0.000000,2.16999993085665e-07,40.000000,0.579999,1000.000000,0.000000,0.000000,13.000000,0.000000,0.515375,0.579999,,,,7.708600,7.708600,,16.800279,,,,,,903.822387,0.066146,0.000000,0.000000,0.000000,,-459.670013,1000.000000,,0.000000,0.000000,,,,0.047101,"UNDEFINED",0.000000,0.997564,0.000000,,,,,"","",,,,7.708600,,0.000000,,0.000000,,,0.000000,0.000000,"",,,0.000000,,-1.000000,,0.000000,0.000000,0.000000,-1.000000,,,,,,,,,,,"",,,,,,,,,,"Volumetric",,,,,,,,,,0.000000,,,,,,,,,,0.000000,0.000000,,,,,,,,,,,,
"Q3No777","Nodes",1114477.127230,1671639.598759,1313.064347,"Default Known Flow Node",69.999969,0.579999,1000.000000,0.000000,"Known Flow",0.000000,0.000000,2.16999993085665e-07,40.000000,0.579999,1000.000000,0.000000,0.000000,13.000000,0.000000,0.515375,0.579999,,,,7.707444,7.707444,,16.800279,,,,,,903.822387,0.066146,0.000000,0.000000,0.000000,,-459.670013,1000.000000,,0.000000,0.000000,,,,0.047101,"UNDEFINED",0.000000,0.997564,0.000000,,,,,"","",,,,7.707444,,0.000000,,0.000000,,,0.000000,0.000000,"",,,0.000000,,-1.000000,,0.000000,0.000000,0.000000,-1.000000,,,,,,,,,,,"",,,,,,,,,,"Volumetric",,,,,,,,,,0.000000,,,,,,,,,,0.000000,0.000000,,,,,,,,,,,,
"Q3No778","Nodes",1114476.443112,1671642.519875,1313.064347,"Default Known Flow Node",69.999969,0.579999,1000.000000,0.000000,"Known Flow",0.000000,0.000000,2.16999993085665e-07,40.000000,0.579999,1000.000000,0.000000,0.000000,13.000000,0.000000,0.515375,0.579999,,,,7.705414,7.705414,,16.800279,,,,,,903.822387,0.066146,0.000000,0.000000,0.000000,,-459.670013,1000.000000,,0.000000,0.000000,,,,0.047101,"UNDEFINED",0.000000,0.997564,0.000000,,,,,"","",,,,7.705414,,0.000000,,0.000000,,,0.000000,0.000000,"",,,0.000000,,-1.000000,,0.000000,0.000000,0.000000,-1.000000,,,,,,,,,,,"",,,,,,,,,,"Volumetric",,,,,,,,,,0.000000,,,,,,,,,,0.000000,0.000000,,,,,,,,,,,,
"2FC0153F","Nodes",1114494.391955,1671540.163914,1313.064347,"Default Known Flow Node",69.999969,0.579999,1000.000000,0.000000,"Known Flow",0.000000,0.000000,2.16999993085665e-07,40.000000,0.579999,1000.000000,0.000000,0.000000,13.000000,0.000000,0.515375,0.579999,,,,7.711519,7.711519,,16.800279,,,,,,903.822387,0.066146,0.000000,0.000000,0.000000,,-459.670013,1000.000000,,0.000000,0.000000,,,,0.047102,"UNDEFINED",0.000000,0.997564,0.000000,,,,,"","",,,,7.711519,,0.000000,,0.000000,,,0.000000,0.000000,"",,,0.000000,"V71935",-1.000000,,0.000000,0.000000,0.000000,-1.000000,,,,,,,,,,,"",,,,,,,,,,"Volumetric",,,,,,,,,,0.000000,,,,,,,,,,0.000000,0.000000,,,,,,,,,,,,
"Q3No780","Nodes",1114492.946465,1671537.590498,1313.064347,"Default Known Flow Node",69.999969,0.579999,1000.000000,0.000000,"Known Flow",0.000000,0.000000,2.16999993085665e-07,40.000000,0.579999,1000.000000,0.000000,0.000000,13.000000,0.000000,0.515375,0.579999,,,,7.711560,7.711560,,16.800279,,,,,,903.822387,0.066146,0.000000,0.000000,0.000000,,-459.670013,1000.000000,,0.000000,0.000000,,,,0.047102,"UNDEFINED",0.000000,0.997564,0.000000,,,,,"","",,,,7.711560,,0.000000,,0.000000,,,0.000000,0.000000,"",,,0.000000,,-1.000000,,0.000000,0.000000,0.000000,-1.000000,,,,,,,,,,,"",,,,,,,,,,"Volumetric",,,,,,,,,,0.000000,,,,,,,,,,0.000000,0.000000,,,,,,,,,,,,
"Q3No781","Nodes",1114491.512891,1671534.935731,1313.064347,"Default Known Flow Node",69.999969,0.579999,1000.000000,0.000000,"Known Flow",0.000000,0.000000,2.16999993085665e-07,40.000000,0.579999,1000.000000,0.000000,0.000000,13.000000,0.000000,0.515375,0.579999,,,,7.711698,7.711698,,16.800279,,,,,,903.822387,0.066146,0.000000,0.000000,0.000000,,-459.670013,1000.000000,,0.000000,0.000000,,,,0.047102,"UNDEFINED",0.000000,0.997564,0.000000,,,,,"","",,,,7.711698,,0.000000,,0.000000,,,0.000000,0.000000,"",,,0.000000,,-1.000000,,0.000000,0.000000,0.000000,-1.000000,,,,,,,,,,,"",,,,,,,,,,"Volumetric",,,,,,,,,,0.000000,,,,,,,,,,0.000000,0.000000,,,,,,,,,,,,
"2FC18710","Nodes",1117546.564073,1674416.464497,1313.064347,"Default Known Flow Node",69.999969,0.579999,1000.000000,0.000000,"Known Flow",0.000000,0.000000,2.16999993085665e-07,40.000000,0.579999,1000.000000,0.000000,0.000000,13.000000,0.000000,0.515374,0.579999,,,,7.590655,7.590655,,16.800279,,,,,,903.822387,0.066146,0.000000,0.000000,0.000000,,-459.670013,1000.000000,,0.000000,0.000000,,,,0.047088,"UNDEFINED",0.000000,0.997565,0.000000,,,,,"","",,,,7.590655,,0.000000,,0.000000,,,0.000000,0.000000,"",,,0.000000,"V72071",-1.000000,,0.000000,0.000000,0.000000,-1.000000,,,,,,,,,,,"",,,,,,,,,,"Volumetric",,,,,,,,,,0.000000,,,,,,,,,,0.000000,0.000000,,,,,,,,,,,,
"Q3No870","Nodes",1117683.866995,1674488.169656,1313.064347,"Default Known Flow Node",69.999969,0.579999,1000.000000,0.000000,"Known Flow",0.000000,0.000000,2.16999993085665e-07,40.000000,0.579999,1000.000000,0.000000,0.000000,13.000000,0.000000,0.515374,0.579999,,,,7.590573,7.590573,,16.800279,,,,,,903.822387,0.066146,0.000000,0.000000,0.000000,,-459.670013,1000.000000,,0.000000,0.000000,,,,0.047088,"UNDEFINED",0.000000,0.997565,0.000000,,,,,"","",,,,7.590573,,0.000000,,0.000000,,,0.000000,0.000000,"",,,0.000000,,-1.000000,,0.000000,0.000000,0.000000,-1.000000,,,,,,,,,,,"",,,,,,,,,,"Volumetric",,,,,,,,,,0.000000,,,,,,,,,,0.000000,0.000000,,,,,,,,,,,,
"Q3No871","Nodes",1117687.730040,1674489.207438,1313.064347,"Default Known Flow Node",69.999969,0.579999,1000.000000,0.000000,"Known Flow",0.000000,0.000000,2.16999993085665e-07,40.000000,0.579999,1000.000000,0.000000,0.000000,13.000000,0.000000,0.515374,0.579999,,,,7.590569,7.590569,,16.800279,,,,,,903.822387,0.066146,0.000000,0.000000,0.000000,,-459.670013,1000.000000,,0.000000,0.000000,,,,0.047088,"UNDEFINED",0.000000,0.997565,0.000000,,,,,"","",,,,7.590569,,0.000000,,0.000000,,,0.000000,0.000000,"",,,0.000000,,-1.000000,,0.000000,0.000000,0.000000,-1.000000,,,,,,,,,,,"",,,,,,,,,,"Volumetric",,,,,,,,,,0.000000,,,,,,,,,,0.000000,0.000000,,,,,,,,,,,,
"Q3No873","Nodes",1114712.602909,1669396.964295,1313.064347,"Default Known Flow Node",69.999969,0.579999,1000.000000,0.000000,"Known Flow",0.000000,0.000000,2.16999993085665e-07,40.000000,0.579999,1000.000000,0.000000,0.000000,13.000000,0.000000,0.515375,0.579999,,,,7.646735,7.646735,,16.800279,,,,,,903.822387,0.066146,0.000000,0.000000,0.000000,,-459.670013,1000.000000,,0.000000,0.000000,,,,0.047094,"UNDEFINED",0.000000,0.997565,0.000000,,,,,"","",,,,7.646735,,0.000000,,0.000000,,,0.000000,0.000000,"",,,0.000000,,-1.000000,,0.000000,0.000000,0.000000,-1.000000,,,,,,,,,,,"",,,,,,,,,,"Volumetric",,,,,,,,,,0.000000,,,,,,,,,,0.000000,0.000000,,,,,,,,,,,,
"Q3No875","Nodes",1113587.737139,1670514.865787,1313.064347,"Default Known Flow Node",69.999969,0.579999,1000.000000,0.000000,"Known Flow",0.000000,0.000000,2.16999993085665e-07,40.000000,0.579999,1000.000000,0.000000,0.000000,13.000000,0.000000,0.515374,0.579999,,,,7.593356,7.593356,,16.800279,,,,,,903.822387,0.066146,0.000000,0.000000,0.000000,,-459.670013,1000.000000,,0.000000,0.000000,,,,0.047088,"UNDEFINED",0.000000,0.997565,0.000000,,,,,"","",,,,7.593356,,0.000000,,0.000000,,,0.000000,0.000000,"",,,0.000000,,-1.000000,,0.000000,0.000000,0.000000,-1.000000,,,,,,,,,,,"",,,,,,,,,,"Volumetric",,,,,,,,,,0.000000,,,,,,,,,,0.000000,0.000000,,,,,,,,,,,,
"Q3No894","Nodes",1117612.929126,1669764.588932,1313.064347,"Default Known Flow Node",69.999969,0.579999,1000.000000,0.000000,"Known Flow",0.000000,0.000000,2.16999993085665e-07,40.000000,0.579999,1000.000000,0.000000,0.000000,13.000000,0.000000,0.515370,0.579999,,,,6.748343,6.748343,,16.800279,,,,,,903.822387,0.066147,0.000000,0.000000,0.000000,,-459.670013,1000.000000,,0.000000,0.000000,,,,0.046992,"UNDEFINED",0.000000,0.997570,0.000000,,,,,"","",,,,6.748343,,0.000000,,0.000000,,,0.000000,0.000000,"",,,0.000000,,-1.000000,,0.000000,0.000000,0.000000,-1.000000,,,,,,,,,,,"",,,,,,,,,,"Volumetric",,,,,,,,,,0.000000,,,,,,,,,,0.000000,0.000000,,,,,,,,,,,,
"Q3No895","Nodes",1117620.322640,1669783.077087,1313.064347,"Default Known Flow Node",69.999969,0.579999,1000.000000,0.000000,"Known Flow",0.000000,0.000000,2.16999993085665e-07,40.000000,0.579999,1000.000000,0.000000,0.000000,13.000000,0.000000,0.515370,0.579999,,,,6.715410,6.715410,,16.800279,,,,,,903.822387,0.066147,0.000000,0.000000,0.000000,,-459.670013,1000.000000,,0.000000,0.000000,,,,0.046989,"UNDEFINED",0.000000,0.997570,0.000000,,,,,"","",,,,6.715410,,0.000000,,0.000000,,,0.000000,0.000000,"",,,0.000000,,-1.000000,,0.000000,0.000000,0.000000,-1.000000,,,,,,,,,,,"",,,,,,,,,,"Volumetric",,,,,,,,,,0.000000,,,,,,,,,,0.000000,0.000000,,,,,,,,,,,,
"Q3No896","Nodes",1117623.913309,1669787.279432,1313.064347,"Default Known Flow Node",69.999969,0.579999,1000.000000,0.000000,"Known Flow",0.000000,0.000000,2.16999993085665e-07,40.000000,0.579999,1000.000000,0.000000,0.000000,13.000000,0.000000,0.515369,0.579999,,,,6.713841,6.713841,,16.800279,,,,,,903.822387,0.066147,0.000000,0.000000,0.000000,,-459.670013,1000.000000,,0.000000,0.000000,,,,0.046988,"UNDEFINED",0.000000,0.997570,0.000000,,,,,"","",,,,6.713841,,0.000000,,0.000000,,,0.000000,0.000000,"",,,0.000000,,-1.000000,,0.000000,0.000000,0.000000,-1.000000,,,,,,,,,,,"",,,,,,,,,,"Volumetric",,,,,,,,,,0.000000,,,,,,,,,,0.000000,0.000000,,,,,,,,,,,,
"Q3No899","Nodes",1117621.123905,1669799.737825,1313.064347,"Default Known Flow Node",69.999969,0.579999,1000.000000,0.000000,"Known Flow",0.000000,0.000000,2.16999993085665e-07,40.000000,0.579999,1000.000000,0.000000,0.000000,13.000000,0.000000,0.515369,0.579999,,,,6.713210,6.713210,,16.800279,,,,,,903.822387,0.066147,0.000000,0.000000,0.000000,,-459.670013,1000.000000,,0.000000,0.000000,,,,0.046988,"UNDEFINED",0.000000,0.997570,0.000000,,,,,"","",,,,6.713210,,0.000000,,0.000000,,,0.000000,0.000000,"",,,0.000000,,-1.000000,,0.000000,0.000000,0.000000,-1.000000,,,,,,,,,,,"",,,,,,,,,,"Volumetric",,,,,,,,,,0.000000,,,,,,,,,,0.000000,0.000000,,,,,,,,,,,,
"Q3No900","Nodes",1117617.190761,1669800.466213,1313.064347,"Default Known Flow Node",69.999969,0.579999,1000.000000,0.000000,"Known Flow",0.000000,0.000000,2.16999993085665e-07,40.000000,0.579999,1000.000000,0.000000,0.000000,13.000000,0.000000,0.515369,0.579999,,,,6.713364,6.713364,,16.800279,,,,,,903.822387,0.066147,0.000000,0.000000,0.000000,,-459.670013,1000.000000,,0.000000,0.000000,,,,0.046988,"UNDEFINED",0.000000,0.997570,0.000000,,,,,"","",,,,6.713364,,0.000000,,0.000000,,,0.000000,0.000000,"",,,0.000000,,-1.000000,,0.000000,0.000000,0.000000,-1.000000,,,,,,,,,,,"",,,,,,,,,,"Volumetric",,,,,,,,,,0.000000,,,,,,,,,,0.000000,0.000000,,,,,,,,,,,,
"Q3No901","Nodes",1117606.876871,1669801.309154,1313.064347,"Default Known Flow Node",69.999969,0.579999,1000.000000,0.000000,"Known Flow",0.000000,0.000000,2.16999993085665e-07,40.000000,0.579999,1000.000000,0.000000,0.000000,13.000000,0.000000,0.515370,0.579999,,,,6.721790,6.721790,,16.800279,,,,,,903.822387,0.066147,0.000000,0.000000,0.000000,,-459.670013,1000.000000,,0.000000,0.000000,,,,0.046989,"UNDEFINED",0.000000,0.997570,0.000000,,,,,"","",,,,6.721790,,0.000000,,0.000000,,,0.000000,0.000000,"",,,0.000000,,-1.000000,,0.000000,0.000000,0.000000,-1.000000,,,,,,,,,,,"",,,,,,,,,,"Volumetric",,,,,,,,,,0.000000,,,,,,,,,,0.000000,0.000000,,,,,,,,,,,,
"Q3No903","Nodes",1117663.841720,1669807.068846,1313.064347,"Default Known Flow Node",69.999969,0.579999,1000.000000,0.000000,"Known Flow",0.000000,0.000000,2.16999993085665e-07,40.000000,0.579999,1000.000000,0.000000,0.000000,13.000000,0.000000,0.515369,0.579999,,,,6.709229,6.709229,,16.800279,,,,,,903.822387,0.066147,0.000000,0.000000,0.000000,,-459.670013,1000.000000,,0.000000,0.000000,,,,0.046988,"UNDEFINED",0.000000,0.997570,0.000000,,,,,"","",,,,6.709229,,0.000000,,0.000000,,,0.000000,0.000000,"",,,0.000000,,-1.000000,,0.000000,0.000000,0.000000,-1.000000,,,,,,,,,,,"",,,,,,,,,,"Volumetric",,,,,,,,,,0.000000,,,,,,,,,,0.000000,0.000000,,,,,,,,,,,,
"Q3No904","Nodes",1117672.944938,1669812.209734,1313.064347,"Default Known Flow Node",69.999969,0.579999,1000.000000,0.000000,"Known Flow",0.000000,0.000000,2.16999993085665e-07,40.000000,0.579999,1000.000000,0.000000,0.000000,13.000000,0.000000,0.515369,0.579999,,,,6.707830,6.707830,,16.800279,,,,,,903.822387,0.066147,0.000000,0.000000,0.000000,,-459.670013,1000.000000,,0.000000,0.000000,,,,0.046988,"SETFLOW",0.000000,0.997570,0.000000,,,,,"","",,,,6.707830,,0.000000,,0.000000,,,0.000000,0.000000,"",,,0.000000,,-1.000000,,0.000000,0.000000,0.000000,-1.000000,,,,,,,,,,,"",,,,,,,,,,"Volumetric",,,,,,,,,,-0.458639,,,,,,,,,,-0.458639,-0.011007,,,,,,,,,,,,
"Q3No922","Nodes",1116309.906872,1677940.742358,1313.064347,"Default Known Flow Node",69.999969,0.579999,1000.000000,0.000000,"Known Flow",0.000000,0.000000,2.16999993085665e-07,40.000000,0.579999,1000.000000,0.000000,0.000000,13.000000,0.000000,0.515375,0.579999,,,,7.633525,7.633525,,16.800279,,,,,,903.822387,0.066146,0.000000,0.000000,0.000000,,-459.670013,1000.000000,,0.000000,0.000000,,,,0.047093,"UNDEFINED",0.000000,0.997565,0.000000,,,,,"","",,,,7.633525,,0.000000,,0.000000,,,0.000000,0.000000,"",,,0.000000,,-1.000000,,0.000000,0.000000,0.000000,-1.000000,,,,,,,,,,,"",,,,,,,,,,"Volumetric",,,,,,,,,,0.000000,,,,,,,,,,0.000000,0.000000,,,,,,,,,,,,
"Q3No924","Nodes",1122210.455922,1674786.557315,1313.064347,"Default Known Flow Node",69.999969,0.579999,1000.000000,0.000000,"Known Flow",0.000000,0.000000,2.16999993085665e-07,40.000000,0.579999,1000.000000,0.000000,0.000000,13.000000,0.000000,0.515379,0.579999,,,,8.511440,8.511440,,16.800279,,,,,,903.822387,0.066146,0.000000,0.000000,0.000000,,-459.670013,1000.000000,,0.000000,0.000000,,,,0.047193,"UNDEFINED",0.000000,0.997560,0.000000,,,,,"","",,,,8.511440,,0.000000,,0.000000,,,0.000000,0.000000,"",,,0.000000,,-1.000000,,0.000000,0.000000,0.000000,-1.000000,,,,,,,,,,,"",,,,,,,,,,"Volumetric",,,,,,,,,,0.000000,,,,,,,,,,0.000000,0.000000,,,,,,,,,,,,
"Q3No927","Nodes",1122203.087022,1674791.990855,1313.064347,"Default Known Flow Node",69.999969,0.579999,1000.000000,0.000000,"Known Flow",0.000000,0.000000,2.16999993085665e-07,40.000000,0.579999,1000.000000,0.000000,0.000000,13.000000,0.000000,0.515379,0.579999,,,,8.511578,8.511578,,16.800279,,,,,,903.822387,0.066146,0.000000,0.000000,0.000000,,-459.670013,1000.000000,,0.000000,0.000000,,,,0.047193,"UNDEFINED",0.000000,0.997560,0.000000,,,,,"","",,,,8.511578,,0.000000,,0.000000,,,0.000000,0.000000,"",,,0.000000,,-1.000000,,0.000000,0.000000,0.000000,-1.000000,,,,,,,,,,,"",,,,,,,,,,"Volumetric",,,,,,,,,,0.000000,,,,,,,,,,0.000000,0.000000,,,,,,,,,,,,
"Q3No928","Nodes",1122201.148826,1674791.497538,1313.064347,"Default Known Flow Node",69.999969,0.579999,1000.000000,0.000000,"Known Flow",0.000000,0.000000,2.16999993085665e-07,40.000000,0.579999,1000.000000,0.000000,0.000000,13.000000,0.000000,0.515379,0.579999,,,,8.511737,8.511737,,16.800279,,,,,,903.822387,0.066146,0.000000,0.000000,0.000000,,-459.670013,1000.000000,,0.000000,0.000000,,,,0.047193,"UNDEFINED",0.000000,0.997560,0.000000,,,,,"","",,,,8.511737,,0.000000,,0.000000,,,0.000000,0.000000,"",,,0.000000,,-1.000000,,0.000000,0.000000,0.000000,-1.000000,,,,,,,,,,,"",,,,,,,,,,"Volumetric",,,,,,,,,,0.000000,,,,,,,,,,0.000000,0.000000,,,,,,,,,,,,
"Q3No930","Nodes",1122257.529830,1674805.076830,1313.064347,"Default Known Flow Node",69.999969,0.579999,1000.000000,0.000000,"Known Flow",0.000000,0.000000,2.16999993085665e-07,40.000000,0.579999,1000.000000,0.000000,0.000000,13.000000,0.000000,0.515379,0.579999,,,,8.510316,8.510316,,16.800279,,,,,,903.822387,0.066146,0.000000,0.000000,0.000000,,-459.670013,1000.000000,,0.000000,0.000000,,,,0.047192,"UNDEFINED",0.000000,0.997560,0.000000,,,,,"","",,,,8.510316,,0.000000,,0.000000,,,0.000000,0.000000,"",,,0.000000,,-1.000000,,0.000000,0.000000,0.000000,-1.000000,,,,,,,,,,,"",,,,,,,,,,"Volumetric",,,,,,,,,,0.000000,,,,,,,,,,0.000000,0.000000,,,,,,,,,,,,
"Q3No931","Nodes",1122262.557832,1674807.489396,1313.064347,"Default Known Flow Node",69.999969,0.579999,1000.000000,0.000000,"Known Flow",0.000000,0.000000,2.16999993085665e-07,40.000000,0.579999,1000.000000,0.000000,0.000000,13.000000,0.000000,0.515379,0.579999,,,,8.509925,8.509925,,16.800279,,,,,,903.822387,0.066146,0.000000,0.000000,0.000000,,-459.670013,1000.000000,,0.000000,0.000000,,,,0.047192,"UNDEFINED",0.000000,0.997560,0.000000,,,,,"","",,,,8.509925,,0.000000,,0.000000,,,0.000000,0.000000,"",,,0.000000,,-1.000000,,0.000000,0.000000,0.000000,-1.000000,,,,,,,,,,,"",,,,,,,,,,"Volumetric",,,,,,,,,,0.000000,,,,,,,,,,0.000000,0.000000,,,,,,,,,,,,
"Q3No934","Nodes",1122286.379799,1675598.311654,1313.064347,"Default Known Flow Node",69.999969,0.579999,1000.000000,0.000000,"Known Flow",0.000000,0.000000,2.16999993085665e-07,40.000000,0.579999,1000.000000,0.000000,0.000000,13.000000,0.000000,0.515378,0.579999,,,,8.334954,8.334954,,16.800279,,,,,,903.822387,0.066146,0.000000,0.000000,0.000000,,-459.670013,1000.000000,,0.000000,0.000000,,,,0.047173,"UNDEFINED",0.000000,0.997561,0.000000,,,,,"","",,,,8.334954,,0.000000,,0.000000,,,0.000000,0.000000,"",,,0.000000,,-1.000000,,0.000000,0.000000,0.000000,-1.000000,,,,,,,,,,,"",,,,,,,,,,"Volumetric",,,,,,,,,,0.000000,,,,,,,,,,0.000000,0.000000,,,,,,,,,,,,
"Q3No968","Nodes",1120912.364393,1675035.281296,1313.064347,"Default Known Flow Node",69.999969,0.579999,1000.000000,0.000000,"Known Flow",0.000000,0.000000,2.16999993085665e-07,40.000000,0.579999,1000.000000,0.000000,0.000000,13.000000,0.000000,0.515379,0.579999,,,,8.481915,8.481915,,16.800279,,,,,,903.822387,0.066146,0.000000,0.000000,0.000000,,-459.670013,1000.000000,,0.000000,0.000000,,,,0.047189,"UNDEFINED",0.000000,0.997560,0.000000,,,,,"","",,,,8.481915,,0.000000,,0.000000,,,0.000000,0.000000,"",,,0.000000,,-1.000000,,0.000000,0.000000,0.000000,-1.000000,,,,,,,,,,,"",,,,,,,,,,"Volumetric",,,,,,,,,,0.000000,,,,,,,,,,0.000000,0.000000,,,,,,,,,,,,
"Q3No670","Nodes",1118075.986483,1668702.768708,1313.064347,"Default Known Flow Node",69.999969,0.579999,1000.000000,0.000000,"Known Flow",0.000000,0.000000,2.16999993085665e-07,40.000000,0.579999,1000.000000,0.000000,0.000000,13.000000,0.000000,0.515378,0.579999,,,,8.250717,8.250717,,16.800279,,,,,,903.822387,0.066146,0.000000,0.000000,0.000000,,-459.670013,1000.000000,,0.000000,0.000000,,,,0.047163,"UNDEFINED",0.000000,0.997561,0.000000,,,,,"","",,,,8.250717,,0.000000,,0.000000,,,0.000000,0.000000,"",,,0.000000,"V11069",-1.000000,,0.000000,0.000000,0.000000,-1.000000,,,,,,,,,,,"",,,,,,,,,,"Volumetric",,,,,,,,,,0.000000,,,,,,,,,,0.000000,0.000000,,,,,,,,,,,,
"0BF45856","Nodes",1115145.995460,1668896.509234,1313.064347,"Default Known Flow Node",69.999969,0.579999,1000.000000,0.000000,"Known Flow",0.000000,0.000000,2.16999993085665e-07,40.000000,0.579999,1000.000000,0.000000,0.000000,13.000000,0.000000,0.515376,0.579999,,,,7.881692,7.881692,,16.800279,,,,,,903.822387,0.066146,0.000000,0.000000,0.000000,,-459.670013,1000.000000,,0.000000,0.000000,,,,0.047121,"UNDEFINED",0.000000,0.997563,0.000000,,,,,"","",,,,7.881692,,0.000000,,0.000000,,,0.000000,0.000000,"",,,0.000000,"140-15 Holly Ave, Q=9.132 mcfh, Firm",-1.000000,,0.000000,0.000000,0.000000,-1.000000,,,,,,,,,,,,,,"",,,,,,,,,,"Volumetric",,,,,,,,,,-9.131999,,,,,,,0.000000,0.000000,,,,,,,,,,,,
"14407SAV","Nodes",1118178.101028,1668612.495327,1313.064347,"Default Known Flow Node",69.999969,0.579999,1000.000000,0.000000,"Known Flow",0.000000,0.000000,2.16999993085665e-07,40.000000,0.579999,1000.000000,0.000000,0.000000,13.000000,0.000000,0.515379,0.579999,,,,8.384842,8.384842,,16.800279,,,,,,903.822387,0.066146,0.000000,0.000000,0.000000,,-459.670013,1000.000000,,0.000000,0.000000,,,,0.047178,"UNDEFINED",0.000000,0.997560,0.000000,,,,,"","",,,,8.384842,,0.000000,,0.000000,,,0.000000,0.000000,"",,,0.000000,"144-07 Sanford Ave (POE Parsons Blvd) Q= 7.018 mcfh, Firm",-1.000000,,0.000000,0.000000,0.000000,-1.000000,,,,,,,,,,,"",,,"",,,,,,,"Volumetric",,,"Volumetric",,,,,,,0.000000,,,-7.018000,,,,,,,0.000000,0.000000,,,,,,,,,,,,
"2FBFC922","Nodes",1118201.932208,1678598.091436,1313.064347,"Default Known Flow Node",69.999969,0.579999,1000.000000,0.000000,"Known Flow",0.000000,0.000000,2.16999993085665e-07,40.000000,0.579999,1000.000000,0.000000,0.000000,13.000000,0.000000,0.515372,0.579999,,,,7.213577,7.213577,,16.800279,,,,,,903.822387,0.066146,0.000000,0.000000,0.000000,,-459.670013,1000.000000,,0.000000,0.000000,,,,0.047045,"UNDEFINED",0.000000,0.997567,0.000000,,,,,"","",,,,7.213577,,0.000000,,0.000000,,,0.000000,0.000000,"",,,0.000000,,-1.000000,,0.000000,0.000000,0.000000,-1.000000,,,,,,,,,,,"",,,,,,,,,,"Volumetric",,,,,,,,,,0.000000,,,,,,,,,,0.000000,0.000000,,,,,,,,,,,,
"2FAF6822","Nodes",1118467.064271,1678596.436826,1313.064347,"Default Known Flow Node",69.999969,0.579999,1000.000000,0.000000,"Known Flow",0.000000,0.000000,2.16999993085665e-07,40.000000,0.579999,1000.000000,0.000000,0.000000,13.000000,0.000000,0.515372,0.579999,,,,7.157943,7.157943,,16.800279,,,,,,903.822387,0.066146,0.000000,0.000000,0.000000,,-459.670013,1000.000000,,0.000000,0.000000,,,,0.047039,"SETFLOW",0.000000,0.997567,0.000000,,,,,"","",,,,7.157943,,0.000000,,0.000000,,,0.000000,0.000000,"",,,0.000000,,-1.000000,,0.000000,0.000000,-1.000000,-1.000000,,,,,,,,,,,"",,,,,,,,,,"Volumetric",,,,,,,,,,-0.145492,,,,,,,,,,-0.145492,-0.003491,,,,,,,,,,,,
"2FC31DA7","Nodes",1118194.484393,1678605.802365,1313.064347,"Default Known Flow Node",69.999969,0.579999,1000.000000,0.000000,"Known Flow",0.000000,0.000000,2.16999993085665e-07,40.000000,0.579999,1000.000000,0.000000,0.000000,13.000000,0.000000,0.515372,0.579999,,,,7.213534,7.213534,,16.800279,,,,,,903.822387,0.066146,0.000000,0.000000,0.000000,,-459.670013,1000.000000,,0.000000,0.000000,,,,0.047045,"SETFLOW",0.000000,0.997567,0.000000,,,,,"","",,,,7.213534,,0.000000,,0.000000,,,0.000000,0.000000,"",,,0.000000,"V80028",-1.000000,,0.000000,0.000000,-1.000000,-1.000000,,,,,,,,,,,"",,,,,,,,,,"Volumetric",,,,,,,,,,-0.426192,,,,,,,,,,-0.426192,-0.010228,,,,,,,,,,,,
"2FC31DB1","Nodes",1118219.150752,1678581.749662,1313.064347,"Default Known Flow Node",69.999969,0.579999,1000.000000,0.000000,"Known Flow",0.000000,0.000000,2.16999993085665e-07,40.000000,0.579999,1000.000000,0.000000,0.000000,13.000000,0.000000,0.515372,0.579999,,,,7.213488,7.213488,,16.800279,,,,,,903.822387,0.066146,0.000000,0.000000,0.000000,,-459.670013,1000.000000,,0.000000,0.000000,,,,0.047045,"UNDEFINED",0.000000,0.997567,0.000000,,,,,"","",,,,7.213488,,0.000000,,0.000000,,,0.000000,0.000000,"",,,0.000000,"V80028",-1.000000,,0.000000,0.000000,0.000000,-1.000000,,,,,,,,,,,"",,,,,,,,,,"Volumetric",,,,,,,,,,0.000000,,,,,,,,,,0.000000,0.000000,,,,,,,,,,,,
"2FC31D70","Nodes",1118221.159616,1678579.563975,1313.064347,"Default Known Flow Node",69.999969,0.579999,1000.000000,0.000000,"Known Flow",0.000000,0.000000,2.16999993085665e-07,40.000000,0.579999,1000.000000,0.000000,0.000000,13.000000,0.000000,0.515372,0.579999,,,,7.213477,7.213477,,16.800279,,,,,,903.822387,0.066146,0.000000,0.000000,0.000000,,-459.670013,1000.000000,,0.000000,0.000000,,,,0.047045,"UNDEFINED",0.000000,0.997567,0.000000,,,,,"","",,,,7.213477,,0.000000,,0.000000,,,0.000000,0.000000,"",,,0.000000,,-1.000000,,0.000000,0.000000,0.000000,-1.000000,,,,,,,,,,,"",,,,,,,,,,"Volumetric",,,,,,,,,,0.000000,,,,,,,,,,0.000000,0.000000,,,,,,,,,,,,
"2FC31D6E","Nodes",1118221.829145,1678578.836612,1313.064347,"Default Known Flow Node",69.999969,0.579999,1000.000000,0.000000,"Known Flow",0.000000,0.000000,2.16999993085665e-07,40.000000,0.579999,1000.000000,0.000000,0.000000,13.000000,0.000000,0.515372,0.579999,,,,7.213396,7.213396,,16.800279,,,,,,903.822387,0.066146,0.000000,0.000000,0.000000,,-459.670013,1000.000000,,0.000000,0.000000,,,,0.047045,"UNDEFINED",0.000000,0.997567,0.000000,,,,,"","",,,,7.213396,,0.000000,,0.000000,,,0.000000,0.000000,"",,,0.000000,,-1.000000,,0.000000,0.000000,0.000000,-1.000000,,,,,,,,,,,"",,,,,,,,,,"Volumetric",,,,,,,,,,0.000000,,,,,,,,,,0.000000,0.000000,,,,,,,,,,,,
"2FC31D65","Nodes",1118229.291678,1678584.755230,1313.064347,"Default Known Flow Node",69.999969,0.579999,1000.000000,0.000000,"Known Flow",0.000000,0.000000,2.16999993085665e-07,40.000000,0.579999,1000.000000,0.000000,0.000000,13.000000,0.000000,0.515372,0.579999,,,,7.208843,7.208843,,16.800279,,,,,,903.822387,0.066146,0.000000,0.000000,0.000000,,-459.670013,1000.000000,,0.000000,0.000000,,,,0.047045,"UNDEFINED",0.000000,0.997567,0.000000,,,,,"","",,,,7.208843,,0.000000,,0.000000,,,0.000000,0.000000,"",,,0.000000,,-1.000000,,0.000000,0.000000,0.000000,-1.000000,,,,,,,,,,,"",,,,,,,,,,"Volumetric",,,,,,,,,,0.000000,,,,,,,,,,0.000000,0.000000,,,,,,,,,,,,
"2FC31DF0","Nodes",1120975.276589,1672610.774382,1313.064347,"Default Known Flow Node",69.999969,0.579999,1000.000000,0.000000,"Known Flow",0.000000,0.000000,2.16999993085665e-07,40.000000,0.579999,1000.000000,0.000000,0.000000,13.000000,0.000000,0.515381,0.579999,,,,8.702331,8.702331,,16.800279,,,,,,903.822387,0.066145,0.000000,0.000000,0.000000,,-459.670013,1000.000000,,0.000000,0.000000,,,,0.047214,"UNDEFINED",0.000000,0.997558,0.000000,,,,,"","",,,,8.702331,,0.000000,,0.000000,,,0.000000,0.000000,"",,,0.000000,,-1.000000,,0.000000,0.000000,0.000000,-1.000000,,,,,,,,,,,"",,,,,,,,,,"Volumetric",,,,,,,,,,0.000000,,,,,,,,,,0.000000,0.000000,,,,,,,,,,,,
"2FC31DF6","Nodes",1120976.944073,1672612.568466,1313.064347,"Default Known Flow Node",69.999969,0.579999,1000.000000,0.000000,"Known Flow",0.000000,0.000000,2.16999993085665e-07,40.000000,0.579999,1000.000000,0.000000,0.000000,13.000000,0.000000,0.515381,0.579999,,,,8.702089,8.702089,,16.800279,,,,,,903.822387,0.066145,0.000000,0.000000,0.000000,,-459.670013,1000.000000,,0.000000,0.000000,,,,0.047214,"UNDEFINED",0.000000,0.997558,0.000000,,,,,"","",,,,8.702089,,0.000000,,0.000000,,,0.000000,0.000000,"",,,0.000000,,-1.000000,,0.000000,0.000000,0.000000,-1.000000,,,,,,,,,,,"",,,,,,,,,,"Volumetric",,,,,,,,,,0.000000,,,,,,,,,,0.000000,0.000000,,,,,,,,,,,,
"2FC31DF7","Nodes",1120970.058872,1672611.193700,1313.064347,"Default Known Flow Node",69.999969,0.579999,1000.000000,0.000000,"Known Flow",0.000000,0.000000,2.16999993085665e-07,40.000000,0.579999,1000.000000,0.000000,0.000000,13.000000,0.000000,0.515381,0.579999,,,,8.702072,8.702072,,16.800279,,,,,,903.822387,0.066145,0.000000,0.000000,0.000000,,-459.670013,1000.000000,,0.000000,0.000000,,,,0.047214,"UNDEFINED",0.000000,0.997558,0.000000,,,,,"","",,,,8.702072,,0.000000,,0.000000,,,0.000000,0.000000,"",,,0.000000,,-1.000000,,0.000000,0.000000,0.000000,-1.000000,,,,,,,,,,,"",,,,,,,,,,"Volumetric",,,,,,,,,,0.000000,,,,,,,,,,0.000000,0.000000,,,,,,,,,,,,
"2FC31DF4","Nodes",1120977.912168,1672612.819478,1313.064347,"Default Known Flow Node",69.999969,0.579999,1000.000000,0.000000,"Known Flow",0.000000,0.000000,2.16999993085665e-07,40.000000,0.579999,1000.000000,0.000000,0.000000,13.000000,0.000000,0.515381,0.579999,,,,8.702090,8.702090,,16.800279,,,,,,903.822387,0.066145,0.000000,0.000000,0.000000,,-459.670013,1000.000000,,0.000000,0.000000,,,,0.047214,"UNDEFINED",0.000000,0.997558,0.000000,,,,,"","",,,,8.702090,,0.000000,,0.000000,,,0.000000,0.000000,"",,,0.000000,,-1.000000,,0.000000,0.000000,0.000000,-1.000000,,,,,,,,,,,"",,,,,,,,,,"Volumetric",,,,,,,,,,0.000000,,,,,,,,,,0.000000,0.000000,,,,,,,,,,,,
"2FC32858","Nodes",1120992.619309,1672609.673265,1313.064347,"Default Known Flow Node",69.999969,0.579999,1000.000000,0.000000,"Known Flow",0.000000,0.000000,2.16999993085665e-07,40.000000,0.579999,1000.000000,0.000000,0.000000,13.000000,0.000000,0.515381,0.579999,,,,8.702092,8.702092,,16.800279,,,,,,903.822387,0.066145,0.000000,0.000000,0.000000,,-459.670013,1000.000000,,0.000000,0.000000,,,,0.047214,"UNDEFINED",0.000000,0.997558,0.000000,,,,,"","",,,,8.702092,,0.000000,,0.000000,,,0.000000,0.000000,"",,,0.000000,"V80373",-1.000000,,0.000000,0.000000,0.000000,-1.000000,,,,,,,,,,,"",,,,,,,,,,"Volumetric",,,,,,,,,,0.000000,,,,,,,,,,0.000000,0.000000,,,,,,,,,,,,
"2FC31DF9","Nodes",1120994.421112,1672608.514964,1313.064347,"Default Known Flow Node",69.999969,0.579999,1000.000000,0.000000,"Known Flow",0.000000,0.000000,2.16999993085665e-07,40.000000,0.579999,1000.000000,0.000000,0.000000,13.000000,0.000000,0.515381,0.579999,,,,8.702092,8.702092,,16.800279,,,,,,903.822387,0.066145,0.000000,0.000000,0.000000,,-459.670013,1000.000000,,0.000000,0.000000,,,,0.047214,"UNDEFINED",0.000000,0.997558,0.000000,,,,,"","",,,,8.702092,,0.000000,,0.000000,,,0.000000,0.000000,"",,,0.000000,,-1.000000,,0.000000,0.000000,0.000000,-1.000000,,,,,,,,,,,"",,,,,,,,,,"Volumetric",,,,,,,,,,0.000000,,,,,,,,,,0.000000,0.000000,,,,,,,,,,,,
"2FBFC948","Nodes",1120998.839819,1672605.769359,1313.064347,"Default Known Flow Node",69.999969,0.579999,1000.000000,0.000000,"Known Flow",0.000000,0.000000,2.16999993085665e-07,40.000000,0.579999,1000.000000,0.000000,0.000000,13.000000,0.000000,0.515381,0.579999,,,,8.702092,8.702092,,16.800279,,,,,,903.822387,0.066145,0.000000,0.000000,0.000000,,-459.670013,1000.000000,,0.000000,0.000000,,,,0.047214,"UNDEFINED",0.000000,0.997558,0.000000,,,,,"","",,,,8.702092,,0.000000,,0.000000,,,0.000000,0.000000,"",,,0.000000,,-1.000000,,0.000000,0.000000,0.000000,-1.000000,,,,,,,,,,,"",,,,,,,,,,"Volumetric",,,,,,,,,,0.000000,,,,,,,,,,0.000000,0.000000,,,,,,,,,,,,
"2FC32856","Nodes",1120983.295408,1672571.596024,1313.064347,"Default Known Flow Node",69.999969,0.579999,1000.000000,0.000000,"Known Flow",0.000000,0.000000,2.16999993085665e-07,40.000000,0.579999,1000.000000,0.000000,0.000000,13.000000,0.000000,0.515381,0.579999,,,,8.702092,8.702092,,16.800279,,,,,,903.822387,0.066145,0.000000,0.000000,0.000000,,-459.670013,1000.000000,,0.000000,0.000000,,,,0.047214,"UNDEFINED",0.000000,0.997558,0.000000,,,,,"","",,,,8.702092,,0.000000,,0.000000,,,0.000000,0.000000,"",,,0.000000,"V79884",-1.000000,,0.000000,0.000000,0.000000,-1.000000,,,,,,,,,,,"",,,,,,,,,,"Volumetric",,,,,,,,,,0.000000,,,,,,,,,,0.000000,0.000000,,,,,,,,,,,,
"2FC31DEB","Nodes",1120988.917033,1672547.318018,1313.064347,"Default Known Flow Node",69.999969,0.579999,1000.000000,0.000000,"Known Flow",0.000000,0.000000,2.16999993085665e-07,40.000000,0.579999,1000.000000,0.000000,0.000000,13.000000,0.000000,0.515381,0.579999,,,,8.702092,8.702092,,16.800279,,,,,,903.822387,0.066145,0.000000,0.000000,0.000000,,-459.670013,1000.000000,,0.000000,0.000000,,,,0.047214,"UNDEFINED",0.000000,0.997558,0.000000,,,,,"","",,,,8.702092,,0.000000,,0.000000,,,0.000000,0.000000,"",,,0.000000,,-1.000000,,0.000000,0.000000,0.000000,-1.000000,,,,,,,,,,,"",,,,,,,,,,"Volumetric",,,,,,,,,,0.000000,,,,,,,,,,0.000000,0.000000,,,,,,,,,,,,
"2FC32854","Nodes",1121012.785562,1672612.587575,1313.064347,"Default Known Flow Node",69.999969,0.579999,1000.000000,0.000000,"Known Flow",0.000000,0.000000,2.16999993085665e-07,40.000000,0.579999,1000.000000,0.000000,0.000000,13.000000,0.000000,0.515381,0.579999,,,,8.702092,8.702092,,16.800279,,,,,,903.822387,0.066145,0.000000,0.000000,0.000000,,-459.670013,1000.000000,,0.000000,0.000000,,,,0.047214,"UNDEFINED",0.000000,0.997558,0.000000,,,,,"","",,,,8.702092,,0.000000,,0.000000,,,0.000000,0.000000,"",,,0.000000,"V79885",-1.000000,,0.000000,0.000000,0.000000,-1.000000,,,,,,,,,,,"",,,,,,,,,,"Volumetric",,,,,,,,,,0.000000,,,,,,,,,,0.000000,0.000000,,,,,,,,,,,,
"2FBFC946","Nodes",1121300.550811,1672687.902318,1313.064347,"Default Known Flow Node",69.999969,0.579999,1000.000000,0.000000,"Known Flow",0.000000,0.000000,2.16999993085665e-07,40.000000,0.579999,1000.000000,0.000000,0.000000,13.000000,0.000000,0.515381,0.579999,,,,8.702093,8.702093,,16.800279,,,,,,903.822387,0.066145,0.000000,0.000000,0.000000,,-459.670013,1000.000000,,0.000000,0.000000,,,,0.047214,"UNDEFINED",0.000000,0.997558,0.000000,,,,,"","",,,,8.702093,,0.000000,,0.000000,,,0.000000,0.000000,"",,,0.000000,,-1.000000,,0.000000,0.000000,0.000000,-1.000000,,,,,,,,,,,"",,,,,,,,,,"Volumetric",,,,,,,,,,0.000000,,,,,,,,,,0.000000,0.000000,,,,,,,,,,,,
"2FC32852","Nodes",1121419.170235,1672718.944471,1313.064347,"Default Known Flow Node",69.999969,0.579999,1000.000000,0.000000,"Known Flow",0.000000,0.000000,2.16999993085665e-07,40.000000,0.579999,1000.000000,0.000000,0.000000,13.000000,0.000000,0.515381,0.579999,,,,8.702093,8.702093,,16.800279,,,,,,903.822387,0.066145,0.000000,0.000000,0.000000,,-459.670013,1000.000000,,0.000000,0.000000,,,,0.047214,"UNDEFINED",0.000000,0.997558,0.000000,,,,,"","",,,,8.702093,,0.000000,,0.000000,,,0.000000,0.000000,"",,,0.000000,"V79892",-1.000000,,0.000000,0.000000,0.000000,-1.000000,,,,,,,,,,,"",,,,,,,,,,"Volumetric",,,,,,,,,,0.000000,,,,,,,,,,0.000000,0.000000,,,,,,,,,,,,
"2FBFC944","Nodes",1121429.076585,1672721.514698,1313.064347,"Default Known Flow Node",69.999969,0.579999,1000.000000,0.000000,"Known Flow",0.000000,0.000000,2.16999993085665e-07,40.000000,0.579999,1000.000000,0.000000,0.000000,13.000000,0.000000,0.515381,0.579999,,,,8.702093,8.702093,,16.800279,,,,,,903.822387,0.066145,0.000000,0.000000,0.000000,,-459.670013,1000.000000,,0.000000,0.000000,,,,0.047214,"UNDEFINED",0.000000,0.997558,0.000000,,,,,"","",,,,8.702093,,0.000000,,0.000000,,,0.000000,0.000000,"",,,0.000000,,-1.000000,,0.000000,0.000000,0.000000,-1.000000,,,,,,,,,,,"",,,,,,,,,,"Volumetric",,,,,,,,,,0.000000,,,,,,,,,,0.000000,0.000000,,,,,,,,,,,,
"2FBFC94D","Nodes",1121424.768768,1672759.806407,1313.064347,"Default Known Flow Node",69.999969,0.579999,1000.000000,0.000000,"Known Flow",0.000000,0.000000,2.16999993085665e-07,40.000000,0.579999,1000.000000,0.000000,0.000000,13.000000,0.000000,0.515381,0.579999,,,,8.702093,8.702093,,16.800279,,,,,,903.822387,0.066145,0.000000,0.000000,0.000000,,-459.670013,1000.000000,,0.000000,0.000000,,,,0.047214,"UNDEFINED",0.000000,0.997558,0.000000,,,,,"","",,,,8.702093,,0.000000,,0.000000,,,0.000000,0.000000,"",,,0.000000,,-1.000000,,0.000000,0.000000,0.000000,-1.000000,,,,,,,,,,,"",,,,,,,,,,"Volumetric",,,,,,,,,,0.000000,,,,,,,,,,0.000000,0.000000,,,,,,,,,,,,
"2FBFC951","Nodes",1121377.884710,1672970.119768,1313.064347,"Default Known Flow Node",69.999969,0.579999,1000.000000,0.000000,"Known Flow",0.000000,0.000000,2.16999993085665e-07,40.000000,0.579999,1000.000000,0.000000,0.000000,13.000000,0.000000,0.515381,0.579999,,,,8.702093,8.702093,,16.800279,,,,,,903.822387,0.066145,0.000000,0.000000,0.000000,,-459.670013,1000.000000,,0.000000,0.000000,,,,0.047214,"UNDEFINED",0.000000,0.997558,0.000000,,,,,"","",,,,8.702093,,0.000000,,0.000000,,,0.000000,0.000000,"",,,0.000000,,-1.000000,,0.000000,0.000000,0.000000,-1.000000,,,,,,,,,,,"",,,,,,,,,,"Volumetric",,,,,,,,,,0.000000,,,,,,,,,,0.000000,0.000000,,,,,,,,,,,,
"2FC32845","Nodes",1121374.038742,1672973.130712,1313.064347,"Default Known Flow Node",69.999969,0.579999,1000.000000,0.000000,"Known Flow",0.000000,0.000000,2.16999993085665e-07,40.000000,0.579999,1000.000000,0.000000,0.000000,13.000000,0.000000,0.515381,0.579999,,,,8.702099,8.702099,,16.800279,,,,,,903.822387,0.066145,0.000000,0.000000,0.000000,,-459.670013,1000.000000,,0.000000,0.000000,,,,0.047214,"UNDEFINED",0.000000,0.997558,0.000000,,,,,"","",,,,8.702099,,0.000000,,0.000000,,,0.000000,0.000000,"",,,0.000000,,-1.000000,,0.000000,0.000000,0.000000,-1.000000,,,,,,,,,,,"",,,,,,,,,,"Volumetric",,,,,,,,,,0.000000,,,,,,,,,,0.000000,0.000000,,,,,,,,,,,,
"2FC32850","Nodes",1121369.892032,1672984.048386,1313.064347,"Default Known Flow Node",69.999969,0.579999,1000.000000,0.000000,"Known Flow",0.000000,0.000000,2.16999993085665e-07,40.000000,0.579999,1000.000000,0.000000,0.000000,13.000000,0.000000,0.515381,0.579999,,,,8.702099,8.702099,,16.800279,,,,,,903.822387,0.066145,0.000000,0.000000,0.000000,,-459.670013,1000.000000,,0.000000,0.000000,,,,0.047214,"UNDEFINED",0.000000,0.997558,0.000000,,,,,"","",,,,8.702099,,0.000000,,0.000000,,,0.000000,0.000000,"",,,0.000000,"V79945",-1.000000,,0.000000,0.000000,0.000000,-1.000000,,,,,,,,,,,"",,,,,,,,,,"Volumetric",,,,,,,,,,0.000000,,,,,,,,,,0.000000,0.000000,,,,,,,,,,,,
"2FC32843","Nodes",1121366.952252,1672983.265462,1313.064347,"Default Known Flow Node",69.999969,0.579999,1000.000000,0.000000,"Known Flow",0.000000,0.000000,2.16999993085665e-07,40.000000,0.579999,1000.000000,0.000000,0.000000,13.000000,0.000000,0.515381,0.579999,,,,8.702104,8.702104,,16.800279,,,,,,903.822387,0.066145,0.000000,0.000000,0.000000,,-459.670013,1000.000000,,0.000000,0.000000,,,,0.047214,"UNDEFINED",0.000000,0.997558,0.000000,,,,,"","",,,,8.702104,,0.000000,,0.000000,,,0.000000,0.000000,"",,,0.000000,,-1.000000,,0.000000,0.000000,0.000000,-1.000000,,,,,,,,,,,"",,,,,,,,,,"Volumetric",,,,,,,,,,0.000000,,,,,,,,,,0.000000,0.000000,,,,,,,,,,,,
"No9","Nodes",1121377.631571,1672985.572657,1313.064347,"Default Known Flow Node",69.999969,0.579999,1000.000000,0.000000,"Known Flow",0.000000,0.000000,2.16999993085665e-07,40.000000,0.579999,1000.000000,0.000000,0.000000,13.000000,0.000000,0.515381,0.579999,,,,8.703085,8.703085,,16.800279,,,,,,903.822387,0.066145,0.000000,0.000000,0.000000,,-459.670013,1000.000000,,0.000000,0.000000,,,,0.047214,"UNDEFINED",0.000000,0.997558,0.000000,,,,,"","",,,,8.703085,,0.000000,,0.000000,,,0.000000,0.000000,"",,,0.000000,,-1.000000,,0.000000,0.000000,0.000000,-1.000000,,,,,,,,,,,"",,,,,,,,,,"Volumetric",,,,,,,,,,0.000000,,,,,,,,,,0.000000,0.000000,,,,,,,,,,,,
"2FC3285A","Nodes",1121377.176458,1672973.069580,1313.064347,"Default Known Flow Node",69.999969,0.579999,1000.000000,0.000000,"Known Flow",0.000000,0.000000,2.16999993085665e-07,40.000000,0.579999,1000.000000,0.000000,0.000000,13.000000,0.000000,0.515381,0.579999,,,,8.702093,8.702093,,16.800279,,,,,,903.822387,0.066145,0.000000,0.000000,0.000000,,-459.670013,1000.000000,,0.000000,0.000000,,,,0.047214,"UNDEFINED",0.000000,0.997558,0.000000,,,,,"","",,,,8.702093,,0.000000,,0.000000,,,0.000000,0.000000,"",,,0.000000,"V79894",-1.000000,,0.000000,0.000000,0.000000,-1.000000,,,,,,,,,,,"",,,,,,,,,,"Volumetric",,,,,,,,,,0.000000,,,,,,,,,,0.000000,0.000000,,,,,,,,,,,,
"2FC3283B","Nodes",1121371.586088,1672996.721145,1313.064347,"Default Known Flow Node",69.999969,0.579999,1000.000000,0.000000,"Known Flow",0.000000,0.000000,2.16999993085665e-07,40.000000,0.579999,1000.000000,0.000000,0.000000,13.000000,0.000000,0.515381,0.579999,,,,8.702093,8.702093,,16.800279,,,,,,903.822387,0.066145,0.000000,0.000000,0.000000,,-459.670013,1000.000000,,0.000000,0.000000,,,,0.047214,"UNDEFINED",0.000000,0.997558,0.000000,,,,,"","",,,,8.702093,,0.000000,,0.000000,,,0.000000,0.000000,"",,,0.000000,,-1.000000,,0.000000,0.000000,0.000000,-1.000000,,,,,,,,,,,"",,,,,,,,,,"Volumetric",,,,,,,,,,0.000000,,,,,,,,,,0.000000,0.000000,,,,,,,,,,,,
"2FC32847","Nodes",1121367.973849,1672983.519271,1313.064347,"Default Known Flow Node",69.999969,0.579999,1000.000000,0.000000,"Known Flow",0.000000,0.000000,2.16999993085665e-07,40.000000,0.579999,1000.000000,0.000000,0.000000,13.000000,0.000000,0.515381,0.579999,,,,8.702101,8.702101,,16.800279,,,,,,903.822387,0.066145,0.000000,0.000000,0.000000,,-459.670013,1000.000000,,0.000000,0.000000,,,,0.047214,"UNDEFINED",0.000000,0.997558,0.000000,,,,,"","",,,,8.702101,,0.000000,,0.000000,,,0.000000,0.000000,"",,,0.000000,,-1.000000,,0.000000,0.000000,0.000000,-1.000000,,,,,,,,,,,"",,,,,,,,,,"Volumetric",,,,,,,,,,0.000000,,,,,,,,,,0.000000,0.000000,,,,,,,,,,,,
"2FC3286C","Nodes",1121354.660669,1673069.081827,1313.064347,"Default Known Flow Node",69.999969,0.579999,1000.000000,0.000000,"Known Flow",0.000000,0.000000,2.16999993085665e-07,40.000000,0.579999,1000.000000,0.000000,0.000000,13.000000,0.000000,0.515381,0.579999,,,,8.702092,8.702092,,16.800279,,,,,,903.822387,0.066145,0.000000,0.000000,0.000000,,-459.670013,1000.000000,,0.000000,0.000000,,,,0.047214,"UNDEFINED",0.000000,0.997558,0.000000,,,,,"","",,,,8.702092,,0.000000,,0.000000,,,0.000000,0.000000,"",,,0.000000,,-1.000000,,0.000000,0.000000,0.000000,-1.000000,,,,,,,,,,,"",,,,,,,,,,"Volumetric",,,,,,,,,,0.000000,,,,,,,,,,0.000000,0.000000,,,,,,,,,,,,
"2FC328F5","Nodes",1121245.165493,1673484.489799,1313.064347,"Default Known Flow Node",69.999969,0.579999,1000.000000,0.000000,"Known Flow",0.000000,0.000000,2.16999993085665e-07,40.000000,0.579999,1000.000000,0.000000,0.000000,13.000000,0.000000,0.515381,0.579999,,,,8.702117,8.702117,,16.800279,,,,,,903.822387,0.066145,0.000000,0.000000,0.000000,,-459.670013,1000.000000,,0.000000,0.000000,,,,0.047214,"UNDEFINED",0.000000,0.997558,0.000000,,,,,"","",,,,8.702117,,0.000000,,0.000000,,,0.000000,0.000000,"",,,0.000000,,-1.000000,,0.000000,0.000000,0.000000,-1.000000,,,,,,,,,,,"",,,,,,,,,,"Volumetric",,,,,,,,,,0.000000,,,,,,,,,,0.000000,0.000000,,,,,,,,,,,,
"2FBFC96C","Nodes",1121323.098219,1673202.530749,1313.064347,"Default Known Flow Node",69.999969,0.579999,1000.000000,0.000000,"Known Flow",0.000000,0.000000,2.16999993085665e-07,40.000000,0.579999,1000.000000,0.000000,0.000000,13.000000,0.000000,0.515381,0.579999,,,,8.702091,8.702091,,16.800279,,,,,,903.822387,0.066145,0.000000,0.000000,0.000000,,-459.670013,1000.000000,,0.000000,0.000000,,,,0.047214,"UNDEFINED",0.000000,0.997558,0.000000,,,,,"","",,,,8.702091,,0.000000,,0.000000,,,0.000000,0.000000,"",,,0.000000,,-1.000000,,0.000000,0.000000,0.000000,-1.000000,,,,,,,,,,,"",,,,,,,,,,"Volumetric",,,,,,,,,,0.000000,,,,,,,,,,0.000000,0.000000,,,,,,,,,,,,
"2FC328BF","Nodes",1121321.073534,1673201.997692,1313.064347,"Default Known Flow Node",69.999969,0.579999,1000.000000,0.000000,"Known Flow",0.000000,0.000000,2.16999993085665e-07,40.000000,0.579999,1000.000000,0.000000,0.000000,13.000000,0.000000,0.515381,0.579999,,,,8.702091,8.702091,,16.800279,,,,,,903.822387,0.066145,0.000000,0.000000,0.000000,,-459.670013,1000.000000,,0.000000,0.000000,,,,0.047214,"UNDEFINED",0.000000,0.997558,0.000000,,,,,"","",,,,8.702091,,0.000000,,0.000000,,,0.000000,0.000000,"",,,0.000000,,-1.000000,,0.000000,0.000000,0.000000,-1.000000,,,,,,,,,,,"",,,,,,,,,,"Volumetric",,,,,,,,,,0.000000,,,,,,,,,,0.000000,0.000000,,,,,,,,,,,,
"2FC328DB","Nodes",1121314.254725,1673200.213629,1313.064347,"Default Known Flow Node",69.999969,0.579999,1000.000000,0.000000,"Known Flow",0.000000,0.000000,2.16999993085665e-07,40.000000,0.579999,1000.000000,0.000000,0.000000,13.000000,0.000000,0.515381,0.579999,,,,8.702091,8.702091,,16.800279,,,,,,903.822387,0.066145,0.000000,0.000000,0.000000,,-459.670013,1000.000000,,0.000000,0.000000,,,,0.047214,"UNDEFINED",0.000000,0.997558,0.000000,,,,,"","",,,,8.702091,,0.000000,,0.000000,,,0.000000,0.000000,"",,,0.000000,"V79967",-1.000000,,0.000000,0.000000,0.000000,-1.000000,,,,,,,,,,,"",,,,,,,,,,"Volumetric",,,,,,,,,,0.000000,,,,,,,,,,0.000000,0.000000,,,,,,,,,,,,
"2FBFC96E","Nodes",1121300.022801,1673196.488636,1313.064347,"Default Known Flow Node",69.999969,0.579999,1000.000000,0.000000,"Known Flow",0.000000,0.000000,2.16999993085665e-07,40.000000,0.579999,1000.000000,0.000000,0.000000,13.000000,0.000000,0.515381,0.579999,,,,8.702091,8.702091,,16.800279,,,,,,903.822387,0.066145,0.000000,0.000000,0.000000,,-459.670013,1000.000000,,0.000000,0.000000,,,,0.047214,"UNDEFINED",0.000000,0.997558,0.000000,,,,,"","",,,,8.702091,,0.000000,,0.000000,,,0.000000,0.000000,"",,,0.000000,,-1.000000,,0.000000,0.000000,0.000000,-1.000000,,,,,,,,,,,"",,,,,,,,,,"Volumetric",,,,,,,,,,0.000000,,,,,,,,,,0.000000,0.000000,,,,,,,,,,,,
"2FC328DD","Nodes",1120898.910220,1673090.604958,1313.064347,"Default Known Flow Node",69.999969,0.579999,1000.000000,0.000000,"Known Flow",0.000000,0.000000,2.16999993085665e-07,40.000000,0.579999,1000.000000,0.000000,0.000000,13.000000,0.000000,0.515381,0.579999,,,,8.702091,8.702091,,16.800279,,,,,,903.822387,0.066145,0.000000,0.000000,0.000000,,-459.670013,1000.000000,,0.000000,0.000000,,,,0.047214,"UNDEFINED",0.000000,0.997558,0.000000,,,,,"","",,,,8.702091,,0.000000,,0.000000,,,0.000000,0.000000,"",,,0.000000,"V80544",-1.000000,,0.000000,0.000000,0.000000,-1.000000,,,,,,,,,,,"",,,,,,,,,,"Volumetric",,,,,,,,,,0.000000,,,,,,,,,,0.000000,0.000000,,,,,,,,,,,,
"2FC328BD","Nodes",1120880.122352,1673088.039262,1313.064347,"Default Known Flow Node",69.999969,0.579999,1000.000000,0.000000,"Known Flow",0.000000,0.000000,2.16999993085665e-07,40.000000,0.579999,1000.000000,0.000000,0.000000,13.000000,0.000000,0.515381,0.579999,,,,8.702091,8.702091,,16.800279,,,,,,903.822387,0.066145,0.000000,0.000000,0.000000,,-459.670013,1000.000000,,0.000000,0.000000,,,,0.047214,"UNDEFINED",0.000000,0.997558,0.000000,,,,,"","",,,,8.702091,,0.000000,,0.000000,,,0.000000,0.000000,"",,,0.000000,,-1.000000,,0.000000,0.000000,0.000000,-1.000000,,,,,,,,,,,"",,,,,,,,,,"Volumetric",,,,,,,,,,0.000000,,,,,,,,,,0.000000,0.000000,,,,,,,,,,,,
"2FC328BB","Nodes",1121300.157488,1673318.012621,1313.064347,"Default Known Flow Node",69.999969,0.579999,1000.000000,0.000000,"Known Flow",0.000000,0.000000,2.16999993085665e-07,40.000000,0.579999,1000.000000,0.000000,0.000000,13.000000,0.000000,0.515381,0.579999,,,,8.702090,8.702090,,16.800279,,,,,,903.822387,0.066145,0.000000,0.000000,0.000000,,-459.670013,1000.000000,,0.000000,0.000000,,,,0.047214,"UNDEFINED",0.000000,0.997558,0.000000,,,,,"","",,,,8.702090,,0.000000,,0.000000,,,0.000000,0.000000,"",,,0.000000,,-1.000000,,0.000000,0.000000,0.000000,-1.000000,,,,,,,,,,,"",,,,,,,,,,"Volumetric",,,,,,,,,,0.000000,,,,,,,,,,0.000000,0.000000,,,,,,,,,,,,
"2FC328A1","Nodes",1121267.130561,1673442.654599,1313.064347,"Default Known Flow Node",69.999969,0.579999,1000.000000,0.000000,"Known Flow",0.000000,0.000000,2.16999993085665e-07,40.000000,0.579999,1000.000000,0.000000,0.000000,13.000000,0.000000,0.515381,0.579999,,,,8.702089,8.702089,,16.800279,,,,,,903.822387,0.066145,0.000000,0.000000,0.000000,,-459.670013,1000.000000,,0.000000,0.000000,,,,0.047214,"UNDEFINED",0.000000,0.997558,0.000000,,,,,"","",,,,8.702089,,0.000000,,0.000000,,,0.000000,0.000000,"",,,0.000000,"V79982",-1.000000,,0.000000,0.000000,0.000000,-1.000000,,,,,,,,,,,"",,,,,,,,,,"Volumetric",,,,,,,,,,0.000000,,,,,,,,,,0.000000,0.000000,,,,,,,,,,,,
"2FBFC964","Nodes",1121257.333524,1673485.127887,1313.064347,"Default Known Flow Node",69.999969,0.579999,1000.000000,0.000000,"Known Flow",0.000000,0.000000,2.16999993085665e-07,40.000000,0.579999,1000.000000,0.000000,0.000000,13.000000,0.000000,0.515381,0.579999,,,,8.702089,8.702089,,16.800279,,,,,,903.822387,0.066145,0.000000,0.000000,0.000000,,-459.670013,1000.000000,,0.000000,0.000000,,,,0.047214,"UNDEFINED",0.000000,0.997558,0.000000,,,,,"","",,,,8.702089,,0.000000,,0.000000,,,0.000000,0.000000,"",,,0.000000,,-1.000000,,0.000000,0.000000,0.000000,-1.000000,,,,,,,,,,,"",,,,,,,,,,"Volumetric",,,,,,,,,,0.000000,,,,,,,,,,0.000000,0.000000,,,,,,,,,,,,
"2FC32882","Nodes",1121256.396409,1673484.786116,1313.064347,"Default Known Flow Node",69.999969,0.579999,1000.000000,0.000000,"Known Flow",0.000000,0.000000,2.16999993085665e-07,40.000000,0.579999,1000.000000,0.000000,0.000000,13.000000,0.000000,0.515381,0.579999,,,,8.702090,8.702090,,16.800279,,,,,,903.822387,0.066145,0.000000,0.000000,0.000000,,-459.670013,1000.000000,,0.000000,0.000000,,,,0.047214,"UNDEFINED",0.000000,0.997558,0.000000,,,,,"","",,,,8.702090,,0.000000,,0.000000,,,0.000000,0.000000,"",,,0.000000,,-1.000000,,0.000000,0.000000,0.000000,-1.000000,,,,,,,,,,,"",,,,,,,,,,"Volumetric",,,,,,,,,,0.000000,,,,,,,,,,0.000000,0.000000,,,,,,,,,,,,
"2FC32881","Nodes",1121258.253618,1673485.423665,1313.064347,"Default Known Flow Node",69.999969,0.579999,1000.000000,0.000000,"Known Flow",0.000000,0.000000,2.16999993085665e-07,40.000000,0.579999,1000.000000,0.000000,0.000000,13.000000,0.000000,0.515381,0.579999,,,,8.702083,8.702083,,16.800279,,,,,,903.822387,0.066145,0.000000,0.000000,0.000000,,-459.670013,1000.000000,,0.000000,0.000000,,,,0.047214,"UNDEFINED",0.000000,0.997558,0.000000,,,,,"","",,,,8.702083,,0.000000,,0.000000,,,0.000000,0.000000,"",,,0.000000,,-1.000000,,0.000000,0.000000,0.000000,-1.000000,,,,,,,,,,,"",,,,,,,,,,"Volumetric",,,,,,,,,,0.000000,,,,,,,,,,0.000000,0.000000,,,,,,,,,,,,
"2FC328A3","Nodes",1121251.517770,1673483.511017,1313.064347,"Default Known Flow Node",69.999969,0.579999,1000.000000,0.000000,"Known Flow",0.000000,0.000000,2.16999993085665e-07,40.000000,0.579999,1000.000000,0.000000,0.000000,13.000000,0.000000,0.515381,0.579999,,,,8.702103,8.702103,,16.800279,,,,,,903.822387,0.066145,0.000000,0.000000,0.000000,,-459.670013,1000.000000,,0.000000,0.000000,,,,0.047214,"UNDEFINED",0.000000,0.997558,0.000000,,,,,"","",,,,8.702103,,0.000000,,0.000000,,,0.000000,0.000000,"",,,0.000000,"V80374",-1.000000,,0.000000,0.000000,0.000000,-1.000000,,,,,,,,,,,"",,,,,,,,,,"Volumetric",,,,,,,,,,0.000000,,,,,,,,,,0.000000,0.000000,,,,,,,,,,,,
"2FC328F3","Nodes",1121271.836192,1673491.383366,1313.064347,"Default Known Flow Node",69.999969,0.579999,1000.000000,0.000000,"Known Flow",0.000000,0.000000,2.16999993085665e-07,40.000000,0.579999,1000.000000,0.000000,0.000000,13.000000,0.000000,0.515381,0.579999,,,,8.701928,8.701928,,16.800279,,,,,,903.822387,0.066145,0.000000,0.000000,0.000000,,-459.670013,1000.000000,,0.000000,0.000000,,,,0.047214,"UNDEFINED",0.000000,0.997558,0.000000,,,,,"","",,,,8.701928,,0.000000,,0.000000,,,0.000000,0.000000,"",,,0.000000,,-1.000000,,0.000000,0.000000,0.000000,-1.000000,,,,,,,,,,,"",,,,,,,,,,"Volumetric",,,,,,,,,,0.000000,,,,,,,,,,0.000000,0.000000,,,,,,,,,,,,
"2FC328F9","Nodes",1121248.156711,1673482.684279,1313.064347,"Default Known Flow Node",69.999969,0.579999,1000.000000,0.000000,"Known Flow",0.000000,0.000000,2.16999993085665e-07,40.000000,0.579999,1000.000000,0.000000,0.000000,13.000000,0.000000,0.515381,0.579999,,,,8.702109,8.702109,,16.800279,,,,,,903.822387,0.066145,0.000000,0.000000,0.000000,,-459.670013,1000.000000,,0.000000,0.000000,,,,0.047214,"UNDEFINED",0.000000,0.997558,0.000000,,,,,"","",,,,8.702109,,0.000000,,0.000000,,,0.000000,0.000000,"",,,0.000000,,-1.000000,,0.000000,0.000000,0.000000,-1.000000,,,,,,,,,,,"",,,,,,,,,,"Volumetric",,,,,,,,,,0.000000,,,,,,,,,,0.000000,0.000000,,,,,,,,,,,,
"2FC3286B","Nodes",1121200.722127,1673770.059753,1313.064347,"Default Known Flow Node",69.999969,0.579999,1000.000000,0.000000,"Known Flow",0.000000,0.000000,2.16999993085665e-07,40.000000,0.579999,1000.000000,0.000000,0.000000,13.000000,0.000000,0.515381,0.579999,,,,8.702089,8.702089,,16.800279,,,,,,903.822387,0.066145,0.000000,0.000000,0.000000,,-459.670013,1000.000000,,0.000000,0.000000,,,,0.047214,"UNDEFINED",0.000000,0.997558,0.000000,,,,,"","",,,,8.702089,,0.000000,,0.000000,,,0.000000,0.000000,"",,,0.000000,,-1.000000,,0.000000,0.000000,0.000000,-1.000000,,,,,,,,,,,"",,,,,,,,,,"Volumetric",,,,,,,,,,0.000000,,,,,,,,,,0.000000,0.000000,,,,,,,,,,,,
"14427SAAV","Nodes",1118090.247986,1668879.918941,1313.064347,"Default Known Flow Node",69.999969,0.579999,1000.000000,0.000000,"Known Flow",0.000000,0.000000,2.16999993085665e-07,40.000000,0.579999,1000.000000,0.000000,0.000000,13.000000,0.000000,0.515376,0.579999,,,,7.948835,7.948835,,16.800279,,,,,,903.822387,0.066146,0.000000,0.000000,0.000000,,-459.670013,1000.000000,,0.000000,0.000000,,,,0.047129,"UNDEFINED",0.000000,0.997563,0.000000,,,,,"","",,,,7.948835,,0.000000,,0.000000,,,0.000000,0.000000,"",,,0.000000,"144-27 Sanford Ave, Q= 4.4 mcfh, Firm",-1.000000,,0.000000,0.000000,0.000000,-1.000000,,,,,,,,,,,"",,,"",,,,,,,"Volumetric",,,"Volumetric",,,,,,,0.000000,,,-4.400000,,,,,,,0.000000,0.000000,,,,,,,,,,,,
